    1    1    3    2    2    0    0    2    1      1718    3    6    2    0    0    0    0
    1    2    5    1    6    5    2    1    1      6512    9    8   10    2    6    9    5
    1    3    2    1    6    6    1    1    1       929    2    9    6   10    5    8    2
    1    4    5    1    4    1    4    1    1      1075    8    8    6    7   10    0    0
    1    5    3    2    6    0    0    2    1       934    3    6   10    8    9    2    5
    1    6    5    1    6    4    3    1    1      1836   10    7    6    8   10    9    2
    1    7    5    2    4    0    0    2    1      1386    5    9   10    8    2    0    0
    1    8    1    1    6    4    3    1    1      1535    1   10    9    5    1    8    6
    1    9    2    1    2    1    2    1    1      1334    2    2    5    0    0    0    0
    1   10    1    1    4    2    3    1    1      1841    1    9    1   10    5    0    0
    1   11    5    1    2    1    2    1    1       723    9    9    2    0    0    0    0
    1   12    5    1    2    2    1    1    1       594    8    6    8    0    0    0    0
    1   13    5    2    6    0    0    2    1       799   10    8    2    9    5    6    7
    1   14    3    2    6    0    0    2    1       693    3    2    6    7   10    9    8
    1   15    3    2    4    0    0    2    1       593    3    9    6    5    2    0    0
    1   16    5    2    6    0    0    1    0       735    6   10    8    9    7    2    5
    1   17    5    1    4    3    2    2    0      2178    7    5    2    7    8    0    0
    1   18    1    1    6    2    5    1    1      1702    1    6    1    9    5   10    7
    1   19    4    2    2    0    0    2    1       711    4    5    6    0    0    0    0
    1   20    2    1    4    2    3    1    1      1051    2    6    2    7   10    0    0
    1   21    5    2    2    0    0    2    1       780    6   10    9    0    0    0    0
    1   22    5    2    6    0    0    1    0      2099    9   10    8    2    7    5    6
    1   23    5    1    2    2    1    1    1      1043    6    8    6    0    0    0    0
    1   24    3    2    2    0    0    2    1       604    3    2    8    0    0    0    0
    1   25    3    2    4    0    0    2    1       580    3    2   10    7    6    0    0
    2    1    1    1    4    4    1    1    1       637    1    8    7    9    1    0    0
    2    2    2    1    2    2    1    1    1       630    2    5    2    0    0    0    0
    2    3    2    1    6    1    6    2    0      1114    2    2    8    9    5   10    7
    2    4    5    1    6    3    4    1    1       643    8    6    5    8    9   10    2
    2    5    5    1    2    1    2    1    1       638    7    7    9    0    0    0    0
    2    6    2    1    4    3    2    1    1       396    2    7   10    2    8    0    0
    2    7    3    2    2    0    0    2    1       456    3    2    8    0    0    0    0
    2    8    5    1    4    4    1    1    1       558   10    5    8    2   10    0    0
    2    9    2    1    6    4    3    1    1       901    2   10    6    9    2    5    8
    2   10    1    1    2    2    1    1    1       524    1    6    1    0    0    0    0
    2   11    3    2    4    0    0    2    1       415    3    9    8    6    5    0    0
    2   12    2    1    6    3    4    2    0       940    2    9    6    2    8    7    5
    2   13    5    1    6    2    5    1    1       731   10    6   10    2    5    8    7
    2   14    5    1    6    6    1    1    1       554    9    5    7   10    2    6    9
    2   15    3    2    2    0    0    2    1       448    3    5    7    0    0    0    0
    2   16    3    2    4    0    0    2    1       486    3    2    6    9    5    0    0
    2   17    2    1    6    4    3    1    1       456    2    9    7    5    2    6   10
    2   18    5    1    4    3    2    1    1       454   10    2    7   10    8    0    0
    2   19    2    1    6    4    3    1    1       481    2   10    9    8    2    5    6
    2   20    1    1    6    1    6    1    1       602    1    1    9    8   10    7    6
    2   21    2    1    4    4    1    1    1       498    2    7    8    6    2    0    0
    2   22    4    2    2    0    0    2    1       570    4    7    6    0    0    0    0
    2   23    5    1    6    1    6    1    1       615    5    5    6    9    2   10    8
    2   24    3    2    4    0    0    2    1       430    3   10    7    6    2    0    0
    2   25    3    2    6    0    0    2    1       569    3    8   10    9    6    2    7
    3    1    5    2    2    0    0    2    1       470    8    6    2    0    0    0    0
    3    2    5    1    6    6    1    1    1       832    6    5    9    2    8    7    6
    3    3    5    1    6    3    4    1    1      1002    6    5    7    6    2   10    8
    3    4    1    1    2    1    2    1    1       582    1    1    8    0    0    0    0
    3    5    5    2    2    0    0    2    1       603    6   10    7    0    0    0    0
    3    6    2    1    4    3    2    1    1       907    2    7    5    2    6    0    0
    3    7    5    1    4    3    2    1    1       654    7    1    5    7   10    0    0
    3    8    5    2    4    0    0    2    1       629    8    5   10    7    9    0    0
    3    9    1    1    6    4    3    1    1       545    1    7   10    6    1    5    9
    3   10    5    1    2    1    2    1    1       584    9    9    8    0    0    0    0
    3   11    1    1    2    1    2    1    1       635    1    1   10    0    0    0    0
    3   12    5    1    6    1    6    1    1       575    7    7    5    8    9    2   10
    3   13    5    2    2    0    0    2    1       508    9    6    2    0    0    0    0
    3   14    5    2    6    0    0    2    1       627    8    2    6    7    9   10    5
    3   15    1    1    4    1    4    1    1       763    1    1   10    8    5    0    0
    3   16    1    1    6    5    2    1    1       881    1    6   10    9    7    1    8
    3   17    5    1    2    2    1    1    1       650    5    8    5    0    0    0    0
    3   18    5    2    6    0    0    2    1       694    6    8    9    5   10    7    2
    3   19    4    2    4    0    0    2    1       611    4    8   10    2    9    0    0
    3   20    2    1    6    6    1    1    1       455    2   10    9    6    7    5    2
    3   21    5    2    6    0    0    2    1       712    5    9   10    8    6    2    7
    3   22    5    1    6    4    3    1    1       569    7    6    8   10    7    2    9
    3   23    5    2    2    0    0    2    1       567   10    7    2    0    0    0    0
    3   24    5    1    2    2    1    1    1       676    8    9    8    0    0    0    0
    3   25    5    1    6    5    2    1    1       613   10    9    7    6    2   10    8
    4    1    3    2    2    0    0    2    1       474    3   10    6    0    0    0    0
    4    2    5    1    2    2    1    1    1       658   10    6   10    0    0    0    0
    4    3    2    1    4    2    3    1    1       616    2    5    2    9    7    0    0
    4    4    5    1    2    2    1    1    1       363    8    7    8    0    0    0    0
    4    5    5    1    6    3    4    1    1      1282   10    5    7   10    9    2    6
    4    6    2    1    6    2    5    1    1      1587    2   10    2    7    5    6    8
    4    7    5    2    4    0    0    2    1       692    7    8    6    2    5    0    0
    4    8    3    2    6    0    0    2    1       588    3    8    2    9   10    7    6
    4    9    1    1    6    5    2    1    1       641    1    9    8    7    5    1   10
    4   10    3    2    2    0    0    2    1       475    3    6    2    0    0    0    0
    4   11    5    2    4    0    0    2    1       792    7    6    2   10    8    0    0
    4   12    5    1    2    2    1    1    1       643    8    7    8    0    0    0    0
    4   13    5    1    6    3    4    2    0       630    6    5   10    6    8    9    2
    4   14    5    1    6    6    1    1    1       458    8    9    7    2   10    5    8
    4   15    2    1    6    6    1    1    1       501    2    6    8    5    7   10    2
    4   16    2    1    2    2    1    1    1       756    2    5    2    0    0    0    0
    4   17    2    1    4    4    1    1    1       382    2    5    6    9    2    0    0
    4   18    5    2    4    0    0    2    1       863    8    9    7    5    2    0    0
    4   19    2    1    4    1    4    1    1       662    2    2    5   10    7    0    0
    4   20    1    1    2    2    1    1    1       367    1   10    1    0    0    0    0
    4   21    5    1    4    1    4    1    1       792    8    8    7    6    2    0    0
    4   22    5    1    4    3    2    1    1       529    8    9    7    8    2    0    0
    4   23    1    1    4    2    3    2    0      1092    1    7    1   10    5    0    0
    4   24    5    1    4    1    4    1    1      1095    5    5    2    7    6    0    0
    4   25    1    1    6    3    4    1    1       384    1    7    8    1    5   10    6
    5    1    5    1    4    2    3    1    1       636    7   10    7    2    5    0    0
    5    2    4    2    6    0    0    2    1       560    4   10    5    7    9    2    8
    5    3    5    1    2    2    1    1    1       398    5    6    5    0    0    0    0
    5    4    5    1    6    1    6    1    1       610    7    7    9    6    2   10    8
    5    5    5    1    4    1    4    2    0       985    6    6    9    5    2    0    0
    5    6    5    1    2    2    1    1    1       326    8    2    8    0    0    0    0
    5    7    2    1    6    2    5    1    1       709    2    9    2    8    7    6   10
    5    8    5    2    6    0    0    2    1       717    5    6    8    9   10    7    2
    5    9    5    2    4    0    0    2    1       737    8    7    6    2    5    0    0
    5   10    3    2    4    0    0    2    1       571    3    1    9    5    8    0    0
    5   11    5    1    2    1    2    1    1       600   10   10    2    0    0    0    0
    5   12    1    1    6    2    5    1    1       765    1    6    1   10    7    8    5
    5   13    1    1    6    6    1    1    1       372    1    7    6    5    9    8    1
    5   14    4    2    2    0    0    2    1       481    4    9   10    0    0    0    0
    5   15    2    1    2    2    1    1    1       306    2    5    2    0    0    0    0
    5   16    5    2    2    0    0    2    1       434    7    9    8    0    0    0    0
    5   17    5    1    6    2    5    1    1       574    8    5    8    2    9    6    7
    5   18    3    2    4    0    0    2    1       439    3    2    9    6    7    0    0
    5   19    5    1    6    3    4    1    1       612    7    9    5    7    8    2   10
    5   20    5    2    2    0    0    2    1       848    7    2    5    0    0    0    0
    5   21    3    2    4    0    0    2    1       741    3    7    6    9    2    0    0
    5   22    5    1    6    4    3    1    1       485    5    6   10    2    5    9    8
    5   23    5    1    6    5    2    1    1       446    8   10    7    6    2    8    9
    5   24    3    2    4    0    0    2    1       500    3   10    7    2    6    0    0
    5   25    3    2    2    0    0    2    1       443    3    2    6    0    0    0    0
    6    1    5    1    4    2    3    1    1       579    9    2    9    8    6    0    0
    6    2    2    1    6    3    4    1    1       689    2   10    7    2    6    8    5
    6    3    2    1    4    1    4    1    1       494    2    2    9    5    7    0    0
    6    4    5    2    6    0    0    2    1       462    9    8    5   10    7    6    2
    6    5    3    2    6    0    0    2    1       559    3    6   10    9    8    5    2
    6    6    5    1    6    2    5    1    1       525    8    2    8    9    7   10    6
    6    7    1    1    2    2    1    1    1       388    1    5    1    0    0    0    0
    6    8    3    2    6    0    0    2    1       481    3    8   10    7    9    2    6
    6    9    4    2    4    0    0    2    1       544    4    8    5    2   10    0    0
    6   10    2    1    2    1    2    1    1       438    2    2    6    0    0    0    0
    6   11    5    2    6    0    0    1    0       545    5    6    2    7    9    8   10
    6   12    5    1    4    2    3    1    1       738    9   10    9    7    5    0    0
    6   13    5    2    2    0    0    2    1       561    7   10    8    0    0    0    0
    6   14    4    2    6    0    0    2    1       464    4    7    6    2    9    5    8
    6   15    2    1    6    4    3    1    1       490    2    6    8    7    2   10    9
    6   16    3    2    2    0    0    2    1       395    3    8    5    0    0    0    0
    6   17    5    1    4    3    2    1    1       523    6   10    1    6    5    0    0
    6   18    5    1    2    2    1    1    1       338    6    2    6    0    0    0    0
    6   19    5    1    6    6    1    1    1       744    7    9    2    8    6    5    7
    6   20    5    1    2    1    2    1    1       438    6    6   10    0    0    0    0
    6   21    4    2    6    0    0    2    1       513    4    9    8    7    5    2    6
    6   22    5    1    6    4    3    1    1       441    8    2   10    5    8    7    6
    6   23    5    2    6    0    0    1    0       493    5    8    6   10    7    9    2
    6   24    4    2    2    0    0    2    1       501    4    9    2    0    0    0    0
    6   25    5    1    4    3    2    1    1      1081   10    8    2   10    5    0    0
    7    1    3    2    4    0    0    2    1       528    3    5    8    2    7    0    0
    7    2    5    1    6    5    2    1    1       735    9    8    7    1    5    9    6
    7    3    4    2    6    0    0    2    1       541    4    6    8    5    2    9   10
    7    4    5    2    2    0    0    2    1       740    5    6   10    0    0    0    0
    7    5    5    1    4    2    3    1    1       814    7    6    7    8    5    0    0
    7    6    3    2    6    0    0    2    1       492    3    6    8    5    2    7    9
    7    7    5    1    4    3    2    1    1       456    9   10    6    9    2    0    0
    7    8    5    1    4    2    3    2    0       759    9    5    9    2   10    0    0
    7    9    2    1    4    1    4    1    1       536    2    2    7    5    8    0    0
    7   10    5    1    6    5    2    1    1       943    9    2    7    5   10    9    6
    7   11    5    1    2    2    1    1    1       325    7    6    7    0    0    0    0
    7   12    5    2    6    0    0    1    0       597   10    5    6    8    7    9    2
    7   13    2    1    2    1    2    1    1      2889    2    2    6    0    0    0    0
    7   14    1    1    4    1    4    1    1       533    1    1    7   10    5    0    0
    7   15    4    2    6    0    0    2    1       534    4   10    8    9    6    7    2
    7   16    3    2    2    0    0    2    1       516    3    2    8    0    0    0    0
    7   17    5    1    6    4    3    1    1       837   10    2    5    6   10    7    8
    7   18    3    2    6    0    0    2    1       495    3    6    5    7   10    9    2
    7   19    5    1    4    2    3    1    1       477    8    6    8    2    7    0    0
    7   20    5    2    4    0    0    2    1       811    5   10    9    2    7    0    0
    7   21    1    1    4    3    2    1    1       443    1   10    9    1    6    0    0
    7   22    5    1    4    1    4    1    1      1217    7    7    8    2    6    0    0
    7   23    5    1    2    1    2    1    1       492    6    6    9    0    0    0    0
    7   24    5    2    6    0    0    2    1       701    7   10    5    8    9    6    2
    7   25    5    1    4    2    3    1    1       416    8    6    8    2   10    0    0    1
