    1    1    3    2    2    0    0    2    1      1775    3    2   10    0    0    0    0
    1    2    5    2    6    0    0    2    1      1426    9   10    7    8    5    6    2
    1    3    1    1    2    2    1    1    1      2044    1    6    1    0    0    0    0
    1    4    1    1    6    1    6    1    1      1753    1    1    6    8    9   10    5
    1    5    3    2    6    0    0    2    1      1330    3    8    2    7    9    5   10
    1    6    5    1    2    2    1    1    1      1472    9    7    9    0    0    0    0
    1    7    5    2    6    0    0    2    1      1332   10    2    8    6    9    5    7
    1    8    2    1    4    4    1    1    1      1064    2    7    5   10    2    0    0
    1    9    3    2    2    0    0    2    1      1041    3    2    8    0    0    0    0
    1   10    5    2    2    0    0    2    1       924   10    8    7    0    0    0    0
    1   11    5    1    2    1    2    1    1       971    8    8    2    0    0    0    0
    1   12    5    2    2    0    0    2    1      1096    5    9   10    0    0    0    0
    1   13    5    2    2    0    0    2    1       897   10    7    2    0    0    0    0
    1   14    3    2    6    0    0    2    1      1019    3   10    5    2    6    7    8
    1   15    1    1    4    3    2    1    1      1052    1    8    6    1    5    0    0
    1   16    5    2    6    0    0    2    1      1504    6    2    5    8   10    9    7
    1   17    3    2    4    0    0    2    1      1022    3   10    2    9    7    0    0
    1   18    5    1    2    1    2    1    1       728    9    9    2    0    0    0    0
    1   19    5    2    6    0    0    2    1      1194    5    8    2    6    7   10    9
    1   20    2    1    4    4    1    1    1       612    2    9    8    6    2    0    0
    1   21    5    1    2    1    2    1    1       864   10   10    1    0    0    0    0
    1   22    5    1    6    3    4    2    0      1196    5    7    6    5   10    9    2
    1   23    5    1    6    3    4    1    1       619   10    2    9   10    6    7    5
    1   24    1    1    2    1    2    1    1       486    1    1    8    0    0    0    0
    1   25    5    2    2    0    0    2    1       582    6   10    2    0    0    0    0
    2    1    5    1    2    2    1    1    1       700    7    6    7    0    0    0    0
    2    2    5    1    2    1    2    1    1       788    6    6    2    0    0    0    0
    2    3    5    1    4    3    2    1    1       494    5    7    2    5    8    0    0
    2    4    5    1    2    2    1    1    1       558    9    6    9    0    0    0    0
    2    5    5    1    6    2    5    1    1       567   10    7   10    6    2    5    8
    2    6    5    1    4    4    1    1    1       377    8    5    2    7    8    0    0
    2    7    5    1    2    2    1    1    1       446    5   10    5    0    0    0    0
    2    8    5    1    6    1    6    1    1       843    6    6    8   10    2    5    7
    2    9    5    2    2    0    0    2    1       509    5    7    8    0    0    0    0
    2   10    5    1    4    3    2    1    1       627    9   10    6    9    2    0    0
    2   11    5    1    2    1    2    1    1       382    6    6    2    0    0    0    0
    2   12    5    1    2    1    2    1    1       467    5    5    2    0    0    0    0
    2   13    3    2    2    0    0    2    1       468    3    8    9    0    0    0    0
    2   14    5    1    6    6    1    1    1       512    5    6    2   10    7    9    5
    2   15    5    2    4    0    0    2    1       645   10    5    6    7    2    0    0
    2   16    5    2    2    0    0    2    1       511    6    5    2    0    0    0    0
    2   17    2    1    2    2    1    1    1       575    2    5    2    0    0    0    0
    2   18    1    1    6    6    1    1    1       662    1    6    5    8    7   10    1
    2   19    5    1    2    2    1    1    1       384    5    6    5    0    0    0    0
    2   20    5    1    2    1    2    1    1       517   10   10    9    0    0    0    0
    2   21    5    1    2    2    1    1    1       388   10    6   10    0    0    0    0
    2   22    3    2    2    0    0    2    1       457    3    9   10    0    0    0    0
    2   23    4    2    6    0    0    2    1       581    4    7    8   10    5    2    6
    2   24    5    1    4    1    4    1    1       678    8    8    7    2    5    0    0
    2   25    4    2    4    0    0    2    1       517    4    2    5    7    6    0    0
    3    1    2    1    6    5    2    1    1       538    2    8    5    7    9    2   10
    3    2    3    2    4    0    0    2    1       510    3    9    5    2    7    0    0
    3    3    5    1    6    4    3    1    1       393    7    6    5    8    7    2   10
    3    4    2    1    2    1    2    1    1       365    2    2    8    0    0    0    0
    3    5    5    2    2    0    0    2    1       435    8    2    7    0    0    0    0
    3    6    3    2    6    0    0    2    1       432    3    9   10    2    6    5    7
    3    7    5    2    4    0    0    2    1       584   10    6    5    7    2    0    0
    3    8    5    1    6    4    3    1    1       431    5    8    9    6    5   10    2
    3    9    2    1    2    2    1    1    1      1585    2    6    2    0    0    0    0
    3   10    5    1    2    2    1    1    1       406    5    7    5    0    0    0    0
    3   11    3    2    2    0    0    2    1       442    3    8    2    0    0    0    0
    3   12    5    1    4    1    4    1    1       418    7    7   10    5    6    0    0
    3   13    4    2    2    0    0    2    1       517    4    6    5    0    0    0    0
    3   14    5    2    6    0    0    2    1       543    9    7    6    8   10    2    5
    3   15    3    2    6    0    0    2    1       456    3    2   10    5    9    7    6
    3   16    5    2    4    0    0    2    1       495    9    8    2    7    6    0    0
    3   17    5    1    2    1    2    1    1       432    8    8    6    0    0    0    0
    3   18    5    1    4    4    1    1    1       359   10    2    5    6   10    0    0
    3   19    5    1    6    4    3    1    1       503    7    8   10    6    7    2    9
    3   20    5    1    6    1    6    1    1       834    9    9   10    7    2    6    8
    3   21    5    2    4    0    0    2    1       663    8    2   10    7    5    0    0
    3   22    5    2    2    0    0    2    1       674    5    7    8    0    0    0    0
    3   23    3    2    6    0    0    2    1       454    3    9    8   10    5    6    2
    3   24    5    1    6    4    3    1    1       498    6    5    2   10    6    7    8
    3   25    3    2    6    0    0    2    1       460    3    5    2    8   10    9    6
    4    1    2    1    2    2    1    1    1       439    2    6    2    0    0    0    0
    4    2    5    2    2    0    0    2    1       425    5    9    6    0    0    0    0
    4    3    3    2    4    0    0    2    1       434    3    6   10    7    5    0    0
    4    4    2    1    4    3    2    1    1       473    2    5    6    2   10    0    0
    4    5    5    1    2    1    2    1    1       411    9    9    6    0    0    0    0
    4    6    3    2    4    0    0    2    1       516    3    9    6    8    5    0    0
    4    7    5    1    6    4    3    1    1       430    8    2    7    9    8   10    5
    4    8    5    2    2    0    0    2    1       449   10    6    9    0    0    0    0
    4    9    3    2    4    0    0    2    1       488    3    6    8    2    9    0    0
    4   10    2    1    2    1    2    1    1       360    2    2    9    0    0    0    0
    4   11    5    1    4    1    4    2    0       483    5    5   10    8    6    0    0
    4   12    3    2    2    0    0    2    1       467    3    8    7    0    0    0    0
    4   13    1    1    2    2    1    1    1       389    1    6    1    0    0    0    0
    4   14    5    1    6    3    4    1    1       516    7    9   10    7    6    5    1
    4   15    3    2    6    0    0    2    1       717    3    8    6    2    5    9    7
    4   16    3    2    2    0    0    2    1       404    3    6    5    0    0    0    0
    4   17    5    1    4    2    3    1    1       797    9    7    9    6    2    0    0
    4   18    5    1    2    1    2    1    1       609    9    9    1    0    0    0    0
    4   19    5    2    2    0    0    2    1       493   10    7    8    0    0    0    0
    4   20    5    2    6    0    0    2    1       728    9    2    6    8   10    5    7
    4   21    5    2    6    0    0    2    1       730    5    8    7    9    6   10    2
    4   22    5    1    6    5    2    1    1       571    9    8    5   10    2    9    7
    4   23    3    2    4    0    0    2    1       494    3   10    5    6    7    0    0
    4   24    5    2    4    0    0    2    1       452    8    5    9    2    7    0    0
    4   25    5    2    6    0    0    1    0       576    5    9    7   10    6    8    2
    5    1    5    2    6    0    0    2    1       572    5    7    8    2    9   10    6
    5    2    5    1    6    1    6    1    1       483   10   10    2    6    9    5    8
    5    3    5    2    2    0    0    2    1       420    8    7    2    0    0    0    0
    5    4    5    2    4    0    0    2    1       620    5    9    7    2   10    0    0
    5    5    5    1    4    4    1    1    1       365    8    7    2   10    8    0    0
    5    6    5    1    2    2    1    1    1       546    6    1    6    0    0    0    0
    5    7    5    1    2    2    1    1    1       400    5    8    5    0    0    0    0
    5    8    4    2    6    0    0    2    1       511    4    5    6   10    7    2    8
    5    9    1    1    4    4    1    1    1       372    1   10    9    8    1    0    0
    5   10    3    2    6    0    0    2    1       468    3    5    7    9   10    2    6
    5   11    5    2    4    0    0    2    1       506    7    2    8    5   10    0    0
    5   12    5    1    2    2    1    1    1       410    7    6    7    0    0    0    0
    5   13    2    1    6    2    5    1    1       681    2    9    2   10    5    6    7
    5   14    1    1    4    4    1    1    1       343    1    8    5    9    1    0    0
    5   15    5    1    6    4    3    1    1       632    8    2    5    6    8   10    7
    5   16    5    1    2    2    1    1    1       355    6    2    6    0    0    0    0
    5   17    5    1    4    1    4    1    1       910    9    9    2    8    5    0    0
    5   18    5    1    4    3    2    1    1       435    8   10    2    8    5    0    0
    5   19    5    1    4    2    3    1    1       539    8   10    8    9    2    0    0
    5   20    5    2    6    0    0    2    1       644   10    8    2    6    9    5    7
    5   21    1    1    4    2    3    1    1       484    1   10    1    8    9    0    0
    5   22    1    1    2    2    1    1    1       516    1   10    1    0    0    0    0
    5   23    3    2    6    0    0    2    1       478    3    5    2    6    8    7   10
    5   24    3    2    2    0    0    2    1       416    3    2    9    0    0    0    0
    5   25    5    2    4    0    0    2    1       664    7    2    8   10    6    0    0
    6    1    5    1    6    6    1    1    1       344    8    9    2    7   10    6    8
    6    2    5    1    2    2    1    1    1       670    9    6    9    0    0    0    0
    6    3    5    1    4    1    4    1    1       605    5    5    6   10    2    0    0
    6    4    5    1    2    2    1    1    1       345    7    5    7    0    0    0    0
    6    5    5    1    6    4    3    1    1       650    7    6    9    5    7    2    8
    6    6    5    2    2    0    0    2    1       500    6    2    8    0    0    0    0
    6    7    5    2    4    0    0    2    1       665    7    8    2    6    5    0    0
    6    8    5    1    4    1    4    1    1       776   10   10    6    2    8    0    0
    6    9    3    2    2    0    0    2    1       605    3    5   10    0    0    0    0
    6   10    5    1    6    5    2    1    1       467    5    9    8    2   10    5    6
    6   11    4    2    2    0    0    2    1       485    4    7    8    0    0    0    0
    6   12    3    2    2    0    0    2    1       501    3    8    2    0    0    0    0
    6   13    4    2    2    0    0    2    1       485    4    7    8    0    0    0    0
    6   14    4    2    2    0    0    2    1       501    4    6    5    0    0    0    0
    6   15    4    2    2    0    0    2    1       389    4    8    6    0    0    0    0
    6   16    1    1    4    2    3    1    1       752    1    8    1    5    7    0    0
    6   17    4    2    2    0    0    2    1       389    4    6    5    0    0    0    0
    6   18    5    1    2    2    1    1    1       570    8    2    8    0    0    0    0
    6   19    5    2    4    0    0    2    1       556   10    8    5    6    2    0    0
    6   20    2    1    6    6    1    1    1       437    2    9    6    5    8    7    2
    6   21    4    2    4    0    0    2    1       461    4    2   10    9    8    0    0
    6   22    5    1    2    1    2    1    1       415   10   10    2    0    0    0    0
    6   23    5    1    6    1    6    1    1       525   10   10    5    6    2    9    7
    6   24    3    2    2    0    0    2    1       396    3    6    7    0    0    0    0
    6   25    5    1    6    3    4    1    1       619    6    9    2    6    8   10    5
    7    1    1    1    2    1    2    1    1       475    1    1   10    0    0    0    0
    7    2    2    1    2    2    1    1    1       412    2    7    2    0    0    0    0
    7    3    5    1    6    3    4    1    1       474    5    6    9    5    2    8    7
    7    4    3    2    4    0    0    2    1       496    3    7    6    2    9    0    0
    7    5    5    1    2    1    2    1    1       400    6    6    5    0    0    0    0
    7    6    5    1    6    6    1    1    1       399    9    6    8    2   10    5    9
    7    7    5    1    4    3    2    1    1       392    9    8    2    9    7    0    0
    7    8    5    1    4    1    4    1    1       450    7    7    6    2   10    0    0
    7    9    5    1    2    2    1    1    1       387    5    1    5    0    0    0    0
    7   10    5    1    6    2    5    1    1       483    5    2    5    8    7   10    6
    7   11    5    2    4    0    0    2    1       696   10    5    9    8    2    0    0
    7   12    5    1    4    1    4    1    1       454    7    7    2    5    9    0    0
    7   13    1    1    6    1    6    1    1       450    1    1    5   10    9    7    8
    7   14    5    2    4    0    0    2    1       535   10    7    5    8    2    0    0
    7   15    5    2    2    0    0    2    1       518    5    7    6    0    0    0    0
    7   16    5    2    6    0    0    2    1       480    8   10    2    7    5    9    6
    7   17    2    1    6    6    1    1    1       347    2   10    6    9    8    7    2
    7   18    3    2    2    0    0    2    1       433    3   10    9    0    0    0    0
    7   19    1    1    4    4    1    1    1       393    1    9    6    8    1    0    0
    7   20    5    1    6    3    4    1    1       456    6    8    2    6    7    5    9
    7   21    5    1    6    1    6    1    1       500    5    5    8    9   10    7    2
    7   22    5    1    4    3    2    1    1       490    9    8    7    9    2    0    0
    7   23    5    2    2    0    0    2    1       746    7    8    2    0    0    0    0
    7   24    2    1    4    2    3    1    1       356    2   10    2    9    7    0    0
    7   25    3    2    6    0    0    2    1       517    3   10    7    5    9    8    2    1
