    1    1    4    2    2    0    0    2    1      9342    4    8    2    0    0    0    0
    1    2    4    2    4    0    0    1    0      1731    4    2    8    5    7    0    0
    1    3    3    2    2    0    0    2    1      2578    3    5    2    0    0    0    0
    1    4    5    1    2    1    2    2    0      1143    5    5    8    0    0    0    0
    1    5    5    2    2    0    0    2    1      1158    5    2    6    0    0    0    0
    1    6    5    4    2    0    0    9    0         0    6    8    7    2    5    0    0
    1    7    5    2    2    0    0    1    0      3570    8    6    2    0    0    0    0
    1    8    3    6    2    0    0    9    0         0    3   10    9    2    5    7    8
    1    9    3    2    2    0    0    1    0      1346    3    2    8    0    0    0    0
    1   10    1    1    4    2    3    2    0      1406    1    8    1    6   10    0    0
    1   11    2    1    4    3    2    1    1      1463    2    6    7    2    8    0    0
    1   12    5    1    6    2    5    1    1      3212    6    5    6    8    2    7   10
    1   13    5    1    6    2    5    1    1       987    6    2    6    5   10    7    8
    1   14    3    2    4    0    0    1    0      1884    3   10    8    2    6    0    0
    1   15    4    2    4    0    0    1    0      1467    4    6    2    7   10    0    0
    1   16    5    1    6    5    2    1    1      1511    6    2   10    9    8    6    5
    1   17    5    2    6    0    0    1    0       977   10    9    7    5    6    2    8
    1   18    5    2    4    0    0    2    1      1012    7    5    2    9    8    0    0
    1   19    5    1    4    1    4    2    0      1493    9    9    5   10    2    0    0
    1   20    2    1    4    2    3    1    1      1875    2   10    2    8    7    0    0
    1   21    5    1    2    1    2    1    1      2717   10   10    9    0    0    0    0
    1   22    5    2    2    0    0    1    0       924    5    2    8    0    0    0    0
    1   23    5    1    4    1    4    2    0      1008    6    6    7    2    5    0    0
    1   24    5    1    2    2    1    1    1       764    6    5    6    0    0    0    0
    1   25    5    1    4    2    3    1    1      2575    8    6    8    2    9    0    0
    2    1    2    1    2    1    2    2    0      2447    2    2    9    0    0    0    0
    2    2    5    1    6    3    4    1    1      1628    8    6   10    8    2    9    5
    2    3    1    1    4    2    3    1    1      2029    1    8    1    6    7    0    0
    2    4    5    2    6    0    0    2    1       908    5    2    6    8   10    9    7
    2    5    3    2    2    0    0    2    1      2827    3    2    5    0    0    0    0
    2    6    5    1    4    1    4    1    1      1284    6    6   10    5    7    0    0
    2    7    1    1    2    1    2    1    1      1732    1    1    7    0    0    0    0
    2    8    5    2    6    0    0    1    0       246   10    2    9    8    6    5    7
    2    9    5    2    2    0    0    2    1      4680    9    2    6    0    0    0    0
    2   10    3    2    6    0    0    1    0      3172    3   10    6    5    8    7    2
    2   11    5    1    6    4    3    2    0       492    8    7    2    5    8    9   10
    2   12    4    2    2    0    0    1    0      1157    4    2    8    0    0    0    0
    2   13    1    1    2    2    1    2    0      1867    1    5    1    0    0    0    0
    2   14    5    1    2    1    2    1    1      2764   10   10    8    0    0    0    0
    2   15    4    2    6    0    0    2    1      1749    4    8    5    9    7    2   10
    2   16    5    1    4    1    4    2    0      2280    7    7    8    9    2    0    0
    2   17    3    2    6    0    0    2    1      2476    3    8    2   10    6    7    9
    2   18    5    1    6    3    4    1    1      1936    9    5    2    9    7    8    6
    2   19    1    1    2    2    1    1    1      3327    1    8    1    0    0    0    0
    2   20    4    2    6    0    0    2    1      1697    4    2    8    5    6    9   10
    2   21    5    1    2    2    1    1    1      1346    9   10    9    0    0    0    0
    2   22    5    1    2    2    1    1    1      2680    8    2    8    0    0    0    0
    2   23    5    2    4    0    0    1    0      2079   10    5    6    8    2    0    0
    2   24    5    1    4    1    4    2    0      1174    8    8    5    6    7    0    0
    2   25    1    1    6    3    4    1    1      1502    1    5   10    1    8    6    9
    3    1    3    2    2    0    0    1    0      2820    3   10    9    0    0    0    0
    3    2    5    2    4    0    0    2    1      1597    8    7    9    6    2    0    0
    3    3    5    1    4    1    4    2    0      3207   10   10    2    5    7    0    0
    3    4    5    1    4    3    2    1    1      1368    7    5   10    7    2    0    0
    3    5    5    2    4    0    0    2    1      1507    8    2    9    5    7    0    0
    3    6    5    2    6    0    0    2    1       294    8    6    9    7    5    2   10
    3    7    3    2    2    0    0    1    0      1766    3    9    8    0    0    0    0
    3    8    5    1    6    2    5    2    0       598    7    8    7    2    9   10    6
    3    9    5    2    4    0    0    2    1      2863   10    9    7    2    8    0    0
    3   10    3    2    6    0    0    1    0       892    3    2    5    6    9   10    7
    3   11    5    1    2    2    1    2    0      1533    6    8    6    0    0    0    0
    3   12    3    2    6    0    0    2    1      1830    3    5    9    2    8    7   10
    3   13    5    1    6    1    6    1    1      3004    9    9    6    8    5    2   10
    3   14    5    2    2    0    0    2    1      2712   10    6    2    0    0    0    0
    3   15    3    2    4    0    0    2    1      1461    3    8    2    7   10    0    0
    3   16    3    2    4    0    0    1    0       925    3   10    5    7    2    0    0
    3   17    5    1    4    4    1    1    1      2481    6   10    2    8    6    0    0
    3   18    5    1    6    1    6    1    1      2093    9    9    2    8    5    7   10
    3   19    3    2    6    0    0    2    1      1480    3    1    8    5    7    6    9
    3   20    2    1    6    3    4    1    1      1516    2   10    9    2    5    7    6
    3   21    3    2    4    0    0    2    1      1281    3    2    9    7    6    0    0
    3   22    5    2    6    0    0    2    1      2812    9   10    8    7    6    2    5
    3   23    5    1    2    2    1    1    1      1744    7   10    7    0    0    0    0
    3   24    5    1    6    2    5    1    1      1417    7    8    7   10    5    6    2
    3   25    5    1    6    3    4    2    0      4951    6    8    5    6   10    9    2
    4    1    2    1    2    1    2    1    1      1470    2    2    7    0    0    0    0
    4    2    5    1    6    1    6    1    1      1203    5    5    8    6   10    7    2
    4    3    5    1    4    3    2    1    1       628    7    6    2    7   10    0    0
    4    4    3    2    6    0    0    2    1      1362    3   10    8    5    6    9    2
    4    5    3    2    2    0    0    2    1      1896    3    2    8    0    0    0    0
    4    6    5    1    4    3    2    1    1      1294    5    2    7    5    8    0    0
    4    7    5    2    4    0    0    1    0      1188    8    5   10    2    6    0    0
    4    8    1    1    4    3    2    1    1      1350    1    5    9    1    8    0    0
    4    9    2    1    2    2    1    2    0      2596    2    9    2    0    0    0    0
    4   10    5    1    2    1    2    1    1      3216    7    7    8    0    0    0    0
    4   11    5    1    6    6    1    1    1      1463    9    7    5    1   10    8    9
    4   12    2    1    4    3    2    2    0      3462    2    5    8    2    6    0    0
    4   13    3    2    6    0    0    2    1      1138    3    9   10    8    6    2    5
    4   14    2    1    2    2    1    1    1      2977    2    8    2    0    0    0    0
    4   15    5    1    4    1    4    1    1      2780    7    7    2    6    5    0    0
    4   16    5    1    4    2    3    2    0      1351    7    6    7    2    8    0    0
    4   17    3    2    6    0    0    2    1      1999    3    9    6    7   10    5    2
    4   18    5    2    2    0    0    2    1      1691    9   10    7    0    0    0    0
    4   19    4    2    4    0    0    2    1      1273    4    9    6    2    7    0    0
    4   20    5    2    4    0    0    1    0      1272    7    2    6    5    8    0    0
    4   21    5    1    2    1    2    2    0      2097    5    5    6    0    0    0    0
    4   22    3    2    2    0    0    2    1      1034    3    6    8    0    0    0    0
    4   23    5    2    6    0    0    2    1      1671    5   10    1    6    7    8    9
    4   24    5    2    2    0    0    2    1      2656    6    9    5    0    0    0    0
    4   25    5    1    2    1    2    2    0       938   10   10    6    0    0    0    0
    5    1    5    1    6    3    4    2    0      1284    6    5   10    6    9    8    2
    5    2    5    2    4    0    0    1    0      1098    8    5    7   10    9    0    0
    5    3    5    1    4    1    4    2    0      1223   10   10    2    5    6    0    0
    5    4    5    1    6    4    3    1    1      1181    7    2   10    9    7    6    8
    5    5    5    1    2    1    2    1    1       802    9    9    2    0    0    0    0
    5    6    1    1    4    3    2    1    1      1148    1    5    9    1    6    0    0
    5    7    3    2    6    0    0    2    1      1637    3    5    6    7    9    2    8
    5    8    5    1    2    1    2    1    1      1335    8    8    5    0    0    0    0
    5    9    5    1    4    3    2    2    0      1660    6    5    2    6    9    0    0
    5   10    5    2    2    0    0    2    1      1013    9    5    7    0    0    0    0
    5   11    5    1    2    2    1    1    1      1330    5    6    5    0    0    0    0
    5   12    5    2    6    0    0    1    0      1396    7    2    5    9    6    8   10
    5   13    5    2    4    0    0    2    1      1445    5   10    9    2    7    0    0
    5   14    3    2    2    0    0    2    1       936    3    2    5    0    0    0    0
    5   15    5    1    2    1    2    1    1      1215    9    9    2    0    0    0    0
    5   16    1    1    2    1    2    1    1      1578    1    1    7    0    0    0    0
    5   17    5    1    2    1    2    1    1       783    9    9    5    0    0    0    0
    5   18    5    2    4    0    0    2    1      2114    7    9   10    5    2    0    0
    5   19    4    2    6    0    0    2    1      1068    4    8    6    9    7    2    5
    5   20    5    1    6    3    4    1    1      2240   10    2    9   10    7    8    6
    5   21    5    2    4    0    0    2    1      1008    8    2    9   10    5    0    0
    5   22    1    1    6    6    1    1    1      1655    1    8    6   10    5    7    1
    5   23    2    1    4    3    2    1    1      1590    2   10    7    2    5    0    0
    5   24    5    2    6    0    0    2    1      2189    8    5    9    6    7    2   10
    5   25    3    2    4    0    0    2    1      2671    3    9    5    6    2    0    0
    6    1    5    1    2    1    2    1    1      2503    5    5    9    0    0    0    0
    6    2    5    2    6    0    0    2    1      3193    7   10    2    9    6    5    8
    6    3    3    2    6    0    0    2    1       809    3    2    5    6   10    9    7
    6    4    1    1    2    1    2    1    1      1685    1    1   10    0    0    0    0
    6    5    5    1    6    1    6    1    1      2184    5    5    8    2    7    6   10
    6    6    5    2    4    0    0    2    1      1410    9    8    6    2    5    0    0
    6    7    2    1    6    1    6    1    1      1449    2    2    5   10    9    6    7
    6    8    2    1    6    3    4    1    1      1517    2    5    9    2    8    6   10
    6    9    5    1    4    3    2    2    0      1306   10    7    2   10    5    0    0
    6   10    5    2    2    0    0    2    1      1386    5    6    7    0    0    0    0
    6   11    5    1    6    3    4    1    1      1497    7    6    9    7    8    2    5
    6   12    3    2    2    0    0    2    1      1146    3    2    8    0    0    0    0
    6   13    5    1    6    5    2    1    1      2035    6    8    7    5    9    6    2
    6   14    5    1    6    3    4    1    1      1097    6    5    9    6    2    8   10
    6   15    5    1    6    3    4    1    1      1244   10    5    8   10    7    2    6
    6   16    1    1    6    2    5    1    1      1329    1    8    1   10    9    5    6
    6   17    5    2    4    0    0    2    1      1150    9    7    6    2    5    0    0
    6   18    1    1    2    2    1    1    1      1228    1    5    1    0    0    0    0
    6   19    5    1    4    3    2    1    1      1093    6   10    2    6    7    0    0
    6   20    5    2    6    0    0    2    1       960    8    2    6    9    7   10    5
    6   21    2    1    2    1    2    1    1      1470    2    2   10    0    0    0    0
    6   22    3    2    4    0    0    2    1       905    3    7    8    2    5    0    0
    6   23    3    2    6    0    0    2    1       743    3    5   10    7    8    6    2
    6   24    5    2    6    0    0    2    1      1081    9    5    6    8    7   10    2
    6   25    5    2    2    0    0    2    1       946    9    6    5    0    0    0    0
    7    1    5    2    4    0    0    2    1      1892    6    8    5    9    2    0    0
    7    2    2    1    6    2    5    1    1      1584    2    8    2    9    5    7    6
    7    3    2    1    2    2    1    1    1      2628    2   10    2    0    0    0    0
    7    4    3    2    4    0    0    2    1       829    3   10    2    6    9    0    0
    7    5    5    2    4    0    0    2    1      1174    6   10    9    7    2    0    0
    7    6    1    1    6    5    2    1    1      1230    1    8    6   10    7    1    5
    7    7    4    2    4    0    0    2    1       982    4    7    2    6    5    0    0
    7    8    5    2    2    0    0    2    1      1003    7    5    2    0    0    0    0
    7    9    4    2    6    0    0    2    1       714    4    5    6    9    7    2   10
    7   10    5    1    2    2    1    1    1      1218    7    2    7    0    0    0    0
    7   11    5    1    6    5    2    1    1      2144    5    7    9   10    8    5    2
    7   12    5    2    6    0    0    2    1      1145   10    6    8    9    2    7    5
    7   13    5    2    6    0    0    2    1       770    8    7    6   10    9    2    5
    7   14    5    1    6    5    2    1    1      1362    5    9    8    2    7    5   10
    7   15    5    1    6    6    1    1    1      3027    5   10    9    2    7    6    5
    7   16    5    1    2    2    1    1    1       982    5    8    5    0    0    0    0
    7   17    3    2    2    0    0    2    1       731    3    6    7    0    0    0    0
    7   18    3    2    2    0    0    2    1       986    3    2    5    0    0    0    0
    7   19    5    1    6    5    2    1    1      1698    6    2   10    5    7    6    8
    7   20    4    2    4    0    0    2    1       800    4    8    2    7   10    0    0
    7   21    5    2    2    0    0    2    1       971    9    5    6    0    0    0    0
    7   22    5    1    6    2    5    1    1      1571    8    5    8   10    2    7    9
    7   23    5    2    2    0    0    2    1      1169    5    2    7    0    0    0    0
    7   24    5    2    6    0    0    1    0       945    5    7    9   10    6    2    8
    7   25    4    2    4    0    0    2    1       877    4    2    7   10    8    0    0    1
