    1    1    5    1    6    6    1    1    1      1119    5    9    8    2    7    6    5
    1    2    5    1    6    6    1    1    1       751    6    7    2    9    8    5    6
    1    3    5    2    2    0    0    2    1       660   10    9    6    0    0    0    0
    1    4    3    2    6    0    0    2    1       694    3    8    2    6    7   10    5
    1    5    5    2    6    0    0    2    1      1176    7    8    2   10    6    5    9
    1    6    4    2    4    0    0    1    0       704    4    2   10    8    5    0    0
    1    7    5    1    2    1    2    2    0      1000    8    8    5    0    0    0    0
    1    8    4    2    6    0    0    2    1      1230    4    8    5    6    9    2    7
    1    9    5    2    2    0    0    2    1       720   10    2    9    0    0    0    0
    1   10    3    2    4    0    0    2    1       813    3    8    2    7   10    0    0
    1   11    1    1    4    4    1    1    1       820    1    8    5    7    1    0    0
    1   12    3    2    2    0    0    2    1       791    3    7    9    0    0    0    0
    1   13    5    1    2    1    2    1    1      1004    6    6    7    0    0    0    0
    1   14    2    1    6    3    4    1    1      1634    2   10    5    2    7    8    9
    1   15    5    2    4    0    0    1    0      1466    7    1    9   10    6    0    0
    1   16    3    2    2    0    0    2    1       803    3    1    7    0    0    0    0
    1   17    3    2    6    0    0    2    1       945    3    9   10    6    8    2    5
    1   18    5    1    6    3    4    1    1      1593    8   10    2    8    7    9    6
    1   19    1    1    4    3    2    1    1      1281    1    7    6    1    8    0    0
    1   20    3    2    6    0    0    2    1       860    3    5    8   10    7    2    9
    1   21    5    1    6    6    1    1    1      1144   10    2    5    9    8    6   10
    1   22    5    1    2    2    1    1    1       925    5   10    5    0    0    0    0
    1   23    5    1    4    4    1    1    1       849    7    5    2   10    7    0    0
    1   24    4    2    6    0    0    2    1       909    4    8    6    2    9    5   10
    1   25    5    2    6    0    0    2    1      1143    9    8    6    5   10    2    7
    2    1    2    1    2    2    1    1    1       925    2    9    2    0    0    0    0
    2    2    1    1    2    2    1    1    1       828    1    6    1    0    0    0    0
    2    3    5    1    6    6    1    1    1       937    9    2    5    7    6   10    9
    2    4    5    1    4    2    3    2    0       989    8    5    8    9    7    0    0
    2    5    5    2    4    0    0    2    1       975    7    5    2    6    9    0    0
    2    6    2    1    6    1    6    1    1      1606    2    2    5    8    9    6   10
    2    7    5    2    2    0    0    2    1      2089    5    2    8    0    0    0    0
    2    8    5    2    6    0    0    1    0      1140    5    9    6    7    8    2   10
    2    9    5    2    4    0    0    2    1      1151   10    7    2    9    6    0    0
    2   10    5    1    4    3    2    1    1      1354    7    9    2    7    6    0    0
    2   11    5    1    2    2    1    1    1       792    7    6    7    0    0    0    0
    2   12    5    2    6    0    0    2    1      1238   10    1    8    6    9    5    7
    2   13    1    1    4    1    4    1    1      1165    1    1   10    8    9    0    0
    2   14    5    2    2    0    0    2    1       770   10    8    2    0    0    0    0
    2   15    5    2    2    0    0    2    1       808    5   10    8    0    0    0    0
    2   16    5    1    2    2    1    1    1       923    9    1    9    0    0    0    0
    2   17    5    2    6    0    0    1    0      1173    8    2    7   10    5    9    6
    2   18    5    1    2    2    1    1    1       906    6    2    6    0    0    0    0
    2   19    3    2    4    0    0    2    1       815    3    9   10    2    7    0    0
    2   20    5    2    4    0    0    1    0      1463    7   10    1    8    5    0    0
    2   21    5    1    2    2    1    1    1       896    6    2    6    0    0    0    0
    2   22    5    2    4    0    0    1    0       869    9    6   10    2    7    0    0
    2   23    2    1    4    4    1    1    1       827    2    5    6   10    2    0    0
    2   24    5    2    2    0    0    2    1       878   10    9    6    0    0    0    0
    2   25    5    2    4    0    0    2    1      1075    6    2    7    5    8    0    0
    3    1    5    1    2    1    2    1    1       945    9    9   10    0    0    0    0
    3    2    5    1    4    2    3    1    1      1124    9    2    9    5    6    0    0
    3    3    3    2    4    0    0    2    1       656    3    2   10    9    6    0    0
    3    4    5    1    6    6    1    1    1      1348    8   10    7    9    2    6    8
    3    5    1    1    4    1    4    2    0      1048    1    1    9    8    5    0    0
    3    6    3    2    6    0    0    2    1       811    3    6    9    5   10    8    2
    3    7    5    1    4    3    2    1    1      1172    8    9   10    8    2    0    0
    3    8    3    2    6    0    0    2    1       835    3   10    6    7    8    2    9
    3    9    5    1    4    1    4    1    1      1066    8    8    2    6    9    0    0
    3   10    5    2    6    0    0    2    1      1341    9    2    8    5   10    7    6
    3   11    3    2    4    0    0    2    1       737    3    8    6    5    2    0    0
    3   12    5    1    6    2    5    2    0      2642    7    8    7    5    2    9    6
    3   13    1    1    4    3    2    1    1      1105    1    5    8    1    6    0    0
    3   14    3    2    6    0    0    2    1       707    3   10    8    7    2    9    5
    3   15    5    2    2    0    0    1    0       891    9    8    2    0    0    0    0
    3   16    2    1    2    1    2    1    1       956    2    2    8    0    0    0    0
    3   17    5    1    4    1    4    2    0      1358    6    6    8    9    2    0    0
    3   18    2    1    2    2    1    1    1       892    2    6    2    0    0    0    0
    3   19    3    2    2    0    0    2    1       652    3    2    8    0    0    0    0
    3   20    5    2    6    0    0    2    1      1313    5    8    6    7    2   10    9
    3   21    1    1    4    4    1    1    1       917    1    8    9    7    1    0    0
    3   22    2    1    4    2    3    1    1      1225    2    7    2   10    9    0    0
    3   23    3    2    4    0    0    2    1       657    3    2    8   10    7    0    0
    3   24    3    2    2    0    0    2    1       635    3   10    7    0    0    0    0
    3   25    5    1    4    1    4    1    1      1195   10   10    9    2    8    0    0
    4    1    5    1    2    1    2    1    1       821    8    8    6    0    0    0    0
    4    2    3    2    2    0    0    2    1       648    3    2    8    0    0    0    0
    4    3    5    2    4    0    0    1    0      1495    8    9    2    7    6    0    0
    4    4    5    2    4    0    0    2    1      1220    8    9    2    5    7    0    0
    4    5    5    2    2    0    0    2    1      1047   10    2    9    0    0    0    0
    4    6    5    2    6    0    0    2    1      1403    8    9    6   10    5    2    7
    4    7    5    1    2    1    2    1    1      1031    9    9   10    0    0    0    0
    4    8    5    2    2    0    0    2    1      1057    9    2    5    0    0    0    0
    4    9    5    1    2    1    2    1    1       923    9    9    2    0    0    0    0
    4   10    5    1    2    2    1    1    1      1034    9    2    9    0    0    0    0
    4   11    4    2    4    0    0    2    1       842    4    2    5    6    9    0    0
    4   12    3    2    6    0    0    2    1       743    3   10    6    8    2    5    7
    4   13    3    2    6    0    0    2    1       823    3    8    2   10    9    7    6
    4   14    4    2    4    0    0    2    1       751    4    9    8    2    7    0    0
    4   15    5    2    6    0    0    2    1      2254    6    8    1    9    7    5   10
    4   16    4    2    4    0    0    2    1       734    4    8    9    5    6    0    0
    4   17    5    1    2    1    2    1    1       996   10   10    8    0    0    0    0
    4   18    5    2    4    0    0    2    1      1509    8    9    2    7    5    0    0
    4   19    1    1    6    1    6    1    1      1608    1    1   10    5    9    7    6
    4   20    5    2    4    0    0    2    1       993    5    6    9    2    8    0    0
    4   21    2    1    2    1    2    1    1       941    2    2   10    0    0    0    0
    4   22    5    1    6    6    1    1    1       918    8   10    5    2    7    9    8
    4   23    5    2    4    0    0    2    1      1081    9    8   10    2    5    0    0
    4   24    5    1    4    4    1    1    1       887    9   10    2    7    9    0    0
    4   25    5    2    2    0    0    2    1       840    5    2   10    0    0    0    0
    5    1    5    1    6    5    2    1    1       974    5    6   10    9    7    5    2
    5    2    5    1    4    1    4    1    1      1233    6    6    2   10    8    0    0
    5    3    2    1    6    6    1    1    1       878    2    6    5    7   10    8    2
    5    4    5    2    6    0    0    2    1       969   10    2    5    7    8    9    6
    5    5    5    1    6    4    3    2    0      1456    9    5    7   10    9    2    6
    5    6    5    1    4    1    4    1    1      1056   10   10    6    2    5    0    0
    5    7    5    1    2    1    2    1    1       826    6    6    8    0    0    0    0
    5    8    1    1    2    2    1    1    1       701    1    8    1    0    0    0    0
    5    9    5    1    2    2    1    1    1       820    8    7    8    0    0    0    0
    5   10    4    2    6    0    0    2    1       817    4    2    6    9   10    5    7
    5   11    1    1    2    1    2    1    1      1589    1    1    7    0    0    0    0
    5   12    5    1    4    1    4    2    0      1934    8    8   10    2    6    0    0
    5   13    1    1    2    1    2    1    1       709    1    1    6    0    0    0    0
    5   14    5    1    2    1    2    1    1      1053    5    5    2    0    0    0    0
    5   15    3    2    4    0    0    2    1       731    3    6    7    2    8    0    0
    5   16    5    2    2    0    0    2    1       914    7    2   10    0    0    0    0
    5   17    2    1    4    2    3    1    1       854    2    6    2    8   10    0    0
    5   18    3    2    6    0    0    2    1       674    3    6    8    2    9    5    7
    5   19    3    2    2    0    0    2    1       699    3   10    2    0    0    0    0
    5   20    5    1    6    6    1    1    1       813   10    7    5    8    2    9   10
    5   21    5    1    6    4    3    1    1      1146    7    6   10    9    7    2    5
    5   22    5    1    4    3    2    1    1      1269    7   10    8    7    1    0    0
    5   23    5    1    2    1    2    1    1       870    6    6   10    0    0    0    0
    5   24    3    2    6    0    0    2    1       642    3    9   10    6    8    7    2
    5   25    1    1    6    6    1    1    1       758    1    6   10    8    7    9    1
    6    1    3    2    6    0    0    2    1       594    3    6    5   10    9    2    8
    6    2    5    1    2    2    1    1    1       702    5    2    5    0    0    0    0
    6    3    5    1    4    3    2    1    1       875    6    8    2    6    9    0    0
    6    4    5    2    6    0    0    2    1      1015   10    8    6    5    2    9    7
    6    5    2    1    4    1    4    1    1      1031    2    2    6   10    9    0    0
    6    6    3    2    2    0    0    2    1       578    3    5    1    0    0    0    0
    6    7    5    1    4    2    3    1    1       995    7    6    7    2    9    0    0
    6    8    5    1    2    2    1    1    1       703   10    2   10    0    0    0    0
    6    9    2    1    4    3    2    1    1       972    2   10    5    2    8    0    0
    6   10    5    2    4    0    0    2    1       974    6    5    2    9   10    0    0
    6   11    5    2    6    0    0    1    0       742    8    2    5    6    7   10    9
    6   12    1    1    4    3    2    1    1      1282    1    7    8    1    9    0    0
    6   13    3    2    4    0    0    2    1       615    3    5    9    2    8    0    0
    6   14    5    1    2    2    1    1    1       770    7    6    7    0    0    0    0
    6   15    3    2    2    0    0    2    1       551    3    9    2    0    0    0    0
    6   16    3    2    4    0    0    2    1       666    3    5    7    2    6    0    0
    6   17    3    2    6    0    0    2    1       638    3    2    6    7   10    5    9
    6   18    5    1    6    1    6    1    1      1075    5    5   10    8    9    2    7
    6   19    5    2    2    0    0    2    1       924    5    7   10    0    0    0    0
    6   20    5    1    6    6    1    1    1       902    9    7    2    5    6    8    9
    6   21    1    1    4    2    3    1    1      1691    1    7    1    9   10    0    0
    6   22    5    1    4    2    3    1    1      1280    9   10    9    2    6    0    0
    6   23    5    1    6    2    5    1    1      1674    8    9    8    5    7    2   10
    6   24    5    2    2    0    0    2    1       907    8    7   10    0    0    0    0
    6   25    3    2    2    0    0    2    1       603    3    7    9    0    0    0    0
    7    1    3    2    4    0    0    2    1       630    3   10    1    9    5    0    0
    7    2    5    2    6    0    0    2    1       875    7    5    6    8   10    2    9
    7    3    5    1    4    1    4    1    1      1281    9    9    8    2   10    0    0
    7    4    5    1    6    2    5    2    0      1533    7    2    7    9    5    6    8
    7    5    5    2    2    0    0    2    1       963    9   10    6    0    0    0    0
    7    6    1    1    2    1    2    1    1      1040    1    1    5    0    0    0    0
    7    7    5    2    2    0    0    2    1       651    6    2    5    0    0    0    0
    7    8    5    1    4    2    3    1    1      1066    5    6    5    2   10    0    0
    7    9    5    1    2    1    2    1    1       947    9    9    5    0    0    0    0
    7   10    3    2    4    0    0    2    1       597    3    5   10    2    7    0    0
    7   11    1    1    4    1    4    2    0      1318    1    1    8    6    9    0    0
    7   12    5    1    6    5    2    1    1       848   10    2    7    8    6   10    9
    7   13    5    1    2    1    2    1    1       721    5    5    2    0    0    0    0
    7   14    4    2    6    0    0    2    1       658    4    2    6   10    5    9    8
    7   15    5    2    4    0    0    2    1      1297   10    5    9    8    2    0    0
    7   16    5    1    4    4    1    1    1      1221    7   10    6    2    7    0    0
    7   17    1    1    2    2    1    1    1       744    1    7    1    0    0    0    0
    7   18    5    2    2    0    0    2    1       622    7    6   10    0    0    0    0
    7   19    5    2    4    0    0    2    1       959    8    7    2    5    6    0    0
    7   20    5    2    4    0    0    2    1      1122    7    2    6    9    5    0    0
    7   21    2    1    4    2    3    1    1       974    2    7    2   10    8    0    0
    7   22    5    2    6    0    0    2    1      1093    7    1    8    5    6    9   10
    7   23    5    1    4    1    4    1    1      1282    5    5    2    8    6    0    0
    7   24    5    1    2    2    1    1    1       595    5    8    5    0    0    0    0
    7   25    4    2    6    0    0    2    1       649    4    9    5    8    2   10    7    1
