    1    1    3    2    6    0    0    2    1      3782    3    9    6    8    2    5   10
    1    2    5    2    4    0    0    2    1      1383    5   10    6    7    2    0    0
    1    3    5    1    6    6    1    1    1      1678    9    8    6    7    5    2    9
    1    4    5    1    6    5    2    1    1      1242    7    2    9    8    6    7   10
    1    5    2    1    4    1    4    1    1      1841    2    2    6   10    7    0    0
    1    6    3    2    2    0    0    2    1      1788    3    8   10    0    0    0    0
    1    7    3    2    4    0    0    2    1      1294    3    8    2    5   10    0    0
    1    8    4    2    6    0    0    2    1      1433    4    5    2    9    7    6    8
    1    9    3    2    2    0    0    2    1      1491    3    8   10    0    0    0    0
    1   10    5    2    6    0    0    1    0      1270   10    8    6    9    5    2    7
    1   11    1    1    4    4    1    1    1      1628    1   10    6    9    1    0    0
    1   12    5    2    4    0    0    2    1      1285    8   10    9    7    6    0    0
    1   13    5    1    2    2    1    1    1      1173    8    5    8    0    0    0    0
    1   14    2    1    4    1    4    1    1      1456    2    2   10    6    8    0    0
    1   15    3    2    6    0    0    2    1      1236    3    2    9    6    7   10    8
    1   16    4    2    6    0    0    2    1      1153    4    8    5    2    6    7    9
    1   17    2    1    6    1    6    2    0      1234    2    2    9    7    6   10    8
    1   18    5    2    2    0    0    2    1      1268    9    8    2    0    0    0    0
    1   19    2    1    2    2    1    1    1      1221    2    9    2    0    0    0    0
    1   20    5    2    4    0    0    2    1      1437    5    8   10    2    9    0    0
    1   21    5    1    2    1    2    1    1      1224    9    9    6    0    0    0    0
    1   22    1    1    4    3    2    1    1      1265    1    6    9    1    8    0    0
    1   23    1    1    6    2    5    1    1      1068    1   10    1    8    9    5    6
    1   24    5    2    6    0    0    1    0      1760    6    2    8    7    5   10    9
    1   25    3    2    2    0    0    2    1      1262    3    7   10    0    0    0    0
    2    1    5    1    6    3    4    1    1      1276    5    8    7    5    6    2   10
    2    2    5    2    2    0    0    2    1      1342    8    6    2    0    0    0    0
    2    3    3    2    2    0    0    2    1      1228    3    5    2    0    0    0    0
    2    4    3    2    2    0    0    2    1      1167    3    8    2    0    0    0    0
    2    5    5    2    6    0    0    1    0      2174    7    6    8    5    9   10    2
    2    6    5    2    4    0    0    2    1      1601    8   10    5    9    2    0    0
    2    7    3    2    6    0    0    2    1      1167    3    2    5    8    7    9    6
    2    8    5    1    2    2    1    1    1      1557    7    9    7    0    0    0    0
    2    9    5    1    4    4    1    1    1      1744    9   10    8    2    9    0    0
    2   10    5    2    6    0    0    1    0      2457    9    7   10    8    5    6    2
    2   11    5    2    2    0    0    2    1      1547    9   10    2    0    0    0    0
    2   12    5    1    6    5    2    1    1      1819    9    8    6    5    7    9    2
    2   13    3    2    6    0    0    2    1      1281    3    2    9    8    7    5   10
    2   14    3    2    6    0    0    2    1      1692    3   10    8    7    9    2    5
    2   15    4    2    6    0    0    2    1      1287    4    7    2    6    9    5   10
    2   16    3    2    4    0    0    2    1       989    3    7    2    8    9    0    0
    2   17    5    1    6    2    5    1    1      1572    7   10    7    9    6    8    2
    2   18    5    1    2    2    1    1    1      1241    7    8    7    0    0    0    0
    2   19    1    1    2    2    1    1    1      1372    1    9    1    0    0    0    0
    2   20    5    1    4    3    2    1    1      1566    5   10    2    5    8    0    0
    2   21    4    2    4    0    0    2    1      1257    4   10    8    5    2    0    0
    2   22    5    1    2    1    2    2    0      1450    7    7   10    0    0    0    0
    2   23    1    1    2    1    2    1    1      1028    1    1    7    0    0    0    0
    2   24    5    2    4    0    0    2    1      1733   10    8    5    2    9    0    0
    2   25    1    1    2    1    2    1    1      1459    1    1    7    0    0    0    0
    3    1    3    2    6    0    0    2    1      1372    3    5    6    7    8    2    9
    3    2    5    2    6    0    0    2    1      1716    8    9    6   10    2    7    5
    3    3    5    1    6    3    4    2    0      2718    7   10    9    7    6    5    2
    3    4    5    2    2    0    0    2    1      1173    7    2    6    0    0    0    0
    3    5    5    2    6    0    0    2    1      3348    8    5   10    9    7    6    2
    3    6    1    1    6    1    6    2    0      1469    1    1    6    5    8   10    7
    3    7    5    1    4    2    3    1    1      1963    5    8    5    9    6    0    0
    3    8    5    1    6    1    6    1    1      1659    8    8    6   10    5    2    9
    3    9    5    1    6    4    3    2    0      1432    8   10    7    2    8    6    5
    3   10    1    1    4    4    1    1    1      1511    1   10    9    6    1    0    0
    3   11    3    2    6    0    0    2    1      1257    3    9    5    6    2   10    7
    3   12    2    1    6    4    3    1    1      1830    2    9    5    6    2    7   10
    3   13    5    2    2    0    0    2    1      1280    9    7    5    0    0    0    0
    3   14    4    2    6    0    0    2    1      1178    4    5    7    9    2    8   10
    3   15    2    1    4    1    4    1    1      1364    2    2   10    6    8    0    0
    3   16    5    1    6    3    4    1    1      2588    7   10    8    7    5    6    2
    3   17    5    1    2    1    2    1    1      1625    5    5    8    0    0    0    0
    3   18    4    2    4    0    0    2    1      1186    4    2    7    6    8    0    0
    3   19    5    1    2    1    2    1    1      1190    8    8    5    0    0    0    0
    3   20    2    1    4    3    2    1    1      1344    2    7    6    2    5    0    0
    3   21    5    2    6    0    0    2    1      1129   10    7    9    2    6    5    8
    3   22    4    2    4    0    0    2    1      1045    4    7    2    6    5    0    0
    3   23    5    1    4    1    4    1    1      2325   10   10    2    6    9    0    0
    3   24    5    1    2    1    2    1    1      1116    7    7    6    0    0    0    0
    3   25    1    1    2    1    2    1    1       995    1    1   10    0    0    0    0
    4    1    5    1    6    6    1    1    1      1104   10    6    9    2    8    7   10
    4    2    5    1    4    2    3    1    1      1309    7   10    7    9    6    0    0
    4    3    3    2    6    0    0    2    1      1015    3    5    7    9    2   10    8
    4    4    1    1    4    1    4    1    1      1512    1    1    9    5   10    0    0
    4    5    5    1    2    2    1    1    1      1103    6    7    6    0    0    0    0
    4    6    3    2    4    0    0    2    1      1132    3    2    9   10    5    0    0
    4    7    2    1    4    3    2    2    0      1720    2   10    7    2    5    0    0
    4    8    3    2    6    0    0    2    1       818    3    2    8    5    7    6   10
    4    9    5    1    2    2    1    1    1      1173    8    2    8    0    0    0    0
    4   10    5    1    4    4    1    1    1      1152    5    2    8    7    5    0    0
    4   11    5    1    6    1    6    1    1      1008    8    8    6    9    2    5    7
    4   12    3    2    4    0    0    2    1       945    3    6    9    7    2    0    0
    4   13    1    1    6    6    1    1    1       875    1    7    8   10    9    5    1
    4   14    5    1    6    3    4    1    1      1750    8    7    9    8    5    2    6
    4   15    5    2    6    0    0    1    0      2687    9    6   10    2    5    7    8
    4   16    2    1    4    4    1    1    1       892    2    5    8    9    2    0    0
    4   17    3    2    2    0    0    2    1       780    3    8    9    0    0    0    0
    4   18    1    1    4    3    2    1    1      1126    1    8    5    1   10    0    0
    4   19    5    2    2    0    0    2    1      1181    6    2    9    0    0    0    0
    4   20    2    1    2    2    1    1    1      1090    2    6    2    0    0    0    0
    4   21    4    2    2    0    0    2    1       955    4    2   10    0    0    0    0
    4   22    5    1    2    1    2    1    1       968    5    5    6    0    0    0    0
    4   23    5    1    4    3    2    1    1       939    9    7    2    9    6    0    0
    4   24    3    2    2    0    0    2    1       729    3    6    7    0    0    0    0
    4   25    2    1    2    2    1    1    1       880    2    5    2    0    0    0    0
    5    1    2    1    2    1    2    1    1      1073    2    2    7    0    0    0    0
    5    2    1    1    4    1    4    2    0      1310    1    1    6    8    5    0    0
    5    3    5    2    4    0    0    2    1       868    8   10    2    9    7    0    0
    5    4    5    2    4    0    0    2    1      1098    7    8    9    5    2    0    0
    5    5    5    1    2    1    2    1    1      1666   10   10    8    0    0    0    0
    5    6    5    1    6    1    6    1    1      1838    5    5   10    9    7    2    8
    5    7    2    1    4    3    2    1    1      1758    2    6    7    2   10    0    0
    5    8    3    2    2    0    0    2    1       764    3   10    9    0    0    0    0
    5    9    5    2    4    0    0    2    1      1062    8    2   10    5    9    0    0
    5   10    1    1    6    4    3    1    1      1563    1    8   10    7    1    6    5
    5   11    5    2    2    0    0    2    1      2160    7   10    2    0    0    0    0
    5   12    2    1    2    1    2    2    0      1998    2    2    8    0    0    0    0
    5   13    1    1    2    1    2    1    1      1010    1    1    9    0    0    0    0
    5   14    5    2    6    0    0    2    1       952    5    8    7    9    2   10    6
    5   15    4    2    2    0    0    2    1       694    4    6    8    0    0    0    0
    5   16    5    2    4    0    0    2    1       852    5    8   10    6    2    0    0
    5   17    5    1    2    1    2    1    1       982    9    9    2    0    0    0    0
    5   18    4    2    4    0    0    2    1       855    4    5    6   10    9    0    0
    5   19    5    1    6    3    4    2    0      1412   10    5    8   10    6    2    7
    5   20    5    1    6    5    2    1    1      1131    7   10    5    9    6    7    2
    5   21    5    1    6    3    4    1    1      1003    5    7   10    5    2    6    8
    5   22    4    2    6    0    0    2    1       817    4    9    5    6   10    7    2
    5   23    1    1    4    2    3    1    1      1130    1    5    1    9    6    0    0
    5   24    5    2    2    0    0    2    1       945    5    7    8    0    0    0    0
    5   25    5    1    4    2    3    1    1      1045   10    5   10    9    7    0    0
    6    1    5    2    6    0    0    2    1      1292    9    5   10    6    2    7    8
    6    2    5    1    4    2    3    1    1      1153   10    7   10    6    2    0    0
    6    3    5    1    2    2    1    1    1      1079   10    6   10    0    0    0    0
    6    4    4    2    2    0    0    2    1       655    4   10    8    0    0    0    0
    6    5    5    1    4    1    4    1    1       830    5    5    2    9    8    0    0
    6    6    5    1    4    1    4    1    1      1382    6    6   10    2    8    0    0
    6    7    1    1    6    3    4    1    1      1261    1    7   10    1    8    9    5
    6    8    5    2    2    0    0    2    1      1567    7    9   10    0    0    0    0
    6    9    5    1    2    1    2    1    1       917   10   10    6    0    0    0    0
    6   10    5    1    2    1    2    1    1       996   10   10    6    0    0    0    0
    6   11    5    1    6    4    3    1    1       955    9   10    8    2    9    5    7
    6   12    2    1    2    2    1    1    1       873    2    6    2    0    0    0    0
    6   13    5    1    2    2    1    1    1       858    6    2    6    0    0    0    0
    6   14    5    2    2    0    0    2    1      1084   10    2    8    0    0    0    0
    6   15    5    2    4    0    0    2    1       841    9   10    7    5    2    0    0
    6   16    5    1    2    2    1    1    1      1036    7    5    7    0    0    0    0
    6   17    5    2    2    0    0    2    1       823   10    8    2    0    0    0    0
    6   18    5    2    2    0    0    2    1       698    7    2    8    0    0    0    0
    6   19    5    2    4    0    0    2    1       919    7    9    8    5    2    0    0
    6   20    5    1    2    2    1    1    1      1078    8    9    8    0    0    0    0
    6   21    4    2    2    0    0    2    1       608    4    9    2    0    0    0    0
    6   22    3    2    4    0    0    2    1       913    3    6    9    2    5    0    0
    6   23    5    2    2    0    0    2    1       832    8    2    9    0    0    0    0
    6   24    5    2    2    0    0    2    1      1235   10    9    7    0    0    0    0
    6   25    5    1    4    1    4    1    1      2091    6    6    9    7    2    0    0
    7    1    2    1    4    3    2    1    1      1101    2    6    8    2   10    0    0
    7    2    5    1    4    4    1    1    1       954    8    9    7    2    8    0    0
    7    3    5    1    4    2    3    1    1      1341    6    2    6   10    5    0    0
    7    4    5    2    2    0    0    2    1       828    8    2    6    0    0    0    0
    7    5    5    2    6    0    0    2    1      3465    6    5    9   10    2    8    7
    7    6    5    1    4    2    3    1    1       984   10    2   10    9    7    0    0
    7    7    5    1    6    1    6    1    1      1295    8    8    5   10    7    9    2
    7    8    5    1    4    2    3    1    1      1093    7   10    7    9    2    0    0
    7    9    4    2    2    0    0    2    1       702    4   10    9    0    0    0    0
    7   10    5    2    2    0    0    2    1      2902   10    6    2    0    0    0    0
    7   11    4    2    4    0    0    2    1      1051    4    5    2   10    8    0    0
    7   12    5    2    4    0    0    2    1      1722    9    7    2    6    8    0    0
    7   13    5    2    6    0    0    2    1      1028   10    9    2    5    6    8    7
    7   14    2    1    2    2    1    1    1      1503    2    7    2    0    0    0    0
    7   15    2    1    4    2    3    1    1      3292    2    6    2    7    8    0    0
    7   16    5    1    2    2    1    1    1      1325    7    2    7    0    0    0    0
    7   17    5    1    2    1    2    1    1      1100    9    9    8    0    0    0    0
    7   18    2    1    6    5    2    1    1      1022    2    8    5    7   10    2    6
    7   19    5    1    2    1    2    1    1       826    6    6    8    0    0    0    0
    7   20    4    2    6    0    0    2    1       919    4    8   10    5    7    1    6
    7   21    3    2    6    0    0    2    1       833    3   10    9    7    6    8    2
    7   22    5    1    6    6    1    1    1      1054    9    8    2   10    6    7    9
    7   23    5    1    4    2    3    1    1      1181    8    1    8    6    7    0    0
    7   24    3    2    6    0    0    2    1       844    3    5    2    7    6   10    9
    7   25    3    2    2    0    0    2    1       798    3    2    6    0    0    0    0    1
