    1    1    4    2    2    0    0    2    1     62558    4    2    6    0    0    0    0
    1    2    3    2    4    0    0    2    1      3103    3    6    7    2   10    0    0
    1    3    3    2    2    0    0    1    0      4679    3    5    7    0    0    0    0
    1    4    3    2    4    0    0    1    0      1972    3    7    9    8    5    0    0
    1    5    5    1    2    1    2    1    1      3305    6    6    9    0    0    0    0
    1    6    3    2    2    0    0    2    1      1737    3    9    6    0    0    0    0
    1    7    4    2    2    0    0    1    0      1239    4    8    7    0    0    0    0
    1    8    3    2    2    0    0    2    1      3482    3    7    6    0    0    0    0
    1    9    5    1    6    5    2    1    1      1613    7    8    9    2    5    7    6
    1   10    5    1    4    1    4    1    1      1493    7    7    8    2   10    0    0
    1   11    5    2    2    0    0    1    0      1261    6    2   10    0    0    0    0
    1   12    5    2    4    0    0    1    0      1093    6   10    8    2    5    0    0
    1   13    2    1    2    1    2    1    1      2525    2    2    7    0    0    0    0
    1   14    3    2    4    0    0    1    0      3377    3    9    2   10    8    0    0
    1   15    2    1    4    4    1    1    1      4259    2    9   10    8    2    0    0
    1   16    3    2    6    0    0    2    1      1768    3    9    8    6    2    7    5
    1   17    5    1    2    2    1    1    1      1269    7    2    7    0    0    0    0
    1   18    5    1    6    5    2    1    1      1105    8    7    6    5    9    8    2
    1   19    5    1    4    2    3    1    1      1422    7    8    7    2    5    0    0
    1   20    1    1    4    1    4    1    1       830    1    1    6   10    9    0    0
    1   21    4    2    6    0    0    2    1      1355    4    8    9    7   10    5    2
    1   22    3    2    6    0    0    2    1      1283    3    5   10    2    6    7    8
    1   23    1    1    2    2    1    1    1      3395    1    6    1    0    0    0    0
    1   24    1    1    6    3    4    2    0      4009    1    6    9    1    8   10    5
    1   25    3    2    2    0    0    1    0      1901    3    2    9    0    0    0    0
    2    1    4    2    2    0    0    1    0      1669    4    5    9    0    0    0    0
    2    2    5    1    6    6    1    1    1      3697    7    5    8    2    9   10    7
    2    3    5    1    6    1    6    1    1      3483    7    7    6    8    2    9    5
    2    4    5    1    2    2    1    1    1      2243    9    7    9    0    0    0    0
    2    5    5    1    6    5    2    1    1      2248    5    7   10    2    6    5    8
    2    6    4    2    6    0    0    2    1      2637    4    8    2    9    5   10    6
    2    7    5    1    2    1    2    1    1      1800    5    5    2    0    0    0    0
    2    8    4    2    6    0    0    2    1      1950    4    8    7    6    9    2    5
    2    9    5    1    2    1    2    1    1      1428    6    6    9    0    0    0    0
    2   10    5    1    2    2    1    1    1      1135    9    8    9    0    0    0    0
    2   11    5    1    4    4    1    1    1      1019    6    9    7    1    6    0    0
    2   12    5    1    2    2    1    1    1       886   10    5   10    0    0    0    0
    2   13    1    1    6    3    4    1    1      2241    1    7   10    1    9    8    5
    2   14    3    2    6    0    0    2    1      1222    3    7   10    2    5    6    8
    2   15    4    2    6    0    0    2    1      1708    4    2    5    7   10    9    8
    2   16    4    2    2    0    0    2    1      1155    4    6    8    0    0    0    0
    2   17    5    2    4    0    0    2    1      1438    6    2    9    8    5    0    0
    2   18    1    1    6    4    3    2    0      1203    1    7    5    6    1    9    8
    2   19    4    2    4    0    0    2    1      1052    4    6    2    7   10    0    0
    2   20    3    2    6    0    0    2    1      2561    3    8   10    7    9    2    6
    2   21    5    1    4    2    3    1    1      1252   10    5   10    8    7    0    0
    2   22    3    2    4    0    0    2    1      2203    3    2    6    9    5    0    0
    2   23    3    2    2    0    0    2    1      1942    3    7    2    0    0    0    0
    2   24    4    2    2    0    0    2    1      3196    4    8    5    0    0    0    0
    2   25    1    1    4    4    1    1    1      1285    1    6   10    7    1    0    0
    3    1    5    2    4    0    0    2    1      3027   10    8    2    6    7    0    0
    3    2    2    1    4    1    4    1    1      3188    2    2    5    8    9    0    0
    3    3    1    1    2    1    2    1    1      2040    1    1    9    0    0    0    0
    3    4    5    2    4    0    0    2    1      1120    6    8   10    5    2    0    0
    3    5    1    1    2    2    1    1    1      1063    1    6    1    0    0    0    0
    3    6    5    1    2    2    1    1    1       640    6    8    6    0    0    0    0
    3    7    3    2    6    0    0    2    1      1157    3    8    6    7    2   10    5
    3    8    5    1    6    6    1    1    1      1430   10    6    7    8    2    9   10
    3    9    4    2    2    0    0    2    1       928    4    2    9    0    0    0    0
    3   10    5    2    6    0    0    1    0      3802    6    8   10    5    2    7    9
    3   11    4    2    6    0    0    2    1      1665    4    9    5    2   10    7    6
    3   12    3    2    2    0    0    1    0      2018    3    7   10    0    0    0    0
    3   13    4    2    4    0    0    2    1      2875    4    2    6    7    9    0    0
    3   14    5    1    6    2    5    2    0      3318    7    2    7    8    5    6   10
    3   15    5    1    4    1    4    1    1      2250    8    8    7   10    2    0    0
    3   16    1    1    2    2    1    1    1      1044    1   10    1    0    0    0    0
    3   17    5    2    6    0    0    2    1      2681    8    7    6    5    2   10    9
    3   18    5    1    4    2    3    1    1      1575    7    5    7    2   10    0    0
    3   19    5    2    4    0    0    2    1      2385   10    8    9    6    2    0    0
    3   20    3    2    6    0    0    2    1      1712    3    9    8    6   10    2    7
    3   21    5    2    4    0    0    2    1      1478    8    5    2   10    7    0    0
    3   22    5    1    2    2    1    1    1      1423    5    9    5    0    0    0    0
    3   23    3    2    2    0    0    2    1      1210    3    2   10    0    0    0    0
    3   24    5    2    4    0    0    2    1      1523    6    8    7    5    2    0    0
    3   25    3    2    4    0    0    2    1      2176    3   10    7    2    6    0    0
    4    1    5    1    2    2    1    1    1      1161   10    6   10    0    0    0    0
    4    2    5    1    4    4    1    1    1       884    6    5    7    2    6    0    0
    4    3    5    1    6    4    3    1    1      1279    8    9    2    5    8    7    6
    4    4    3    2    6    0    0    2    1      1962    3    8    2    5    9    7    6
    4    5    5    2    4    0    0    2    1      1589    7   10    5    6    1    0    0
    4    6    5    2    6    0    0    2    1      4724    9    2    8    6    7   10    5
    4    7    5    1    6    4    3    1    1      1398   10    8    5    6   10    2    9
    4    8    2    1    6    6    1    1    1      1069    2    6    9   10    7    8    2
    4    9    5    1    2    1    2    1    1       870    6    6    5    0    0    0    0
    4   10    1    1    2    2    1    1    1       759    1    6    1    0    0    0    0
    4   11    2    1    4    4    1    1    1       610    2    8    7    9    2    0    0
    4   12    2    1    6    3    4    1    1      1353    2    7    8    2    6    5   10
    4   13    5    1    4    1    4    1    1      1484    5    5    1    6    8    0    0
    4   14    3    2    6    0    0    2    1      1039    3    2    8    5    9   10    7
    4   15    3    2    4    0    0    2    1      1070    3   10    8    7    6    0    0
    4   16    5    1    4    2    3    1    1      2621    7    2    7   10    5    0    0
    4   17    5    2    4    0    0    2    1      1405    7    9   10    5    2    0    0
    4   18    5    1    6    4    3    1    1      1395    9    2    5    8    9   10    6
    4   19    5    1    6    4    3    1    1      1129    9    5    8   10    9    7    1
    4   20    5    1    6    2    5    1    1      1306    8    7    8    2   10    6    5
    4   21    1    1    2    2    1    1    1       602    1    7    1    0    0    0    0
    4   22    5    2    4    0    0    2    1      1435   10    7    5    2    6    0    0
    4   23    5    2    6    0    0    2    1      1088    8    2    5    6    7   10    9
    4   24    5    2    2    0    0    2    1       936    6    7    2    0    0    0    0
    4   25    3    2    2    0    0    2    1       887    3    7    8    0    0    0    0
    5    1    5    2    2    0    0    2    1      1458   10    9    8    0    0    0    0
    5    2    1    1    4    4    1    1    1      1137    1    9   10    5    1    0    0
    5    3    1    1    6    5    2    1    1       706    1   10    9    6    7    1    8
    5    4    5    1    6    4    3    2    0      3061    7   10    5    9    7    6    2
    5    5    3    2    6    0    0    2    1      1561    3    9    6    8    5    7    2
    5    6    5    2    4    0    0    2    1       964   10    8    7    2    5    0    0
    5    7    5    2    4    0    0    2    1       711    6    2    7    5    9    0    0
    5    8    3    2    2    0    0    2    1       671    3   10    2    0    0    0    0
    5    9    5    1    6    6    1    2    0       834    5    2    8    9    7    6    5
    5   10    4    2    2    0    0    2    1      1093    4    2    7    0    0    0    0
    5   11    5    2    2    0    0    2    1       958    9    2    8    0    0    0    0
    5   12    5    1    6    1    6    2    0      1974    6    6    5    9   10    7    2
    5   13    1    1    2    2    1    1    1       747    1    7    1    0    0    0    0
    5   14    5    2    4    0    0    2    1      2247    9    7   10    5    1    0    0
    5   15    5    1    4    1    4    1    1      1654    5    5    9    8    2    0    0
    5   16    2    1    2    1    2    1    1      1480    2    2    9    0    0    0    0
    5   17    3    2    6    0    0    1    0      1371    3    6    5   10    2    9    8
    5   18    5    2    4    0    0    2    1      2365    6    2    7   10    5    0    0
    5   19    2    1    2    1    2    1    1      1555    2    2    9    0    0    0    0
    5   20    5    1    6    1    6    2    0      6035    8    8    9    2    5    6   10
    5   21    5    1    6    2    5    1    1      1872    9    7    9    2    6    8   10
    5   22    5    1    4    2    3    1    1      1374    5    2    5    6    9    0    0
    5   23    1    1    6    5    2    1    1      1078    1    7   10    9    8    1    6
    5   24    4    2    6    0    0    2    1      1177    4    2    5    9    6   10    8
    5   25    2    1    2    1    2    1    1      1055    2    2    7    0    0    0    0
    6    1    5    2    2    0    0    2    1       970    6    2    8    0    0    0    0
    6    2    3    2    2    0    0    2    1       776    3    8    7    0    0    0    0
    6    3    2    1    6    2    5    1    1      2439    2    6    2    7   10    8    5
    6    4    5    1    6    1    6    1    1      1253    5    5    6    8    2    9   10
    6    5    2    1    6    2    5    1    1      1313    2    6    2    7    9   10    5
    6    6    4    2    6    0    0    2    1      1274    4    5    2    8    9    7    6
    6    7    5    1    4    2    3    1    1      1025    6    2    6    7    8    0    0
    6    8    5    1    6    5    2    1    1      1286    8    9    7    5    6    8    2
    6    9    4    2    4    0    0    2    1      1036    4    7    8    6    2    0    0
    6   10    4    2    4    0    0    2    1      3084    4    6    2    9   10    0    0
    6   11    4    2    6    0    0    2    1      1104    4    7    5    8    2    6    9
    6   12    5    1    2    1    2    1    1       983    6    6    8    0    0    0    0
    6   13    4    2    2    0    0    2    1      1604    4    5    2    0    0    0    0
    6   14    2    1    6    3    4    1    1      1282    2   10    8    2    6    7    5
    6   15    5    2    4    0    0    2    1      1014   10    8    6    2    9    0    0
    6   16    5    1    4    3    2    1    1      1017    9    7    6    9    2    0    0
    6   17    5    2    6    0    0    2    1      1231    8    5    7   10    9    2    6
    6   18    5    2    6    0    0    2    1      1259    9   10    2    8    5    6    7
    6   19    5    2    6    0    0    2    1      2232   10    6    5    8    7    9    2
    6   20    5    2    4    0    0    2    1      1192    8    2    9   10    7    0    0
    6   21    4    2    2    0    0    2    1      1036    4    9    2    0    0    0    0
    6   22    5    2    2    0    0    2    1      1463    8    5    7    0    0    0    0
    6   23    4    2    2    0    0    2    1      1264    4    6    5    0    0    0    0
    6   24    3    2    4    0    0    2    1       951    3   10    5    2    8    0    0
    6   25    5    1    4    3    2    1    1      2554    7    9    6    7    2    0    0
    7    1    1    1    6    3    4    1    1      1198    1   10    9    1    7    8    6
    7    2    5    1    4    1    4    1    1      2167    9    9   10    5    2    0    0
    7    3    5    2    4    0    0    2    1      1369    8    2   10    5    7    0    0
    7    4    5    1    4    1    4    1    1      1851   10   10    9    2    8    0    0
    7    5    4    2    4    0    0    2    1      2491    4    9    8    2    7    0    0
    7    6    5    1    4    2    3    1    1      1584    9   10    9    2    6    0    0
    7    7    5    1    4    1    4    1    1      1834    5    5    8   10    6    0    0
    7    8    5    2    6    0    0    1    0       912    5    8   10    7    6    9    2
    7    9    3    2    6    0    0    2    1      1465    3    8    2   10    6    7    9
    7   10    5    2    2    0    0    2    1      2131    5   10    2    0    0    0    0
    7   11    5    2    6    0    0    2    1      1740    5    2    9    8    7    6   10
    7   12    1    1    6    3    4    1    1      1253    1   10    9    1    7    5    8
    7   13    5    1    2    1    2    1    1       743   10   10    7    0    0    0    0
    7   14    5    1    4    4    1    1    1       850    8    9   10    2    8    0    0
    7   15    1    1    2    2    1    1    1       452    1    9    1    0    0    0    0
    7   16    3    2    4    0    0    2    1      1163    3    8    7    5    2    0    0
    7   17    2    1    2    2    1    1    1       880    2    8    2    0    0    0    0
    7   18    5    1    2    1    2    1    1      1505    9    9    6    0    0    0    0
    7   19    5    1    4    2    3    1    1      1870    6    9    6    8    2    0    0
    7   20    5    1    6    5    2    1    1      1201    6    2    7    9   10    6    5
    7   21    5    2    2    0    0    2    1       773    7    9    6    0    0    0    0
    7   22    3    2    6    0    0    2    1       949    3    5    2    6   10    7    8
    7   23    2    1    2    2    1    1    1       979    2    6    2    0    0    0    0
    7   24    4    2    4    0    0    2    1      1029    4    7    5   10    9    0    0
    7   25    3    2    4    0    0    2    1       758    3    7    5    2    8    0    0    3
