    1    1    3    2    2    0    0    2    1      8134    3    2    9    0    0    0    0
    1    2    5    2    4    0    0    2    1       532    5    8    2   10    6    0    0
    1    3    1    1    2    1    2    1    1      1001    1    1    9    0    0    0    0
    1    4    5    2    2    0    0    2    1       668    8    2   10    0    0    0    0
    1    5    3    2    2    0    0    2    1       836    3    7    5    0    0    0    0
    1    6    3    2    4    0    0    2    1      1964    3    8    7    2    9    0    0
    1    7    5    1    6    1    6    1    1      1547    9    9    8    6    5   10    2
    1    8    5    1    6    1    6    1    1      1619    7    7    5    8    6    9    2
    1    9    5    1    4    2    3    1    1      1690    6    2    6    5    9    0    0
    1   10    5    1    4    3    2    1    1       951    7    6   10    7    2    0    0
    1   11    5    2    4    0    0    2    1      1145    6    7    9    5    2    0    0
    1   12    5    1    4    4    1    1    1      1276    5    8    2   10    5    0    0
    1   13    5    1    6    2    5    1    1      2728    8    7    8   10    2    5    6
    1   14    4    2    4    0    0    2    1      1355    4    8    2    5    7    0    0
    1   15    2    1    6    3    4    1    1      1339    2    9    7    2    6   10    8
    1   16    5    1    2    1    2    1    1      1297    6    6    9    0    0    0    0
    1   17    1    1    2    1    2    1    1       777    1    1    9    0    0    0    0
    1   18    5    1    2    1    2    2    0       374    5    5    7    0    0    0    0
    1   19    5    1    6    1    6    1    1       965    8    8    6   10    9    2    5
    1   20    5    2    2    0    0    2    1      1081    5    7    2    0    0    0    0
    1   21    3    2    6    0    0    2    1      1308    3    8    5    7    9   10    2
    1   22    1    1    2    2    1    1    1      1268    1   10    1    0    0    0    0
    1   23    3    2    2    0    0    2    1      1685    3    9    5    0    0    0    0
    1   24    5    1    2    2    1    1    1      1285    5    9    5    0    0    0    0
    1   25    4    2    2    0    0    2    1       542    4   10    6    0    0    0    0
    2    1    4    2    2    0    0    2    1      1136    4    5    2    0    0    0    0
    2    2    5    2    4    0    0    1    0      1483    6    2    5   10    9    0    0
    2    3    5    1    4    4    1    1    1       976    5    2    7    9    5    0    0
    2    4    1    1    2    1    2    1    1       869    1    1    6    0    0    0    0
    2    5    5    1    4    4    1    1    1       859   10    1    5    7   10    0    0
    2    6    5    1    2    2    1    1    1       549    7    6    7    0    0    0    0
    2    7    5    1    4    2    3    2    0      1095   10    7   10    2    8    0    0
    2    8    3    2    6    0    0    2    1      1113    3    9    2    6    7    5   10
    2    9    5    2    6    0    0    1    0      2787    9    5    8    6    7    2   10
    2   10    5    1    4    3    2    1    1      1099   10    6    9   10    5    0    0
    2   11    5    2    2    0    0    1    0       659    8    6    9    0    0    0    0
    2   12    5    1    6    5    2    1    1      1126    8   10    2    7    6    8    5
    2   13    5    1    6    3    4    1    1      1631   10    6    5   10    2    7    8
    2   14    5    1    4    4    1    1    1      1047    7    8    2    5    7    0    0
    2   15    5    2    4    0    0    2    1      1031    9    7    2    5   10    0    0
    2   16    2    1    4    2    3    1    1      1191    2    6    2   10    9    0    0
    2   17    4    2    6    0    0    2    1      1013    4    7    8   10    2    5    9
    2   18    5    1    6    3    4    1    1      1465    7    2    6    7    9    8   10
    2   19    5    1    4    1    4    1    1      1152    7    7   10    6    2    0    0
    2   20    5    1    4    3    2    1    1      1051    8    7    6    8    9    0    0
    2   21    3    2    4    0    0    2    1       834    3    2    6    7   10    0    0
    2   22    3    2    2    0    0    2    1       677    3    1    5    0    0    0    0
    2   23    5    2    2    0    0    2    1      1797    8   10    7    0    0    0    0
    2   24    5    1    2    2    1    1    1      1066    5    7    5    0    0    0    0
    2   25    4    2    4    0    0    2    1       864    4    7    6    9    2    0    0
    3    1    5    1    4    4    1    1    1      1185    6    8    7    2    6    0    0
    3    2    5    1    4    1    4    1    1      1194   10   10    2    7    6    0    0
    3    3    1    1    6    1    6    1    1       832    1    1    5   10    8    9    7
    3    4    2    1    4    2    3    1    1      1006    2    5    2   10    8    0    0
    3    5    4    2    4    0    0    2    1       687    4    2    7    6    8    0    0
    3    6    1    1    2    2    1    1    1       991    1   10    1    0    0    0    0
    3    7    5    2    2    0    0    2    1      1219    8    5   10    0    0    0    0
    3    8    4    2    2    0    0    2    1      1134    4   10    5    0    0    0    0
    3    9    4    2    2    0    0    2    1       717    4    2   10    0    0    0    0
    3   10    3    2    2    0    0    2    1       652    3   10    7    0    0    0    0
    3   11    5    2    2    0    0    2    1       902    9    8    5    0    0    0    0
    3   12    5    2    2    0    0    2    1       692    6    9    2    0    0    0    0
    3   13    5    2    6    0    0    1    0      1398    5    9    8    2   10    6    7
    3   14    5    2    4    0    0    2    1      2190    6    7   10    8    2    0    0
    3   15    5    1    6    3    4    1    1      1307   10    7    9   10    2    8    6
    3   16    1    1    2    2    1    1    1       924    1    8    1    0    0    0    0
    3   17    5    1    4    4    1    1    1       759   10    2    6    9   10    0    0
    3   18    5    2    2    0    0    2    1      1004    5    2    9    0    0    0    0
    3   19    5    1    2    2    1    1    1       720    6    8    6    0    0    0    0
    3   20    3    2    6    0    0    2    1       841    3    5    7    8    9    6    2
    3   21    5    2    2    0    0    2    1       996   10    2    8    0    0    0    0
    3   22    3    2    2    0    0    2    1       728    3    8    7    0    0    0    0
    3   23    5    1    4    3    2    1    1      1164    8    5    2    8    9    0    0
    3   24    3    2    4    0    0    2    1       614    3    6    2    7   10    0    0
    3   25    4    2    2    0    0    2    1       658    4    7    2    0    0    0    0
    4    1    5    2    6    0    0    2    1      1494    5    8   10    7    6    9    2
    4    2    1    1    6    5    2    1    1       953    1    9    7    6   10    1    5
    4    3    5    1    4    2    3    1    1      1083    8    5    8    6    2    0    0
    4    4    5    2    6    0    0    2    1      1278    9    7    6    8   10    5    2
    4    5    5    2    2    0    0    2    1      3879    9    1   10    0    0    0    0
    4    6    5    1    4    1    4    1    1      1373    7    7   10    6    2    0    0
    4    7    5    1    4    4    1    1    1       870   10    6    8    2   10    0    0
    4    8    5    2    4    0    0    2    1      2188   10    2    5    8    6    0    0
    4    9    5    2    2    0    0    2    1       936    7    2    9    0    0    0    0
    4   10    5    1    6    2    5    1    1      1207    8    5    8    7    9    6    2
    4   11    1    1    2    1    2    1    1       595    1    1    8    0    0    0    0
    4   12    5    2    2    0    0    2    1      1127   10    8    7    0    0    0    0
    4   13    1    1    6    2    5    2    0      1352    1    8    1    7    6    5   10
    4   14    5    1    4    4    1    1    1       881    8    5    2    9    8    0    0
    4   15    3    2    4    0    0    2    1       679    3    2    5   10    8    0    0
    4   16    5    2    2    0    0    2    1      1016    7    2    9    0    0    0    0
    4   17    5    1    4    2    3    1    1      1287    9    2    9    6    7    0    0
    4   18    5    1    6    1    6    1    1       745    8    8    7    6    2    5    9
    4   19    5    2    4    0    0    2    1      1076    8    7    5    2    9    0    0
    4   20    5    1    6    2    5    1    1      1014    5    8    5   10    2    9    7
    4   21    4    2    2    0    0    2    1       593    4    5   10    0    0    0    0
    4   22    5    2    2    0    0    2    1       838    9    6    2    0    0    0    0
    4   23    3    2    6    0    0    2    1       617    3    5    9   10    8    6    2
    4   24    5    2    6    0    0    2    1      1357    5    6    8    9    7   10    2
    4   25    1    1    2    2    1    1    1       667    1    7    1    0    0    0    0
    5    1    5    1    4    3    2    1    1       856    9    2   10    9    8    0    0
    5    2    5    2    6    0    0    1    0      1251   10    8    5    2    7    9    6
    5    3    1    1    4    2    3    1    1      1138    1   10    1    6    7    0    0
    5    4    3    2    2    0    0    2    1       560    3   10    2    0    0    0    0
    5    5    3    2    4    0    0    2    1       618    3    5    7    6    2    0    0
    5    6    5    1    2    1    2    1    1       813    7    7    9    0    0    0    0
    5    7    5    2    6    0    0    2    1      1361    7    6    9    5    8   10    2
    5    8    1    1    4    2    3    1    1      1028    1    6    1    5    7    0    0
    5    9    2    1    4    4    1    1    1       628    2    7    5   10    2    0    0
    5   10    3    2    4    0    0    2    1       580    3    6    5    7    2    0    0
    5   11    5    1    6    5    2    1    1      1290    8    5    7   10    2    8    9
    5   12    5    1    4    1    4    1    1       943    9    9    5    2   10    0    0
    5   13    1    1    2    2    1    1    1       741    1    5    1    0    0    0    0
    5   14    5    1    6    5    2    1    1       908   10    8    5    6    7   10    2
    5   15    4    2    4    0    0    2    1       609    4    2   10    8    7    0    0
    5   16    5    2    6    0    0    1    0      1207   10    2    9    6    7    8    5
    5   17    5    1    4    3    2    1    1      1087    6    8    2    6   10    0    0
    5   18    5    1    6    4    3    1    1       736    6    8    9    5    6   10    2
    5   19    4    2    6    0    0    2    1       567    4    2    7    9    5    6    8
    5   20    5    2    6    0    0    2    1      1741    9    7    6    8    5   10    2
    5   21    5    1    2    2    1    1    1       772    5    2    5    0    0    0    0
    5   22    3    2    4    0    0    2    1       660    3    5   10    9    2    0    0
    5   23    3    2    4    0    0    2    1       538    3   10    5    2    9    0    0
    5   24    5    1    6    1    6    1    1       962    5    5    7    9    2    8    6
    5   25    5    2    6    0    0    2    1      1119    6    5    2    7    8   10    9
    6    1    5    1    6    5    2    1    1      1171   10    9    5    8    6   10    2
    6    2    4    2    4    0    0    2    1       540    4    9    2   10    7    0    0
    6    3    3    2    6    0    0    2    1       628    3    6    5    2    8    9   10
    6    4    3    2    6    0    0    2    1       641    3    6   10    7    2    5    8
    6    5    5    1    6    1    6    1    1       701    5    5    2   10    9    6    7
    6    6    5    1    6    1    6    1    1      1213    9    9    7    2    6    8   10
    6    7    5    1    2    2    1    1    1       656   10    8   10    0    0    0    0
    6    8    3    2    6    0    0    2    1       611    3    9   10    5    6    2    7
    6    9    5    1    6    3    4    2    0      1145   10    2    8   10    9    7    6
    6   10    5    1    6    6    1    1    1       816    8    5    9   10    2    6    8
    6   11    3    2    4    0    0    2    1       663    3    7    5   10    2    0    0
    6   12    5    1    4    3    2    1    1       791    6    2    8    6    5    0    0
    6   13    5    2    2    0    0    2    1       828    9    8    5    0    0    0    0
    6   14    1    1    2    2    1    1    1       607    1    7    1    0    0    0    0
    6   15    5    2    6    0    0    1    0      1204    6   10    2    5    7    8    9
    6   16    2    1    4    3    2    1    1       733    2    8    7    2    5    0    0
    6   17    5    2    2    0    0    2    1       571   10    7    5    0    0    0    0
    6   18    5    1    2    2    1    1    1       616    7    9    7    0    0    0    0
    6   19    2    1    2    1    2    1    1       571    2    2   10    0    0    0    0
    6   20    5    1    4    3    2    1    1       509    7    8    2    7    6    0    0
    6   21    2    1    2    2    1    1    1       436    2   10    2    0    0    0    0
    6   22    5    1    2    2    1    1    1       519    7    2    7    0    0    0    0
    6   23    5    1    2    1    2    1    1       510    5    5    8    0    0    0    0
    6   24    5    1    2    1    2    1    1       622    8    8    7    0    0    0    0
    6   25    1    1    2    1    2    1    1       569    1    1    8    0    0    0    0
    7    1    5    1    6    1    6    1    1       731   10   10    9    8    2    7    5
    7    2    5    2    6    0    0    2    1      1172    6    2    7    8    5   10    9
    7    3    2    1    4    4    1    1    1       718    2    5    8    6    2    0    0
    7    4    5    1    4    1    4    1    1       786    9    9    7    5    2    0    0
    7    5    5    1    2    2    1    1    1       487    5    8    5    0    0    0    0
    7    6    5    1    2    1    2    1    1       942   10   10    2    0    0    0    0
    7    7    5    2    4    0    0    2    1       938    9    8    2   10    5    0    0
    7    8    4    2    4    0    0    2    1       653    4   10    2    7    6    0    0
    7    9    5    2    4    0    0    2    1       899    9    2    8    6    5    0    0
    7   10    4    2    2    0    0    2    1       547    4    5    6    0    0    0    0
    7   11    5    1    6    4    3    1    1      1298   10    6    9    5   10    2    8
    7   12    5    2    6    0    0    1    0      1475    6    2   10    7    8    9    5
    7   13    5    1    4    4    1    1    1       585    8    2    9    6    8    0    0
    7   14    5    1    6    4    3    1    1      1006    8   10    6    7    8    9    2
    7   15    5    1    2    2    1    1    1       490    8    6    8    0    0    0    0
    7   16    3    2    6    0    0    2    1       620    3   10    5    6    7    2    8
    7   17    5    1    4    4    1    1    1       597   10    6    2    5   10    0    0
    7   18    5    1    4    1    4    1    1       868    9    9    2    8    5    0    0
    7   19    4    2    6    0    0    2    1       558    4    2   10    9    7    8    5
    7   20    1    1    6    6    1    1    1       741    1   10    7    8    9    6    1
    7   21    5    1    6    3    4    1    1       693    9   10    7    9    5    2    6
    7   22    5    2    4    0    0    2    1      1083    9    5    2    7    6    0    0
    7   23    2    1    6    4    3    1    1       628    2    8   10    7    2    9    5
    7   24    2    1    2    1    2    1    1       432    2    2    8    0    0    0    0
    7   25    4    2    6    0    0    2    1       691    4    7    5   10    9    8    1    3
