    1    1    5    2    4    0    0    2    1      2072   10    2    9    8    7    0    0
    1    2    3    2    4    0    0    2    1      1435    3    2    6    8    5    0    0
    1    3    4    2    2    0    0    2    1      1133    4    6    5    0    0    0    0
    1    4    5    1    4    2    3    1    1      1552   10    6   10    8    2    0    0
    1    5    5    1    4    3    2    1    1      1170    6   10    2    6    7    0    0
    1    6    5    2    6    0    0    1    0      1216    6    7    5    2    9   10    8
    1    7    3    2    6    0    0    2    1      1396    3    7    5    2    6   10    8
    1    8    5    2    4    0    0    2    1      1397    9   10    5    7    8    0    0
    1    9    5    1    2    1    2    1    1      1560    8    8    1    0    0    0    0
    1   10    4    2    6    0    0    2    1      1334    4    2    6    8   10    7    5
    1   11    1    1    4    3    2    1    1      1945    1    8   10    1    9    0    0
    1   12    4    2    4    0    0    2    1      1484    4    7    2    8    6    0    0
    1   13    5    1    4    2    3    1    1      1536    8    2    8    5   10    0    0
    1   14    5    1    2    1    2    1    1       782    5    5    2    0    0    0    0
    1   15    1    1    4    4    1    1    1       487    1    6    8   10    1    0    0
    1   16    1    1    6    3    4    1    1      2673    1    9   10    1    7    8    6
    1   17    5    1    4    2    3    2    0      1319    8    7    8    2    9    0    0
    1   18    2    1    6    1    6    2    0      2263    2    2   10    5    6    9    7
    1   19    3    2    4    0    0    2    1      1206    3    8    2    9    7    0    0
    1   20    5    2    6    0    0    2    1      1572    6   10    8    7    9    2    5
    1   21    5    2    4    0    0    2    1      1294    5    6    9   10    2    0    0
    1   22    3    2    4    0    0    2    1      1018    3    5    6    2   10    0    0
    1   23    5    1    6    6    1    1    1      1159    8   10    9    6    2    5    8
    1   24    5    1    6    3    4    1    1      1910    8   10    5    8    6    9    2
    1   25    5    2    2    0    0    2    1      1310   10    6    9    0    0    0    0
    2    1    3    2    6    0    0    2    1       911    3    7    8    9    6    2    5
    2    2    1    1    4    1    4    1    1      1124    1    1    5    8    7    0    0
    2    3    1    1    4    2    3    1    1      1600    1    7    1   10    5    0    0
    2    4    5    2    4    0    0    2    1      1167    8    2    5    6    7    0    0
    2    5    5    1    4    1    4    1    1      1219   10   10    9    2    6    0    0
    2    6    5    1    6    5    2    1    1       887    5   10    7    9    2    5    6
    2    7    5    2    2    0    0    2    1       928    8    5    2    0    0    0    0
    2    8    5    2    4    0    0    2    1       994    5    2    9    8    6    0    0
    2    9    3    2    2    0    0    2    1       958    3    2    6    0    0    0    0
    2   10    5    2    2    0    0    2    1      1044    9    7   10    0    0    0    0
    2   11    5    1    4    4    1    1    1       611    9    2    8   10    9    0    0
    2   12    4    2    6    0    0    2    1       809    4   10    8    6    7    5    2
    2   13    5    2    2    0    0    2    1      1444    8   10    2    0    0    0    0
    2   14    5    1    6    5    2    2    0      1744    8    9   10    6    7    8    2
    2   15    5    1    4    2    3    2    0      1315    6    2    6    5    7    0    0
    2   16    5    1    4    3    2    1    1      1101    5    2    8    5    6    0    0
    2   17    3    2    2    0    0    2    1       966    3    9    2    0    0    0    0
    2   18    4    2    6    0    0    2    1       956    4    9    7    8    5    6    2
    2   19    5    1    2    1    2    2    0      2722    7    7    8    0    0    0    0
    2   20    2    1    6    5    2    1    1      1227    2    5    9   10    7    2    6
    2   21    5    2    4    0    0    2    1       898    5    7    6    2    8    0    0
    2   22    5    1    2    1    2    1    1      1226   10   10    6    0    0    0    0
    2   23    1    1    2    2    1    1    1       837    1    7    1    0    0    0    0
    2   24    5    2    4    0    0    2    1       980    5    9    7    2    6    0    0
    2   25    4    2    6    0    0    2    1       874    4    7    8   10    6    9    2
    3    1    1    1    4    3    2    1    1       766    1   10    9    1    6    0    0
    3    2    5    1    6    3    4    1    1      1422    5    9    2    5    7   10    6
    3    3    5    1    2    2    1    1    1       640    7    2    7    0    0    0    0
    3    4    5    2    4    0    0    2    1       936    9    5   10    2    7    0    0
    3    5    5    1    6    1    6    1    1      1143   10   10    8    5    2    7    6
    3    6    2    1    6    5    2    1    1       798    2    9   10    8    5    2    6
    3    7    2    1    2    1    2    1    1       546    2    2    6    0    0    0    0
    3    8    5    2    2    0    0    2    1      1617    6    5   10    0    0    0    0
    3    9    3    2    2    0    0    2    1       884    3    6    1    0    0    0    0
    3   10    5    1    4    4    1    1    1       874    5    2    6    8    5    0    0
    3   11    5    1    6    2    5    1    1       950    7   10    7    6    5    2    9
    3   12    5    1    4    3    2    1    1       769    5   10    2    5    6    0    0
    3   13    4    2    2    0    0    2    1       550    4    5    2    0    0    0    0
    3   14    5    1    4    2    3    1    1       850    7    5    7    9    2    0    0
    3   15    3    2    6    0    0    2    1      1013    3    5    8    9    7    2   10
    3   16    5    1    4    4    1    1    1       957    5    2    8   10    5    0    0
    3   17    5    1    4    4    1    1    1       776    5    2   10    6    5    0    0
    3   18    3    2    4    0    0    2    1       761    3    2    8    9    7    0    0
    3   19    1    1    6    3    4    1    1       897    1   10    8    1    6    9    5
    3   20    5    1    6    2    5    1    1      1306    5    9    5    6    2    8   10
    3   21    5    1    6    3    4    1    1       859    5   10    8    5    9    6    2
    3   22    5    2    6    0    0    2    1      1854    6   10    5    7    9    8    2
    3   23    5    2    2    0    0    2    1       911    9   10    8    0    0    0    0
    3   24    5    1    6    5    2    1    1       880    9    6    5   10    8    9    2
    3   25    5    1    2    1    2    1    1       690    7    7    2    0    0    0    0
    4    1    2    1    4    1    4    1    1       811    2    2    9    5    7    0    0
    4    2    5    2    6    0    0    2    1      1367    9   10    2    7    8    6    5
    4    3    2    1    2    2    1    1    1       548    2    9    2    0    0    0    0
    4    4    5    1    6    4    3    1    1       819    8    2    9    7    8   10    6
    4    5    5    1    4    3    2    1    1       619    9    7   10    9    2    0    0
    4    6    5    1    6    5    2    1    1       624    5   10    2    9    8    5    6
    4    7    3    2    6    0    0    2    1       580    3    8    9    7    5    2    6
    4    8    3    2    4    0    0    2    1      1437    3    2    8   10    6    0    0
    4    9    3    2    4    0    0    2    1       731    3    2    7    8   10    0    0
    4   10    4    2    2    0    0    2    1       786    4    9   10    0    0    0    0
    4   11    5    1    4    3    2    1    1      1052    7    8    2    7    5    0    0
    4   12    3    2    6    0    0    2    1       622    3    9    6   10    2    8    7
    4   13    5    2    6    0    0    2    1      1012    6    9    7    2    5    8   10
    4   14    1    1    2    2    1    1    1       608    1    6    1    0    0    0    0
    4   15    5    1    2    2    1    1    1       450    5    8    5    0    0    0    0
    4   16    5    1    6    5    2    1    1       668    5    7    9    2    6    5   10
    4   17    5    2    2    0    0    2    1      1237   10    6    8    0    0    0    0
    4   18    5    2    4    0    0    2    1       940    7    8    2    5    9    0    0
    4   19    1    1    4    1    4    1    1      1806    1    1    6    8   10    0    0
    4   20    5    2    6    0    0    2    1      2187   10    5    6    8    2    9    7
    4   21    2    1    6    5    2    1    1       833    2   10    8    6    7    2    9
    4   22    3    2    2    0    0    2    1       555    3    2    8    0    0    0    0
    4   23    5    1    6    5    2    1    1      2913    5    9   10    2    8    5    7
    4   24    1    1    4    3    2    1    1       566    1   10    9    1    7    0    0
    4   25    5    2    6    0    0    2    1       965    8    9    2    6    7   10    5
    5    1    3    2    6    0    0    2    1       683    3    9    7   10    6    2    5
    5    2    5    2    6    0    0    2    1       997    6    9    7   10    2    5    8
    5    3    5    2    4    0    0    2    1      1150    7    5    2    6   10    0    0
    5    4    5    1    6    4    3    1    1      1611   10    8    9    2   10    7    5
    5    5    5    2    4    0    0    2    1      1515    9    7    2    8    5    0    0
    5    6    5    2    6    0    0    2    1      1323    5    2    6    9    7   10    8
    5    7    5    2    2    0    0    2    1       673    9    8    7    0    0    0    0
    5    8    5    1    6    3    4    1    1       995    9    7    5    9   10    2    6
    5    9    3    2    2    0    0    2    1       560    3    7   10    0    0    0    0
    5   10    5    1    2    2    1    1    1       798   10    2   10    0    0    0    0
    5   11    5    1    2    2    1    1    1       586    8    2    8    0    0    0    0
    5   12    4    2    4    0    0    2    1       571    4    8    2   10    9    0    0
    5   13    5    2    4    0    0    2    1      1148   10    2    6    7    5    0    0
    5   14    5    1    6    6    1    1    1       627   10    6    7    5    9    2   10
    5   15    5    2    4    0    0    2    1       802    6    8    9    2   10    0    0
    5   16    2    1    6    3    4    1    1      1152    2    6    9    2    8    5    7
    5   17    5    1    2    1    2    1    1       645    6    6    7    0    0    0    0
    5   18    1    1    4    1    4    2    0      2709    1    1    7    5    8    0    0
    5   19    4    2    6    0    0    2    1       638    4    2    9   10    8    5    7
    5   20    3    2    2    0    0    2    1       568    3    8    7    0    0    0    0
    5   21    5    2    6    0    0    2    1      1071   10    2    5    8    7    9    6
    5   22    5    1    4    2    3    1    1      2148    7    2    7   10    5    0    0
    5   23    3    2    2    0    0    2    1       490    3   10    9    0    0    0    0
    5   24    5    2    4    0    0    2    1      1798    5    7    6    2   10    0    0
    5   25    5    1    6    2    5    2    0      1572    7    8    7    9    2    6    5
    6    1    5    1    6    1    6    1    1       925   10   10    5    9    8    7    2
    6    2    3    2    4    0    0    2    1       520    3    6    8    5   10    0    0
    6    3    5    2    4    0    0    2    1       924    9    5    6    2    7    0    0
    6    4    5    1    4    2    3    2    0      1264   10    2   10    7    9    0    0
    6    5    5    2    4    0    0    2    1      1254    6    7    8   10    2    0    0
    6    6    4    2    4    0    0    2    1       548    4    9    2    7    5    0    0
    6    7    5    1    4    3    2    1    1       750   10    9    1   10    6    0    0
    6    8    5    2    4    0    0    1    0      1927    9    5    2    6    8    0    0
    6    9    5    1    6    4    3    1    1      1056    8    9    7    5    8    6    2
    6   10    5    2    2    0    0    1    0      1042    8    6    9    0    0    0    0
    6   11    5    1    4    2    3    1    1      1216   10    7   10    8    1    0    0
    6   12    5    1    2    2    1    1    1       491   10    6   10    0    0    0    0
    6   13    5    2    2    0    0    2    1       851   10    2    7    0    0    0    0
    6   14    5    1    2    1    2    1    1       853    5    5   10    0    0    0    0
    6   15    5    2    2    0    0    2    1       783    8    7    2    0    0    0    0
    6   16    1    1    6    2    5    2    0      1203    1    8    1    7    5    6   10
    6   17    5    2    2    0    0    2    1       872    7   10    5    0    0    0    0
    6   18    3    2    4    0    0    2    1       678    3    7    6    9    2    0    0
    6   19    5    2    4    0    0    2    1      3699   10    8    2    5    7    0    0
    6   20    5    1    4    4    1    1    1       560    5    2    7   10    5    0    0
    6   21    5    2    2    0    0    2    1      3597    5    9    6    0    0    0    0
    6   22    5    1    6    3    4    2    0       907    8    5    2    8    9   10    7
    6   23    5    1    4    2    3    2    0      1134    5    2    5    9   10    0    0
    6   24    5    1    2    2    1    1    1       420    6   10    6    0    0    0    0
    6   25    3    2    4    0    0    2    1       532    3    7   10    2    6    0    0
    7    1    1    1    6    2    5    2    0      1351    1   10    1    7    5    6    8
    7    2    5    1    4    2    3    1    1      1185   10    2   10    7    6    0    0
    7    3    2    1    6    1    6    1    1       709    2    2    9    5    7    8    6
    7    4    3    2    4    0    0    2    1       546    3    9    7   10    2    0    0
    7    5    5    2    2    0    0    2    1       832    9    5    8    0    0    0    0
    7    6    4    2    2    0    0    2    1       730    4    2    9    0    0    0    0
    7    7    5    2    6    0    0    2    1      1043    5    2    9    7    6   10    8
    7    8    5    1    6    4    3    1    1      1326    7    9    2   10    7    8    6
    7    9    5    1    4    2    3    1    1       834    6   10    6    2    5    0    0
    7   10    2    1    6    4    3    1    1      1341    2   10    8    9    2    5    7
    7   11    5    1    6    1    6    2    0      1580    7    7    2    5    6    9    8
    7   12    5    2    6    0    0    2    1       971    7    8    5   10    6    2    9
    7   13    4    2    2    0    0    2    1       504    4    5    2    0    0    0    0
    7   14    5    2    6    0    0    2    1      1019   10    7    6    2    8    5    9
    7   15    5    2    4    0    0    2    1       683    5    2    9    7    6    0    0
    7   16    2    1    2    2    1    1    1       884    2    6    2    0    0    0    0
    7   17    2    1    2    1    2    1    1      1836    2    2    8    0    0    0    0
    7   18    5    2    2    0    0    2    1       711    9    7    5    0    0    0    0
    7   19    5    2    6    0    0    2    1      1489    8    9    5   10    6    2    7
    7   20    2    1    4    1    4    1    1      1486    2    2   10    7    9    0    0
    7   21    5    1    6    3    4    2    0       832    7    2    8    7   10    5    6
    7   22    3    2    6    0    0    2    1       613    3    8   10    7    5    6    2
    7   23    3    2    4    0    0    2    1       615    3    6    2    8    7    0    0
    7   24    5    2    2    0    0    2    1       643    7    5    6    0    0    0    0
    7   25    5    1    4    2    3    1    1      1179   10    2   10    8    6    0    0    3
