    1    1    3    2    6    0    0    2    1     36759    3    8   10    6    9    7    2
    1    2    3    2    4    0    0    2    1      1529    3   10    6    5    2    0    0
    1    3    5    2    6    0    0    1    0      1387    8    9    6    2   10    7    5
    1    4    2    1    4    4    1    1    1      1381    2   10    6    9    2    0    0
    1    5    5    1    2    1    2    1    1      1954    7    7    2    0    0    0    0
    1    6    5    1    4    1    4    1    1      1693    8    8   10    2    5    0    0
    1    7    5    1    6    4    3    1    1      1001    5    7    9   10    5    8    2
    1    8    1    1    4    1    4    1    1      1434    1    1   10    8    5    0    0
    1    9    5    1    4    4    1    1    1      1026    6    9    8    2    6    0    0
    1   10    3    2    2    0    0    2    1      1437    3    8    5    0    0    0    0
    1   11    1    1    2    1    2    2    0      1784    1    1    9    0    0    0    0
    1   12    5    2    6    0    0    2    1      1431    9   10    7    2    8    6    5
    1   13    5    1    4    3    2    2    0      2680    7    5    1    7    9    0    0
    1   14    3    2    6    0    0    2    1      1500    3    9    5    2    8    6    7
    1   15    1    1    4    1    4    1    1      1145    1    1    9    7   10    0    0
    1   16    5    1    4    3    2    1    1      1245    8    5    7    8    9    0    0
    1   17    1    1    6    2    5    1    1       842    1    8    1   10    7    9    6
    1   18    3    2    4    0    0    2    1      1034    3    7    8    2   10    0    0
    1   19    1    1    2    1    2    1    1      1869    1    1    5    0    0    0    0
    1   20    4    2    6    0    0    2    1      1384    4    7    2   10    5    9    8
    1   21    1    1    4    4    1    1    1      1618    1    9    8    7    1    0    0
    1   22    5    1    6    1    6    1    1      1456    9    9    6    5   10    2    8
    1   23    1    1    4    2    3    1    1       951    1   10    1    6    9    0    0
    1   24    2    1    4    1    4    1    1       651    2    2    9    8   10    0    0
    1   25    4    2    2    0    0    2    1       885    4    9    7    0    0    0    0
    2    1    1    1    2    1    2    1    1      1156    1    1   10    0    0    0    0
    2    2    5    1    6    6    1    1    1      1093    5    9    8    2   10    6    5
    2    3    2    1    2    1    2    1    1       829    2    2    5    0    0    0    0
    2    4    5    2    6    0    0    2    1      1115    9    5   10    6    2    8    7
    2    5    5    1    6    2    5    1    1      1669   10    8   10    5    6    1    7
    2    6    4    2    4    0    0    2    1       828    4    2    9   10    8    0    0
    2    7    5    1    6    2    5    1    1      1026    5    9    5    2   10    8    6
    2    8    2    1    2    2    1    1    1       749    2   10    2    0    0    0    0
    2    9    5    2    4    0    0    2    1      1089    8    7    2    9   10    0    0
    2   10    5    2    6    0    0    2    1      1220   10    8    9    7    2    5    6
    2   11    3    2    4    0    0    2    1      1021    3    7    9   10    6    0    0
    2   12    5    2    6    0    0    2    1      1827    9   10    5    7    6    8    2
    2   13    5    2    4    0    0    1    0      1987    7    6    5    2    8    0    0
    2   14    5    1    2    2    1    1    1      1136    6    2    6    0    0    0    0
    2   15    2    1    2    1    2    1    1       839    2    2    7    0    0    0    0
    2   16    5    1    4    2    3    1    1      1655    6   10    6    5    7    0    0
    2   17    5    2    4    0    0    2    1      1766   10    7    8    2    6    0    0
    2   18    2    1    4    3    2    1    1      1649    2    6    5    2    7    0    0
    2   19    2    1    2    2    1    1    1      2706    2    8    2    0    0    0    0
    2   20    5    2    6    0    0    2    1       853    9    2    5    7   10    6    8
    2   21    5    1    6    4    3    1    1       898    8    5    2   10    8    7    6
    2   22    3    2    6    0    0    2    1       772    3    9    2    6    7   10    8
    2   23    5    1    2    2    1    1    1       818    5    9    5    0    0    0    0
    2   24    1    1    2    1    2    1    1       709    1    1    7    0    0    0    0
    2   25    1    1    4    2    3    1    1       770    1    9    1   10    6    0    0
    3    1    3    2    4    0    0    2    1       706    3    9    5    2    6    0    0
    3    2    5    1    6    1    6    1    1       860    6    6    9    2    8    5   10
    3    3    5    2    4    0    0    2    1      1412    9    2    8    6    5    0    0
    3    4    5    2    4    0    0    1    0      1477    5    2    8   10    9    0    0
    3    5    5    1    4    4    1    1    1       876    5    2    7   10    5    0    0
    3    6    5    2    6    0    0    2    1      1176    7   10    5    8    6    9    2
    3    7    1    1    4    4    1    1    1      1018    1    6    5    9    1    0    0
    3    8    1    1    6    6    1    1    1      1176    1    8   10    9    5    7    1
    3    9    5    2    6    0    0    1    0      1168   10    7    2    5    6    8    9
    3   10    5    1    2    1    2    1    1      1014    6    6    2    0    0    0    0
    3   11    3    2    6    0    0    2    1       844    3    2    7   10    9    5    8
    3   12    5    1    2    2    1    1    1       759   10    2   10    0    0    0    0
    3   13    2    1    6    6    1    1    1       736    2    9    7    8   10    5    2
    3   14    5    2    4    0    0    2    1      1636    7    9    6   10    2    0    0
    3   15    2    1    4    1    4    1    1       988    2    2    8    7    9    0    0
    3   16    5    2    2    0    0    2    1       832    7    8    2    0    0    0    0
    3   17    5    2    2    0    0    2    1       803    9    2    5    0    0    0    0
    3   18    5    1    2    1    2    1    1      1063    7    7    2    0    0    0    0
    3   19    5    2    4    0    0    2    1      1566    8   10    2    7    6    0    0
    3   20    5    1    6    1    6    1    1      1142   10   10    8    7    9    2    6
    3   21    1    1    4    4    1    1    1      1018    1    9    7    5    1    0    0
    3   22    5    2    6    0    0    2    1      1288    6    8    7    9   10    5    2
    3   23    5    2    2    0    0    2    1       721    9    2    7    0    0    0    0
    3   24    5    2    4    0    0    2    1       781    8    5    2    9    6    0    0
    3   25    5    2    4    0    0    2    1       863    7    6    8    9    1    0    0
    4    1    1    1    2    1    2    1    1       952    1    1    6    0    0    0    0
    4    2    5    2    4    0    0    2    1      1379   10    7    8    9    5    0    0
    4    3    5    1    2    1    2    1    1      1049    9    9    8    0    0    0    0
    4    4    5    2    4    0    0    2    1      1200    6    5    2   10    9    0    0
    4    5    1    1    4    3    2    1    1       649    1    6    9    1   10    0    0
    4    6    4    2    2    0    0    2    1       763    4    6    9    0    0    0    0
    4    7    4    2    2    0    0    2    1       713    4   10    6    0    0    0    0
    4    8    1    1    6    4    3    1    1       828    1   10    6    7    1    8    5
    4    9    3    2    6    0    0    2    1       714    3    7    8    2    9   10    6
    4   10    4    2    2    0    0    2    1       570    4    2    6    0    0    0    0
    4   11    4    2    4    0    0    2    1       701    4    9    6    7    2    0    0
    4   12    4    2    4    0    0    2    1       874    4    7    8   10    2    0    0
    4   13    5    2    4    0    0    2    1       905    6    7    2    9    8    0    0
    4   14    1    1    4    3    2    1    1       742    1    9    5    1    7    0    0
    4   15    2    1    6    5    2    1    1       919    2    6    9    8    5    2    7
    4   16    4    2    6    0    0    2    1       657    4    6    2   10    7    5    9
    4   17    5    1    2    2    1    1    1      1331    9    5    9    0    0    0    0
    4   18    5    1    6    2    5    1    1      1445    5    9    5   10    2    6    7
    4   19    5    2    2    0    0    2    1       967    8    6    2    0    0    0    0
    4   20    1    1    6    1    6    1    1       943    1    1    7    9   10    8    6
    4   21    5    1    6    2    5    1    1       761   10    2   10    6    5    7    8
    4   22    5    1    2    2    1    1    1       783    7   10    7    0    0    0    0
    4   23    2    1    4    1    4    1    1       784    2    2    6    8    7    0    0
    4   24    5    1    2    2    1    1    1       797    9    8    9    0    0    0    0
    4   25    5    1    4    2    3    1    1      1239    9    2    9    6    7    0    0
    5    1    4    2    2    0    0    2    1       677    4    2   10    0    0    0    0
    5    2    1    1    2    2    1    1    1       663    1    8    1    0    0    0    0
    5    3    3    2    2    0    0    2    1       689    3    2    7    0    0    0    0
    5    4    2    1    4    3    2    1    1       830    2    7   10    2    9    0    0
    5    5    5    1    4    2    3    1    1       927    8   10    8    2    6    0    0
    5    6    5    1    6    4    3    1    1       649   10    8    6    2   10    9    7
    5    7    3    2    2    0    0    2    1       555    3    5    2    0    0    0    0
    5    8    5    2    6    0    0    1    0      1404    6    8    2    5   10    7    9
    5    9    2    1    6    6    1    1    1       562    2    7    5    6    8    9    2
    5   10    5    1    2    1    2    1    1       704   10   10    6    0    0    0    0
    5   11    5    1    6    2    5    1    1       979    5    9    5    6   10    2    8
    5   12    2    1    6    6    1    1    1       563    2   10    9    7    8    5    2
    5   13    2    1    6    4    3    1    1       668    2    8    6    7    2    9   10
    5   14    5    2    4    0    0    2    1      1163   10    5    6    2    9    0    0
    5   15    5    2    6    0    0    2    1       811   10    9    5    6    8    7    2
    5   16    5    1    2    1    2    1    1       879   10   10    5    0    0    0    0
    5   17    5    1    2    1    2    1    1      5064    7    7    2    0    0    0    0
    5   18    5    1    4    2    3    2    0      1026    6    5    6    2    9    0    0
    5   19    5    2    4    0    0    2    1       987    8    9    5    2   10    0    0
    5   20    2    1    2    2    1    1    1       720    2    6    2    0    0    0    0
    5   21    3    2    6    0    0    2    1       698    3    6    8   10    9    7    2
    5   22    3    2    4    0    0    2    1       672    3    2    7    9    6    0    0
    5   23    2    1    2    2    1    1    1       785    2    5    2    0    0    0    0
    5   24    5    2    6    0    0    2    1      1984    6    7    5   10    9    8    2
    5   25    5    2    4    0    0    2    1       714    9    5    7   10    2    0    0
    6    1    5    1    2    1    2    2    0      1089   10   10    7    0    0    0    0
    6    2    4    2    6    0    0    2    1       684    4    8    5    6    9    2   10
    6    3    1    1    2    2    1    1    1       813    1    6    1    0    0    0    0
    6    4    3    2    4    0    0    2    1       598    3    2    6    5    9    0    0
    6    5    5    1    2    2    1    1    1      2042    7    2    7    0    0    0    0
    6    6    5    1    2    1    2    1    1      1989    9    9    2    0    0    0    0
    6    7    5    1    2    1    2    1    1       994    7    7    8    0    0    0    0
    6    8    5    1    6    5    2    1    1      1705    9   10    2    5    6    9    8
    6    9    5    2    4    0    0    2    1      1798    6    2   10    9    7    0    0
    6   10    5    2    6    0    0    2    1      1877    8    7   10    9    6    2    5
    6   11    5    1    2    1    2    1    1      1038    7    7    1    0    0    0    0
    6   12    5    1    4    3    2    1    1      1046   10    2    5   10    8    0    0
    6   13    4    2    6    0    0    2    1       684    4    2    7    8    6   10    5
    6   14    5    1    4    1    4    1    1      2233    8    8    7    2    6    0    0
    6   15    5    1    2    1    2    1    1       820    9    9    2    0    0    0    0
    6   16    5    2    4    0    0    2    1       861    6    7   10    8    5    0    0
    6   17    3    2    6    0    0    2    1       601    3    5    7    2   10    8    6
    6   18    3    2    4    0    0    2    1       555    3    8    7    5    2    0    0
    6   19    5    2    6    0    0    2    1      1228    8    9    7   10    2    6    5
    6   20    3    2    4    0    0    2    1      1228    3    2    6    5    8    0    0
    6   21    5    1    6    2    5    1    1      1418    7    6    7    9    8    2    5
    6   22    5    1    6    3    4    1    1       728    9    2    7    9    5   10    8
    6   23    3    2    2    0    0    2    1       672    3    8    6    0    0    0    0
    6   24    5    2    2    0    0    2    1      1425    9    2    5    0    0    0    0
    6   25    1    1    2    1    2    1    1      1020    1    1   10    0    0    0    0
    7    1    5    2    4    0    0    2    1      1555    9    5    2    7   10    0    0
    7    2    5    1    2    1    2    1    1      1233    7    7    9    0    0    0    0
    7    3    2    1    6    4    3    1    1      1606    2    9    8    6    2   10    5
    7    4    5    2    4    0    0    2    1      1415    9   10    7    6    5    0    0
    7    5    3    2    2    0    0    2    1      1451    3    2    6    0    0    0    0
    7    6    2    1    2    2    1    1    1       669    2    5    2    0    0    0    0
    7    7    5    1    2    1    2    1    1      1646    8    8    6    0    0    0    0
    7    8    2    1    2    1    2    1    1       641    2    2    6    0    0    0    0
    7    9    3    2    4    0    0    2    1       513    3    5   10    8    2    0    0
    7   10    5    1    4    4    1    1    1       806    5    8    2   10    5    0    0
    7   11    2    1    4    2    3    1    1       928    2    5    2   10    9    0    0
    7   12    4    2    6    0    0    2    1       729    4    7    6    8   10    9    1
    7   13    5    1    2    2    1    1    1       761    8    7    8    0    0    0    0
    7   14    1    1    4    1    4    1    1       684    1    1    9   10    5    0    0
    7   15    2    1    6    2    5    1    1       983    2    9    2    7   10    6    8
    7   16    5    1    2    1    2    1    1       748    9    9    8    0    0    0    0
    7   17    5    1    2    1    2    1    1       522   10   10    5    0    0    0    0
    7   18    5    1    6    6    1    1    1       788    5    2   10    8    6    9    5
    7   19    5    2    2    0    0    2    1       697    9    8   10    0    0    0    0
    7   20    3    2    4    0    0    2    1       655    3    9    7    2    6    0    0
    7   21    5    2    6    0    0    1    0       899    6    8    7    9    5   10    2
    7   22    3    2    2    0    0    2    1       563    3    2    9    0    0    0    0
    7   23    4    2    2    0    0    2    1      1737    4    5    2    0    0    0    0
    7   24    5    2    4    0    0    2    1      1221   10    8    5    6    2    0    0
    7   25    3    2    2    0    0    2    1       576    3    8    5    0    0    0    0    1
