    1    1    3    2    2    0    0    2    1      2377    3    6   10    0    0    0    0
    1    2    3    2    6    0    0    1    0       913    3    2    5    8   10    6    7
    1    3    5    1    6    5    2    1    1      1508    8    2    7    5   10    8    6
    1    4    5    1    2    2    1    1    1       844   10    1   10    0    0    0    0
    1    5    4    2    4    0    0    2    1       652    4    2    8    6    9    0    0
    1    6    5    2    4    0    0    2    1       723    5    7    2    6    8    0    0
    1    7    5    1    4    4    1    1    1      1432    9    6    7    5    9    0    0
    1    8    5    2    6    0    0    1    0      1101    7    6    5    9    2    8   10
    1    9    5    1    2    1    2    1    1       997   10   10    5    0    0    0    0
    1   10    5    2    4    0    0    2    1      1343   10    7    8    5    2    0    0
    1   11    3    2    4    0    0    2    1      1059    3    6    9    5    2    0    0
    1   12    5    1    6    2    5    1    1      1343   10    6   10    8    7    5    2
    1   13    4    2    4    0    0    2    1       612    4   10    8    5    2    0    0
    1   14    3    2    4    0    0    2    1      1109    3   10    6    2    9    0    0
    1   15    5    2    6    0    0    2    1      1151   10    9    7    5    2    8    6
    1   16    5    2    4    0    0    2    1      1395    6    7    9    2    8    0    0
    1   17    5    1    4    4    1    1    1      1021   10    6    5    2   10    0    0
    1   18    5    1    2    1    2    1    1       720   10   10    2    0    0    0    0
    1   19    5    1    4    3    2    1    1       981    8    5    6    8   10    0    0
    1   20    5    1    4    3    2    1    1       896    9    6    8    9    2    0    0
    1   21    2    1    6    2    5    1    1      1579    2    7    2    9    6   10    8
    1   22    3    2    6    0    0    2    1      1163    3    2   10    8    7    9    5
    1   23    5    1    6    1    6    1    1       844    6    6    8    9    7   10    2
    1   24    1    1    6    1    6    1    1       849    1    1    8    6    9    7    5
    1   25    5    1    4    3    2    1    1       648    6    5    2    6    8    0    0
    2    1    5    1    4    3    2    1    1       736    9    2    7    9   10    0    0
    2    2    5    1    2    2    1    1    1       495    9    5    9    0    0    0    0
    2    3    5    1    6    6    1    1    1       554    9    8    6    2   10    5    9
    2    4    5    1    2    2    1    1    1       504    6   10    6    0    0    0    0
    2    5    5    1    4    4    1    1    1       406   10    8    9    2   10    0    0
    2    6    5    1    2    2    1    1    1       418    7    2    7    0    0    0    0
    2    7    5    1    6    2    5    2    0      1072    8    2    8    9    6   10    5
    2    8    3    2    6    0    0    2    1       868    3   10    5    7    6    2    9
    2    9    5    1    2    1    2    1    1       717    5    5   10    0    0    0    0
    2   10    1    1    4    1    4    1    1       873    1    1    6    8    7    0    0
    2   11    5    1    2    1    2    1    1       667    7    7   10    0    0    0    0
    2   12    5    2    2    0    0    2    1       716    9    7    8    0    0    0    0
    2   13    3    2    2    0    0    2    1       627    3    7    8    0    0    0    0
    2   14    2    1    2    2    1    1    1       815    2    8    2    0    0    0    0
    2   15    3    2    6    0    0    2    1       797    3    6    9    7   10    2    5
    2   16    5    1    4    3    2    1    1       607    9    7   10    9    2    0    0
    2   17    4    2    4    0    0    2    1       648    4    9    6    2    5    0    0
    2   18    5    2    4    0    0    2    1       815    9    2    5    7    6    0    0
    2   19    5    1    6    5    2    1    1       997    8    9    5    6    2    8   10
    2   20    4    2    6    0    0    2    1       613    4    2    5    8   10    6    9
    2   21    1    1    2    2    1    1    1       545    1    7    1    0    0    0    0
    2   22    5    1    6    6    1    1    1       394    8    7    2   10    5    9    8
    2   23    5    1    6    3    4    1    1       721    5    2   10    5    9    8    6
    2   24    5    1    6    5    2    1    1      2771    9    2    6   10    7    9    8
    2   25    5    1    6    5    2    2    0      1411   10    8    9    5    6   10    2
    3    1    5    1    2    2    1    1    1       621    8   10    8    0    0    0    0
    3    2    2    1    4    1    4    1    1       670    2    2    8   10    5    0    0
    3    3    5    1    6    1    6    1    1       586    5    5    2    9    6    8   10
    3    4    4    2    6    0    0    2    1       625    4    9    8   10    2    5    6
    3    5    5    1    6    2    5    1    1       631    6    9    6    2   10    8    7
    3    6    4    2    2    0    0    2    1      1882    4   10    9    0    0    0    0
    3    7    5    2    4    0    0    1    0       688    9    7    2    5    6    0    0
    3    8    5    2    2    0    0    2    1       673    7    8    9    0    0    0    0
    3    9    5    1    6    6    1    1    1       540   10    8    5    9    1    6   10
    3   10    5    2    2    0    0    2    1       635    9    2    5    0    0    0    0
    3   11    5    1    4    3    2    1    1       483    7    2    5    7    8    0    0
    3   12    1    1    2    1    2    1    1       452    1    1    8    0    0    0    0
    3   13    1    1    2    1    2    1    1       494    1    1    8    0    0    0    0
    3   14    5    1    4    1    4    1    1       844    7    7    6    2    9    0    0
    3   15    5    2    4    0    0    2    1      1740    8    2    9    7    5    0    0
    3   16    5    1    4    4    1    1    1       560    6    8    5    2    6    0    0
    3   17    5    1    2    1    2    1    1       486    9    9    2    0    0    0    0
    3   18    5    1    4    2    3    1    1       764    6    8    6    7    2    0    0
    3   19    1    1    2    1    2    1    1       506    1    1    8    0    0    0    0
    3   20    4    2    6    0    0    2    1       669    4    7    9    5   10    2    8
    3   21    5    1    6    6    1    1    1       393    6    9    7    5    2   10    6
    3   22    3    2    2    0    0    2    1       765    3    9    5    0    0    0    0
    3   23    5    2    4    0    0    2    1       816    6    2    7    5   10    0    0
    3   24    5    2    4    0    0    2    1       624    9    8    2    5    7    0    0
    3   25    5    1    4    4    1    1    1       425    9   10    2    7    9    0    0
    4    1    5    2    6    0    0    2    1      3438    8    2   10    6    9    5    7
    4    2    2    1    2    2    1    1    1       528    2    5    2    0    0    0    0
    4    3    3    2    6    0    0    2    1       875    3    9    7    2    8    6    5
    4    4    3    2    4    0    0    2    1       849    3   10    5    7    2    0    0
    4    5    1    1    6    2    5    1    1       454    1   10    1    6    8    5    7
    4    6    3    2    4    0    0    2    1       517    3    2    8    6   10    0    0
    4    7    5    2    2    0    0    1    0       620    8   10    7    0    0    0    0
    4    8    5    2    6    0    0    2    1       634    5    6   10    8    2    9    7
    4    9    5    2    4    0    0    2    1       882    7    2    8    6    5    0    0
    4   10    4    2    4    0    0    2    1       552    4    2    5    7    8    0    0
    4   11    5    2    6    0    0    1    0       617    7    6   10    5    2    9    8
    4   12    1    1    6    4    3    1    1       415    1    9    6    7    1   10    5
    4   13    5    1    6    6    1    1    1       549    8   10    9    2    5    6    8
    4   14    5    1    6    5    2    1    1       526    9   10    7    6    2    9    8
    4   15    5    2    4    0    0    2    1       962   10    2    7    9    8    0    0
    4   16    2    1    4    3    2    1    1       518    2   10    5    2    7    0    0
    4   17    4    2    6    0    0    2    1      1464    4    9    8   10    2    7    6
    4   18    2    1    2    2    1    1    1      1026    2   10    2    0    0    0    0
    4   19    2    1    4    4    1    1    1       730    2   10    9    8    2    0    0
    4   20    4    2    2    0    0    2    1       993    4    7    9    0    0    0    0
    4   21    4    2    6    0    0    2    1       633    4    5   10    7    8    9    2
    4   22    5    1    2    2    1    1    1       451   10    6   10    0    0    0    0
    4   23    1    1    6    6    1    1    1       392    1    7    5    6    9   10    1
    4   24    5    1    6    6    1    1    1       352    7   10    8    9    5    2    7
    4   25    5    1    2    2    1    1    1       502    9    8    9    0    0    0    0
    5    1    3    2    4    0    0    2    1       494    3    8    5    2   10    0    0
    5    2    4    2    4    0    0    2    1       564    4    6    2    7    9    0    0
    5    3    1    1    4    2    3    1    1       703    1    9    1   10    6    0    0
    5    4    3    2    6    0    0    2    1       562    3    8    9    7   10    6    2
    5    5    5    1    6    1    6    1    1       563    5    5    2    6    7    8    9
    5    6    2    1    6    5    2    1    1       435    2    7    6   10    5    2    8
    5    7    5    1    2    1    2    1    1       398   10   10    7    0    0    0    0
    5    8    5    2    6    0    0    2    1       525    9    2   10    5    6    8    7
    5    9    5    2    2    0    0    2    1       596    8    5    7    0    0    0    0
    5   10    5    1    2    1    2    1    1       681    9    9    2    0    0    0    0
    5   11    5    1    6    3    4    1    1      1012    6    2   10    6    8    5    9
    5   12    5    2    2    0    0    2    1      1080    6    2    5    0    0    0    0
    5   13    5    1    6    3    4    1    1       532    9    7    2    9    5    6   10
    5   14    1    1    2    1    2    1    1       475    1    1    7    0    0    0    0
    5   15    5    2    6    0    0    2    1       831    9    2    5    6   10    7    8
    5   16    2    1    6    3    4    1    1       740    2   10    5    2    8    9    7
    5   17    5    2    4    0    0    1    0      1280    8    5    6    9    2    0    0
    5   18    3    2    4    0    0    2    1       584    3    7    2    9    5    0    0
    5   19    1    1    6    6    1    1    1       710    1    5    7    6    9   10    1
    5   20    5    2    4    0    0    2    1       500    5    6    2    8    7    0    0
    5   21    3    2    6    0    0    2    1       559    3    6    9    2    5   10    8
    5   22    5    1    4    1    4    1    1       562    6    6    2    5    9    0    0
    5   23    5    2    4    0    0    2    1       813    9    7    8    2    5    0    0
    5   24    5    1    2    1    2    1    1       585    9    9    2    0    0    0    0
    5   25    3    2    2    0    0    2    1       822    3    7    2    0    0    0    0
    6    1    1    1    6    1    6    2    0      1395    1    1    6   10    9    8    5
    6    2    3    2    4    0    0    2    1       701    3    2    7    8    5    0    0
    6    3    5    1    4    4    1    1    1       378    7    9    8    2    7    0    0
    6    4    5    1    4    3    2    1    1      1045    9   10    6    9    2    0    0
    6    5    5    1    4    4    1    1    1       341    9   10    8    2    9    0    0
    6    6    3    2    4    0    0    2    1       545    3    8   10    9    2    0    0
    6    7    5    1    2    1    2    1    1       800   10   10    8    0    0    0    0
    6    8    5    1    2    2    1    1    1       500    5   10    5    0    0    0    0
    6    9    4    2    2    0    0    2    1       652    4    6    2    0    0    0    0
    6   10    5    2    4    0    0    2    1       691   10    2    9    5    8    0    0
    6   11    3    2    4    0    0    2    1       833    3    6    2    5    9    0    0
    6   12    5    1    2    2    1    1    1       492    5    6    5    0    0    0    0
    6   13    3    2    4    0    0    2    1       578    3    5    2    8    7    0    0
    6   14    5    2    6    0    0    2    1       642    7   10    5    9    2    8    6
    6   15    3    2    6    0    0    2    1       647    3    8    7    6    5   10    2
    6   16    3    2    2    0    0    2    1       546    3    2    5    0    0    0    0
    6   17    3    2    4    0    0    2    1       550    3    2    6    5    7    0    0
    6   18    4    2    2    0    0    2    1       572    4    7    9    0    0    0    0
    6   19    5    1    4    1    4    1    1       911    8    8    2   10    5    0    0
    6   20    5    2    2    0    0    2    1       430    8    2   10    0    0    0    0
    6   21    5    2    2    0    0    2    1       578    5    1    6    0    0    0    0
    6   22    5    1    2    1    2    1    1       863    5    5    6    0    0    0    0
    6   23    5    1    6    3    4    1    1       588    5    6    7    5    9   10    2
    6   24    5    1    2    1    2    1    1       408    9    9    7    0    0    0    0
    6   25    3    2    6    0    0    2    1       583    3    8    7    2   10    9    6
    7    1    2    1    2    2    1    1    1       376    2    7    2    0    0    0    0
    7    2    5    2    6    0    0    2    1       816   10    2    8    7    6    5    9
    7    3    5    1    4    3    2    1    1       352    9    8    7    9    2    0    0
    7    4    5    1    4    2    3    1    1       324    9   10    9    5    2    0    0
    7    5    5    2    6    0    0    2    1       534    7    2    8    6   10    9    5
    7    6    2    1    2    2    1    1    1       356    2   10    2    0    0    0    0
    7    7    3    2    2    0    0    2    1       530    3   10    7    0    0    0    0
    7    8    5    1    6    2    5    1    1       756    6    5    6    7    9    8    1
    7    9    2    1    6    2    5    1    1       469    2    5    2    6    8    9    7
    7   10    2    1    6    2    5    1    1       473    2    7    2    5    9    8    6
    7   11    5    2    2    0    0    2    1       450    7    6    9    0    0    0    0
    7   12    2    1    2    1    2    1    1       468    2    2    5    0    0    0    0
    7   13    5    1    6    3    4    2    0       712   10    2    8   10    6    9    7
    7   14    5    1    6    5    2    1    1       547    6    8   10    2    7    6    5
    7   15    5    1    6    1    6    2    0       693    5    5    7    2    8    6    9
    7   16    2    1    6    4    3    1    1       624    2    5    6    9    2    8    7
    7   17    4    2    2    0    0    2    1       539    4    9    5    0    0    0    0
    7   18    5    2    2    0    0    2    1      1538    8    7    1    0    0    0    0
    7   19    5    1    6    3    4    1    1       395    6   10    2    6    7    8    5
    7   20    1    1    6    3    4    1    1       866    1    8    9    1   10    5    6
    7   21    5    2    2    0    0    2    1      3747   10    5    8    0    0    0    0
    7   22    2    1    2    2    1    1    1       409    2   10    2    0    0    0    0
    7   23    3    2    6    0    0    2    1       768    3   10    9    8    7    2    6
    7   24    5    2    6    0    0    2    1       608    8    7    6    9    2   10    5
    7   25    5    1    2    1    2    1    1       428    7    7    8    0    0    0    0