    1    1    1    1    4    1    4    1    1      1557    1    1    5    9    6    0    0
    1    2    5    2    6    0    0    2    1      1487   10    9    5    7    6    2    8
    1    3    5    2    4    0    0    1    0      1229   10    6    5    2    8    0    0
    1    4    1    1    6    5    2    1    1      1499    1    6   10    7    9    1    5
    1    5    5    2    4    0    0    1    0      1528    9    7   10    2    8    0    0
    1    6    5    1    2    1    2    1    1      1359    8    8    9    0    0    0    0
    1    7    4    2    6    0    0    2    1      1621    4    5    7    6    2    8   10
    1    8    5    2    4    0    0    2    1      1358    9    6    5    2    8    0    0
    1    9    5    2    2    0    0    2    1      1324    6    7    2    0    0    0    0
    1   10    5    1    4    4    1    1    1      1360    9    5    7    2    9    0    0
    1   11    1    1    2    1    2    1    1       974    1    1    7    0    0    0    0
    1   12    2    1    4    3    2    1    1      1167    2   10    5    2    6    0    0
    1   13    5    2    6    0    0    2    1      1487    9    2    7    5    8    6   10
    1   14    1    1    2    1    2    1    1       983    1    1    5    0    0    0    0
    1   15    5    1    4    2    3    1    1      1209    9    8    9   10    2    0    0
    1   16    5    1    4    2    3    1    1      1442   10    1   10    8    7    0    0
    1   17    5    1    6    6    1    1    1       999    5    2    6    8    9   10    5
    1   18    1    1    4    2    3    2    0      1158    1    5    1    6    7    0    0
    1   19    4    2    4    0    0    2    1      1156    4    7   10    9    1    0    0
    1   20    3    2    4    0    0    2    1      1166    3    2    5    8    9    0    0
    1   21    5    1    4    4    1    1    1      1032   10    6    8    2   10    0    0
    1   22    5    2    2    0    0    2    1       899    6    2   10    0    0    0    0
    1   23    5    1    4    4    1    1    1      1000    8    5    2   10    8    0    0
    1   24    2    1    2    1    2    1    1      1412    2    2    6    0    0    0    0
    1   25    2    1    4    2    3    1    1      1525    2    5    2    7   10    0    0
    2    1    2    1    6    5    2    1    1      1209    2    6   10    5    9    2    8
    2    2    5    2    4    0    0    2    1      1170    7    5    2    8    6    0    0
    2    3    4    2    2    0    0    2    1      1031    4    8    7    0    0    0    0
    2    4    4    2    6    0    0    2    1      1004    4    7    9   10    2    6    5
    2    5    5    1    2    2    1    1    1      1016    6    8    6    0    0    0    0
    2    6    5    1    6    6    1    1    1      1021    6    1    5    8    9   10    6
    2    7    5    2    4    0    0    2    1       958    7    5   10    2    6    0    0
    2    8    5    2    2    0    0    2    1       923    5    7    8    0    0    0    0
    2    9    3    2    4    0    0    2    1       848    3    2    8    9    7    0    0
    2   10    1    1    2    2    1    1    1       818    1    9    1    0    0    0    0
    2   11    3    2    4    0    0    2    1       810    3    9    5    7    2    0    0
    2   12    5    1    2    2    1    1    1       719   10    8   10    0    0    0    0
    2   13    5    1    2    2    1    1    1       661    6   10    6    0    0    0    0
    2   14    3    2    4    0    0    2    1       741    3    2    6    7   10    0    0
    2   15    5    1    2    1    2    1    1       699    5    5    2    0    0    0    0
    2   16    5    1    6    5    2    1    1       942    9   10    8    7    2    9    6
    2   17    5    2    2    0    0    2    1       700    6    2    9    0    0    0    0
    2   18    5    2    4    0    0    2    1      1402    6    9    2    7    8    0    0
    2   19    5    2    2    0    0    2    1      1909    8    7    2    0    0    0    0
    2   20    5    1    2    2    1    1    1      1085    9    2    9    0    0    0    0
    2   21    5    1    4    1    4    1    1      1163    8    8    6   10    2    0    0
    2   22    5    1    6    4    3    1    1      1098    8    9    5    6    8    7    2
    2   23    5    2    4    0    0    2    1       839    6    2    7    9    5    0    0
    2   24    5    1    4    3    2    1    1      1359    5    8    6    5    2    0    0
    2   25    5    1    2    1    2    1    1       909    7    7    2    0    0    0    0
    3    1    5    1    6    4    3    1    1       897    8    9    2    6    8   10    5
    3    2    5    1    2    2    1    1    1       753    7    8    7    0    0    0    0
    3    3    1    1    6    3    4    1    1       706    1    5    8    1    9    7    6
    3    4    3    2    6    0    0    2    1       596    3    7   10    6    2    8    5
    3    5    5    1    2    2    1    1    1       704    9    2    9    0    0    0    0
    3    6    5    1    6    4    3    1    1       738    7    9    2    8    7   10    5
    3    7    4    2    6    0    0    2    1       755    4    9    8   10    6    7    2
    3    8    5    1    4    1    4    1    1       734    7    7    2   10    5    0    0
    3    9    5    1    6    6    1    1    1       799    8    6   10    2    7    9    8
    3   10    1    1    4    2    3    1    1       760    1    9    1   10    7    0    0
    3   11    1    1    4    4    1    1    1       547    1    9   10    8    1    0    0
    3   12    4    2    6    0    0    2    1       539    4    8    6    9    2    5    7
    3   13    4    2    6    0    0    2    1       580    4    5    6    2    8   10    7
    3   14    5    1    6    2    5    1    1       651   10    6   10    8    7    9    2
    3   15    5    2    4    0    0    2    1       794    8    9    5    7    2    0    0
    3   16    3    2    4    0    0    2    1       548    3    8    2    9    7    0    0
    3   17    5    2    6    0    0    2    1       876    5    2    6    9    8   10    7
    3   18    1    1    2    2    1    1    1       477    1    5    1    0    0    0    0
    3   19    5    1    6    5    2    1    1       825    9    2    6    5    7    9   10
    3   20    5    2    4    0    0    2    1      1122    9   10    2    8    6    0    0
    3   21    5    1    6    1    6    1    1       740    5    5    2    6    7    9    8
    3   22    2    1    4    4    1    1    1       607    2    7   10    9    2    0    0
    3   23    1    1    4    2    3    1    1       528    1    9    1    6    8    0    0
    3   24    5    2    6    0    0    2    1       634    5    7    6    9    8    2   10
    3   25    4    2    6    0    0    2    1       542    4    5    2   10    8    7    9
    4    1    5    1    6    1    6    1    1       751   10   10    7    6    2    8    9
    4    2    5    2    2    0    0    2    1       516    5    6    9    0    0    0    0
    4    3    3    2    2    0    0    2    1       516    3    2   10    0    0    0    0
    4    4    4    2    4    0    0    2    1       520    4    5   10    6    2    0    0
    4    5    5    2    4    0    0    2    1       909    9    6    8    5   10    0    0
    4    6    1    1    6    5    2    1    1       615    1    7    6    5    8    1    9
    4    7    5    2    6    0    0    1    0      1133    9   10    6    8    5    2    7
    4    8    5    2    6    0    0    2    1       718   10    8    9    6    2    7    5
    4    9    5    1    6    1    6    2    0       992    6    6    2    5   10    9    7
    4   10    3    2    2    0    0    2    1       509    3    2    7    0    0    0    0
    4   11    2    1    2    1    2    1    1      1036    2    2   10    0    0    0    0
    4   12    1    1    6    5    2    1    1       897    1    5    8    6   10    1    9
    4   13    5    1    4    1    4    1    1       741    9    9    2    5   10    0    0
    4   14    5    1    4    4    1    1    1       641    8    2    7   10    8    0    0
    4   15    5    2    6    0    0    2    1       871   10    7    2    5    6    9    8
    4   16    5    2    2    0    0    2    1       648    6    7    5    0    0    0    0
    4   17    5    2    6    0    0    2    1       908    7    9   10    2    5    8    6
    4   18    5    2    4    0    0    2    1       945    5    2   10    6    9    0    0
    4   19    5    2    6    0    0    2    1       922    6    7    5   10    1    9    8
    4   20    5    1    4    2    3    1    1       814    7    2    7    6    5    0    0
    4   21    3    2    6    0    0    2    1       636    3    9   10    6    8    2    7
    4   22    5    1    2    1    2    1    1       678    6    6    8    0    0    0    0
    4   23    5    2    6    0    0    2    1       777    9    8    7    5    6   10    2
    4   24    5    1    6    6    1    1    1       744    6    7    9    2   10    8    6
    4   25    5    1    6    4    3    1    1       809   10    7    5    9   10    2    8
    5    1    1    1    4    4    1    1    1       714    1   10    6    9    1    0    0
    5    2    5    1    2    2    1    1    1       641    6    7    6    0    0    0    0
    5    3    5    1    4    4    1    1    1       609    6    5   10    2    6    0    0
    5    4    5    1    6    4    3    1    1      1079    7    2   10    6    7    9    8
    5    5    3    2    4    0    0    2    1       549    3   10    9    5    7    0    0
    5    6    5    1    6    1    6    2    0       573    9    9    8    5   10    7    1
    5    7    5    1    2    2    1    1    1       762    8    7    8    0    0    0    0
    5    8    5    1    2    2    1    1    1       880    9    2    9    0    0    0    0
    5    9    1    1    6    4    3    1    1       923    1   10    6    9    1    5    7
    5   10    4    2    4    0    0    2    1       768    4   10    5    2    8    0    0
    5   11    5    2    6    0    0    2    1      1328    8    2    9    7    6    5   10
    5   12    5    2    6    0    0    2    1       969    6    2    8    5    7   10    9
    5   13    5    2    6    0    0    2    1       849    8    6   10    5    2    7    9
    5   14    3    2    4    0    0    2    1       616    3    2    8   10    5    0    0
    5   15    5    1    4    2    3    2    0      1353    5    8    5    2   10    0    0
    5   16    5    1    6    6    1    1    1       816    8    2    5   10    7    9    8
    5   17    3    2    2    0    0    2    1       531    3    5    6    0    0    0    0
    5   18    3    2    4    0    0    2    1       534    3    5    2    9   10    0    0
    5   19    5    2    4    0    0    2    1       906    5    9    8    2   10    0    0
    5   20    3    2    4    0    0    2    1       544    3    9    7    8    2    0    0
    5   21    3    2    2    0    0    2    1       510    3    2   10    0    0    0    0
    5   22    2    1    6    3    4    1    1      1064    2    6    9    2    8   10    5
    5   23    5    2    4    0    0    2    1       807    6   10    9    2    5    0    0
    5   24    5    2    4    0    0    2    1       848    9    7   10    6    8    0    0
    5   25    5    1    4    2    3    1    1       839    6    2    6    9   10    0    0
    6    1    5    1    2    2    1    1    1       635   10    2   10    0    0    0    0
    6    2    4    2    4    0    0    2    1       603    4   10    5    8    2    0    0
    6    3    5    1    6    3    4    1    1       705   10    5    7   10    2    9    6
    6    4    5    2    2    0    0    2    1       617    6    7    2    0    0    0    0
    6    5    2    1    4    3    2    1    1       921    2    6   10    2    7    0    0
    6    6    5    2    2    0    0    2    1       617    5   10    8    0    0    0    0
    6    7    5    2    6    0    0    2    1       718    9    2    6    8   10    7    5
    6    8    3    2    4    0    0    2    1       571    3   10    9    2    5    0    0
    6    9    3    2    6    0    0    2    1       483    3    9    7    5    2    8   10
    6   10    5    2    2    0    0    2    1       755   10    9    7    0    0    0    0
    6   11    4    2    6    0    0    2    1       532    4   10    6    8    7    2    5
    6   12    5    1    2    2    1    1    1       610    7    2    7    0    0    0    0
    6   13    5    2    4    0    0    2    1       627   10    5    2    7    8    0    0
    6   14    3    2    6    0    0    2    1       569    3    7    2    5   10    8    9
    6   15    1    1    2    2    1    1    1       423    1    7    1    0    0    0    0
    6   16    5    2    4    0    0    2    1       655    5    7   10    8    1    0    0
    6   17    5    1    6    3    4    1    1       691    8    5    9    8   10    6    2
    6   18    5    1    2    1    2    1    1       636   10   10    2    0    0    0    0
    6   19    5    2    2    0    0    2    1       871   10    7    9    0    0    0    0
    6   20    1    1    6    5    2    1    1       546    1    9    8    7   10    1    5
    6   21    3    2    2    0    0    2    1       496    3    8    2    0    0    0    0
    6   22    5    1    2    1    2    1    1       656    9    9    5    0    0    0    0
    6   23    3    2    6    0    0    2    1       548    3    6    2   10    8    9    5
    6   24    5    2    6    0    0    2    1       557   10    9    2    5    7    8    6
    6   25    5    1    4    3    2    1    1       816    5    9    7    5    2    0    0
    7    1    5    2    2    0    0    2    1       470    6    2    8    0    0    0    0
    7    2    5    1    4    3    2    1    1       621   10    5    2   10    9    0    0
    7    3    3    2    6    0    0    2    1       515    3    8    2    6    5    7   10
    7    4    5    2    2    0    0    2    1       545    9    2    6    0    0    0    0
    7    5    5    2    6    0    0    1    0      1034    8   10    7    2    9    6    5
    7    6    2    1    6    1    6    1    1       959    2    2   10    9    8    6    7
    7    7    5    1    4    4    1    1    1       723    6    5    8    2    6    0    0
    7    8    5    2    2    0    0    2    1       506    5    2    8    0    0    0    0
    7    9    3    2    6    0    0    2    1       580    3    2    7   10    6    9    8
    7   10    5    1    4    3    2    1    1       614    8    5    7    8   10    0    0
    7   11    3    2    4    0    0    2    1       503    3    5    2    7    6    0    0
    7   12    3    2    6    0    0    2    1       577    3    6    9    1   10    5    7
    7   13    5    2    4    0    0    1    0       596   10    7    2    5    6    0    0
    7   14    5    2    2    0    0    2    1       543   10    6    2    0    0    0    0
    7   15    3    2    2    0    0    2    1       462    3    5    2    0    0    0    0
    7   16    1    1    4    3    2    1    1       565    1    6   10    1    8    0    0
    7   17    5    1    2    1    2    1    1       595    9    9    6    0    0    0    0
    7   18    5    2    6    0    0    1    0       842    8    6    5    7    9    2   10
    7   19    5    2    4    0    0    2    1       673    8   10    5    9    2    0    0
    7   20    5    2    6    0    0    2    1       821    7    2    9   10    6    5    8
    7   21    5    2    6    0    0    2    1       675    5    8   10    7    6    2    9
    7   22    5    2    2    0    0    2    1       636    5    6   10    0    0    0    0
    7   23    2    1    2    2    1    1    1       503    2    5    2    0    0    0    0
    7   24    5    1    2    2    1    1    1       535    6    2    6    0    0    0    0
    7   25    3    2    2    0    0    2    1       453    3   10    5    0    0    0    0    3
