    1    1    5    2    2    0    0    2    1     13704    6    2    8    0    0    0    0
    1    2    5    1    6    1    6    2    0      1134    6    6    7    5    2   10    9
    1    3    1    1    2    2    1    2    0      1203    1    9    1    0    0    0    0
    1    4    5    2    4    0    0    2    1      1165    6    2   10    9    7    0    0
    1    5    5    1    2    1    2    1    1      1586    7    7    2    0    0    0    0
    1    6    5    1    2    1    2    1    1      1047    7    7    9    0    0    0    0
    1    7    5    1    4    4    1    1    1       886   10    6    2    5   10    0    0
    1    8    5    1    4    2    3    1    1       924    7    8    7    9    2    0    0
    1    9    2    1    2    1    2    1    1       827    2    2   10    0    0    0    0
    1   10    5    1    2    1    2    1    1       623   10   10    7    0    0    0    0
    1   11    5    1    4    4    1    1    1       703    8    6    2    9    8    0    0
    1   12    3    2    6    0    0    2    1       769    3    9    8    6    2    5    7
    1   13    5    1    4    4    1    1    1       860    7    2    6    9    7    0    0
    1   14    5    2    6    0    0    1    0       825    7    6   10    8    2    9    5
    1   15    1    1    2    2    1    1    1       924    1    6    1    0    0    0    0
    1   16    2    1    6    1    6    1    1       662    2    2    6    8    9   10    5
    1   17    3    2    2    0    0    2    1       687    3    1    6    0    0    0    0
    1   18    5    2    6    0    0    2    1       994    5    6    7    2    8    9   10
    1   19    5    2    6    0    0    1    0       985    7    2   10    9    8    6    5
    1   20    5    2    4    0    0    2    1      1179    8    5    6    9    2    0    0
    1   21    5    1    2    1    2    1    1      1552    9    9    7    0    0    0    0
    1   22    5    1    6    4    3    1    1       881   10    8    5    6   10    2    9
    1   23    5    1    2    2    1    1    1       977   10    7   10    0    0    0    0
    1   24    4    2    4    0    0    2    1       819    4    7   10    9    2    0    0
    1   25    4    2    4    0    0    2    1       939    4    6    7    2    9    0    0
    2    1    5    2    6    0    0    2    1      1599    5    9   10    7    2    6    8
    2    2    3    2    6    0    0    2    1       573    3    2    9    8    7   10    6
    2    3    5    1    6    5    2    1    1       645    5    8    9    7   10    5    2
    2    4    5    1    4    1    4    1    1       853    7    7    2   10    8    0    0
    2    5    5    1    4    4    1    1    1       700    8    7   10    2    8    0    0
    2    6    3    2    2    0    0    2    1       580    3    2    6    0    0    0    0
    2    7    5    1    6    1    6    1    1       508    5    5    7    6    2    8   10
    2    8    2    1    6    2    5    1    1       806    2    8    2    5    9   10    6
    2    9    5    2    6    0    0    1    0      1029    7    5   10    6    2    9    8
    2   10    5    1    2    1    2    1    1       832    6    6    5    0    0    0    0
    2   11    5    1    4    2    3    1    1       616    9   10    9    2    8    0    0
    2   12    5    2    2    0    0    2    1       708    5    6   10    0    0    0    0
    2   13    3    2    2    0    0    2    1       524    3    9    8    0    0    0    0
    2   14    1    1    2    1    2    1    1       587    1    1    7    0    0    0    0
    2   15    2    1    4    4    1    1    1       653    2    6    7    8    2    0    0
    2   16    5    2    6    0    0    2    1      1410    5    9    8   10    2    7    6
    2   17    5    1    6    3    4    1    1      1608   10    2    6   10    7    8    5
    2   18    5    2    2    0    0    2    1       892    9    7    8    0    0    0    0
    2   19    5    2    6    0    0    2    1      1303   10    7    5    2    6    8    9
    2   20    5    2    4    0    0    2    1       909    5   10    8    6    2    0    0
    2   21    5    2    4    0    0    2    1       930    5    2    6    7   10    0    0
    2   22    5    1    4    1    4    2    0       550    5    5    6    7    2    0    0
    2   23    1    1    2    1    2    2    0       692    1    1    8    0    0    0    0
    2   24    2    1    2    1    2    1    1       557    2    2   10    0    0    0    0
    2   25    5    2    4    0    0    2    1       960    8    6    2    9    7    0    0
    3    1    5    1    4    1    4    1    1       895    7    7    5    2   10    0    0
    3    2    5    2    2    0    0    2    1       672    6    7    9    0    0    0    0
    3    3    5    1    6    1    6    1    1       852    9    9    5    8    7    2    6
    3    4    1    1    4    1    4    1    1      1067    1    1    6    8    9    0    0
    3    5    1    1    4    3    2    1    1       602    1    9   10    1    7    0    0
    3    6    5    2    6    0    0    2    1       944    7    2   10    5    8    6    9
    3    7    1    1    6    6    1    1    1       538    1    6    7    9    5   10    1
    3    8    5    2    6    0    0    1    0      1315    6   10    7    2    8    9    5
    3    9    2    1    6    1    6    1    1      1549    2    2   10    5    7    9    6
    3   10    5    1    4    3    2    1    1       664    7   10    6    7    5    0    0
    3   11    5    1    4    3    2    1    1       967   10    5    8   10    2    0    0
    3   12    5    2    2    0    0    2    1       628    8    9    7    0    0    0    0
    3   13    5    1    4    2    3    1    1       885   10    9   10    2    8    0    0
    3   14    5    1    4    3    2    1    1       843    7   10    8    7    5    0    0
    3   15    5    2    6    0    0    2    1      1032    7    5    9    2    6   10    8
    3   16    1    1    2    2    1    1    1       483    1    5    1    0    0    0    0
    3   17    5    2    6    0    0    2    1       782    7    2    6   10    8    5    9
    3   18    3    2    6    0    0    2    1       541    3    9    2    6    8   10    7
    3   19    5    1    6    3    4    1    1       791    8    7    6    8    9    2   10
    3   20    1    1    6    5    2    1    1      1126    1    7    6    8   10    1    9
    3   21    4    2    2    0    0    2    1       445    4    6    8    0    0    0    0
    3   22    5    2    6    0    0    2    1      1003   10    2    8    6    5    7    9
    3   23    5    2    2    0    0    2    1       647    8    2    5    0    0    0    0
    3   24    5    2    6    0    0    1    0      1115    6   10    8    7    9    5    2
    3   25    3    2    6    0    0    2    1       541    3    8    9   10    7    2    5
    4    1    3    2    4    0    0    2    1       510    3    7    9    2    5    0    0
    4    2    2    1    4    1    4    1    1       595    2    2    9    8    7    0    0
    4    3    5    2    4    0    0    2    1       645    5    7    8    9    2    0    0
    4    4    3    2    2    0    0    2    1       544    3   10    6    0    0    0    0
    4    5    5    2    4    0    0    1    0       884    8    9    2    5    7    0    0
    4    6    2    1    4    4    1    1    1       714    2    9    8   10    2    0    0
    4    7    5    1    2    1    2    1    1       769    9    9   10    0    0    0    0
    4    8    5    1    2    1    2    1    1       566    6    6    9    0    0    0    0
    4    9    3    2    2    0    0    2    1       596    3    6    2    0    0    0    0
    4   10    5    1    4    4    1    1    1       646    9    2    5    8    9    0    0
    4   11    5    2    6    0    0    1    0       731    5    8    9    2   10    6    7
    4   12    5    2    6    0    0    1    0       812    9    7    2   10    5    8    6
    4   13    5    2    4    0    0    2    1       629    7    6   10    2    8    0    0
    4   14    1    1    2    1    2    1    1       593    1    1   10    0    0    0    0
    4   15    5    1    2    2    1    1    1       557   10    7   10    0    0    0    0
    4   16    5    2    4    0    0    2    1       753    6    2    7    5    8    0    0
    4   17    1    1    2    1    2    1    1       631    1    1   10    0    0    0    0
    4   18    5    1    4    2    3    1    1       471    6    2    6    5   10    0    0
    4   19    1    1    4    4    1    1    1       397    1    9    7    6    1    0    0
    4   20    5    1    4    4    1    1    1       551    9    5   10    2    9    0    0
    4   21    4    2    6    0    0    2    1       527    4    2    8    5    7   10    9
    4   22    1    1    6    5    2    1    1       489    1    6    9    7   10    1    5
    4   23    5    2    4    0    0    2    1       495   10    8    7    6    2    0    0
    4   24    5    2    2    0    0    2    1      2752    5   10    9    0    0    0    0
    4   25    3    2    6    0    0    2    1       497    3    8    6    9    5    2    7
    5    1    5    1    6    6    1    1    1       821    8    7    2   10    6    9    8
    5    2    4    2    2    0    0    2    1       504    4    2    8    0    0    0    0
    5    3    3    2    6    0    0    2    1       611    3    5    8    9    2   10    6
    5    4    3    2    4    0    0    2    1       500    3    6    9    2   10    0    0
    5    5    5    2    4    0    0    2    1       889    9    8    7    5    2    0    0
    5    6    5    1    4    4    1    1    1       656    8    6    1    9    8    0    0
    5    7    5    1    2    1    2    1    1       761   10   10    7    0    0    0    0
    5    8    5    1    4    2    3    1    1       773    9    6    9    2    5    0    0
    5    9    1    1    6    1    6    1    1       709    1    1    6    8    5    7   10
    5   10    5    1    2    2    1    1    1       669    5   10    5    0    0    0    0
    5   11    5    2    6    0    0    2    1       769    9    7    2    6    5    8   10
    5   12    1    1    4    4    1    1    1       731    1   10    9    5    1    0    0
    5   13    1    1    4    2    3    1    1       583    1    5    1    9    8    0    0
    5   14    5    1    6    5    2    1    1       543    7    2    9    8    6    7   10
    5   15    3    2    6    0    0    2    1       616    3    5    6    9   10    7    2
    5   16    2    1    2    1    2    1    1       611    2    2   10    0    0    0    0
    5   17    5    1    4    2    3    2    0       757    9    2    9    7   10    0    0
    5   18    5    2    6    0    0    2    1      1061   10    9    2    5    8    6    7
    5   19    5    1    2    1    2    1    1       735    6    6    9    0    0    0    0
    5   20    5    1    6    6    1    1    1       816   10    5    7    2    6    8   10
    5   21    2    1    4    2    3    1    1       761    2    5    2    7    9    0    0
    5   22    3    2    4    0    0    2    1       756    3    8    9    7    6    0    0
    5   23    1    1    6    2    5    1    1       725    1    7    1    6   10    5    9
    5   24    5    1    4    4    1    1    1       450   10    6    5    2   10    0    0
    5   25    5    2    4    0    0    2    1       665   10    9    7    2    5    0    0
    6    1    3    2    4    0    0    2    1       558    3    2   10    6    8    0    0
    6    2    5    1    4    1    4    1    1       913    7    7    9    2    5    0    0
    6    3    3    2    4    0    0    2    1       694    3    8    7    9    2    0    0
    6    4    5    2    6    0    0    2    1      1001    8    6    5    7    2    9   10
    6    5    2    1    6    3    4    1    1       560    2    8    9    2    5    7    6
    6    6    2    1    4    4    1    1    1       451    2    5   10    6    2    0    0
    6    7    3    2    2    0    0    2    1       533    3    8    1    0    0    0    0
    6    8    5    2    6    0    0    2    1       702    6    9    5    7   10    2    8
    6    9    3    2    6    0    0    2    1       497    3   10    2    8    5    7    9
    6   10    5    1    2    1    2    1    1       657    6    6    2    0    0    0    0
    6   11    3    2    6    0    0    2    1       597    3    9    6   10    5    2    8
    6   12    3    2    2    0    0    2    1       529    3    1    7    0    0    0    0
    6   13    4    2    6    0    0    2    1       539    4    6    2   10    7    8    5
    6   14    3    2    2    0    0    2    1       570    3    7    6    0    0    0    0
    6   15    5    1    6    6    1    1    1       674    9    5    8    6    7    2    9
    6   16    3    2    6    0    0    2    1       566    3    5    8    2    7    6   10
    6   17    3    2    4    0    0    2    1       441    3    7    9    2    5    0    0
    6   18    5    2    6    0    0    1    0       934    5    8    9    6    7    2   10
    6   19    5    2    4    0    0    2    1       842    6   10    2    7    9    0    0
    6   20    5    2    4    0    0    2    1       466    8    5    9   10    2    0    0
    6   21    3    2    6    0    0    2    1       590    3    8    5    2   10    6    7
    6   22    5    2    2    0    0    2    1      1450    8    6   10    0    0    0    0
    6   23    5    2    6    0    0    2    1      1055    8    6    9    2    5   10    7
    6   24    5    2    6    0    0    2    1      1508    7    5    6    9    8   10    2
    6   25    1    1    2    2    1    1    1       428    1    5    1    0    0    0    0
    7    1    5    2    2    0    0    2    1       795    6    9    7    0    0    0    0
    7    2    5    2    6    0    0    2    1       651    5    8    9    7    6    2   10
    7    3    3    2    6    0    0    2    1       527    3    9    7    2    8   10    6
    7    4    5    1    2    2    1    1    1       478    7    2    7    0    0    0    0
    7    5    5    1    2    1    2    1    1       495    9    9    2    0    0    0    0
    7    6    5    1    6    6    1    1    1       475   10    9    5    8    2    7   10
    7    7    3    2    2    0    0    2    1       492    3    5    8    0    0    0    0
    7    8    5    2    4    0    0    2    1       722    9    2   10    7    6    0    0
    7    9    5    1    2    1    2    2    0       937    5    5    6    0    0    0    0
    7   10    5    1    2    2    1    1    1       520   10    8   10    0    0    0    0
    7   11    3    2    4    0    0    2    1       509    3    8    2    5    9    0    0
    7   12    3    2    2    0    0    2    1       509    3    2    7    0    0    0    0
    7   13    5    1    6    6    1    1    1       583    5   10    7    9    8    2    5
    7   14    3    2    2    0    0    2    1       436    3    2   10    0    0    0    0
    7   15    1    1    6    4    3    1    1       897    1    7    9    5    1    8    6
    7   16    5    1    2    2    1    1    1       449   10    7   10    0    0    0    0
    7   17    5    2    2    0    0    2    1       627    8    2   10    0    0    0    0
    7   18    5    1    4    3    2    1    1       420    8    9    2    8    7    0    0
    7   19    2    1    4    2    3    1    1       941    2    9    2    5    7    0    0
    7   20    5    1    4    4    1    1    1       656    5    7    8    2    5    0    0
    7   21    5    1    4    3    2    1    1       448    8    2    9    8   10    0    0
    7   22    5    1    4    4    1    1    1       343    8    9    2    7    8    0    0
    7   23    5    2    6    0    0    2    1       536    6    2    5   10    9    7    8
    7   24    2    1    2    1    2    1    1       487    2    2   10    0    0    0    0
    7   25    5    2    6    0    0    2    1       738    7   10    8    9    2    5    6    1
