    1    1    5    2    2    0    0    2    1      1539   10    5    9    0    0    0    0
    1    2    5    1    2    2    1    1    1       695    5    6    5    0    0    0    0
    1    3    1    1    4    2    3    1    1      1137    1    6    1    8    5    0    0
    1    4    5    1    4    3    2    1    1       764    6    8   10    6    7    0    0
    1    5    1    1    4    4    1    1    1       678    1    6    5    7    1    0    0
    1    6    5    1    4    3    2    1    1       706    6    5    2    6    7    0    0
    1    7    2    1    4    1    4    1    1       862    2    2   10    6    5    0    0
    1    8    5    1    2    1    2    1    1       527    5    5    8    0    0    0    0
    1    9    5    2    4    0    0    2    1       627    7    5    8    2   10    0    0
    1   10    5    1    4    1    4    1    1      1491    9    9    8    2   10    0    0
    1   11    5    1    4    4    1    1    1      1455    8    9    6    2    8    0    0
    1   12    2    1    4    3    2    1    1      1453    2    5   10    2    7    0    0
    1   13    5    1    4    1    4    1    1       363    5    5    7    2    8    0    0
    1   14    3    2    2    0    0    2    1       639    3   10    5    0    0    0    0
    1   15    1    1    2    2    1    1    1      1242    1    7    1    0    0    0    0
    1   16    3    2    2    0    0    2    1       491    3    9    7    0    0    0    0
    1   17    5    1    6    2    5    1    1      1493    8    5    8    9    7    2    6
    1   18    5    2    2    0    0    2    1       620    9    2    6    0    0    0    0
    1   19    5    2    6    0    0    2    1      1025    9    2    6    5    8   10    7
    1   20    2    1    6    5    2    1    1      1366    2    7    8    6   10    2    5
    1   21    4    2    6    0    0    2    1       780    4    7    6    2    9   10    5
    1   22    5    1    6    3    4    1    1      1083    7    5    8    7    9    2   10
    1   23    3    2    2    0    0    2    1       420    3    6    7    0    0    0    0
    1   24    5    1    4    4    1    1    1       716   10    8    9    7   10    0    0
    1   25    2    1    6    6    1    1    1       830    2   10    7    8    9    6    2
    2    1    5    1    4    3    2    1    1       957    7    2    8    7    9    0    0
    2    2    3    2    4    0    0    2    1       656    3    7   10    5    2    0    0
    2    3    5    2    4    0    0    2    1       911    8    2    7   10    6    0    0
    2    4    3    2    6    0    0    2    1       584    3    7   10    5    6    9    2
    2    5    5    2    6    0    0    1    0       847    9    8    6    2   10    7    5
    2    6    1    1    6    2    5    1    1       747    1    6    1    9   10    7    5
    2    7    5    1    2    1    2    1    1       529    6    6    2    0    0    0    0
    2    8    5    2    6    0    0    1    0       570    6    9    7   10    5    2    8
    2    9    3    2    2    0    0    2    1       471    3    8    6    0    0    0    0
    2   10    3    2    2    0    0    2    1       440    3    5    2    0    0    0    0
    2   11    2    1    6    5    2    1    1       581    2    9    6    5    8    2    7
    2   12    5    2    4    0    0    2    1       406    9    2   10    8    5    0    0
    2   13    5    1    2    1    2    1    1       553    7    7   10    0    0    0    0
    2   14    3    2    4    0    0    2    1       541    3    6    2    5    8    0    0
    2   15    5    2    2    0    0    2    1       427    6   10    8    0    0    0    0
    2   16    3    2    4    0    0    2    1       387    3   10    6    7    9    0    0
    2   17    5    1    6    1    6    1    1       753    8    8    9    6    5    2   10
    2   18    3    2    2    0    0    2    1       518    3    2    7    0    0    0    0
    2   19    5    1    4    3    2    1    1       555    5    7    2    5   10    0    0
    2   20    2    1    4    4    1    1    1       414    2    5    7    8    2    0    0
    2   21    4    2    6    0    0    2    1       508    4    8    5   10    2    9    7
    2   22    5    1    6    4    3    1    1       646    7    8    5    2    7    6    9
    2   23    2    1    2    1    2    1    1       496    2    2    7    0    0    0    0
    2   24    1    1    2    1    2    1    1       384    1    1    5    0    0    0    0
    2   25    5    1    2    2    1    1    1       420    7   10    7    0    0    0    0
    3    1    5    1    4    1    4    1    1       696    8    8    6    5    2    0    0
    3    2    5    1    4    3    2    1    1       468    7   10    9    7    5    0    0
    3    3    4    2    2    0    0    2    1       486    4    5    2    0    0    0    0
    3    4    2    1    6    4    3    1    1       609    2    7    9    6    2    8    5
    3    5    3    2    6    0    0    2    1       518    3   10    2    5    6    8    7
    3    6    5    1    2    1    2    1    1       438   10   10    6    0    0    0    0
    3    7    5    1    6    2    5    1    1       419    5    7    5    9    6    2    8
    3    8    5    2    2    0    0    2    1       422    6    9    2    0    0    0    0
    3    9    2    1    4    2    3    1    1       462    2    6    2   10    7    0    0
    3   10    5    2    6    0    0    1    0       489    7    9    8    6    2   10    5
    3   11    3    2    2    0    0    2    1       425    3    8    6    0    0    0    0
    3   12    2    1    6    2    5    1    1       551    2    9    2   10    6    5    7
    3   13    2    1    2    2    1    1    1       485    2    7    2    0    0    0    0
    3   14    2    1    4    2    3    1    1       378    2   10    2    5    6    0    0
    3   15    3    2    4    0    0    2    1       484    3    8    7    6    2    0    0
    3   16    3    2    2    0    0    2    1       373    3    7   10    0    0    0    0
    3   17    5    2    2    0    0    2    1       410   10    6    2    0    0    0    0
    3   18    5    1    2    2    1    1    1       765    8    9    8    0    0    0    0
    3   19    4    2    6    0    0    2    1       493    4    2    7    5    8    6    9
    3   20    1    1    6    3    4    1    1       583    1    5    8    1    9    7   10
    3   21    3    2    4    0    0    2    1       457    3    8   10    5    2    0    0
    3   22    5    2    2    0    0    2    1       411    6    5   10    0    0    0    0
    3   23    3    2    6    0    0    2    1       441    3    8    5    9    6   10    2
    3   24    5    2    2    0    0    2    1       379    5    7    6    0    0    0    0
    3   25    3    2    6    0    0    2    1       537    3    8   10    2    5    9    6
    4    1    3    2    6    0    0    2    1       444    3    6   10    2    5    9    8
    4    2    5    2    6    0    0    2    1       952    8    2   10    6    5    9    7
    4    3    3    2    4    0    0    2    1       379    3    2    6    7    8    0    0
    4    4    3    2    2    0    0    2    1       352    3   10    2    0    0    0    0
    4    5    5    2    2    0    0    2    1       326   10    2    9    0    0    0    0
    4    6    5    2    4    0    0    2    1       434   10    5    7    2    6    0    0
    4    7    5    1    2    1    2    1    1       516   10   10    5    0    0    0    0
    4    8    5    2    2    0    0    2    1       403    8    2   10    0    0    0    0
    4    9    5    2    4    0    0    2    1       396   10    5    6    2    8    0    0
    4   10    5    2    6    0    0    1    0       425    5    6    2    9    7   10    8
    4   11    5    1    4    3    2    1    1       802    9    5    1    9   10    0    0
    4   12    5    2    4    0    0    2    1       715    9    5    2    7   10    0    0
    4   13    5    2    4    0    0    2    1       487    9    2    6   10    7    0    0
    4   14    5    2    4    0    0    2    1       893    5    8    9    2    6    0    0
    4   15    5    1    6    4    3    1    1       647   10    7    5    2   10    8    9
    4   16    1    1    2    1    2    1    1       497    1    1    9    0    0    0    0
    4   17    1    1    4    4    1    1    1       502    1    8    7    5    1    0    0
    4   18    2    1    2    1    2    1    1       534    2    2    9    0    0    0    0
    4   19    5    2    4    0    0    2    1       586    7    6    5    8   10    0    0
    4   20    1    1    4    2    3    1    1       428    1    8    1    5    7    0    0
    4   21    1    1    6    2    5    1    1       632    1   10    1    9    6    7    8
    4   22    2    1    4    1    4    1    1       359    2    2   10    9    6    0    0
    4   23    5    2    2    0    0    2    1       381    8    7    6    0    0    0    0
    4   24    5    2    6    0    0    2    1       956    8    5    2    9    6   10    7
    4   25    5    2    4    0    0    2    1       607    6    2    8    5    9    0    0
    5    1    3    2    2    0    0    2    1       390    3    7    5    0    0    0    0
    5    2    5    1    4    2    3    1    1       640    9    6    9    7    2    0    0
    5    3    1    1    4    3    2    1    1       464    1    5    8    1    9    0    0
    5    4    1    1    6    5    2    1    1       524    1    7    5    9    8    1    6
    5    5    5    1    4    1    4    1    1       576    9    9    8    2    7    0    0
    5    6    3    2    6    0    0    2    1       486    3    2    9    7    6    8    5
    5    7    3    2    4    0    0    2    1       444    3    2    6   10    9    0    0
    5    8    1    1    4    2    3    1    1       787    1    6    1    7    8    0    0
    5    9    5    1    2    2    1    1    1       376    8   10    8    0    0    0    0
    5   10    5    1    2    2    1    1    1       365    8   10    8    0    0    0    0
    5   11    5    1    6    5    2    1    1       540    9    5    7    2   10    9    6
    5   12    5    1    2    1    2    1    1       363    6    6    1    0    0    0    0
    5   13    3    2    6    0    0    2    1       458    3    6    2    5    7    8   10
    5   14    5    1    4    2    3    1    1       418    6   10    6    2    8    0    0
    5   15    5    1    2    1    2    1    1       357    8    8    2    0    0    0    0
    5   16    5    1    4    3    2    1    1       592    7    2    6    7    9    0    0
    5   17    2    1    4    4    1    1    1       434    2    8    7    9    2    0    0
    5   18    5    2    2    0    0    2    1       612    6    7   10    0    0    0    0
    5   19    5    2    6    0    0    2    1       665    8    5    7    2   10    9    6
    5   20    2    1    4    1    4    1    1       648    2    2    6    9    7    0    0
    5   21    3    2    2    0    0    2    1       337    3    7    6    0    0    0    0
    5   22    2    1    4    4    1    1    1       509    2    6    8   10    2    0    0
    5   23    5    2    6    0    0    2    1       807    7   10    2    9    5    8    6
    5   24    1    1    2    2    1    1    1       475    1   10    1    0    0    0    0
    5   25    3    2    4    0    0    2    1       497    3    2    5    6    9    0    0
    6    1    1    1    4    3    2    1    1       421    1    6    9    1    5    0    0
    6    2    5    1    2    1    2    1    1       472    8    8    2    0    0    0    0
    6    3    5    1    4    3    2    1    1      1071    7    2    8    7   10    0    0
    6    4    5    1    6    6    1    1    1       610    6    8    9    7    2   10    6
    6    5    4    2    2    0    0    2    1       414    4    9    2    0    0    0    0
    6    6    1    1    4    2    3    1    1       486    1    8    1    9    6    0    0
    6    7    2    1    4    1    4    1    1       396    2    2    7   10    6    0    0
    6    8    5    2    6    0    0    2    1       682    9    5   10    2    7    6    8
    6    9    5    1    2    1    2    1    1       355    6    6    2    0    0    0    0
    6   10    5    1    2    2    1    1    1       616    7    9    7    0    0    0    0
    6   11    5    1    4    3    2    1    1       360    6    5   10    6    2    0    0
    6   12    1    1    4    1    4    1    1       498    1    1    6    5    8    0    0
    6   13    5    2    4    0    0    2    1       647    6    7    8   10    2    0    0
    6   14    5    1    4    1    4    1    1       582    9    9    8    6    2    0    0
    6   15    2    1    2    2    1    1    1       435    2    9    2    0    0    0    0
    6   16    5    2    4    0    0    2    1       602    7    8    9    6    1    0    0
    6   17    5    1    2    2    1    1    1       550    5   10    5    0    0    0    0
    6   18    3    2    6    0    0    2    1       430    3   10    6    5    7    2    9
    6   19    4    2    4    0    0    2    1       533    4    8    2    7   10    0    0
    6   20    5    1    4    4    1    1    1       649    7    9    8    6    7    0    0
    6   21    1    1    6    5    2    1    1       589    1    7   10    9    6    1    8
    6   22    5    1    4    4    1    1    1       542   10    2    6    7   10    0    0
    6   23    5    2    6    0    0    2    1       599    7    5    9   10    6    2    8
    6   24    5    2    2    0    0    2    1       547    5    7    2    0    0    0    0
    6   25    2    1    2    1    2    1    1       465    2    2    6    0    0    0    0
    7    1    5    1    6    6    1    1    1       346    9    6    5    2    8   10    9
    7    2    5    1    4    1    4    1    1       484    5    5    7    2    8    0    0
    7    3    4    2    2    0    0    2    1       340    4    2    8    0    0    0    0
    7    4    5    2    4    0    0    2    1       368    7    6   10    8    2    0    0
    7    5    5    1    2    1    2    1    1       645    7    7   10    0    0    0    0
    7    6    5    1    6    3    4    1    1       665    9    2   10    9    6    7    8
    7    7    5    2    4    0    0    2    1       376    7    2    8    9   10    0    0
    7    8    5    1    2    2    1    1    1       397   10    2   10    0    0    0    0
    7    9    1    1    2    1    2    1    1       481    1    1    9    0    0    0    0
    7   10    2    1    4    3    2    1    1       534    2    5    7    2    8    0    0
    7   11    5    1    4    4    1    1    1       378    9    2    5    6    9    0    0
    7   12    5    2    2    0    0    2    1       399    5    8    1    0    0    0    0
    7   13    5    2    4    0    0    2    1       520    7    6    2    5    8    0    0
    7   14    5    2    2    0    0    2    1       375    6    8    2    0    0    0    0
    7   15    5    1    2    2    1    1    1       620    5    2    5    0    0    0    0
    7   16    5    1    2    2    1    1    1       359    6    9    6    0    0    0    0
    7   17    5    2    4    0    0    2    1       466    8    5    6    9   10    0    0
    7   18    5    1    2    2    1    1    1       547    8   10    8    0    0    0    0
    7   19    3    2    2    0    0    2    1       417    3    9    8    0    0    0    0
    7   20    5    2    4    0    0    2    1       393    7    5    9   10    2    0    0
    7   21    5    2    6    0    0    2    1       408    7   10    6    8    5    2    9
    7   22    5    1    4    2    3    1    1      1713    7    2    7    8    9    0    0
    7   23    5    1    4    3    2    1    1       485    8    5    9    8    2    0    0
    7   24    5    2    2    0    0    2    1       502    8    2    6    0    0    0    0
    7   25    2    1    4    3    2    1    1       539    2    5   10    2    6    0    0    1
