    1    1    5    1    6    1    6    1    1      4559   10   10    2    8    5    6    7
    1    2    3    2    6    0    0    2    1      2998    3    2    8    9    5    6   10
    1    3    1    1    6    1    6    1    1      2908    1    1    8    6    5    7   10
    1    4    1    1    4    4    1    1    1      2818    1    6    7    5    1    0    0
    1    5    5    1    6    2    5    1    1      2256    8    2    8    7   10    9    5
    1    6    4    2    2    0    0    2    1      2696    4    7    9    0    0    0    0
    1    7    3    2    2    0    0    2    1      4992    3   10    7    0    0    0    0
    1    8    5    2    6    0    0    2    1      2327    6    7    2   10    9    5    8
    1    9    5    1    6    4    3    1    1      1625    7    9    8    2    7   10    5
    1   10    2    1    4    4    1    1    1      1970    2    9    7    5    2    0    0
    1   11    1    1    6    4    3    1    1      1986    1    9    8    6    1   10    7
    1   12    5    2    4    0    0    2    1      1660    8    6    5    7    9    0    0
    1   13    4    2    4    0    0    2    1      2051    4    7    8    2    6    0    0
    1   14    2    1    6    5    2    1    1      4304    2    6   10    7    5    2    9
    1   15    5    2    6    0    0    2    1      2690   10    6    8    9    7    2    5
    1   16    5    1    4    2    3    1    1      4224   10    2   10    8    9    0    0
    1   17    5    1    6    2    5    1    1      2966    7    6    7    5    9    2   10
    1   18    5    2    4    0    0    2    1      2361    7   10    5    6    2    0    0
    1   19    5    1    2    2    1    1    1      2495    5    7    5    0    0    0    0
    1   20    3    2    4    0    0    2    1      1605    3    6    7    9    2    0    0
    1   21    5    2    4    0    0    2    1      1982    7    9    6    2   10    0    0
    1   22    3    2    6    0    0    2    1      1406    3    6    7   10    2    9    8
    1   23    5    1    2    2    1    1    1      1465    9    2    9    0    0    0    0
    1   24    5    1    6    3    4    1    1      1837   10    9    6   10    7    5    2
    1   25    5    1    4    1    4    2    0      8397    9    9   10    2    7    0    0
    2    1    1    1    6    1    6    1    1      2611    1    1    7    5    6    9    8
    2    2    5    1    2    1    2    1    1      9503    9    9    5    0    0    0    0
    2    3    5    1    6    2    5    1    1      2530    6    8    6   10    2    5    9
    2    4    5    1    2    1    2    1    1      1281    7    7    2    0    0    0    0
    2    5    5    1    6    1    6    1    1      2172    6    6    5    7    2    8   10
    2    6    5    2    2    0    0    2    1      8889    9    6    7    0    0    0    0
    2    7    5    1    4    3    2    1    1      1535    8    5    6    8    9    0    0
    2    8    5    1    4    3    2    1    1      1451    6   10    2    6    8    0    0
    2    9    5    1    2    2    1    1    1      2581    8    6    8    0    0    0    0
    2   10    3    2    2    0    0    2    1      1874    3    2    8    0    0    0    0
    2   11    3    2    6    0    0    2    1      1222    3    2    6    8    9   10    7
    2   12    5    1    2    1    2    1    1      1961   10   10    5    0    0    0    0
    2   13    5    2    4    0    0    2    1      1460    8   10    9    6    2    0    0
    2   14    5    1    4    1    4    1    1      1636    9    9    5    6    2    0    0
    2   15    3    2    4    0    0    2    1      1132    3    5   10    2    7    0    0
    2   16    3    2    6    0    0    2    1      1165    3   10    8    6    9    5    2
    2   17    5    1    4    1    4    1    1      1256    9    9    8    7    2    0    0
    2   18    1    1    2    1    2    1    1      1530    1    1    8    0    0    0    0
    2   19    4    2    4    0    0    2    1      1318    4    7    2    5   10    0    0
    2   20    5    2    2    0    0    2    1      2581    8    9    2    0    0    0    0
    2   21    5    1    4    1    4    1    1      1847    8    8    5    7    2    0    0
    2   22    3    2    4    0    0    2    1      1062    3    2   10    9    6    0    0
    2   23    5    2    4    0    0    2    1      1797    6    2    7   10    9    0    0
    2   24    5    2    4    0    0    2    1      3639   10    8    6    2    9    0    0
    2   25    5    1    4    4    1    1    1      1582    6   10    8    9    6    0    0
    3    1    1    1    4    3    2    1    1      2543    1    6    5    1    8    0    0
    3    2    5    1    6    3    4    1    1      1320    9    7    5    9    8    2    6
    3    3    5    1    6    1    6    1    1      2002    5    5    2    7   10    6    8
    3    4    4    2    4    0    0    2    1      1195    4    8    2   10    9    0    0
    3    5    5    1    4    1    4    1    1      2037    7    7    8    2    9    0    0
    3    6    3    2    2    0    0    2    1      2728    3    5   10    0    0    0    0
    3    7    5    2    6    0    0    1    0      3082    8    5    9    7   10    2    6
    3    8    3    2    6    0    0    2    1      1293    3    9    6    5    7    8    2
    3    9    3    2    2    0    0    2    1      1838    3   10    7    0    0    0    0
    3   10    5    1    4    3    2    1    1      1294   10    9    2   10    5    0    0
    3   11    3    2    4    0    0    2    1      1219    3    6   10    1    5    0    0
    3   12    3    2    4    0    0    2    1      1420    3    9    2    5    6    0    0
    3   13    3    2    2    0    0    2    1      1527    3    8    6    0    0    0    0
    3   14    5    1    6    6    1    1    1      1849    5    8    6   10    7    2    5
    3   15    5    2    2    0    0    1    0      5235    8    7    5    0    0    0    0
    3   16    5    1    4    4    1    1    1      2139    7    9    8    2    7    0    0
    3   17    3    2    6    0    0    2    1      1188    3    2    6    8    5    9   10
    3   18    5    1    2    1    2    1    1      1529   10   10    6    0    0    0    0
    3   19    3    2    2    0    0    2    1      1552    3    2    9    0    0    0    0
    3   20    1    1    2    2    1    1    1      1334    1    6    1    0    0    0    0
    3   21    5    1    2    2    1    1    1      1061    5    9    5    0    0    0    0
    3   22    3    2    6    0    0    2    1      1113    3    2    8    5    9   10    6
    3   23    3    2    2    0    0    2    1      1217    3    6    7    0    0    0    0
    3   24    3    2    4    0    0    2    1      1065    3   10    2    8    9    0    0
    3   25    5    2    4    0    0    2    1      3480    5    7    9    2    6    0    0
    4    1    5    2    4    0    0    1    0      2166    5    7   10    6    2    0    0
    4    2    5    2    6    0    0    2    1      1870    9    8   10    7    2    6    5
    4    3    1    1    4    2    3    1    1      1340    1    7    1   10    8    0    0
    4    4    1    1    4    1    4    1    1      1184    1    1    7   10    5    0    0
    4    5    5    1    4    3    2    1    1      1802   10    1    8   10    5    0    0
    4    6    5    1    4    2    3    1    1      1371   10    9   10    6    2    0    0
    4    7    5    1    2    2    1    1    1      2872    8   10    8    0    0    0    0
    4    8    3    2    6    0    0    2    1      1348    3    7    6    9   10    2    8
    4    9    5    1    6    2    5    1    1      1965    5    2    5    9   10    6    7
    4   10    3    2    2    0    0    2    1      1138    3    2   10    0    0    0    0
    4   11    4    2    4    0    0    2    1      1422    4    8    1    6   10    0    0
    4   12    5    2    2    0    0    2    1      3674    8    2    9    0    0    0    0
    4   13    4    2    2    0    0    2    1      1179    4    5   10    0    0    0    0
    4   14    3    2    2    0    0    2    1      1264    3    7    2    0    0    0    0
    4   15    1    1    4    1    4    1    1      1895    1    1   10    9    7    0    0
    4   16    2    1    4    4    1    1    1      1476    2    6    5    9    2    0    0
    4   17    5    2    2    0    0    2    1      1933    8    9    7    0    0    0    0
    4   18    5    2    2    0    0    2    1      1620    7   10    2    0    0    0    0
    4   19    5    2    4    0    0    2    1      1773    7    2    6    9    8    0    0
    4   20    5    2    4    0    0    2    1      3343    9    6    2    5    7    0    0
    4   21    3    2    2    0    0    2    1      1182    3    6    9    0    0    0    0
    4   22    4    2    6    0    0    2    1      1149    4    8   10    9    6    2    5
    4   23    5    2    6    0    0    2    1      2334    8    9   10    6    7    5    2
    4   24    1    1    2    2    1    1    1      1205    1    5    1    0    0    0    0
    4   25    5    1    4    3    2    1    1      1918    6    7    9    6   10    0    0
    5    1    5    1    4    4    1    1    1      1418    5    7    8    2    5    0    0
    5    2    5    2    6    0    0    2    1      1648   10    8    2    7    5    6    9
    5    3    4    2    6    0    0    2    1      1053    4   10    5    2    8    7    9
    5    4    3    2    6    0    0    2    1      1282    3    9    5   10    7    6    2
    5    5    3    2    6    0    0    2    1      1181    3    6    8   10    5    9    2
    5    6    5    2    6    0    0    2    1      3532    5    6    8    9   10    7    2
    5    7    2    1    4    3    2    1    1      1447    2    8    6    2    7    0    0
    5    8    5    1    2    2    1    1    1      4978   10    5   10    0    0    0    0
    5    9    5    1    4    2    3    1    1      1683    5    9    5    8    2    0    0
    5   10    3    2    4    0    0    2    1      1176    3    8    9    5    6    0    0
    5   11    2    1    4    2    3    1    1      1619    2   10    2    7    8    0    0
    5   12    5    1    2    2    1    1    1      1110    7    6    7    0    0    0    0
    5   13    5    1    4    4    1    1    1      1220    5    2    8    7    5    0    0
    5   14    2    1    6    2    5    1    1      1473    2    5    2    9    8    7   10
    5   15    5    1    4    4    1    1    1      1055    8    7    2    6    8    0    0
    5   16    5    1    4    4    1    1    1       991    8    5    9    7    8    0    0
    5   17    5    1    6    1    6    2    0      3446    8    8    7    2    6    5    9
    5   18    5    2    4    0    0    2    1      2086    5    8    6    9    2    0    0
    5   19    5    1    6    1    6    1    1      3265    6    6    8    5    9   10    2
    5   20    5    1    4    2    3    1    1      3512    5    2    5    9    7    0    0
    5   21    1    1    2    1    2    1    1      2112    1    1    6    0    0    0    0
    5   22    5    2    2    0    0    2    1      1407    6    9    7    0    0    0    0
    5   23    5    1    6    6    1    1    1      1989    6    2    7   10    9    5    6
    5   24    1    1    2    1    2    1    1      1321    1    1    8    0    0    0    0
    5   25    5    1    6    3    4    1    1      2979    9    5    7    9    6    8    2
    6    1    5    2    2    0    0    2    1      3877   10    5    8    0    0    0    0
    6    2    5    2    4    0    0    1    0      1972    8    5    7    9    2    0    0
    6    3    4    2    6    0    0    2    1      1107    4    9   10    7    8    2    6
    6    4    5    2    4    0    0    2    1      2016   10    2    6    7    8    0    0
    6    5    5    1    2    2    1    1    1      2019    6    5    6    0    0    0    0
    6    6    1    1    4    3    2    1    1      1644    1    8    5    1    6    0    0
    6    7    2    1    4    3    2    1    1      1268    2    7    6    2    9    0    0
    6    8    5    2    4    0    0    2    1      1563    5    9    2    7    8    0    0
    6    9    1    1    6    6    1    1    1      1227    1    9    5    7    8   10    1
    6   10    5    2    2    0    0    2    1      1422    7    5   10    0    0    0    0
    6   11    2    1    6    1    6    1    1      1812    2    2   10    6    9    5    8
    6   12    1    1    4    3    2    1    1      1557    1    5    6    1    7    0    0
    6   13    5    1    6    5    2    1    1      2005    8    6    2    5   10    8    9
    6   14    5    2    6    0    0    2    1      5651    8   10    2    9    7    6    5
    6   15    2    1    4    2    3    1    1      1547    2    9    2   10    7    0    0
    6   16    5    1    4    1    4    1    1      1654    7    7    6    2   10    0    0
    6   17    1    1    6    3    4    1    1      1875    1    8    9    1    5   10    7
    6   18    5    1    4    2    3    1    1      1216    6    2    6    5    9    0    0
    6   19    5    2    4    0    0    2    1      2025   10    6    8    2    9    0    0
    6   20    5    1    6    5    2    2    0      5463    6    5   10    2    9    6    7
    6   21    2    1    4    3    2    1    1      1334    2    6    7    2    9    0    0
    6   22    2    1    4    4    1    1    1      1274    2   10    8    5    2    0    0
    6   23    5    2    6    0    0    2    1      1830   10    7    6    9    5    8    2
    6   24    5    2    6    0    0    2    1      4587    6    5    2   10    9    8    7
    6   25    3    2    4    0    0    2    1      1389    3    6    5    2    7    0    0
    7    1    5    1    6    5    2    2    0      4252   10    9    2    5    6   10    8
    7    2    3    2    2    0    0    2    1      1062    3   10    6    0    0    0    0
    7    3    5    2    4    0    0    2    1      1573   10    8    9    2    7    0    0
    7    4    2    1    2    2    1    1    1      1323    2    9    2    0    0    0    0
    7    5    2    1    2    2    1    1    1      1273    2    8    2    0    0    0    0
    7    6    5    1    4    3    2    1    1      1616    8    9    5    8    2    0    0
    7    7    5    1    2    1    2    1    1      8131    9    9    8    0    0    0    0
    7    8    2    1    2    1    2    1    1      1490    2    2    5    0    0    0    0
    7    9    1    1    2    2    1    1    1      2347    1    8    1    0    0    0    0
    7   10    5    2    4    0    0    2    1      1509    8    5    9    2    6    0    0
    7   11    3    2    6    0    0    2    1      1096    3    6    7    5    2    8   10
    7   12    5    2    2    0    0    2    1      1745    5    2   10    0    0    0    0
    7   13    5    1    2    1    2    1    1      1359    6    6    2    0    0    0    0
    7   14    5    2    6    0    0    1    0      5896    5    8    7    9    2   10    6
    7   15    3    2    2    0    0    2    1       928    3    2    6    0    0    0    0
    7   16    5    1    4    3    2    1    1      2261   10    8    2   10    9    0    0
    7   17    5    1    4    4    1    1    1      1140    5    2   10    6    5    0    0
    7   18    5    2    4    0    0    2    1      1600    7   10    9    2    5    0    0
    7   19    3    2    6    0    0    2    1      1599    3    7    8    9   10    5    2
    7   20    5    1    2    1    2    1    1      1635    5    5   10    0    0    0    0
    7   21    3    2    6    0    0    2    1      1584    3    9    6    8   10    2    5
    7   22    5    2    4    0    0    2    1      1626    5    8    2    9    6    0    0
    7   23    5    1    4    2    3    1    1      1475    8   10    8    5    9    0    0
    7   24    5    2    4    0    0    2    1      1522    5   10    2    8    9    0    0
    7   25    5    1    6    1    6    1    1      1299    5    5    2    9    8    6    7    1
