    1    1    5    2    2    0    0    2    1      3301   10    6    9    0    0    0    0
    1    2    2    1    6    3    4    1    1      1663    2    5    6    2    7    9    8
    1    3    3    2    4    0    0    1    0      1702    3    5    9    7    2    0    0
    1    4    5    1    6    2    5    1    1      1456    5    2    5    8    7   10    9
    1    5    5    1    2    2    1    1    1     12650    8    7    8    0    0    0    0
    1    6    5    2    4    0    0    1    0      3129    5   10    9    8    6    0    0
    1    7    5    1    4    4    1    1    1       949    8    5    2    9    8    0    0
    1    8    5    1    6    5    2    1    1       974    9    2    6    8    5    9   10
    1    9    5    2    2    0    0    1    0      5147    6    2    9    0    0    0    0
    1   10    5    1    4    1    4    1    1      1014    5    5    2    7   10    0    0
    1   11    4    2    4    0    0    2    1      1815    4    7    6    9    2    0    0
    1   12    2    1    6    2    5    1    1      1196    2   10    2    9    7    5    8
    1   13    5    1    6    3    4    1    1      2091    5   10    2    5    6    7    8
    1   14    5    1    4    1    4    1    1      1569    8    8    2    6    5    0    0
    1   15    5    2    6    0    0    2    1      1249    9    2   10    8    6    5    7
    1   16    3    2    6    0    0    2    1      1981    3    7    8   10    9    2    5
    1   17    2    1    4    2    3    1    1      1655    2    8    2    7    6    0    0
    1   18    5    2    6    0    0    2    1      2211    6    7    8    5    2    9   10
    1   19    5    2    6    0    0    1    0      1465    9    6   10    2    7    8    5
    1   20    3    2    6    0    0    2    1      1597    3    5    9    8    6    2   10
    1   21    5    1    4    1    4    1    1      1574    5    5    2    6    8    0    0
    1   22    5    2    6    0    0    2    1      1510    7    5   10    8    6    2    9
    1   23    5    1    2    2    1    1    1      1710   10    5   10    0    0    0    0
    1   24    5    2    2    0    0    2    1      2141    9   10    2    0    0    0    0
    1   25    5    1    2    2    1    1    1      1516    8    9    8    0    0    0    0
    2    1    2    1    2    1    2    1    1      1158    2    2   10    0    0    0    0
    2    2    5    1    6    6    1    1    1      1383    5    6   10    7    2    8    5
    2    3    2    1    6    3    4    1    1      1230    2    7    8    2    5    9   10
    2    4    5    1    2    1    2    1    1       961    9    9    6    0    0    0    0
    2    5    1    1    6    6    1    1    1      1033    1   10    9    6    5    7    1
    2    6    5    1    6    3    4    1    1      1135    8    2    9    8    5    6   10
    2    7    5    1    2    2    1    1    1       869    8    6    8    0    0    0    0
    2    8    5    1    6    3    4    1    1       977    8   10    7    8    5    6    2
    2    9    4    2    2    0    0    2    1      1231    4    2    7    0    0    0    0
    2   10    5    2    6    0    0    2    1      1596    6    9    5   10    8    7    2
    2   11    5    1    6    1    6    1    1      1514    5    5    7    2    6    9   10
    2   12    5    1    4    4    1    1    1      1447   10    6    5    2   10    0    0
    2   13    5    1    2    1    2    1    1       977   10   10    9    0    0    0    0
    2   14    5    1    2    1    2    1    1      1166    9    9    8    0    0    0    0
    2   15    5    1    4    1    4    1    1      1160   10   10    2    5    7    0    0
    2   16    1    1    4    1    4    1    1      1060    1    1    5    6    8    0    0
    2   17    4    2    2    0    0    2    1      1182    4    5    9    0    0    0    0
    2   18    5    1    2    1    2    1    1      1090   10   10    7    0    0    0    0
    2   19    5    2    2    0    0    2    1      1291    9   10    6    0    0    0    0
    2   20    3    2    4    0    0    2    1      1649    3    2    7   10    5    0    0
    2   21    3    2    6    0    0    2    1      1406    3    5    8    2    6    7    9
    2   22    5    2    4    0    0    2    1      2975    7   10    2    5    8    0    0
    2   23    1    1    2    1    2    1    1      1724    1    1    9    0    0    0    0
    2   24    2    1    6    2    5    1    1      1430    2    8    2    5    9   10    6
    2   25    2    1    4    2    3    1    1      1686    2    5    2    7    6    0    0
    3    1    1    1    6    2    5    1    1      1885    1    6    1    5   10    9    8
    3    2    1    1    2    1    2    1    1      3061    1    1    7    0    0    0    0
    3    3    5    1    4    2    3    1    1      1189   10    7   10    6    2    0    0
    3    4    2    1    6    4    3    1    1      1379    2    8    5    7    2   10    9
    3    5    5    2    6    0    0    2    1      3563   10    5    6    8    9    2    7
    3    6    5    1    4    4    1    1    1      1654    8    5    2    9    8    0    0
    3    7    5    1    4    4    1    1    1      1581   10    8    2    7   10    0    0
    3    8    2    1    2    2    1    1    1      2241    2    9    2    0    0    0    0
    3    9    5    2    2    0    0    2    1      2219    5    2    8    0    0    0    0
    3   10    1    1    6    1    6    1    1      2929    1    1    7    6    9    5   10
    3   11    3    2    6    0    0    2    1      2330    3    8    2    7    6    9    5
    3   12    5    1    6    4    3    1    1      1707    5    6    2    7    5    9    8
    3   13    5    1    2    2    1    1    1      1467    7    2    7    0    0    0    0
    3   14    1    1    2    1    2    1    1      1108    1    1    7    0    0    0    0
    3   15    5    2    4    0    0    2    1      1874    9    8    5    7    2    0    0
    3   16    5    1    2    1    2    1    1      1947    7    7    9    0    0    0    0
    3   17    5    1    2    1    2    1    1      1569    6    6    2    0    0    0    0
    3   18    4    2    6    0    0    2    1      1633    4    6    8    2    5    9    7
    3   19    1    1    6    4    3    2    0      1821    1    9    6    7    1    5    8
    3   20    5    1    2    1    2    1    1      1624    5    5   10    0    0    0    0
    3   21    5    2    6    0    0    1    0      1654   10    9    6    7    2    8    5
    3   22    5    1    4    3    2    1    1      1469    5    6    9    5    2    0    0
    3   23    5    1    4    4    1    1    1      2940    9   10    6    2    9    0    0
    3   24    5    1    4    4    1    1    1      1920    6    9    8    2    6    0    0
    3   25    4    2    2    0    0    2    1      2087    4    2    7    0    0    0    0
    4    1    3    2    6    0    0    2    1      1100    3    9    6    7   10    2    5
    4    2    5    2    6    0    0    1    0      2062    5    9    7    2    8   10    6
    4    3    3    2    4    0    0    2    1      1270    3    6   10    7    2    0    0
    4    4    5    2    2    0    0    2    1      3223    6    9   10    0    0    0    0
    4    5    5    1    2    1    2    2    0      1722    5    5    8    0    0    0    0
    4    6    3    2    6    0    0    2    1      1220    3    2    7   10    8    5    9
    4    7    5    2    2    0    0    2    1      2136    5    2   10    0    0    0    0
    4    8    5    2    4    0    0    2    1      1436    9    2   10    8    6    0    0
    4    9    5    1    4    4    1    1    1      1339    9    2    5    6    9    0    0
    4   10    5    1    6    5    2    1    1      1221    8    5    7    2    6    8   10
    4   11    5    1    4    3    2    1    1      1005    7   10    2    7    8    0    0
    4   12    1    1    6    3    4    2    0      1220    1    6    5    1    7    8    9
    4   13    4    2    4    0    0    2    1      1228    4    9    5    2    7    0    0
    4   14    5    1    4    2    3    1    1      1797    7    2    7    9   10    0    0
    4   15    5    1    6    6    1    1    1      1035    6    2    9    5    7    8    6
    4   16    5    1    6    1    6    2    0      2016   10   10    7    9    2    6    8
    4   17    2    1    4    2    3    1    1      1369    2    9    2    8    7    0    0
    4   18    5    2    2    0    0    2    1      1846   10    7    2    0    0    0    0
    4   19    5    2    6    0    0    2    1      1514    6    9    8   10    5    7    2
    4   20    3    2    4    0    0    2    1      1239    3    2    6   10    7    0    0
    4   21    3    2    2    0    0    2    1      1162    3   10    5    0    0    0    0
    4   22    2    1    6    2    5    1    1      1386    2   10    2    6    7    9    8
    4   23    5    1    4    3    2    1    1      1068   10    9    2   10    6    0    0
    4   24    4    2    4    0    0    2    1       939    4    8    6    5    2    0    0
    4   25    4    2    4    0    0    2    1      1119    4    7    9    2   10    0    0
    5    1    1    1    4    4    1    1    1      3051    1    5    7    8    1    0    0
    5    2    4    2    2    0    0    2    1      5765    4    2   10    0    0    0    0
    5    3    1    1    6    1    6    2    0      1485    1    1    6   10    7    9    8
    5    4    5    2    4    0    0    1    0      1819    9    2   10    8    5    0    0
    5    5    5    1    4    4    1    1    1       971   10    7    5    2   10    0    0
    5    6    5    1    6    2    5    1    1       948    8    5    8    7    2   10    9
    5    7    3    2    4    0    0    2    1      1078    3    5    2    9   10    0    0
    5    8    5    2    4    0    0    2    1      2804   10    6    8    2    5    0    0
    5    9    5    1    2    2    1    1    1      1737    5    7    5    0    0    0    0
    5   10    5    1    2    2    1    1    1       999    9    8    9    0    0    0    0
    5   11    5    2    6    0    0    2    1      1230    7   10    2    5    6    8    9
    5   12    4    2    6    0    0    2    1       874    4    7    5    9    6    2   10
    5   13    5    1    4    2    3    1    1      1025    8    6    8    2   10    0    0
    5   14    5    1    4    4    1    1    1       754    9    2    8    5    9    0    0
    5   15    3    2    6    0    0    2    1       850    3    9    6    5    7   10    2
    5   16    5    1    2    2    1    1    1       852    9    2    9    0    0    0    0
    5   17    3    2    4    0    0    2    1      1067    3    7    2    5   10    0    0
    5   18    1    1    4    1    4    2    0      3641    1    1    8    7    5    0    0
    5   19    5    2    2    0    0    1    0      4076    8    9    6    0    0    0    0
    5   20    5    2    2    0    0    2    1      6157    7    5    2    0    0    0    0
    5   21    5    2    4    0    0    2    1      1841    8    5    7   10    2    0    0
    5   22    5    1    2    2    1    1    1      2347    8    5    8    0    0    0    0
    5   23    2    1    6    1    6    1    1      1900    2    2    5    6   10    8    9
    5   24    3    2    4    0    0    2    1      1049    3    6    2    7   10    0    0
    5   25    3    2    4    0    0    2    1      1177    3    6    9    2    7    0    0
    6    1    5    1    4    2    3    1    1      1149    7    6    7    2    9    0    0
    6    2    2    1    6    5    2    1    1      1197    2   10    8    9    7    2    5
    6    3    5    2    6    0    0    2    1      1276    5    2    8    9    7    6   10
    6    4    5    1    4    2    3    1    1      1362   10    7   10    6    2    0    0
    6    5    3    2    2    0    0    2    1      1360    3    2   10    0    0    0    0
    6    6    5    1    2    2    1    1    1      1726    6    2    6    0    0    0    0
    6    7    4    2    2    0    0    2    1      1246    4    6    5    0    0    0    0
    6    8    5    1    6    2    5    1    1      1338    9    2    9    5    7    6    8
    6    9    5    1    2    2    1    1    1      1289    7    8    7    0    0    0    0
    6   10    5    1    2    2    1    1    1      1082    7    2    7    0    0    0    0
    6   11    3    2    6    0    0    2    1      1101    3    2    8    7    5    6   10
    6   12    5    2    4    0    0    1    0      1194    6    2    9   10    5    0    0
    6   13    2    1    4    4    1    1    1      1204    2    9    6   10    2    0    0
    6   14    5    2    6    0    0    1    0      1443    6    7    5    9    8   10    2
    6   15    2    1    4    1    4    1    1      1171    2    2    6   10    7    0    0
    6   16    5    2    2    0    0    2    1      1160    8    6    5    0    0    0    0
    6   17    5    1    2    1    2    1    1      1198   10   10    7    0    0    0    0
    6   18    3    2    2    0    0    2    1      1266    3    7    1    0    0    0    0
    6   19    5    1    4    3    2    1    1      1257    8    5    6    8    2    0    0
    6   20    5    2    2    0    0    2    1      1099    9    7    5    0    0    0    0
    6   21    5    1    4    1    4    1    1      1192   10   10    2    5    8    0    0
    6   22    3    2    4    0    0    2    1      1090    3    5    7    2    6    0    0
    6   23    2    1    2    2    1    1    1      1307    2    7    2    0    0    0    0
    6   24    5    1    4    1    4    1    1      1008   10   10    2    5    7    0    0
    6   25    5    1    6    2    5    1    1      1031    7   10    7    6    9    2    8
    7    1    5    1    2    2    1    1    1      1301    9    5    9    0    0    0    0
    7    2    5    1    2    2    1    1    1       837    8    7    8    0    0    0    0
    7    3    4    2    4    0    0    2    1       797    4    2    6    8    9    0    0
    7    4    5    2    4    0    0    2    1      1286    7    2    6    8   10    0    0
    7    5    3    2    6    0    0    2    1      1233    3    6    9    2    7    5   10
    7    6    5    1    6    6    1    1    1      1007    8    6    9    2   10    5    8
    7    7    4    2    4    0    0    2    1      1152    4    6    8    5    2    0    0
    7    8    3    2    6    0    0    2    1      1089    3    2   10    8    5    7    6
    7    9    2    1    2    1    2    1    1      1210    2    2    9    0    0    0    0
    7   10    5    2    4    0    0    2    1      2243    5    8    2    6    9    0    0
    7   11    2    1    4    3    2    1    1       931    2    9    8    2    6    0    0
    7   12    2    1    4    1    4    1    1      1335    2    2    7    5    9    0    0
    7   13    5    2    6    0    0    2    1      1200    8    6    9    5    7   10    2
    7   14    2    1    4    1    4    1    1      1001    2    2    5   10    8    0    0
    7   15    5    2    6    0    0    2    1      1296    8    5    9    7    2   10    6
    7   16    5    2    2    0    0    2    1      1329    7    6    9    0    0    0    0
    7   17    3    2    6    0    0    2    1       971    3    7    8    9    2   10    6
    7   18    5    2    6    0    0    2    1      1283    5    9    7   10    8    2    6
    7   19    2    1    4    3    2    1    1      1432    2    6    8    2   10    0    0
    7   20    5    2    6    0    0    2    1      1390    7   10    8    6    5    1    9
    7   21    5    1    2    2    1    1    1      1370    5    2    5    0    0    0    0
    7   22    1    1    6    4    3    1    1      1075    1   10    9    8    1    6    7
    7   23    2    1    6    4    3    1    1      1014    2    5    9   10    2    7    8
    7   24    5    1    4    2    3    2    0      1239    8    7    8    2    6    0    0
    7   25    5    2    6    0    0    1    0      1012    8    6    2   10    5    9    7    1
