    1    1    1    1    2    1    2    1    1      2011    1    1   10    0    0    0    0
    1    2    2    1    4    1    4    1    1      1040    2    2    8    5    6    0    0
    1    3    5    1    6    4    3    1    1      1268    6    8    2    9    6    7   10
    1    4    5    2    4    0    0    2    1      1210   10    7    2    5    9    0    0
    1    5    5    2    6    0    0    2    1      1878    8    9    7    6    2    5   10
    1    6    5    1    4    1    4    1    1      1188    9    9    2    6    8    0    0
    1    7    5    2    4    0    0    2    1      1837    9    8    2    5    7    0    0
    1    8    5    2    2    0    0    2    1      1720    9    7    6    0    0    0    0
    1    9    2    1    2    1    2    1    1      1655    2    2   10    0    0    0    0
    1   10    5    1    6    5    2    1    1      1587   10    9    6    7    2   10    8
    1   11    5    1    6    1    6    1    1      1618   10   10    9    6    8    2    7
    1   12    5    1    2    2    1    1    1      1429    9    6    9    0    0    0    0
    1   13    5    1    4    2    3    2    0      1781    8    7    8    9    6    0    0
    1   14    5    1    6    1    6    1    1      1676    7    7    2    6   10    9    8
    1   15    5    2    4    0    0    2    1      1170    7    2    5    9    8    0    0
    1   16    5    2    6    0    0    2    1      1169   10    5    7    8    9    2    6
    1   17    5    1    4    2    3    1    1      1804    6    8    6    2    9    0    0
    1   18    4    2    2    0    0    2    1      1110    4    2    7    0    0    0    0
    1   19    3    2    6    0    0    2    1      1080    3    9    2    6   10    5    7
    1   20    5    1    4    2    3    1    1      1445    9    2    9    8    7    0    0
    1   21    1    1    4    3    2    1    1      1076    1   10    5    1    6    0    0
    1   22    1    1    6    4    3    1    1      1399    1    8    5    6    1   10    9
    1   23    5    2    6    0    0    2    1      1357    5    9    8    7    2   10    6
    1   24    5    1    6    2    5    1    1      1205   10    5   10    9    8    6    2
    1   25    5    1    4    2    3    1    1      1615    9    2    9   10    6    0    0
    2    1    5    1    6    6    1    1    1      1117    8    7    6    2   10    5    8
    2    2    5    2    4    0    0    2    1      1130    9    2   10    6    8    0    0
    2    3    2    1    4    4    1    1    1      1013    2    5    9    8    2    0    0
    2    4    5    2    2    0    0    2    1       817    9   10    2    0    0    0    0
    2    5    1    1    6    6    1    1    1      1358    1    5    9   10    7    8    1
    2    6    3    2    2    0    0    2    1       780    3    2   10    0    0    0    0
    2    7    5    1    2    2    1    1    1       992   10    8   10    0    0    0    0
    2    8    5    2    2    0    0    2    1       829    9    7   10    0    0    0    0
    2    9    3    2    2    0    0    2    1       703    3    8    2    0    0    0    0
    2   10    2    1    6    5    2    2    0      1377    2    5    9    6   10    2    7
    2   11    5    2    6    0    0    1    0      1624    8   10    7    6    5    2    9
    2   12    5    1    4    2    3    1    1      1296    8   10    8    6    2    0    0
    2   13    5    1    2    2    1    1    1       848    9    5    9    0    0    0    0
    2   14    4    2    6    0    0    2    1       844    4    2    9   10    5    8    6
    2   15    5    1    6    2    5    2    0      1624   10    6   10    8    2    5    7
    2   16    3    2    4    0    0    2    1       689    3   10    8    6    2    0    0
    2   17    2    1    6    3    4    1    1      1187    2    7    9    2    8   10    5
    2   18    5    1    4    2    3    1    1      1405    5    2    5    8    9    0    0
    2   19    5    1    2    2    1    1    1       873   10    2   10    0    0    0    0
    2   20    4    2    6    0    0    2    1       772    4    9    8    7    6   10    2
    2   21    5    1    2    1    2    1    1      1257    6    6    7    0    0    0    0
    2   22    5    1    4    4    1    1    1       960    5    2    7    9    5    0    0
    2   23    5    1    4    3    2    1    1      1922    8    5    2    8   10    0    0
    2   24    5    2    6    0    0    2    1      2579   10    9    5    7    8    2    6
    2   25    5    1    4    4    1    1    1       997    9    7    2    5    9    0    0
    3    1    5    2    2    0    0    2    1       997    9   10    2    0    0    0    0
    3    2    5    2    4    0    0    2    1      1158    8    2   10    7    5    0    0
    3    3    5    2    2    0    0    2    1       844    5    8    2    0    0    0    0
    3    4    3    2    2    0    0    2    1       686    3    7    6    0    0    0    0
    3    5    4    2    6    0    0    2    1       705    4    7    6   10    5    2    8
    3    6    5    2    2    0    0    2    1       777    6    7    2    0    0    0    0
    3    7    5    1    6    1    6    2    0      1752    9    9    7    8    2    6   10
    3    8    5    1    6    5    2    1    1      1200    7    9    6    8    2    7   10
    3    9    3    2    6    0    0    2    1       702    3    9    6    8    7    2    5
    3   10    5    1    2    2    1    1    1       998    6    2    6    0    0    0    0
    3   11    5    1    6    2    5    1    1       971    5   10    5    7    9    8    2
    3   12    5    1    6    4    3    1    1      1203    9    7   10    5    9    8    2
    3   13    3    2    6    0    0    2    1       657    3    2   10    5    8    7    9
    3   14    5    2    4    0    0    1    0      1233    7    9    2    6   10    0    0
    3   15    5    2    2    0    0    2    1       899    6    9    2    0    0    0    0
    3   16    1    1    4    1    4    1    1       936    1    1    8    6    9    0    0
    3   17    1    1    2    2    1    1    1      1031    1    6    1    0    0    0    0
    3   18    4    2    6    0    0    2    1       699    4    2    6   10    5    9    8
    3   19    5    2    4    0    0    2    1      1496    6   10    9    7    2    0    0
    3   20    2    1    6    6    1    1    1      1307    2    5    9    7   10    6    2
    3   21    2    1    2    2    1    1    1       874    2    8    2    0    0    0    0
    3   22    1    1    4    3    2    1    1       849    1    7    8    1    6    0    0
    3   23    5    1    4    4    1    1    1       776    9    5    2    6    9    0    0
    3   24    5    1    4    4    1    1    1       786    9   10    6    2    9    0    0
    3   25    3    2    2    0    0    2    1       662    3   10    5    0    0    0    0
    4    1    5    2    2    0    0    1    0      1022    8    7    2    0    0    0    0
    4    2    5    1    2    2    1    1    1      1161    9    8    9    0    0    0    0
    4    3    1    1    4    4    1    1    1       964    1    7   10    8    1    0    0
    4    4    3    2    6    0    0    2    1       667    3    8    7   10    9    2    6
    4    5    5    1    4    3    2    1    1      1130    8    6    2    8   10    0    0
    4    6    5    2    6    0    0    2    1      1003    5    6    7   10    8    2    9
    4    7    5    2    6    0    0    2    1      1521    5    9    8    2    6    7   10
    4    8    5    2    4    0    0    2    1      1310    8    6   10    2    9    0    0
    4    9    5    1    6    4    3    1    1      1591   10    8    9    6   10    2    5
    4   10    5    1    4    2    3    1    1      1169    7   10    7    9    2    0    0
    4   11    5    1    6    2    5    1    1      1297    6    9    6    7    2    8   10
    4   12    5    1    2    1    2    1    1      1329    8    8    2    0    0    0    0
    4   13    4    2    2    0    0    2    1       655    4    7    5    0    0    0    0
    4   14    3    2    2    0    0    2    1       681    3    9    2    0    0    0    0
    4   15    5    2    2    0    0    2    1       914    8    6    7    0    0    0    0
    4   16    2    1    4    3    2    1    1      1334    2    6    7    2    5    0    0
    4   17    5    1    6    2    5    1    1      1663   10    5   10    6    7    8    2
    4   18    5    1    4    1    4    1    1      1126   10   10    7    9    6    0    0
    4   19    5    1    4    4    1    1    1       929    5    2    8    9    5    0    0
    4   20    1    1    4    2    3    1    1       613    1    5    1   10    9    0    0
    4   21    5    2    2    0    0    2    1      2288    7    6    5    0    0    0    0
    4   22    3    2    6    0    0    2    1       611    3    6    5    2    8    7   10
    4   23    3    2    6    0    0    2    1       664    3    5    8    2    7    6    9
    4   24    5    2    4    0    0    2    1      1958    7    5    8    9    6    0    0
    4   25    5    1    6    4    3    1    1      1254    5    9    6   10    5    7    2
    5    1    4    2    2    0    0    2    1       711    4    9    6    0    0    0    0
    5    2    3    2    6    0    0    2    1       856    3    8    7    5    2   10    6
    5    3    5    1    6    2    5    1    1      1604    5    6    5    9   10    7    2
    5    4    5    1    2    1    2    1    1      1000    9    9   10    0    0    0    0
    5    5    5    2    4    0    0    2    1      1161    5    6    9    2    7    0    0
    5    6    3    2    2    0    0    2    1       670    3    7    9    0    0    0    0
    5    7    5    1    4    4    1    1    1      1052    8    9   10    2    8    0    0
    5    8    2    1    4    3    2    1    1      1052    2   10    7    2    5    0    0
    5    9    3    2    4    0    0    2    1       619    3    2   10    8    6    0    0
    5   10    3    2    4    0    0    2    1       587    3    7    2   10    8    0    0
    5   11    5    2    4    0    0    2    1      1405    6    9    2    7   10    0    0
    5   12    1    1    6    2    5    1    1       899    1    9    1    7   10    5    6
    5   13    3    2    2    0    0    2    1       611    3    5    7    0    0    0    0
    5   14    1    1    2    2    1    1    1       606    1    7    1    0    0    0    0
    5   15    5    1    6    4    3    1    1      1205    5    7    9    8    5   10    2
    5   16    5    1    2    1    2    1    1      1097    8    8    6    0    0    0    0
    5   17    3    2    6    0    0    2    1       731    3    5    7   10    9    6    2
    5   18    5    1    2    1    2    1    1       914   10   10    2    0    0    0    0
    5   19    5    2    2    0    0    1    0      1440   10    5    6    0    0    0    0
    5   20    5    1    2    1    2    1    1       923    5    5    8    0    0    0    0
    5   21    5    1    2    2    1    1    1       778    7    2    7    0    0    0    0
    5   22    5    1    2    1    2    1    1       990    7    7    5    0    0    0    0
    5   23    3    2    2    0    0    2    1       602    3   10    9    0    0    0    0
    5   24    1    1    6    1    6    1    1      1728    1    1    6   10    9    8    7
    5   25    2    1    4    4    1    1    1       916    2    5   10    6    2    0    0
    6    1    5    2    2    0    0    2    1      1066   10    2    5    0    0    0    0
    6    2    1    1    4    2    3    1    1       840    1    6    1    8    7    0    0
    6    3    5    1    4    1    4    1    1      1072    7    7    9    6    5    0    0
    6    4    5    1    4    2    3    1    1      1151    7    8    7    2    5    0    0
    6    5    3    2    6    0    0    2    1       639    3    7    9    6    2   10    8
    6    6    5    2    6    0    0    2    1      1028   10    9    8    7    5    6    2
    6    7    5    1    2    1    2    1    1      1566    6    6    9    0    0    0    0
    6    8    3    2    6    0    0    2    1       670    3    5    2   10    6    7    8
    6    9    5    1    2    1    2    1    1       999    6    6    2    0    0    0    0
    6   10    3    2    2    0    0    2    1       627    3    8    5    0    0    0    0
    6   11    3    2    2    0    0    2    1       605    3    2    9    0    0    0    0
    6   12    2    1    2    2    1    1    1       809    2    8    2    0    0    0    0
    6   13    5    1    2    2    1    1    1       876   10    7   10    0    0    0    0
    6   14    3    2    6    0    0    2    1       647    3    2    8    6   10    5    7
    6   15    4    2    6    0    0    2    1       732    4    2    8    7    5    6    9
    6   16    2    1    2    2    1    1    1       898    2    5    2    0    0    0    0
    6   17    3    2    4    0    0    2    1       599    3    5    2    7    8    0    0
    6   18    5    2    4    0    0    1    0      1352    5    6    7    9    2    0    0
    6   19    4    2    6    0    0    2    1       737    4    7    9    8    2   10    6
    6   20    3    2    2    0    0    2    1       599    3    6    7    0    0    0    0
    6   21    5    2    4    0    0    2    1      1144   10    2    9    6    5    0    0
    6   22    5    1    6    1    6    1    1      1369    6    6    9    7    5    1   10
    6   23    3    2    2    0    0    2    1       614    3    7    2    0    0    0    0
    6   24    2    1    4    3    2    1    1       854    2    7    9    2    8    0    0
    6   25    4    2    6    0    0    2    1       642    4    6    2   10    5    8    7
    7    1    5    1    2    2    1    1    1       885    6    8    6    0    0    0    0
    7    2    5    2    6    0    0    2    1      1056    7    5    9    8    2   10    6
    7    3    5    1    4    1    4    1    1      1119    7    7    9    2   10    0    0
    7    4    5    1    6    1    6    1    1      1201    5    5    8    2    6   10    7
    7    5    3    2    6    0    0    2    1       639    3    5    8    2    7    9    6
    7    6    3    2    6    0    0    2    1       436    3    2    9    6   10    7    8
    7    7    5    1    6    3    4    2    0      2513   10    5    8   10    2    9    6
    7    8    5    1    4    2    3    1    1      1126    6    9    6    2    8    0    0
    7    9    1    1    4    2    3    1    1       769    1    7    1    5    6    0    0
    7   10    5    1    2    1    2    1    1       887    6    6    1    0    0    0    0
    7   11    3    2    2    0    0    2    1       631    3    2    8    0    0    0    0
    7   12    2    1    2    1    2    1    1       817    2    2    8    0    0    0    0
    7   13    5    1    4    2    3    1    1      1466    7    5    7    8    2    0    0
    7   14    5    1    4    3    2    1    1      1033    6    9    2    6   10    0    0
    7   15    5    2    4    0    0    2    1      1112    5    2    8    9    6    0    0
    7   16    4    2    6    0    0    2    1       698    4    8    9    7    2    5    6
    7   17    5    1    2    1    2    1    1       882   10   10    7    0    0    0    0
    7   18    5    1    6    2    5    1    1      1405    8    9    8    7    6   10    1
    7   19    4    2    2    0    0    2    1       649    4    9   10    0    0    0    0
    7   20    5    2    2    0    0    2    1       867    5    2    8    0    0    0    0
    7   21    2    1    4    3    2    1    1       969    2    5    7    2    9    0    0
    7   22    5    1    2    1    2    1    1      1974    5    5    7    0    0    0    0
    7   23    5    2    4    0    0    2    1      1025    7    5    6    8    2    0    0
    7   24    5    2    6    0    0    2    1       982   10    2    6    9    8    5    7
    7   25    3    2    2    0    0    2    1       579    3    2    8    0    0    0    0    3
