    1    1    1    1    2    2    1    2    1    0         0    2    0 ANpure     1    2
    1    2    1    1    2    2    1    2    1    0         0    4    0 ANpure     3    4
    1    3    2    1    4    0    0    2    0    0         0    9    0 ANpure     5    6    7    8
    1    4    1    1    2    2    1    2    0    1         0   11    0 ANpure    10   11
    1    5    2    1    2    0    0    2    1    1         0   14    0 ANpure    12   13
    1    6    2    1    2    0    0    2    1    1         0   17    0 ANpure    15   16
    1    7    1    1    4    2    3    2    0    1         0   19    0 ANpure    18   19   20   21
    1    8    2    1    8    0    0    2    0    0         0   30    0 ANpure    22   23   24   25   26   27   28   29
    1    9    1    1    4    2    3    2    0    1         0   32    0 ANpure    31   32   33   34
    1   10    1    1    4    2    3    2    0    1         0   36    0 ANpure    35   36   37   38
    2    1    1    1    4    1    4    2    0    1         0   39    0 ANpure    39   40   41   42
    2    2    2    1    8    0    0    2    1    1         0   51    0 ANpure    43   44   45   46   47   48   49   50
    2    3    1    1    2    1    2    2    0    1         0   52    0 ANpure    52   53
    2    4    1    1    4    3    2    2    0    1         0   56    0 ANpure    54   55   56   57
    2    5    2    1    8    0    0    2    0    0         0   66    0 ANpure    58   59   60   61   62   63   64   65
    2    6    2    1    2    0    0    2    0    0         0   69    0 ANpure    67   68
    2    7    1    1    8    5    4    2    1    0         0   74    0 ANpure    70   71   72   73   74   75   76   77
    2    8    2    1    2    0    0    2    0    0         0   80    0 ANpure    78   79
    2    9    1    1    2    1    2    2    0    1         0   81    0 ANpure    81   82
    2   10    1    1    4    1    4    2    1    0         0   83    0 ANpure    83   84   85   86
    3    1    1    1    8    1    8    2    1    0         0   87    0 ANpure    87   88   89   90   91   92   93   94
    3    2    1    1    2    1    2    2    0    1         0   95    0 ANpure    95   96
    3    3    2    1    4    0    0    2    1    1         0  101    0 ANpure    97   98   99  100
    3    4    1    1    2    2    1    2    0    1         0  103    0 ANpure   102  103
    3    5    2    1    4    0    0    2    0    0         0  108    0 ANpure   104  105  106  107
    3    6    2    1    4    0    0    2    0    0         0  113    0 ANpure   109  110  111  112
    3    7    1    1    4    1    4    2    1    0         0  114    0 ANpure   114  115  116  117
    3    8    2    1    8    0    0    2    0    0         0  126    0 ANpure   118  119  120  121  122  123  124  125
    3    9    2    1    4    0    0    2    0    0         0  131    0 ANpure   127  128  129  130
    3   10    1    1    4    3    2    2    1    0         0  134    0 ANpure   132  133  134  135
    4    1    2    1    8    0    0    2    1    1         0  144    0 ANpure   136  137  138  139  140  141  142  143
    4    2    2    1    4    0    0    2    1    1         0  149    0 ANpure   145  146  147  148
    4    3    1    1    2    2    1    2    0    1         0  151    0 ANpure   150  151
    4    4    2    1    8    0    0    2    0    0         0  160    0 ANpure   152  153  154  155  156  157  158  159
    4    5    2    1    8    0    0    2    0    0         0  169    0 ANpure   161  162  163  164  165  166  167  168
    4    6    2    1    2    0    0    2    0    0         0  172    0 ANpure   170  171
    4    7    1    1    8    7    2    2    0    1         0  179    0 ANpure   173  174  175  176  177  178  179  180
    4    8    2    1    2    0    0    2    1    1         0  183    0 ANpure   181  182
    4    9    1    1    4    2    3    2    1    0         0  185    0 ANpure   184  185  186  187
    4   10    2    1    8    0    0    2    1    1         0  196    0 ANpure   188  189  190  191  192  193  194  195
    5    1    1    1    2    1    2    2    1    0         0  197    0 ANpure   197  198
    5    2    1    1    4    1    4    2    1    0         0  199    0 ANpure   199  200  201  202
    5    3    2    1    8    0    0    2    1    1         0  211    0 ANpure   203  204  205  206  207  208  209  210
    5    4    1    1    8    5    4    2    0    1         0  216    0 ANpure   212  213  214  215  216  217  218  219
    5    5    2    1    4    0    0    2    0    0         0  224    0 ANpure   220  221  222  223
    5    6    2    1    4    0    0    2    0    0         0  229    0 ANpure   225  226  227  228
    5    7    1    1    8    6    3    2    0    1         0  235    0 ANpure   230  231  232  233  234  235  236  237
    5    8    1    1    4    1    4    2    0    1         0  238    0 ANpure   238  239  240  241
    5    9    2    1    2    0    0    2    0    0         0  244    0 ANpure   242  243
    5   10    2    1    8    0    0    2    0    0         0  253    0 ANpure   245  246  247  248  249  250  251  252
    6    1    2    1    4    0    0    2    1    1         0  258    0 ANpure   254  255  256  257
    6    2    2    1    8    0    0    2    0    0         0  267    0 ANpure   259  260  261  262  263  264  265  266
    6    3    2    1    2    0    0    2    0    0         0  270    0 ANpure   268  269
    6    4    1    1    2    1    2    2    0    1         0  271    0 ANpure   271  272
    6    5    2    1    2    0    0    2    0    0         0  275    0 ANpure   273  274
    6    6    2    1    4    0    0    2    1    1         0  280    0 ANpure   276  277  278  279
    6    7    1    1    8    2    7    2    0    1         0  282    0 ANpure   281  282  283  284  285  286  287  288
    6    8    2    1    8    0    0    2    1    1         0  297    0 ANpure   289  290  291  292  293  294  295  296
    6    9    2    1    4    0    0    2    0    0         0  302    0 ANpure   298  299  300  301
    6   10    1    1    4    3    2    2    1    0         0  305    0 ANpure   303  304  305  306
    7    1    2    1    2    0    0    2    0    0         0  309    0 ANpure   307  308
    7    2    2    1    2    0    0    2    1    1         0  312    0 ANpure   310  311
    7    3    2    1    4    0    0    2    0    0         0  317    0 ANpure   313  314  315  316
    7    4    1    1    4    1    4    2    1    0         0  318    0 ANpure   318  319  320  321
    7    5    1    1    2    1    2    2    0    1         0  322    0 ANpure   322  323
    7    6    2    1    8    0    0    2    1    1         0  332    0 ANpure   324  325  326  327  328  329  330  331
    7    7    1    1    4    1    4    2    0    1         0  333    0 ANpure   333  334  335  336
    7    8    1    1    4    1    4    2    1    0         0  337    0 ANpure   337  338  339  340
    7    9    1    1    2    2    1    2    0    1         0  342    0 ANpure   341  342
    7   10    1    1    8    4    5    2    0    1         0  346    0 ANpure   343  344  345  346  347  348  349  350
    8    1    2    1    2    0    0    2    1    1         0  353    0 ANpure   351  352
    8    2    2    1    4    0    0    2    0    0         0  358    0 ANpure   354  355  356  357
    8    3    2    1    2    0    0    2    1    1         0  361    0 ANpure   359  360
    8    4    2    1    4    0    0    2    1    1         0  366    0 ANpure   362  363  364  365
    8    5    1    1    2    1    2    2    0    1         0  367    0 ANpure   367  368
    8    6    2    1    2    0    0    2    1    1         0  371    0 ANpure   369  370
    8    7    1    1    4    1    4    2    0    1         0  372    0 ANpure   372  373  374  375
    8    8    1    1    2    1    2    2    0    1         0  376    0 ANpure   376  377
    8    9    1    1    2    2    1    2    1    0         0  379    0 ANpure   378  379
    8   10    1    1    2    1    2    2    1    0         0  380    0 ANpure   380  381
    9    1    2    1    4    0    0    2    1    1         0  386    0 ANpure   382  383  384  385
    9    2    1    1    2    1    2    2    0    1         0  387    0 ANpure   387  388
    9    3    1    1    4    2    3    2    1    0         0  390    0 ANpure   389  390  391  392
    9    4    1    1    4    2    3    2    1    0         0  394    0 ANpure   393  394  395  396
    9    5    2    1    4    0    0    2    0    0         0  401    0 ANpure   397  398  399  400
    9    6    2    1    2    0    0    2    0    0         0  404    0 ANpure   402  403
    9    7    1    1    2    2    1    2    0    1         0  406    0 ANpure   405  406
    9    8    1    1    4    2    3    2    1    0         0  408    0 ANpure   407  408  409  410
    9    9    2    1    2    0    0    2    1    1         0  413    0 ANpure   411  412
    9   10    2    1    8    0    0    2    1    1         0  422    0 ANpure   414  415  416  417  418  419  420  421
