    1    1    3    1    4    2    3    1    1      1062    9    7    9    3    2
    1    2    2    2    2    0    0    1    0      1226    6    3    8
    1    3    2    2    2    0    0    1    0       385    5    7    2
    1    4    1    2    4    0    0    1    0       215    4    1    9   10    2
    1    5    3    2    2    0    0    1    0       226    7    8    2
    1    6    2    1    6    6    1    1    1        28    3    2   10    7    1    8    3
    1    7    3    2    4    0    0    1    0        52   10    7    9    1    3
    1    8    3    1    4    2    3    1    1        75   10    8   10    2    3
    1    9    3    1    2    2    1    1    1       167    9    2    9
    1   10    1    2    6    0    0    1    0        30    4    1    9    7    2    3   10
    1   11    2    1    6    3    4    1    1         0    3    8    2    3    1    7   10
    1   12    3    1    4    3    2    1    1        33    8    3   10    8    2
    1   13    2    2    6    0    0    1    0         4    5    3    1    8    2    9   10
    1   14    1    2    6    0    0    1    0        30    4    9    2    1    3    7   10
    1   15    3    1    6    2    5    1    1        11    8    3    8    2    9    1   10
    1   16    2    1    6    6    1    1    1         4    1    8    2    7    3   10    1
    1   17    3    2    2    0    0    1    0       125   10    3    7
    1   18    3    2    4    0    0    1    0       151   10    7    9    2    1
    1   19    1    2    4    0    0    1    0       201    4    3    2    7    8
    1   20    3    2    6    0    0    1    0       184    9    2    7   10    1    3    8
    1   21    2    1    2    1    2    1    1       138    2    2   10
    1   22    2    1    6    2    5    1    1         0    1    8    1    9    3    7    2
    1   23    2    1    4    1    4    1    1        94    2    2   10    3    7
    1   24    1    1    4    2    3    1    1        52   11    8   11    9    3
    1   25    3    2    2    0    0    1    0        96   10    2    8
    2    1    1    2    2    0    0    1    0       517    4    3    8
    2    2    2    1    2    2    1    1    1       102    2    9    2
    2    3    1    1    2    1    2    1    1       109   11   11    9
    2    4    3    1    6    5    2    1    1         0   10    8    2    1    3   10    9
    2    5    1    2    6    0    0    1    0        17    4    1    3    7    2    9    8
    2    6    2    2    2    0    0    1    0       122    5    3    7
    2    7    1    2    4    0    0    1    0        48    4    3    2    9    7
    2    8    1    1    4    3    2    1    1        18   11    9    3   11    8
    2    9    3    2    2    0    0    1    0       113    8    3    7
    2   10    1    1    4    3    2    1    1        31   11    1    8   11    7
    2   11    3    1    2    2    1    1    1        70    8    2    8
    2   12    1    1    4    3    2    1    1        44   11    8    1   11   10
    2   13    3    2    6    0    0    1    0      1395   10    8    2    1    3    7    9
    2   14    3    2    2    0    0    1    0       154    8   10    2
    2   15    2    2    4    0    0    1    0        90    5    3    1    8    9
    2   16    2    1    6    5    2    1    1        13    1    3    8    9    2    1    7
    2   17    3    2    6    0    0    1    0        29   10    2    3    7    8    1    9
    2   18    3    2    2    0    0    1    0       119    9    3    7
    2   19    2    1    6    5    2    1    1        70    1    3   10    2    8    1    7
    2   20    2    2    4    0    0    1    0        94    5    8    9    3    2
    2   21    1    1    6    6    1    1    1        33   11   10    1    2    9    7   11
    2   22    2    1    4    3    2    1    1        80    2    1   10    2    9
    2   23    2    1    2    1    2    1    1        76    2    2    8
    2   24    2    1    4    1    4    1    1       100    3    3   10    9    1
    2   25    3    2    6    0    0    1    0         0    7   10    9    3    1    2    8
