    1    1    3    2    6    0    0    1    0      1224    8    3    7    2   10    9    1
    1    2    1    1    2    1    2    1    1       541   11   11    8
    1    3    1    1    2    2    1    1    1       255   11    8   11
    1    4    2    2    2    0    0    1    0       223    5    3    9
    1    5    2    2    2    0    0    1    0       223    5    1    7
    1    6    2    1    6    3    4    1    1       195    1    9    7    1    3    2   10
    1    7    2    1    4    4    1    1    1       186    3    9    1    7    3
    1    8    2    1    4    1    4    1    1        43    1    1    9    2   10
    1    9    1    2    6    0    0    1    0       176    4    3    8    7   10    1    2
    1   10    2    1    2    2    1    1    1       227    1    8    1
    1   11    3    2    4    0    0    1    0        88    7    9    1    2   10
    1   12    3    2    6    0    0    1    0         0    7    2    1    9   10    8    3
    1   13    3    1    6    5    2    1    1        55    7    8    1    3   10    7    2
    1   14    3    2    6    0    0    1    0        62    9   10    3    2    8    1    7
    1   15    3    2    4    0    0    1    0        88   10    9    7    1    2
    1   16    2    1    2    1    2    1    1       212    3    3    7
    1   17    2    1    6    1    6    2    0       193    2    2    7    8    9    3    1
    1   18    2    2    6    0    0    1    0       314    5    1    3    9   10    2    7
    1   19    1    2    6    0    0    1    0       150    4    8    2    3    1    7    9
    1   20    3    1    4    4    1    1    1        92    7    3    2   10    7
    1   21    2    2    6    0    0    2    1       277    5    2    8    3   10    7    1
    1   22    3    1    4    2    3    1    1       177   10    2   10    7    1
    1   23    3    2    4    0    0    1    0       288    9    2   10    3    7
    1   24    2    1    2    2    1    2    0       273    3    9    3
    1   25    2    1    4    2    3    1    1       204    2    8    2    3   10
