    1    1    2    2    6    0    0    2    1      1004    5   10    3    7    2    9    1
    1    2    1    1    4    3    0    1    1       821   11    7    8   11    2
    1    3    2    1    4    3    2    1    1      2189    3    7    8    3    1
    1    4    3    2    4    0    0    2    1       836    8    1    7    9    2
    1    5    3    1    2    1    2    1    1       875    8    8    3
    1    6    2    1    6    5    2    2    0      1077    1    7    8    3    9    1    2
    1    7    2    1    2    1    2    2    0       592    1    1   10
    1    8    3    2    6    0    0    2    1       897   10    3    2    1    7    8    9
    1    9    2    2    4    0    0    2    1       703    5    3    7    2    8
    1   10    2    2    6    0    0    2    1      1186    6    3    8   10    2    1    9
    1   11    3    1    4    3    2    2    0      2431    8    9    1    8    3
    1   12    2    2    4    0    0    2    1      1143    5    7    2    3   10
    1   13    2    1    6    2    5    2    0      2292    2    3    2   10    1    8    7
    1   14    3    2    2    0    0    2    1       848    8    2   10
    1   15    2    1    4    3    2    1    1       799    3   10    2    3    7
    1   16    3    1    4    1    4    1    1      2594    8    8    2   10    1
    1   17    2    2    4    0    0    2    1       719    4    1    7    8    3
    1   18    2    2    2    0    0    2    1      4595    6    1    8
    1   19    2    2    6    0    0    2    1       749    6    1    8    3    9   10    2
    1   20    3    1    4    1    4    1    1       907    8    8    1    7    3
    1   21    3    2    4    0    0    2    1       843    8    7    2    9    1
    1   22    2    1    4    1    4    2    0       913    3    3    9    7    1
    1   23    1    1    6    5    4    1    1       916   11   10    7    9    2   11    3
    1   24    2    2    4    0    0    2    1       836    4    7    8    2    3
    1   25    2    2    2    0    0    2    1       840    5    2    8
