    1    1    3    2    2    0    0    2    1       640    7    9    1
    1    2    2    1    4    1    4    1    1       758    1    1    3   10    9
    1    3    2    1    2    1    2    1    1       492    1    1   10
    1    4    1    2    4    0    0    2    1       746    4    2    8    9    3
    1    5    1    1    6    5    2    1    1       804   11    8    2    1    9   11   10
    1    6    1    2    2    0    0    2    1       632    4    9    1
    1    7    3    2    6    0    0    2    1       605    7    3    9   10    8    2    1
    1    8    3    2    2    0    0    2    1       857    7    2    8
    1    9    1    2    6    0    0    2    1      1206    4   10    9    1    3    2    7
    1   10    2    1    4    2    3    1    1       743    2    9    2    8    1
    1   11    3    2    4    0    0    1    0       835    8    1    2    9   10
    1   12    2    1    6    2    5    1    1       513    1    2    1    9    8   10    3
    1   13    3    1    2    2    1    1    1       521    9    1    9
    1   14    1    1    6    3    4    1    1       650   11    2    3   11    7   10    8
    1   15    2    1    2    1    2    2    0      1061    3    3    9
    1   16    3    1    2    1    2    1    1       799   10   10    2
    1   17    2    1    6    4    3    1    1       565    1    2   10    9    1    3    8
    1   18    2    2    6    0    0    2    1       677    5    2    1    3    9    8   10
    1   19    1    1    2    2    1    1    1       495   11   10   11
    1   20    2    2    2    0    0    2    1       616    5    7    2
    1   21    3    1    6    2    5    1    1       645    8    9    8    2   10    1    3
    1   22    2    2    4    0    0    2    1       630    5    1   10    3    8
    1   23    1    1    6    6    1    1    1       492   11    1    7    2    8    9   11
    1   24    3    1    4    1    4    1    1       850    7    7    1    3   10
    1   25    1    1    2    2    1    1    1       436   11    8   11
    2    1    3    2    6    0    0    2    1       888   10    3    2    8    7    1    9
    2    2    2    1    6    6    1    1    1       476    1    9    2    3   10    7    1
    2    3    1    1    6    4    3    1    1       576   11   10    1    7   11    9    3
    2    4    2    1    4    3    2    1    1       723    3    2    9    3    8
    2    5    1    1    4    3    2    1    1       535   11    8    1   11   10
    2    6    2    1    2    1    2    1    1       558    1    1   10
    2    7    3    2    6    0    0    1    0       599    9    8    1    3   10    2    7
    2    8    3    1    2    1    2    1    1       915    8    8    2
    2    9    3    2    2    0    0    2    1       666    8    7    3
    2   10    3    2    4    0    0    2    1       689    8    2    3    9   10
    2   11    2    1    2    2    1    1    1       505    2    8    2
    2   12    1    2    6    0    0    2    1       716    4    7    3    8   10    1    2
    2   13    2    1    6    1    6    1    1       758    3    3    2    9    8    1    7
    2   14    1    2    2    0    0    2    1       604    4    9    2
    2   15    3    2    6    0    0    2    1       795   10    8    3    7    9    2    1
    2   16    3    2    4    0    0    2    1       790    9   10    7    2    3
    2   17    2    1    6    4    3    1    1       789    3    9    8    1    3   10    2
    2   18    3    1    2    1    2    1    1       793    9    9    3
    2   19    2    1    2    1    2    1    1       534    2    2    9
    2   20    3    2    6    0    0    1    0       703    7    3    8    9    2   10    1
    2   21    2    1    6    6    1    1    1       482    2   10    1    3    8    9    2
    2   22    2    1    4    1    4    1    1       456    2    2    1    8    9
    2   23    3    2    4    0    0    2    1       735    8    1    3   10    9
    2   24    2    1    6    5    2    1    1       553    2    9   10    1    3    2    7
    2   25    1    1    4    4    1    1    1       516   11    3    9    8   11
    3    1    2    1    4    1    4    1    1       654    1    1   10    2    7
    3    2    3    2    4    0    0    1    0       806    7    2    8    1   10
    3    3    3    2    4    0    0    2    1       919    9   10    2    1    8
    3    4    3    2    2    0    0    2    1       830    9    1    7
    3    5    1    2    6    0    0    2    1       573    4    3    2   10    8    7    1
    3    6    3    2    6    0    0    2    1       669    7    1    2    9    8    3   10
    3    7    1    1    6    3    4    1    1       465   11    1    8   11    7   10    2
    3    8    1    2    6    0    0    2    1       549    4   10    1    7    3    8    2
    3    9    1    1    2    2    1    1    1       515   11    7   11
    3   10    3    2    4    0    0    2    1       551    7    2    9    8    1
    3   11    3    1    2    2    1    1    1       429   10    2   10
    3   12    2    1    4    1    4    1    1       574    2    2    9    1    8
    3   13    3    2    6    0    0    2    1       622    8    1   10    7    2    3    9
    3   14    3    2    6    0    0    2    1       596    7    3    1    9    8   10    2
    3   15    2    2    6    0    0    2    1       540    6    9   10    2    1    8    3
    3   16    2    1    4    4    1    1    1       568    1    7    8    2    1
    3   17    3    2    2    0    0    2    1       541    8   10    1
    3   18    2    1    2    2    1    1    1       452    2    9    2
    3   19    2    1    2    2    1    1    1       478    3   10    3
    3   20    3    2    6    0    0    2    1       562    7    1    8    9    3   10    2
    3   21    2    2    2    0    0    2    1       520    5    9    1
    3   22    1    2    6    0    0    2    1       626    4    1    3    2    7    9   10
    3   23    3    1    6    1    6    1    1       896    7    7    8    1    2    3   10
    3   24    2    1    6    4    3    2    0      1219    3    7    8   10    3    1    2
    3   25    3    1    2    1    2    2    0       855   10   10    1
    4    1    2    1    4    4    1    1    1       513    3    2    7   10    3
    4    2    3    1    2    1    2    1    1       617   10   10    2
    4    3    2    2    2    0    0    2    1       572    5    3    8
    4    4    2    1    6    2    5    1    1       540    2    8    2    1    9   10    3
    4    5    3    1    6    1    6    2    0       582   10   10    8    3    2    1    7
    4    6    2    1    4    1    4    1    1       528    2    2    9    1   10
    4    7    1    1    4    2    3    1    1       380   11    1   11    9    7
    4    8    2    1    2    1    2    1    1       546    1    1   10
    4    9    1    1    4    3    2    1    1       310   11    7    9   11    2
    4   10    2    1    2    2    1    1    1       542    2    7    2
    4   11    2    1    4    1    4    1    1       570    2    2    3   10    8
    4   12    2    1    4    1    4    1    1       477    1    1    7    3    8
    4   13    2    1    2    2    1    1    1       398    2    7    2
    4   14    3    2    6    0    0    1    0       573    7    1    2    9    3    8   10
    4   15    2    1    2    1    2    1    1       586    1    1    9
    4   16    3    2    2    0    0    2    1       719    9    1   10
    4   17    3    1    4    2    3    2    0       700    9    7    9    3    1
    4   18    3    2    6    0    0    1    0       694   10    9    1    2    7    3    8
    4   19    1    1    6    1    6    1    1       586   11   11   10    2    8    7    3
    4   20    3    1    2    2    1    1    1       526   10    3   10
    4   21    2    1    6    4    3    1    1       512    1   10    8    3    1    7    2
    4   22    2    1    4    3    2    1    1       510    2   10    8    2    1
    4   23    2    1    6    5    2    1    1       512    2    7    8    3   10    2    1
    4   24    1    2    4    0    0    2    1       598    4    2    3    8   10
    4   25    1    2    2    0    0    2    1       594    4    8    3
    5    1    1    1    2    2    1    1    1       350   11    8   11
    5    2    3    1    6    2    5    1    1       591   10    2   10    9    1    7    3
    5    3    3    1    4    2    3    1    1       713   10    7   10    3    2
    5    4    2    1    2    2    1    1    1       345    1   10    1
    5    5    3    2    2    0    0    2    1       623    8    9    3
    5    6    2    1    4    2    3    1    1       488    1    8    1    9    2
    5    7    1    2    2    0    0    2    1       625    4   10    1
    5    8    1    1    4    4    1    1    1       393   11    2   10    8   11
    5    9    1    1    6    4    3    1    1       553   11    7    9    2   11    8    3
    5   10    2    1    6    5    2    1    1       529    1    2    3    7    8    1   10
    5   11    2    1    2    2    1    1    1       321    1    8    1
    5   12    1    2    2    0    0    2    1       480    4    9    1
    5   13    2    2    4    0    0    2    1       599    5    1    2    8   10
    5   14    2    1    4    1    4    1    1       616    2    2   10    8    1
    5   15    3    1    2    1    2    2    0       756    9    9    1
    5   16    3    2    2    0    0    2    1       658   10    3    9
    5   17    2    1    6    2    5    1    1       839    3    1    3   10    9    7    2
    5   18    2    1    6    3    4    1    1       772    3    1   10    3    8    9    2
    5   19    1    2    2    0    0    2    1       641    4    8    3
    5   20    2    2    6    0    0    2    1       663    6    1    2    8    3    7    9
    5   21    2    2    4    0    0    2    1       598    5    9   10    3    1
    5   22    3    2    2    0    0    2    1       610    7    3   10
    5   23    3    1    2    2    1    1    1       438    7    3    7
    5   24    3    2    2    0    0    2    1       473   10    8    1
    5   25    1    2    6    0    0    2    1       581    4    9    8    7    2    1    3
    6    1    2    1    6    1    6    1    1       542    2    2    1    7    9    3    8
    6    2    1    2    6    0    0    2    1       607    4    3    1    7    8    2    9
    6    3    1    1    4    1    4    1    1       312   11   11    8   10    3
    6    4    2    1    2    1    2    1    1       464    1    1   10
    6    5    3    1    6    4    3    1    1       716    7    9    2    1    7    3    8
    6    6    3    2    6    0    0    1    0       583    7    1    8    2    9    3   10
    6    7    2    1    2    2    1    1    1       395    1   10    1
    6    8    1    2    2    0    0    2    1       512    4    7    2
    6    9    3    1    4    1    4    2    0       518    8    8    2    7    3
    6   10    3    2    6    0    0    1    0       815    9    3   10    2    1    7    8
    6   11    3    1    2    1    2    1    1       675    8    8    3
    6   12    2    1    2    1    2    1    1       572    3    3   10
    6   13    1    2    2    0    0    2    1       561    4   10    3
    6   14    1    2    4    0    0    2    1       661    4    3    2    8    7
    6   15    3    1    2    1    2    1    1       631   10   10    3
    6   16    3    1    6    2    5    1    1       668   10    1   10    7    8    2    3
    6   17    3    2    2    0    0    2    1       614    9   10    2
    6   18    3    2    2    0    0    2    1       634    7    9    3
    6   19    2    1    6    5    2    1    1       527    1    7    2    9   10    1    3
    6   20    1    2    4    0    0    2    1       604    4    1    2    9   10
    6   21    3    2    4    0    0    2    1       645    7    2    8    1   10
    6   22    2    1    4    2    3    2    0       789    3    2    3    8   10
    6   23    3    1    6    6    1    1    1       469    7    3    8    9    1    2    7
    6   24    3    2    2    0    0    1    0       526    7    3   10
    6   25    2    1    2    1    2    1    1       533    3    3    9
    7    1    3    2    6    0    0    1    0       580    9    7   10    8    1    2    3
    7    2    2    1    6    1    6    1    1       620    3    3    7    1    8   10    2
    7    3    1    2    4    0    0    2    1       613    4    9    2   10    3
    7    4    2    2    6    0    0    2    1       620    5    2    3    9    1   10    7
    7    5    2    1    4    1    4    1    1       660    1    1    2   10    9
    7    6    1    1    4    1    4    1    1       283   11   11   10    3    9
    7    7    3    2    4    0    0    2    1      1010    8    9    3    1    7
    7    8    2    1    6    4    3    1    1       488    2    3   10    1    2    7    9
    7    9    1    1    6    2    5    1    1       372   11    9   11    1   10    2    8
    7   10    2    2    4    0    0    2    1       582    5    7    2    1   10
    7   11    1    1    4    2    3    1    1       464   11    8   11    3    7
    7   12    3    2    2    0    0    2    1       706    9    8    2
    7   13    2    1    2    2    1    1    1       330    1    9    1
    7   14    3    2    4    0    0    2    1       999    9    7    2    8    1
    7   15    3    1    4    3    2    1    1       488    7    3    2    7    8
    7   16    2    2    2    0    0    2    1       481    6   10    1
    7   17    1    2    2    0    0    2    1       586    4    7    2
    7   18    2    1    4    1    4    1    1       604    1    1    9    2   10
    7   19    3    2    6    0    0    1    0       539    8    3    9   10    1    7    2
    7   20    2    1    4    2    3    1    1       591    1    2    1    9    8
    7   21    1    1    4    2    3    1    1       353   11   10   11    9    2
    7   22    1    2    2    0    0    2    1       583    4    1    8
    7   23    3    2    2    0    0    2    1       844   10    3    7
    7   24    3    2    4    0    0    2    1       844    8    2    1    7    9
    7   25    3    2    4    0    0    2    1       620    8   10    1    9    2
