    1    1    1    2    4    0    0    2    1      1152    4    8   10    1    3
    1    2    3    1    2    1    2    2    0       561    9    9    1
    1    3    2    1    6    6    1    1    1       630    3   10    9    1    2    7    3
    1    4    1    1    2    2    1    1    1       440   11    7   11
    1    5    1    1    2    2    1    1    1       496   11    9   11
    1    6    1    2    6    0    0    2    1       880    4    1    8    2    9   10    3
    1    7    2    1    6    2    5    1    1      1287    1    2    1   10    9    8    3
    1    8    1    1    2    2    1    1    1       448   11    7   11
    1    9    3    2    4    0    0    2    1       618    8    2   10    1    7
    1   10    3    2    6    0    0    2    1      1080   10    3    9    2    8    7    1
    1   11    3    2    2    0    0    2    1       448   10    2    8
    1   12    3    1    4    4    1    1    1       603   10    1    9    2   10
    1   13    2    1    4    1    4    1    1       939    2    2    1    9    7
    1   14    1    2    6    0    0    2    1       664    4    1    3    9    8    2   10
    1   15    3    1    2    1    2    1    1       816   10   10    1
    1   16    2    1    6    6    1    1    1       568    2    7    9    3    1   10    2
    1   17    3    1    4    2    3    1    1       683    9    3    9   10    2
    1   18    1    2    4    0    0    2    1       536    4    1    7    2    8
    1   19    3    2    4    0    0    2    1       939    8   10    2    3    9
    1   20    1    2    4    0    0    2    1       599    4    1    3   10    8
    1   21    3    1    4    3    2    1    1       834    8    2    7    8    3
    1   22    3    1    4    4    1    1    1       652   10    2    1    8   10
    1   23    2    2    4    0    0    2    1       770    6    3    2    7    9
    1   24    3    1    6    2    5    1    1       736    7    3    7   10    1    9    2
    1   25    3    2    2    0    0    2    1       779    9    3    7
    2    1    2    1    6    5    2    1    1       743    2    9    8    1   10    2    3
    2    2    2    1    6    6    1    1    1       490    2    7   10    3    9    1    2
    2    3    2    2    6    0    0    2    1       617    6    9    8    2   10    1    3
    2    4    3    1    6    6    1    1    1       781   10    2    3    8    1    7   10
    2    5    2    1    4    2    3    1    1       734    1    8    1   10    3
    2    6    2    1    2    2    1    1    1       445    3   10    3
    2    7    1    1    2    2    1    1    1       482   11    7   11
    2    8    3    1    2    2    1    1    1       415    8    3    8
    2    9    2    2    4    0    0    2    1       574    5    9    2    3   10
    2   10    2    1    6    5    2    1    1       747    3    1    9   10    7    3    2
    2   11    1    2    4    0    0    2    1       569    4    3    1    9    8
    2   12    3    2    2    0    0    2    1       564   10    1    9
    2   13    3    2    6    0    0    1    0      1332    9    1    8    7   10    3    2
    2   14    2    1    6    5    2    1    1      1023    3    1    7    2   10    3    8
    2   15    3    2    2    0    0    2    1      2378    7    2   10
    2   16    3    1    6    5    2    1    1       598    8    9    2    7    3    8    1
    2   17    2    1    6    4    3    1    1       713    2    1    9   10    2    3    8
    2   18    2    1    4    1    4    1    1      1119    1    1    8    2    7
    2   19    3    1    6    2    5    1    1       915   10    2   10    7    8    3    1
    2   20    1    2    2    0    0    2    1       559    4    3    7
    2   21    2    1    4    3    2    1    1       777    3    7    9    3    1
    2   22    3    2    4    0    0    2    1       738    9    8    2   10    3
    2   23    2    2    6    0    0    2    1       676    5   10    3    9    2    8    1
    2   24    3    1    2    2    1    1    1       582    9    2    9
    2   25    3    1    2    1    2    1    1       782    7    7    2
    3    1    2    2    6    0    0    2    1       528    5    1    3    9    7   10    2
    3    2    2    2    2    0    0    2    1       593    5   10    2
    3    3    2    1    2    1    2    1    1       699    1    1    7
    3    4    2    1    6    1    6    1    1      1287    1    1    2    9    7    8    3
    3    5    2    2    2    0    0    2    1       540    6    1    7
    3    6    3    2    4    0    0    2    1       806    9    1   10    7    3
    3    7    3    2    2    0    0    2    1       549    9    7    1
    3    8    2    1    2    1    2    1    1       781    3    3   10
    3    9    2    1    4    1    4    1    1       699    3    3    2    8   10
    3   10    1    2    6    0    0    2    1       605    4    2    8    3    9    1   10
    3   11    3    2    2    0    0    2    1       704    8    1    7
    3   12    2    2    2    0    0    2    1       653    6    1    7
    3   13    3    2    2    0    0    2    1       702    7    2    8
    3   14    1    1    2    2    1    1    1       564   11    8   11
    3   15    1    1    2    1    2    1    1       792   11   11   10
    3   16    2    1    4    2    3    1    1       876    2    1    2    8    7
    3   17    3    2    2    0    0    2    1       725    7    9    1
    3   18    2    1    4    3    2    1    1       717    3    8    7    3    1
    3   19    3    2    4    0    0    2    1      1212    8    2    9   10    1
    3   20    3    2    6    0    0    2    1       906    9    3    7    1    8   10    2
    3   21    1    1    4    2    3    1    1       521   11    7   11    1    9
    3   22    1    2    2    0    0    2    1       649    4    7    2
    3   23    3    2    6    0    0    2    1       725   10    2    8    3    1    9    7
    3   24    2    2    4    0    0    2    1       574    5    8    3    7    1
    3   25    2    1    4    1    4    1    1       737    3    3    8    9    2
