    1    1    5    1    6    3    4    2    0         0   10    2    8   10    9    7    6
    1    2    2    1    6    5    2    2    0         0    2    8    5   10    6    2    9
    1    3    4    2    2    0    0    2    1         0    4    2    6    0    0    0    0
    1    4    3    2    2    0    0    2    1         0    3    6    2    0    0    0    0
    1    5    5    1    2    1    2    2    0         0    6    6    7    0    0    0    0
    1    6    2    1    6    5    2    2    0         0    2   10    7    5    8    2    9
    1    7    5    2    6    0    0    2    1         0    7    2    8    6   10    9    5
    1    8    5    1    6    3    4    2    0         0    7    6    2    7    8   10    9
    1    9    5    1    4    4    1    2    0         0    9   10    2    8    9    0    0
    1   10    1    1    4    1    4    2    0         0    1    1    9    8    5    0    0
    1   11    5    1    2    2    1    2    0         0    7    8    7    0    0    0    0
    1   12    5    1    6    2    5    2    0         0    8    2    8    9    6    5    7
    1   13    3    2    4    0    0    2    1         0    3    7    2    6    8    0    0
    1   14    5    1    4    1    4    2    0         0    5    5    8    2   10    0    0
    1   15    5    1    2    1    2    2    0         0   10   10    5    0    0    0    0
    1   16    3    2    2    0    0    2    1         0    3    7    5    0    0    0    0
    1   17    5    2    6    0    0    2    1         0    7    6    5   10    8    2    9
    1   18    3    2    6    0    0    2    1         0    3    9    7   10    5    1    8
    1   19    3    2    4    0    0    2    1         0    3    2    8    7    9    0    0
    1   20    2    1    6    6    1    2    0         0    2   10    9    7    5    8    2
    1   21    5    2    6    0    0    2    1         0    9    5    2   10    7    6    8
    1   22    5    2    6    0    0    2    1         0    8    9    5    6    2    7   10
    1   23    4    2    6    0    0    2    1         0    4   10    2    8    5    7    6
    1   24    1    1    4    3    2    2    0         0    1    8    7    1    9    0    0
    1   25    4    2    4    0    0    2    1         0    4    8    2    9   10    0    0
    2    1    5    1    4    2    3    2    0         0   10    7   10    6    2    0    0
    2    2    5    1    6    5    2    2    0         0   10    6    8    2    5   10    7
    2    3    5    1    4    3    2    2    0         0    8   10    5    8    2    0    0
    2    4    5    1    2    2    1    2    0         0    6    2    6    0    0    0    0
    2    5    5    1    2    1    2    2    0         0    5    5    9    0    0    0    0
    2    6    1    1    6    3    4    2    0         0    1    5    8    1   10    6    9
    2    7    5    2    6    0    0    2    1         0    7    5    2    6    9   10    8
    2    8    5    1    6    2    5    2    0         0   10    5   10    7    6    2    8
    2    9    5    2    2    0    0    2    1         0   10    9    8    0    0    0    0
    2   10    5    2    6    0    0    2    1         0    6    2    8    9    5   10    7
    2   11    3    2    4    0    0    2    1         0    3    6    2   10    9    0    0
    2   12    5    2    4    0    0    2    1         0    6    2    5    9    8    0    0
    2   13    1    1    4    2    3    2    0         0    1    6    1   10    5    0    0
    2   14    3    2    6    0    0    2    1         0    3    2    7    5    6    8    9
    2   15    5    1    2    1    2    2    0         0    6    6    8    0    0    0    0
    2   16    4    2    2    0    0    2    1         0    4    9   10    0    0    0    0
    2   17    4    2    2    0    0    2    1         0    4    8    7    0    0    0    0
    2   18    5    1    6    3    4    2    0         0    7    9    2    7    8   10    6
    2   19    5    2    6    0    0    2    1         0   10    8    7    2    5    6    9
    2   20    3    2    2    0    0    2    1         0    3    2    5    0    0    0    0
    2   21    5    1    6    6    1    2    0         0   10    8    7    9    2    5   10
    2   22    5    1    4    4    1    2    0         0    7    8   10    2    7    0    0
    2   23    3    2    6    0    0    2    1         0    3    2    6   10    9    7    8
    2   24    4    2    2    0    0    2    1         0    4    8    5    0    0    0    0
    2   25    5    2    6    0    0    2    1         0    7   10    5    6    8    9    2
    3    1    5    2    4    0    0    2    1         0    5    2   10    8    9    0    0
    3    2    3    2    2    0    0    2    1         0    3    6    2    0    0    0    0
    3    3    5    2    6    0    0    2    1         0    6    2    7    9   10    8    5
    3    4    5    2    2    0    0    2    1         0    8    5   10    0    0    0    0
    3    5    5    2    4    0    0    2    1         0    7   10    5    8    2    0    0
    3    6    4    2    2    0    0    2    1         0    4    6    5    0    0    0    0
    3    7    1    1    6    4    3    2    0         0    1   10    9    6    1    7    5
    3    8    2    1    2    2    1    2    0         0    2    9    2    0    0    0    0
    3    9    3    2    2    0    0    2    1         0    3    5    2    0    0    0    0
    3   10    2    1    4    3    2    2    0         0    2   10    5    2    8    0    0
    3   11    5    2    4    0    0    2    1         0   10    5    2    8    6    0    0
    3   12    5    1    4    1    4    2    0         0    6    6    2    5    7    0    0
    3   13    1    1    6    4    3    2    0         0    1    9    8    5    1    6   10
    3   14    1    1    2    2    1    2    0         0    1   10    1    0    0    0    0
    3   15    2    1    2    2    1    2    0         0    2    7    2    0    0    0    0
    3   16    5    2    4    0    0    2    1         0    8   10    2    6    7    0    0
    3   17    2    1    4    4    1    2    0         0    2    5    8    9    2    0    0
    3   18    2    1    2    2    1    2    0         0    2    5    2    0    0    0    0
    3   19    3    2    2    0    0    2    1         0    3    9    5    0    0    0    0
    3   20    5    2    2    0    0    2    1         0   10    2    8    0    0    0    0
    3   21    5    2    6    0    0    2    1         0    5    2    8    7   10    9    6
    3   22    5    2    6    0    0    2    1         0    5    6    7    9   10    2    8
    3   23    5    1    4    2    3    2    0         0    5    2    5    9   10    0    0
    3   24    5    1    2    1    2    2    0         0   10   10    2    0    0    0    0
    3   25    5    1    4    4    1    2    0         0    6    9   10    2    6    0    0
    4    1    3    2    4    0    0    2    1         0    3    8   10    2    6    0    0
    4    2    5    1    2    1    2    2    0         0    7    7   10    0    0    0    0
    4    3    5    2    2    0    0    2    1         0    7   10    9    0    0    0    0
    4    4    5    1    2    1    2    2    0         0    8    8    2    0    0    0    0
    4    5    3    2    6    0    0    2    1         0    3    6   10    2    5    7    8
    4    6    3    2    4    0    0    2    1         0    3    2    9    7    8    0    0
    4    7    1    1    2    2    1    2    0         0    1    8    1    0    0    0    0
    4    8    5    1    6    1    6    2    0         0    8    8    2    6    5    9    7
    4    9    3    2    2    0    0    2    1         0    3    6    2    0    0    0    0
    4   10    3    2    4    0    0    2    1         0    3    5    8    9    2    0    0
    4   11    5    2    4    0    0    2    1         0    7    6    2    9    8    0    0
    4   12    5    1    2    2    1    2    0         0    5    1    5    0    0    0    0
    4   13    3    2    4    0    0    2    1         0    3    7    2    5    8    0    0
    4   14    1    1    6    2    5    2    0         0    1    8    1    9    7   10    6
    4   15    5    1    6    5    2    2    0         0    5    2    6   10    7    5    8
    4   16    4    2    2    0    0    2    1         0    4    5    8    0    0    0    0
    4   17    5    1    2    2    1    2    0         0    6    7    6    0    0    0    0
    4   18    5    1    6    2    5    2    0         0   10    2   10    9    6    7    5
    4   19    2    1    4    2    3    2    0         0    2    8    2    7    5    0    0
    4   20    5    2    6    0    0    2    1         0   10    6    9    8    2    7    5
    4   21    5    1    2    1    2    2    0         0    5    5    2    0    0    0    0
    4   22    5    2    4    0    0    2    1         0   10    9    8    2    5    0    0
    4   23    5    2    6    0    0    2    1         0    7    9   10    2    8    5    6
    4   24    5    1    4    4    1    2    0         0    9    7    6    2    9    0    0
    4   25    5    2    4    0    0    2    1         0    6    9    2    5    7    0    0
    5    1    5    1    6    3    4    2    0         0    7    2   10    7    6    8    9
    5    2    1    1    4    2    3    2    0         0    1    9    1    8    7    0    0
    5    3    3    2    4    0    0    2    1         0    3   10    6    9    7    0    0
    5    4    5    1    4    4    1    2    0         0    6    5    7    8    6    0    0
    5    5    5    2    6    0    0    2    1         0    5    6    7   10    2    8    9
    5    6    5    2    2    0    0    2    1         0    8    6    2    0    0    0    0
    5    7    4    2    2    0    0    2    1         0    4    9    2    0    0    0    0
    5    8    2    1    6    3    4    2    0         0    2    8    5    2    6    7   10
    5    9    5    2    2    0    0    2    1         0    7    5    9    0    0    0    0
    5   10    5    1    2    2    1    2    0         0    8    5    8    0    0    0    0
    5   11    1    1    6    5    2    2    0         0    1    9    6    7    8    1   10
    5   12    4    2    6    0    0    2    1         0    4    5    2   10    8    6    7
    5   13    5    2    4    0    0    2    1         0    6   10    2    9    7    0    0
    5   14    5    1    2    1    2    2    0         0    6    6    8    0    0    0    0
    5   15    3    2    6    0    0    2    1         0    3    7    2    9   10    5    6
    5   16    5    1    4    1    4    2    0         0    6    6   10    2    5    0    0
    5   17    5    1    4    4    1    2    0         0    7    9    2    5    7    0    0
    5   18    3    2    2    0    0    2    1         0    3    5   10    0    0    0    0
    5   19    2    1    4    2    3    2    0         0    2    8    2    6    9    0    0
    5   20    2    1    2    1    2    2    0         0    2    2    5    0    0    0    0
    5   21    2    1    6    3    4    2    0         0    2    6    8    2    9   10    7
    5   22    5    2    4    0    0    2    1         0   10    6    8    9    5    0    0
    5   23    2    1    2    2    1    2    0         0    2    9    2    0    0    0    0
    5   24    3    2    4    0    0    2    1         0    3    2   10    5    6    0    0
    5   25    2    1    2    1    2    2    0         0    2    2    9    0    0    0    0
    6    1    5    2    2    0    0    2    1         0   10    6    7    0    0    0    0
    6    2    5    1    4    3    2    2    0         0    6    9    7    6    8    0    0
    6    3    5    1    6    4    3    2    0         0    7   10    6    9    7    2    5
    6    4    5    1    2    1    2    2    0         0    9    9    2    0    0    0    0
    6    5    5    1    2    1    2    2    0         0    9    9    8    0    0    0    0
    6    6    1    1    6    4    3    2    0         0    1   10    8    9    1    5    6
    6    7    1    1    2    2    1    2    0         0    1    6    1    0    0    0    0
    6    8    5    2    4    0    0    2    1         0    8    9    6    7    2    0    0
    6    9    1    1    4    1    4    2    0         0    1    1    7    8    9    0    0
    6   10    5    2    4    0    0    2    1         0   10    8    6    9    2    0    0
    6   11    5    2    6    0    0    2    1         0    9    2    8    6    7    5   10
    6   12    5    2    4    0    0    2    1         0   10    7    8    2    5    0    0
    6   13    4    2    4    0    0    2    1         0    4    7    2    8    9    0    0
    6   14    5    1    4    3    2    2    0         0   10    2    7   10    6    0    0
    6   15    4    2    6    0    0    2    1         0    4    6    2    7    9   10    5
    6   16    3    2    2    0    0    2    1         0    3    6    8    0    0    0    0
    6   17    3    2    6    0    0    2    1         0    3   10    2    5    6    9    7
    6   18    5    1    6    2    5    2    0         0    9    2    9    7    6    5    8
    6   19    4    2    6    0    0    2    1         0    4    6   10    5    2    8    7
    6   20    5    2    2    0    0    2    1         0    9   10    2    0    0    0    0
    6   21    5    1    6    5    2    2    0         0    9    7    2    6   10    9    5
    6   22    5    2    4    0    0    2    1         0    7    5    9    6    2    0    0
    6   23    5    1    2    1    2    2    0         0    8    8    6    0    0    0    0
    6   24    5    2    6    0    0    2    1         0    5    2    7    8    9   10    6
    6   25    5    1    2    1    2    2    0         0    6    6   10    0    0    0    0
    7    1    4    2    6    0    0    2    1         0    4    9    5    2    8   10    7
    7    2    3    2    4    0    0    2    1         0    3    2    7    8   10    0    0
    7    3    2    1    4    4    1    2    0         0    2    8    9   10    2    0    0
    7    4    5    1    4    1    4    2    0         0    9    9    7    2   10    0    0
    7    5    5    1    4    2    3    2    0         0    6    8    6   10    2    0    0
    7    6    5    2    6    0    0    2    1         0    6    8   10    7    5    2    9
    7    7    5    1    4    2    3    2    0         0   10    7   10    2    5    0    0
    7    8    1    1    2    2    1    2    0         0    1    7    1    0    0    0    0
    7    9    5    2    4    0    0    2    1         0    9    6    8    7   10    0    0
    7   10    5    1    4    4    1    2    0         0    5    2    8    6    5    0    0
    7   11    4    2    2    0    0    2    1         0    4    2    5    0    0    0    0
    7   12    2    1    2    2    1    2    0         0    2   10    2    0    0    0    0
    7   13    5    1    6    5    2    2    0         0    6    9    7    8    2    6    5
    7   14    3    2    4    0    0    2    1         0    3    7    2    8    6    0    0
    7   15    5    1    6    4    3    2    0         0    7    9   10    8    7    2    6
    7   16    4    2    4    0    0    2    1         0    4   10    2    8    5    0    0
    7   17    5    1    2    2    1    2    0         0    7    6    7    0    0    0    0
    7   18    5    1    6    4    3    2    0         0    7    6    5    9    7    8    2
    7   19    5    2    4    0    0    2    1         0    5    9    8   10    2    0    0
    7   20    2    1    4    2    3    2    0         0    2    6    2   10    8    0    0
    7   21    4    2    6    0    0    2    1         0    4    7   10    9    5    2    6
    7   22    2    1    6    5    2    2    0         0    2   10    6    7    9    2    8
    7   23    3    2    6    0    0    2    1         0    3    8    5    7    2    9   10
    7   24    2    1    6    5    2    2    0         0    2    9    6    5    7    2    8
    7   25    5    2    6    0    0    2    1         0    8   10    6    5    9    2    7    1
