    1    1    2    1    4    0    0    2    1    1      4332    5    1 CMpure    14   10   12   11
    1    2    1    1    8    5    4    2    1    0      1564    3    1 CMpure     5    7    2    8    3    4    1    6
    1    3    2    1    4    0    0    2    1    1      2705    5    1 CMpure    11   13   12    9
    1    4    1    1    2    1    2    2    1    0      1489    3    1 CMpure     3    5
    1    5    1    1    8    3    6    2    1    0       706    5    1 CMpure     8    1    5    3    7    4    2    6
    1    6    2    1    2    0    0    2    0    0      1026   11    1 CMpure     5    1
    1    7    1    1    8    4    5    1    0    0      1421    3    1 CMpure     6    5    8    3    7    1    2    4
    1    8    1    1    2    1    2    1    1    1      1584   16    1 CMpure    16   14
    1    9    2    1    2    0    0    2    1    1      1083    2    1 CMpure    15   11
    1   10    2    1    4    0    0    2    0    0      2881   13    1 CMpure     2    8    7    1
    1   11    1    1    4    2    3    2    1    0      1640    6    1 CMpure     7    6    1    8
    1   12    2    1    2    0    0    2    1    1      1522    6    1 CMpure    10   14
    1   13    2    1    8    0    0    1    1    0      1378   15    1 CMpure     6    7    5    4    8    2    3    1
    1   14    1    1    2    2    1    1    1    1      1039   14    1 CMpure     9   14
    1   15    2    1    8    0    0    1    0    1      1010    1    1 CMpure     9   12   16   13   14   11   15   10
    1   16    2    1    4    0    0    1    1    0      1171    9    1 CMpure     4    6    3    2
    1   17    1    1    2    2    1    1    1    1       673   11    1 CMpure    10   11
    1   18    1    1    2    1    2    1    1    1       898   16    1 CMpure    16   13
    1   19    1    1    4    1    4    1    0    0      1103    4    1 CMpure     4    2    7    8
    1   20    1    1    2    2    1    1    1    1       695   14    1 CMpure    12   14
    1   21    2    1    4    0    0    2    1    1      1221    3    1 CMpure    11   15   10   12
    1   22    1    1    4    1    4    1    0    0       846    6    1 CMpure     6    1    8    3
    1   23    1    1    4    4    1    1    1    1       678    9    1 CMpure    16   10   14    9
    1   24    1    1    4    3    2    2    1    0       997    5    1 CMpure     3    7    5    1
    2    1    1    1    2    1    2    2    1    0       685    7    1 CMpure     7    6
    2    2    1    1    4    2    3    1    1    1      1283   12    1 CMpure    15   12   14   11
    2    3    1    1    2    1    2    2    1    0       572    5    1 CMpure     5    1
    2    4    1    1    4    1    4    2    1    0      1342    1    1 CMpure     1    6    8    2
    2    5    2    1    8    0    0    1    1    0      1341   13    1 CMpure     1    8    3    2    7    5    4    6
    2    6    2    1    4    0    0    1    1    0      1553   12    1 CMpure     8    6    5    3
    2    7    2    1    4    0    0    2    1    1      1101    2    1 CMpure     9   10   13   12
    2    8    2    1    4    0    0    2    1    1      1074    5    1 CMpure    15    9   14   10
    2    9    1    1    8    8    1    2    1    0       683    1    1 CMpure     8    3    4    6    7    5    2    1
    2   10    1    1    4    4    1    2    1    0       833    4    1 CMpure     6    5    2    4
    2   11    2    1    2    0    0    1    1    0      1268    9    1 CMpure     4    2
    2   12    2    1    8    0    0    1    1    0       822   11    1 CMpure     8    2    6    4    1    7    3    5
    2   13    1    1    8    1    8    1    1    1       921   11    1 CMpure    11   12   13   15   10   16   14    9
    2   14    2    1    4    0    0    2    1    1       710    7    1 CMpure    15   16   11   13
    2   15    1    1    2    1    2    2    1    0      1014    5    1 CMpure     5    4
    2   16    1    1    2    2    1    1    1    1       921   15    1 CMpure    12   15
    2   17    1    1    8    2    7    1    1    1       865   14    1 CMpure    11   14   16   10   12   15    9   13
    2   18    1    1    2    1    2    2    1    0       707    2    1 CMpure     2    1
    2   19    2    1    4    0    0    1    1    0      1008   14    1 CMpure     4    5    1    6
    2   20    1    1    8    6    3    2    1    0       932    8    1 CMpure     5    7    2    4    6    8    3    1
    2   21    2    1    4    0    0    2    1    1       696    7    1 CMpure    11   10   15    9
    2   22    2    1    4    0    0    1    1    0      1830   13    1 CMpure     3    6    7    5
    2   23    1    1    8    8    1    1    1    1      1305    9    1 CMpure    15   10   11   12   16   13   14    9
    2   24    1    1    8    7    2    1    1    1      1009   13    1 CMpure    14    9   15   12   16   10   13   11
    3    1    2    1    8    0    0    2    0    0       610   13    1 CMpure     8    7    2    3    4    6    5    1
    3    2    2    1    4    0    0    1    1    0      1051   12    1 CMpure     7    5    8    3
    3    3    2    1    2    0    0    1    1    0      1429   13    1 CMpure     3    1
    3    4    1    1    8    8    1    2    1    0       696    5    1 CMpure     7    4    6    8    1    3    2    5
    3    5    2    1    2    0    0    2    1    1      1257    8    1 CMpure    11    9
    3    6    2    1    2    0    0    1    1    0      1411   16    1 CMpure     1    4
    3    7    1    1    2    2    1    1    1    1       687   12    1 CMpure    13   12
    3    8    1    1    2    1    2    1    1    1      1456   10    1 CMpure    10   15
    3    9    1    1    2    2    1    1    1    1       922    9    1 CMpure    14    9
    3   10    1    1    8    7    2    2    1    0       697    1    1 CMpure     5    6    4    8    3    2    1    7
    3   11    1    1    4    3    2    1    1    1       703   11    1 CMpure     9   16   11   13
    3   12    2    1    4    0    0    2    1    1       684    7    1 CMpure    13   12   10   14
    3   13    1    1    4    2    3    2    0    1       882   12    1 CMpure    14   12    9   11
    3   14    1    1    4    2    3    1    1    1       888   11    1 CMpure    12   11   16    9
    3   15    2    1    4    0    0    2    1    1       734    6    1 CMpure    15   16   12   10
    3   16    2    1    8    0    0    1    0    1       829    4    1 CMpure    15   14   16   13    9   11   10   12
    3   17    1    1    2    2    1    2    1    0       584    5    1 CMpure     7    5
    3   18    1    1    4    2    3    2    1    0       642    5    1 CMpure     3    5    8    6
    3   19    1    1    4    3    2    1    1    1       770   13    1 CMpure     9   10   13   16
    3   20    2    1    8    0    0    1    0    1      1928    3    1 CMpure    11   16   13   15   12   10    9   14
    3   21    2    1    4    0    0    1    1    0       965   14    1 CMpure     6    3    4    8
    3   22    1    1    4    1    4    2    1    0       983    7    1 CMpure     7    4    1    5
    3   23    1    1    2    2    1    1    1    1       708   13    1 CMpure     9   13
    3   24    1    1    2    1    2    1    1    1       780   13    1 CMpure    13   16
    4    1    2    1    8    0    0    1    1    0       802   10    1 CMpure     7    5    8    3    4    2    6    1
    4    2    1    1    8    7    2    2    1    0       654    1    1 CMpure     3    2    5    8    4    6    1    7
    4    3    1    1    8    4    5    1    1    1       496   14    1 CMpure    11    9   15   14   13   10   16   12
    4    4    1    1    2    1    2    2    1    0       673    7    1 CMpure     7    1
    4    5    2    1    8    0    0    1    1    0      1762   13    1 CMpure     7    2    5    6    1    3    4    8
    4    6    1    1    8    5    4    2    1    0      1296    3    1 CMpure     7    5    1    6    3    2    4    8
    4    7    2    1    8    0    0    1    1    0      1497    9    1 CMpure     6    7    2    1    4    5    3    8
    4    8    2    1    4    0    0    2    1    1       783    4    1 CMpure    14   13   10   15
    4    9    1    1    8    1    8    1    1    1       708   13    1 CMpure    13   14   10   11   15   12   16    9
    4   10    2    1    8    0    0    1    1    0       956   14    1 CMpure     4    7    6    1    8    5    3    2
    4   12    2    1    8    0    0    1    1    0      1364   10    1 CMpure     8    5    4    1    7    6    2    3
    4   13    1    1    2    1    2    1    1    1      2242   16    1 CMpure    16   10
    4   14    1    1    2    1    2    1    1    1       493   14    1 CMpure    14   16
    4   15    1    1    4    2    3    2    1    0      1251    8    1 CMpure     3    8    5    6
    4   16    2    1    2    0    0    2    1    1       853    1    1 CMpure    12   15
    4   17    2    1    8    0    0    2    1    1       719    7    1 CMpure    10   11   16   15   13   14    9   12
    4   18    1    1    4    4    1    1    1    1      1924   15    1 CMpure    10   14   12   15
    4   19    2    1    8    0    0    1    0    1      1291    2    1 CMpure    11    9   15   14   13   16   12   10
    4   20    2    1    4    0    0    2    1    1       649    6    1 CMpure     9   11   13   12
    4   21    2    1    8    0    0    2    1    1      2155    3    1 CMpure    10   13   15    9   12   16   14   11
    4   22    2    1    2    0    0    2    1    1      3665    7    1 CMpure    16    9
    4   23    1    1    8    5    4    2    1    0       834    4    1 CMpure     8    6    1    2    4    3    5    7
    4   24    2    1    4    0    0    1    1    0       683   16    1 CMpure     4    6    2    8
    5    1    2    1    8    0    0    1    1    0       646   15    1 CMpure     1    7    8    5    2    6    3    4
    5    2    1    1    4    1    4    1    1    1       622   14    1 CMpure    14   11   10   15
    5    3    1    1    8    4    5    1    1    1       666   14    1 CMpure    11    9   15   14   12   16   10   13
    5    4    2    1    2    0    0    2    1    1       619    3    1 CMpure    14   15
    5    5    1    1    2    1    2    2    0    1      2662   15    1 CMpure    15   12
    5    6    1    1    8    6    3    1    1    1       744   13    1 CMpure    15   10   11   14   12   13    9   16
    5    7    1    1    2    1    2    2    1    0      2959    6    1 CMpure     6    5
    5    8    1    1    2    2    1    1    1    1       437   12    1 CMpure    11   12
    5    9    1    1    2    2    1    2    1    0       496    7    1 CMpure     5    7
    5   10    2    1    8    0    0    1    1    0       552   16    1 CMpure     5    3    1    4    8    7    2    6
    5   11    2    1    2    0    0    2    1    1       559    8    1 CMpure    14    9
    5   12    1    1    2    1    2    2    1    0       957    4    1 CMpure     4    5
    5   13    2    1    4    0    0    2    1    1       592    7    1 CMpure    16   13    9   15
    5   14    2    1    4    0    0    2    1    1       642    1    1 CMpure    11   16   10   12
    5   15    2    1    8    0    0    2    0    0      1621   15    1 CMpure     7    6    2    4    8    1    5    3
    5   16    2    1    4    0    0    2    1    1       813    1    1 CMpure    12   16   14   15
    5   17    2    1    4    0    0    2    1    1       775    2    1 CMpure    14   12   15   16
    5   18    2    1    4    0    0    1    1    0       922   12    1 CMpure     4    5    1    8
    5   19    2    1    4    0    0    1    1    0      1942    9    1 CMpure     6    8    5    3
    5   20    1    1    4    4    1    2    1    0      1027    4    1 CMpure     5    7    2    4
    5   21    2    1    8    0    0    2    1    1       694    7    1 CMpure    15    9   14   13   11   10   12   16
    5   22    1    1    8    4    5    2    0    1       654   16    1 CMpure    15   12   11   16   13    9   14   10
    5   23    1    1    8    3    6    1    1    1       833   13    1 CMpure    12    9   13   10   11   14   16   15
    5   24    1    1    4    4    1    1    1    1       864   10    1 CMpure    16   14   13   10
    6    1    1    1    8    4    5    1    1    1       575   16    1 CMpure    12   14    9   16   10   13   15   11
    6    2    1    1    2    2    1    2    1    0      1652    4    1 CMpure     3    4
    6    3    2    1    4    0    0    2    0    0       739   11    1 CMpure     8    6    2    3
    6    4    2    1    8    0    0    2    1    1       994    5    1 CMpure    15   16   13   11    9   14   10   12
    6    5    2    1    8    0    0    2    1    1       703    2    1 CMpure    14    9   11   15   13   10   16   12
    6    6    2    1    4    0    0    2    1    1       572    1    1 CMpure    10    9   14   16
    6    7    2    1    2    0    0    2    1    1       817    2    1 CMpure    11   15
    6    8    1    1    8    7    2    1    1    1       645   11    1 CMpure    16   13   15   10    9   14   11   12
    6    9    2    1    8    0    0    2    1    1       832    5    1 CMpure    16   12   15   13    9   10   14   11
    6   10    2    1    2    0    0    1    0    1      2203    1    1 CMpure    11   16
    6   11    1    1    2    1    2    2    1    0       582    1    1 CMpure     1    4
    6   12    1    1    8    1    8    1    1    1       603   11    1 CMpure    11   15   13   12   16    9   14   10
    6   13    2    1    8    0    0    2    0    0       383   14    1 CMpure     5    8    3    7    6    1    2    4
    6   14    1    1    2    2    1    2    1    0       516    6    1 CMpure     4    6
    6   15    1    1    4    1    4    1    1    1       721   15    1 CMpure    15   12   10   14
    6   16    1    1    4    1    4    1    1    1       701    9    1 CMpure     9   11   14   15
    6   17    1    1    2    2    1    2    1    0       557    6    1 CMpure     4    6
    6   18    2    1    2    0    0    2    1    1       611    3    1 CMpure     9   10
    6   19    1    1    2    1    2    2    1    0       583    3    1 CMpure     3    4
    6   20    2    1    2    0    0    2    1    1       572    4    1 CMpure    16   14
    6   21    1    1    2    2    1    2    1    0       521    2    1 CMpure     1    2
    6   22    1    1    2    2    1    2    1    0       505    5    1 CMpure     7    5
    6   23    2    1    8    0    0    2    1    1       601    7    1 CMpure     9   14   13   10   16   12   11   15
    6   24    1    1    4    1    4    2    1    0       578    3    1 CMpure     3    8    1    2
    7    1    2    1    4    0    0    1    1    0      2222   10    1 CMpure     3    1    4    2
    7    2    2    1    8    0    0    2    1    1      1402    6    1 CMpure    15   13   10   11   16    9   14   12
    7    3    2    1    8    0    0    2    1    1       774    7    1 CMpure    11    9   10   13   16   12   14   15
    7    4    1    1    2    1    2    2    0    1      2755   13    1 CMpure    13    9
    7    5    1    1    8    3    6    1    1    1       793   11    1 CMpure    13   10   11   16    9   14   15   12
    7    6    1    1    8    8    1    2    1    0       510    1    1 CMpure     8    5    7    3    4    2    6    1
    7    7    2    1    2    0    0    2    1    1       614    6    1 CMpure    15   12
    7    8    2    1    2    0    0    1    0    1      1138    1    1 CMpure    15    9
    7    9    2    1    2    0    0    1    1    0       809   10    1 CMpure     1    7
    7   10    1    1    8    2    7    2    1    0       565    2    1 CMpure     4    2    6    8    7    5    3    1
    7   11    2    1    8    0    0    1    1    0       762   14    1 CMpure     5    4    8    2    7    1    6    3
    7   12    1    1    2    2    1    2    1    0       488    3    1 CMpure     1    3
    7   13    2    1    4    0    0    1    1    0       686   13    1 CMpure     4    6    1    8
    7   14    1    1    4    2    3    1    1    1       852   11    1 CMpure    15   11   16   14
    7   15    2    1    4    0    0    2    1    1      2428    8    1 CMpure    12   16   15    9
    7   16    1    1    8    4    5    1    1    1       775   14    1 CMpure    12   15   13   14   16    9   10   11
    7   17    1    1    2    1    2    1    0    0      1021    7    1 CMpure     7    4
    7   18    2    1    2    0    0    2    1    1       560    2    1 CMpure    15    9
    7   19    1    1    2    1    2    1    1    1       630   14    1 CMpure    14   10
    7   20    2    1    2    0    0    1    1    0       538   12    1 CMpure     2    3
    7   21    1    1    8    6    3    2    1    0       920    8    1 CMpure     3    5    2    4    6    8    7    1
