    1    1    1    1    8    6    3    2    1    0      2587    8    0 MIX     1    4    2    8   17   18   19   20
    1    2    2    1    8    0    0    2    1    1      3508   25    1 MIX     3    6    4    7   21   22   23   24
    1    3    1    1    2    2    1    1    1    1      1387    8    0 MIX     3   26
    1    4    2    1    2    0    0    1    0    1      2071   28    1 MIX     1   27
    1    5    2    1    8    0    0    2    1    1      2164   15    1 MIX     1    4    6    5   29   30   31   32
    1    6    2    1    4    0    0    2    1    1      1510   35    1 MIX     1    2   33   34
    1    7    1    1    4    3    2    1    1    1      1090    8    0 MIX     1    3   36   37
    1    8    1    1    2    2    1    1    1    1      1161    2    0 MIX     8   38
    1    9    2    1    2    0    0    2    1    1      1454   40    1 MIX     8   39
    1   10    2    1    2    0    0    1    1    0      1144   11    1 MIX     2   41
    1   11    1    1    2    2    1    2    1    0      1486    8    0 MIX     8   42
    1   12    2    1    4    0    0    2    0    0      2394   45    1 MIX     1    3   43   44
    1   13    1    1    4    2    3    1    1    1      2867    4    0 MIX     3    1   46   47
    1   14    2    1    8    0    0    2    1    1      1346   14    1 MIX     3    6    7    4   48   49   50   51
    1   15    1    1    2    1    2    2    1    0       944    2    0 MIX     6   52
    1   16    1    1    4    3    2    2    1    0       915    6    0 MIX     6    2   53   54
    1   17    2    1    4    0    0    1    1    0       903   11    1 MIX     1    8   55   56
    1   18    1    1    8    1    8    1    1    1      1061    7    0 MIX     6    3    4    7   57   58   59   60
    1   19    2    1    4    0    0    1    1    0       804    9    1 MIX     1    7   61   62
    1   20    1    1    4    4    1    1    1    1       844    2    0 MIX     2    3   63   64
    1   21    1    1    4    3    2    2    1    0       947    8    0 MIX     6    8   65   66
    1   22    1    1    2    2    1    2    1    0       785    4    0 MIX     4   67
    1   23    1    1    8    7    2    2    1    0       820    8    0 MIX     4    5    8    2   68   69   70   71
    1   24    1    1    2    2    1    2    1    0       775    4    0 MIX     5   72
    2    1    2    1    4    0    0    2    0    0      4589   75    1 MIX     7    6   73   74
    2    2    1    1    4    3    2    1    1    1       894    2    0 MIX     7    1   76   77
    2    3    1    1    2    1    2    2    1    0       782    3    0 MIX     3   78
    2    4    1    1    4    4    1    1    1    1       870    8    0 MIX     3    7   79   80
    2    5    2    1    2    0    0    1    0    1       951   11    1 MIX     4   81
    2    6    1    1    2    2    1    2    1    0       693    7    0 MIX     7   82
    2    7    1    1    2    1    2    1    1    1       733    1    0 MIX     1   83
    2    8    2    1    4    0    0    1    1    0      1801   86    1 MIX     4    7   84   85
    2    9    2    1    2    0    0    2    1    1      3732   88    1 MIX     7   87
    2   10    1    1    4    1    4    1    1    1      1607    5    0 MIX     7    3   89   90
    2   11    1    1    4    1    4    1    1    1       784    2    0 MIX     6    7   91   92
    2   12    2    1    8    0    0    2    0    0      1761   97    1 MIX     8    6    7    2   93   94   95   96
    2   13    2    1    4    0    0    2    1    1      3140   14    1 MIX     1    3   98   99
    2   14    1    1    2    2    1    2    1    0       746    8    0 MIX     8  100
    2   15    1    1    2    1    2    1    1    1       641    7    0 MIX     8  101
    2   16    1    1    4    1    4    1    1    1       576    6    0 MIX     2    4  102  103
    2   17    1    1    4    2    3    2    1    0       721    4    0 MIX     3    1  104  105
    2   18    2    1    2    0    0    2    1    1       712    9    1 MIX     5  106
    2   19    2    1    8    0    0    2    1    1      4255  111    1 MIX     1    8    6    2  107  108  109  110
    2   20    1    1    8    3    6    1    1    1       710    6    0 MIX     8    1    7    6  112  113  114  115
    2   21    2    1    4    0    0    1    1    0      1315    9    1 MIX     6    4  116  117
    2   22    1    1    4    2    3    1    1    1       663    6    0 MIX     2    4  118  119
    2   23    1    1    4    1    4    1    1    1       661    1    0 MIX     1    5  120  121
    2   24    2    1    4    0    0    1    1    0       820   15    1 MIX     5    3  122  123
    3    1    1    1    8    3    6    2    1    0       963    1    0 MIX     2    7    6    8  124  125  126  127
    3    2    1    1    2    1    2    2    1    0       705    1    0 MIX     1  128
    3    3    1    1    8    7    2    1    1    1       679    3    0 MIX     1    4    7    2  129  130  131  132
    3    4    1    1    2    1    2    2    1    0       720    4    0 MIX     6  133
    3    5    1    1    4    3    2    2    1    0       780    4    0 MIX     5    1  134  135
    3    6    2    1    2    0    0    2    1    1      2609  137    1 MIX     3  136
    3    7    1    1    2    2    1    2    1    0       780    3    0 MIX     1  138
    3    8    2    1    4    0    0    2    0    0      1958  141    1 MIX     2    5  139  140
    3    9    1    1    8    1    8    1    1    1      1131    6    0 MIX     4    5    3    1  142  143  144  145
    3   10    2    1    4    0    0    2    1    1       727   10    1 MIX     3    7  146  147
    3   11    2    1    8    0    0    2    0    0      1084   13    1 MIX     7    5    8    4  148  149  150  151
    3   12    2    1    2    0    0    2    1    1      2211  153    1 MIX     8  152
    3   13    2    1    8    0    0    2    1    1      1967  158    1 MIX     7    5    1    2  154  155  156  157
    3   14    1    1    4    2    3    1    0    0      3272    3    0 MIX     5    2  159  160
    3   15    1    1    8    2    7    2    1    0      1096    3    0 MIX     5    4    6    1  161  162  163  164
    3   16    1    1    2    2    1    2    1    0       625    2    0 MIX     2  165
    3   17    1    1    8    2    7    1    1    1       698    3    0 MIX     2    3    6    4  166  167  168  169
    3   18    2    1    2    0    0    2    1    1       690    9    1 MIX     8  170
    3   19    1    1    8    6    3    2    1    0       633    3    0 MIX     8    7    6    4  171  172  173  174
    3   20    2    1    2    0    0    2    0    0      3107  176    1 MIX     3  175
    3   21    2    1    8    0    0    1    1    0      1977  181    1 MIX     6    5    8    1  177  178  179  180
    3   22    1    1    8    7    2    1    1    1       748    3    0 MIX     7    4    5    1  182  183  184  185
    3   23    1    1    4    2    3    1    1    1      1159    8    0 MIX     3    7  186  187
    3   24    2    1    8    0    0    2    1    1       587    9    1 MIX     7    1    3    8  188  189  190  191
    4    1    1    1    4    2    3    2    1    0       723    4    0 MIX     1    2  192  193
    4    2    2    1    8    0    0    2    0    0      1079   13    1 MIX     7    3    6    8  194  195  196  197
    4    3    1    1    8    2    7    1    1    1       607    1    0 MIX     3    8    7    1  198  199  200  201
    4    4    2    1    2    0    0    1    1    0      2347  203    1 MIX     8  202
    4    5    1    1    2    1    2    1    1    1       593    3    0 MIX     3  204
    4    6    2    1    2    0    0    1    1    0       718   11    1 MIX     5  205
    4    7    2    1    4    0    0    2    1    1      1114   14    1 MIX     1    5  206  207
    4    8    2    1    2    0    0    2    1    1       625   15    1 MIX     4  208
    4    9    2    1    2    0    0    2    1    1      1595  210    1 MIX     1  209
    4   10    2    1    8    0    0    1    0    1      3375  215    1 MIX     4    1    5    7  211  212  213  214
    4   11    1    1    2    2    1    2    1    0       748    2    0 MIX     2  216
    4   12    2    1    8    0    0    1    0    1       960  221    1 MIX     1    2    4    5  217  218  219  220
    4   13    1    1    8    4    5    2    1    0      1116    4    0 MIX     4    3    5    1  222  223  224  225
    4   14    1    1    4    4    1    1    1    1       601    7    0 MIX     5    2  226  227
    4   15    2    1    2    0    0    2    0    0      1268  229    1 MIX     7  228
    4   16    1    1    8    3    6    1    1    1       627    5    0 MIX     1    8    2    6  230  231  232  233
    4   17    2    1    2    0    0    1    0    1      1982  235    1 MIX     5  234
    4   18    1    1    2    1    2    2    1    0       786    3    0 MIX     3  236
    4   19    2    1    4    0    0    1    1    0      1083  239    1 MIX     7    8  237  238
    4   20    2    1    4    0    0    1    1    0       713    9    1 MIX     3    2  240  241
    4   21    2    1    2    0    0    2    1    1       576   15    1 MIX     7  242
    4   22    1    1    8    3    6    2    1    0       716    8    0 MIX     1    8    5    7  243  244  245  246
    4   23    1    1    2    2    1    1    1    1       580    4    0 MIX     5  247
    4   24    2    1    8    0    0    1    1    0       704   16    1 MIX     7    3    4    6  248  249  250  251
    5    1    2    1    4    0    0    1    0    1      1644  254    1 MIX     1    5  252  253
    5    2    2    1    2    0    0    1    1    0       591   13    1 MIX     5  255
    5    3    2    1    8    0    0    2    1    1      1371  260    1 MIX     8    2    3    5  256  257  258  259
    5    4    2    1    8    0    0    1    1    0      1926  265    1 MIX     6    7    1    5  261  262  263  264
    5    5    2    1    8    0    0    1    0    1      1276  270    1 MIX     4    2    7    5  266  267  268  269
    5    6    2    1    2    0    0    2    0    0      3149  272    1 MIX     1  271
    5    7    2    1    2    0    0    1    1    0       803   14    1 MIX     3  273
    5    8    2    1    4    0    0    1    1    0       604   16    1 MIX     2    7  274  275
    5    9    1    1    4    4    1    2    1    0       780    3    0 MIX     4    1  276  277
    5   10    1    1    4    3    2    2    1    0       678    8    0 MIX     8    3  278  279
    5   11    2    1    4    0    0    1    0    1      1253  282    1 MIX     5    8  280  281
    5   12    1    1    2    1    2    2    1    0       631    7    0 MIX     8  283
    5   13    2    1    4    0    0    2    1    1       807    9    1 MIX     2    6  284  285
    5   14    2    1    4    0    0    2    1    1       671   14    1 MIX     3    7  286  287
    5   15    1    1    2    2    1    1    1    1       632    2    0 MIX     5  288
    5   16    1    1    8    8    1    2    1    0       690    2    0 MIX     6    2    1    3  289  290  291  292
    5   17    2    1    4    0    0    1    1    0       976   12    1 MIX     8    6  293  294
    5   18    1    1    4    1    4    2    1    0       593    7    0 MIX     6    7  295  296
    5   19    2    1    8    0    0    2    1    1       507   15    1 MIX     6    1    4    5  297  298  299  300
    5   20    2    1    8    0    0    1    0    1      1658  305    1 MIX     6    2    1    7  301  302  303  304
    5   21    2    1    8    0    0    2    0    0      2043  310    1 MIX     7    1    6    3  306  307  308  309
    5   22    1    1    8    2    7    1    1    1       764    2    0 MIX     2    8    1    7  311  312  313  314
    5   23    1    1    4    4    1    2    1    0       759    1    0 MIX     1    2  315  316
    5   24    2    1    8    0    0    1    0    1      1596  321    1 MIX     4    2    1    8  317  318  319  320
    6    1    1    1    8    2    7    2    1    0       652    4    0 MIX     7    1    5    6  322  323  324  325
    6    2    1    1    4    3    2    2    1    0       665    7    0 MIX     3    7  326  327
    6    3    1    1    2    1    2    1    1    1       595    2    0 MIX     2  328
    6    4    2    1    4    0    0    2    1    1       629   15    1 MIX     8    7  329  330
    6    5    2    1    4    0    0    1    0    1      2837   12    1 MIX     6    8  331  332
    6    6    1    1    4    1    4    1    1    1       588    7    0 MIX     6    7  333  334
    6    7    1    1    4    2    3    2    1    0       780    3    0 MIX     3    6  335  336
    6    8    2    1    2    0    0    1    0    1      1232  338    1 MIX     8  337
    6    9    2    1    8    0    0    2    0    0      1440  343    1 MIX     6    1    8    7  339  340  341  342
    6   10    2    1    4    0    0    1    1    0       911   16    1 MIX     1    5  344  345
    6   11    1    1    8    8    1    1    1    1       400    1    0 MIX     1    3    7    6  346  347  348  349
    6   12    2    1    8    0    0    2    1    1       642   14    1 MIX     8    5    4    3  350  351  352  353
    6   13    1    1    4    2    3    1    1    1      1362    2    0 MIX     4    2  354  355
    6   14    1    1    2    2    1    2    1    0       560    2    0 MIX     2  356
    6   15    1    1    8    7    2    2    1    0       541    6    0 MIX     3    8    4    1  357  358  359  360
    6   16    1    1    8    2    7    2    1    0       873    4    0 MIX     6    3    5    8  361  362  363  364
    6   17    2    1    8    0    0    1    1    0       777   14    1 MIX     3    1    8    5  365  366  367  368
    6   18    1    1    4    4    1    1    1    1       562    8    0 MIX     1    4  369  370
    6   19    1    1    2    2    1    1    1    1       624    5    0 MIX     8  371
    6   20    2    1    2    0    0    1    1    0       715   11    1 MIX     5  372
    6   21    2    1    8    0    0    1    1    0       816   13    1 MIX     6    4    2    7  373  374  375  376
    6   22    1    1    4    4    1    2    1    0      1256    8    0 MIX     4    6  377  378
    6   23    2    1    4    0    0    1    0    1      1086  381    1 MIX     5    7  379  380
    6   24    1    1    2    2    1    2    1    0       743    5    0 MIX     6  382
    7    1    2    1    8    0    0    2    1    1       638   16    1 MIX     5    3    1    8  383  384  385  386
    7    2    1    1    2    1    2    1    1    1       600    8    0 MIX     8  387
    7    3    1    1    4    1    4    1    1    1       793    8    0 MIX     4    8  388  389
    7    4    1    1    8    7    2    1    1    1       973    4    0 MIX     8    4    5    2  390  391  392  393
    7    5    2    1    8    0    0    1    1    0       761   10    1 MIX     5    8    1    6  394  395  396  397
    7    6    1    1    4    4    1    2    1    0       739    5    0 MIX     7    5  398  399
    7    7    2    1    8    0    0    1    1    0       600   10    1 MIX     6    7    3    2  400  401  402  403
    7    8    2    1    4    0    0    2    0    0      2169  406    1 MIX     1    2  404  405
    7    9    1    1    4    3    2    1    1    1      4459    7    0 MIX     1    5  407  408
    7   10    2    1    2    0    0    1    1    0       541   16    1 MIX     6  409
    7   11    2    1    2    0    0    2    1    1       684    9    1 MIX     7  410
    7   12    2    1    4    0    0    2    1    1       600   10    1 MIX     2    3  411  412
    7   13    2    1    8    0    0    2    0    0      1731  417    1 MIX     8    3    4    5  413  414  415  416
    7   14    1    1    8    8    1    1    1    1       432    3    0 MIX     8    4    2    3  418  419  420  421
    7   15    1    1    8    8    1    2    1    0       657    1    0 MIX     6    5    1    2  422  423  424  425
    7   16    2    1    2    0    0    1    0    1      3963  427    1 MIX     7  426
    7   17    2    1    2    0    0    1    1    0      3537   13    1 MIX     3  428
    7   18    1    1    8    7    2    2    1    0      1653    8    0 MIX     7    2    5    6  429  430  431  432
    7   19    1    1    4    2    3    2    1    0       573    2    0 MIX     3    2  433  434
    7   20    1    1    2    2    1    1    1    1       650    4    0 MIX     4  435
    7   21    1    1    4    2    3    2    1    0       680    3    0 MIX     2    7  436  437
    7   22    2    1    8    0    0    2    0    0      1198  442    1 MIX     8    7    1    6  438  439  440  441
    7   23    2    1    2    0    0    1    0    1      2114  444    1 MIX     6  443
    7   24    1    1    8    5    4    1    0    0      2032    2    0 MIX     4    7    3    8  445  446  447  448
    8    1    1    1    2    2    1    1    1    1       786    6    0 MIX     8  449
    8    2    2    1    2    0    0    1    1    0       935   15    1 MIX     3  450
    8    3    2    1    8    0    0    2    1    1       627   15    1 MIX     1    3    8    7  451  452  453  454
    8    4    2    1    4    0    0    2    0    0      3650  457    1 MIX     2    6  455  456
    8    5    1    1    2    1    2    1    0    0       547    6    0 MIX     1  458
    8    6    2    1    4    0    0    1    1    0      4325  461    1 MIX     3    8  459  460
    8    7    2    1    2    0    0    1    0    1      2828  463    1 MIX     8  462
    8    8    1    1    8    5    4    1    1    1      1277    3    0 MIX     4    7    1    6  464  465  466  467
    8    9    2    1    4    0    0    1    1    0       770   10    1 MIX     3    8  468  469
    8   10    2    1    4    0    0    1    0    1      1484  472    1 MIX     3    2  470  471
    8   11    2    1    8    0    0    2    1    1       595   15    1 MIX     3    8    1    7  473  474  475  476
    8   12    1    1    2    1    2    2    1    0       928    4    0 MIX     8  477
    8   13    2    1    8    0    0    1    1    0      1181  482    1 MIX     5    7    4    6  478  479  480  481
    8   14    1    1    4    3    2    1    1    1      1239    5    0 MIX     4    2  483  484
    8   15    1    1    4    4    1    1    1    1       558    3    0 MIX     3    6  485  486
    8   16    2    1    2    0    0    1    0    1      1307  488    1 MIX     1  487
    8   17    2    1    2    0    0    2    1    1       667   11    1 MIX     4  489
    8   18    2    1    8    0    0    2    1    1       722   16    1 MIX     5    2    3    4  490  491  492  493
    8   19    1    1    8    2    7    1    1    1       728    1    0 MIX     5    2    1    3  494  495  496  497
    8   20    2    1    2    0    0    2    0    0      4974  499    1 MIX     7  498
    8   21    2    1    8    0    0    2    1    1      1193   10    1 MIX     1    3    7    2  500  501  502  503
    8   22    2    1    2    0    0    1    0    1      1934  505    1 MIX     7  504
    8   23    2    1    4    0    0    2    1    1       601    9    1 MIX     8    6  506  507
    8   24    1    1    2    1    2    1    1    1       821    2    0 MIX     6  508
    9    1    1    1    2    1    2    1    1    1       691    4    0 MIX     2  509
    9    2    2    1    8    0    0    2    0    0      1867  514    1 MIX     5    3    1    4  510  511  512  513
    9    3    1    1    4    4    1    1    1    1       569    5    0 MIX     3    4  515  516
    9    4    2    1    4    0    0    2    1    1      2187  519    1 MIX     6    2  517  518
    9    5    2    1    4    0    0    1    1    0       621   10    1 MIX     8    4  520  521
    9    6    1    1    2    1    2    1    1    1       647    6    0 MIX     6  522
    9    7    1    1    4    1    4    1    1    1       870    1    0 MIX     2    6  523  524
    9    8    1    1    8    5    4    2    1    0      1446    7    0 MIX     4    5    7    3  525  526  527  528
    9    9    2    1    2    0    0    2    1    1       656   13    1 MIX     8  529
    9   10    1    1    4    2    3    2    1    0       622    4    0 MIX     2    6  530  531
    9   11    1    1    4    2    3    1    1    1      1214    4    0 MIX     3    7  532  533
    9   12    2    1    8    0    0    1    0    1      3984  538    1 MIX     3    4    8    1  534  535  536  537
    9   13    2    1    4    0    0    2    1    1      1145  541    1 MIX     4    6  539  540
    9   14    2    1    4    0    0    1    1    0      1092   11    1 MIX     4    5  542  543
    9   15    1    1    8    7    2    1    1    1       539    2    0 MIX     6    7    2    5  544  545  546  547
    9   16    1    1    4    4    1    2    1    0       574    7    0 MIX     5    7  548  549
    9   17    2    1    2    0    0    2    1    1       572   15    1 MIX     6  550
    9   18    1    1    8    1    8    1    1    1       936    2    0 MIX     1    2    5    7  551  552  553  554
    9   19    1    1    4    4    1    2    1    0      1340    3    0 MIX     3    8  555  556
    9   20    1    1    8    6    3    1    1    1       730    8    0 MIX     4    7    6    3  557  558  559  560
    9   21    2    1    2    0    0    2    0    0      4193  562    1 MIX     1  561
    9   22    2    1    2    0    0    2    1    1       637   13    1 MIX     1  563
    9   23    2    1    4    0    0    1    0    1      3771  566    1 MIX     5    2  564  565
    9   24    1    1    8    5    4    1    1    1      1014    8    0 MIX     7    4    1    6  567  568  569  570
