    1    1    5    1    2    1    2    2    0         0    7    7    5
    1    2    3    2    6    0    0    2    1         0    3   10    2    9    5    7    6   32   32   32   32   32   32   32
    1    3    2    1    6    5    2    2    0         0    2    8    7    6    5    2   10   32   32   32   32   32   32   32
    1    4    5    2    2    0    0    2    1         0    5    8   10
    1    5    4    2    6    0    0    2    1         0    4    6    9    2    7    8    5   32   32   32   32   32   32   32
    1    6    3    2    2    0    0    2    1         0    3    8    6
    1    7    2    1    2    2    1    2    0         0    2   10    2
    1    8    5    1    6    1    6    2    0         0    5    5    6    7   10    2    9   32   32   32   32   32   32   32
    1    9    5    1    4    3    2    2    0         0    8    5    2    8   10   32   32   32
    1   10    2    1    4    2    3    2    0         0    2    5    2   10    9   32   32   32    1
