    1    1    5    2    2    0    0    2    1         0    6    7    5
    1    2    5    1    4    4    1    2    0         0    8    2    5    7    8
    1    3    5    2    2    0    0    2    1         0    6    7    8
    1    4    5    1    6    1    6    2    0         0   10   10    8    6    5    2    9
    1    5    4    2    4    0    0    2    1         0    4    5    7    2    9
    1    6    5    2    2    0    0    2    1         0    6   10    7
    1    7    5    2    6    0    0    2    1         0    6    2    9    5    7   10    8
    1    8    3    2    6    0    0    2    1         0    3    7   10    9    2    5    6
    1    9    5    2    4    0    0    2    1         0   10    2    7    9    6
    1   10    5    1    2    1    2    2    0         0    6    6    8
    1   11    5    1    6    1    6    2    0         0    9    9    5    8    7    2    6
    1   12    5    1    6    2    5    2    0         0    5   10    5    7    2    9    6
    1   13    1    1    4    4    1    2    0         0    1    6    7    9    1
    1   14    5    2    2    0    0    2    1         0    6    7    2
    1   15    5    1    6    5    2    2    0         0    6    5    8    2    9    6    7
    1   16    2    1    6    3    4    2    0         0    2    7   10    2    9    5    8
    1   17    2    1    2    1    2    2    0         0    2    2    5
    1   18    5    1    4    2    3    2    0         0    8    6    8    2    7
    1   19    3    2    4    0    0    2    1         0    3    7    2   10    6
    1   20    5    1    2    2    1    2    0         0    9    5    9
    1   21    5    2    4    0    0    2    1         0    8    6    9    2    7
    1   22    5    1    4    4    1    2    0         0    7    2    8   10    7
    1   23    5    1    4    2    3    2    0         0    9    7    9   10    2
    1   24    5    1    2    2    1    2    0         0    8    5    8
    1   25    5    1    4    4    1    2    0         0    9    7    5    2    9
    2    1    2    1    2    2    1    2    0         0    2    8    2
    2    2    1    1    6    3    4    2    0         0    1    5    9    1    8    7    6
    2    3    1    1    6    4    3    2    0         0    1    6    9    5    1    8   10
    2    4    5    1    4    1    4    2    0         0    8    8    7   10    6
    2    5    5    2    4    0    0    2    1         0    8    9   10    6    2
    2    6    5    1    2    2    1    2    0         0    6    9    6
    2    7    1    1    2    2    1    2    0         0    1    6    1
    2    8    5    1    4    1    4    2    0         0    7    7    9   10    2
    2    9    5    1    2    2    1    2    0         0    5    7    5
    2   10    5    1    6    6    1    2    0         0    9    2    7    6    5   10    9
    2   11    2    1    4    2    3    2    0         0    2    8    2   10    7
    2   12    5    2    2    0    0    2    1         0    7    2   10
    2   13    5    1    4    2    3    2    0         0    5    9    5    8    7
    2   14    5    2    6    0    0    2    1         0    5    6    2    8    9   10    7
    2   15    1    1    2    1    2    2    0         0    1    1    6
    2   16    5    1    2    1    2    2    0         0    8    8    2
    2   17    3    2    4    0    0    2    1         0    3   10    2    5    7
    2   18    3    2    2    0    0    2    1         0    3    5    2
    2   19    1    1    2    1    2    2    0         0    1    1   10
    2   20    5    2    6    0    0    2    1         0    5    7    2    9    6   10    8
    2   21    2    1    4    2    3    2    0         0    2    5    2    7    8
    2   22    4    2    6    0    0    2    1         0    4    9    8    5    6    7    2
    2   23    3    2    6    0    0    2    1         0    3    2   10    9    6    7    8
    2   24    5    2    4    0    0    2    1         0    9    7    8    2    6
    2   25    5    2    2    0    0    2    1         0    7    2    6
    3    1    5    2    2    0    0    2    1         0   10    5    2
    3    2    5    1    4    1    4    2    0         0    5    5    2    9    7
    3    3    5    1    4    3    2    2    0         0    5    8    9    5    1
    3    4    2    1    4    2    3    2    0         0    2    5    2    7   10
    3    5    3    2    2    0    0    2    1         0    3    6    8
    3    6    3    2    4    0    0    2    1         0    3    6    2    7   10
    3    7    5    1    4    2    3    2    0         0    9    7    9   10    2
    3    8    5    2    6    0    0    2    1         0    6    8   10    5    7    9    2
    3    9    5    1    6    4    3    2    0         0    7    9    8   10    7    2    6
    3   10    5    1    2    1    2    2    0         0    7    7    2
    3   11    2    1    6    3    4    2    0         0    2    8    7    2    6   10    9
    3   12    4    2    6    0    0    2    1         0    4   10    9    8    6    2    7
    3   13    3    2    2    0    0    2    1         0    3    7    2
    3   14    3    2    4    0    0    2    1         0    3    5    7    8    9
    3   15    3    2    2    0    0    2    1         0    3    8    9
    3   16    5    1    2    2    1    2    0         0    5    8    5
    3   17    5    1    2    1    2    2    0         0    7    7    6
    3   18    5    1    2    1    2    2    0         0    7    7    2
    3   19    2    1    4    1    4    2    0         0    2    2    6    7    8
    3   20    5    1    6    5    2    2    0         0    5   10    2    6    7    5    8
    3   21    5    2    6    0    0    2    1         0    8    5    6    9    2   10    7
    3   22    3    2    2    0    0    2    1         0    3    9    5
    3   23    5    1    2    2    1    2    0         0    9    7    9
    3   24    2    1    2    2    1    2    0         0    2    6    2
    3   25    5    2    4    0    0    2    1         0    9    2    8    6   10
    4    1    3    2    6    0    0    2    1         0    3    6    2    7    8    9    5
    4    2    5    1    4    1    4    2    0         0   10   10    2    7    5
    4    3    2    1    2    1    2    2    0         0    2    2    5
    4    4    2    1    4    1    4    2    0         0    2    2    9    6    8
    4    5    2    1    6    3    4    2    0         0    2   10    7    2    9    8    6
    4    6    5    1    6    2    5    2    0         0    7    9    7    2    6    5   10
    4    7    5    2    2    0    0    2    1         0    7    2    9
    4    8    3    2    2    0    0    2    1         0    3    2    8
    4    9    1    1    6    3    4    2    0         0    1    8    9    1    5    7    6
    4   10    5    2    2    0    0    2    1         0    9    8    2
    4   11    5    1    4    3    2    2    0         0    7    5   10    7    2
    4   12    5    2    2    0    0    2    1         0    8   10    2
    4   13    3    2    4    0    0    2    1         0    3    2    6    7    5
    4   14    5    1    6    4    3    2    0         0    9    2    7    5    9    6    8
    4   15    5    2    6    0    0    2    1         0    5    7    8    9    6   10    2
    4   16    5    1    2    1    2    2    0         0   10   10    8
    4   17    5    1    6    6    1    2    0         0   10    7    9    8    5    2   10
    4   18    1    1    2    1    2    2    0         0    1    1    6
    4   19    3    2    6    0    0    2    1         0    3    6    7   10    5    8    2
    4   20    2    1    4    1    4    2    0         0    2    2    7    9    5
    4   21    2    1    2    1    2    2    0         0    2    2    5
    4   22    5    2    4    0    0    2    1         0   10    6    5    9    8
    4   23    5    2    4    0    0    2    1         0   10    7    2    9    6
    4   24    5    1    4    4    1    2    0         0    8    5    2    7    8
    4   25    5    1    2    2    1    2    0         0    9    2    9
    5    1    5    2    6    0    0    2    1         0    8    9   10    7    6    5    2
    5    2    3    2    4    0    0    2    1         0    3    8    2    9    5
    5    3    1    1    6    1    6    2    0         0    1    1    9    6    8    7    5
    5    4    3    2    6    0    0    2    1         0    3    5    2    9    6    7   10
    5    5    5    1    2    1    2    2    0         0    5    5    6
    5    6    2    1    6    5    2    2    0         0    2    7    6    9    5    2   10
    5    7    5    2    6    0    0    2    1         0   10    8    6    7    9    5    2
    5    8    2    1    6    5    2    2    0         0    2    7   10    8    6    2    5
    5    9    5    1    4    2    3    2    0         0   10    8   10    2    7
    5   10    4    2    2    0    0    2    1         0    4    2    6
    5   11    5    2    6    0    0    2    1         0    6    2   10    8    9    7    5
    5   12    1    1    2    2    1    2    0         0    1    7    1
    5   13    1    1    2    2    1    2    0         0    1    6    1
    5   14    5    1    2    1    2    2    0         0    7    7    2
    5   15    5    1    4    2    3    2    0         0    7   10    7    9    2
    5   16    5    1    4    2    3    2    0         0   10    8   10    2    5
    5   17    5    1    2    1    2    2    0         0   10   10    6
    5   18    3    2    2    0    0    2    1         0    3    9   10
    5   19    3    2    6    0    0    2    1         0    3    7    2   10    6    9    8
    5   20    5    2    4    0    0    2    1         0    9    7   10    2    6
    5   21    5    1    6    4    3    2    0         0    6    2    9   10    6    5    8
    5   22    3    2    2    0    0    2    1         0    3    6    8
    5   23    1    1    4    1    4    2    0         0    1    1    7    6    9
    5   24    5    1    4    2    3    2    0         0    7   10    7    2    5
    5   25    2    1    2    1    2    2    0         0    2    2   10
    6    1    5    1    2    1    2    2    0         0    8    8    1
    6    2    5    2    4    0    0    2    1         0   10    2    5    7    6
    6    3    4    2    4    0    0    2    1         0    4    2    8    5    6
    6    4    5    1    6    1    6    2    0         0    6    6    1    8   10    7    9
    6    5    3    2    2    0    0    2    1         0    3   10    7
    6    6    5    2    4    0    0    2    1         0    8    2    9   10    5
    6    7    5    1    6    3    4    2    0         0    5    2    7    5    6    8    9
    6    8    5    2    6    0    0    2    1         0    7    6    2    8    9   10    5
    6    9    5    2    4    0    0    2    1         0    8    7    5    2    6
    6   10    5    2    4    0    0    2    1         0    5    8    7    2    9
    6   11    4    2    6    0    0    2    1         0    4    2    6   10    9    5    7
    6   12    5    1    6    2    5    2    0         0   10    5   10    2    7    8    9
    6   13    5    1    2    1    2    2    0         0   10   10    2
    6   14    5    1    2    1    2    2    0         0    8    8    9
    6   15    5    1    4    4    1    2    0         0    7    9    2    5    7
    6   16    5    1    4    4    1    2    0         0   10    6    8    2   10
    6   17    3    2    4    0    0    2    1         0    3   10    9    2    6
    6   18    5    2    2    0    0    2    1         0    7    9    6
    6   19    5    1    2    1    2    2    0         0    9    9    2
    6   20    2    1    2    1    2    2    0         0    2    2    9
    6   21    4    2    6    0    0    2    1         0    4    5    7    8    6    2   10
    6   22    4    2    4    0    0    2    1         0    4    6    2    5    8
    6   23    2    1    4    3    2    2    0         0    2    8    6    2    5
    6   24    4    2    4    0    0    2    1         0    4    9    5   10    8
    6   25    5    1    6    1    6    2    0         0    5    5    2    8   10    9    6
    7    1    5    2    4    0    0    2    1         0    7    8    5    9   10
    7    2    5    2    2    0    0    2    1         0    6    2    5
    7    3    5    2    6    0    0    2    1         0    5   10    9    8    6    2    7
    7    4    5    2    4    0    0    2    1         0    8    9    2   10    7
    7    5    1    1    2    2    1    2    0         0    1    7    1
    7    6    5    1    4    1    4    2    0         0    9    9    2    6    8
    7    7    1    1    2    2    1    2    0         0    1    7    1
    7    8    5    1    4    2    3    2    0         0    7    8    7    2    9
    7    9    2    1    2    2    1    2    0         0    2    6    2
    7   10    5    1    2    2    1    2    0         0    7    6    7
    7   11    5    2    4    0    0    2    1         0    8    6    1    5   10
    7   12    3    2    2    0    0    2    1         0    3    7    6
    7   13    5    2    2    0    0    2    1         0    5   10    8
    7   14    2    1    6    4    3    2    0         0    2    9    7    8    2   10    6
    7   15    3    2    6    0    0    2    1         0    3    2    8    9    7   10    5
    7   16    5    2    4    0    0    2    1         0   10    6    7    2    9
    7   17    5    1    4    2    3    2    0         0   10    9   10    2    6
    7   18    2    1    2    1    2    2    0         0    2    2    6
    7   19    5    1    2    2    1    2    0         0    5    9    5
    7   20    3    2    6    0    0    2    1         0    3   10    7    5    2    9    6
    7   21    5    1    2    2    1    2    0         0    6   10    6
    7   22    5    1    2    2    1    2    0         0    8    5    8
    7   23    5    2    4    0    0    2    1         0    9    2    7   10    5
    7   24    5    1    4    4    1    2    0         0    7    2    6    8    7
    7   25    3    2    6    0    0    2    1         0    3    6    2    9    5    8    7
