    1    1    5    1    4    2    3    2    0         0    5    7    5    8    2    0    0    0
    1    2    5    1    6    4    3    2    0         0    9    6   10    2    9    8    7    0    0    0    0    0    0    0
    1    3    5    1    4    4    1    2    0         0    5    6    2    9    5    0    0    0
    1    4    4    2    6    0    0    2    1         0    4    2    9    6    5    7   10    0    0    0    0    0    0    0
    1    5    2    1    4    2    3    2    0         0    2    7    2    8    9    0    0    0
    1    6    4    2    4    0    0    2    1         0    4   10    7    5    2    0    0    0
    1    7    4    2    4    0    0    2    1         0    4    5    2    9    7    0    0    0
    1    8    4    2    2    0    0    2    1         0    4    2    8
    1    9    5    2    4    0    0    2    1         0    5    6    7    8   10    0    0    0
    1   10    1    1    4    1    4    2    0         0    1    1    7   10    9    0    0    0    1
