    1    1    5    1    6    6    1    2    0         0    6   10    9    5    7    2    6
    1    2    1    1    6    5    2    2    0         0    1    5   10    6    9    1    8
    1    3    5    1    2    1    2    2    0         0    7    7    2    0    0    0    0
    1    4    2    1    2    2    1    2    0         0    2    5    2    0    0    0    0
    1    5    1    1    6    5    2    2    0         0    1    7   10    5    6    1    8
    1    6    3    2    6    0    0    2    1         0    3    8   10    7    5    9    2
    1    7    5    2    4    0    0    2    1         0    9   10    2    6    7    0    0
    1    8    5    1    6    5    2    2    0         0    9    5    7   10    2    9    8
    1    9    5    2    6    0    0    2    1         0    7    9   10    2    8    5    6
    1   10    5    2    6    0    0    2    1         0   10    5    8    9    7    2    6    1
