    1    1    1    1    2    1    2    2    0         0    1    1    7
    1    2    5    1    4    4    1    2    0         0    9    6    2    8    9    0    0    0
    1    3    3    2    6    0    0    2    1         0    3    7    2    6    9    5   10    0    0    0    0    0    0    0
    1    4    5    1    6    4    3    2    0         0    8    7    5    9    8   10    2    0    0    0    0    0    0    0
    1    5    5    1    2    2    1    2    0         0    6    7    6
    1    6    2    1    2    2    1    2    0         0    2   10    2
    1    7    5    2    4    0    0    2    1         0    7    6    2    8   10    0    0    0
    1    8    5    2    4    0    0    2    1         0    7    8    6   10    9    0    0    0
    1    9    5    2    6    0    0    2    1         0   10    7    6    5    8    9    2    0    0    0    0    0    0    0
    1   10    5    1    2    1    2    2    0         0    8    8    2    1
