    1    1    5    1    6    1    6    2    0         0    5    5    8    6    1    7   10    0    0    0    0    0    0    0
    1    2    1    1    4    1    4    2    0         0    1    1    8    6    5    0    0    0
    1    3    1    1    2    2    1    2    0         0    1    8    1
    1    4    5    1    4    1    4    2    0         0    9    9    8    6    2    0    0    0
    1    5    5    2    2    0    0    2    1         0    5   10    6
    1    6    5    2    2    0    0    2    1         0    5    8   10
    1    7    5    1    4    3    2    2    0         0    9   10    2    9    8    0    0    0
    1    8    3    2    4    0    0    2    1         0    3    6    9    2    5    0    0    0
    1    9    2    1    6    4    3    2    0         0    2    7    5    6    2    9   10    0    0    0    0    0    0    0
    1   10    4    2    2    0    0    2    1         0    4    2    7    1
