    1    1    4    2    6    0    0    2    1         0    4    2   10    5    6    9    7
    1    2    2    1    6    2    5    2    0         0    2    5    2   10    7    6    8
    1    3    5    2    6    0    0    2    1         0    9   10    5    8    6    2    7
    1    4    2    1    6    2    5    2    0         0    2    8    2    5    7    6    9
    1    5    5    2    2    0    0    2    1         0    6    2    5
    1    6    1    1    6    3    4    2    0         0    1    7   10    1    8    9    6
    1    7    2    1    2    2    1    2    0         0    2    5    2
    1    8    5    2    4    0    0    2    1         0    7    6    8   10    2
    1    9    2    1    4    2    3    2    0         0    2   10    2    5    7
    1   10    5    2    4    0    0    2    1         0   10    7    5    2    9
    1   11    5    2    4    0    0    2    1         0    9    7    1    5    8
    1   12    5    1    6    5    2    2    0         0    8   10    9    1    6    8    5
    1   13    3    2    6    0    0    2    1         0    3    8    2    5    7   10    9
    1   14    3    2    6    0    0    2    1         0    3    8    5    9    2   10    6
    1   15    5    1    2    2    1    2    0         0    9   10    9
    1   16    2    1    4    1    4    2    0         0    2    2    8    9   10
    1   17    5    1    2    1    2    2    0         0   10   10    9
    1   18    2    1    4    2    3    2    0         0    2    5    2    7    9
    1   19    2    1    6    5    2    2    0         0    2    8    9   10    7    2    6
    1   20    5    2    4    0    0    2    1         0    7   10    6    2    9
    1   21    5    2    2    0    0    2    1         0    7    1    9
    1   22    4    2    2    0    0    2    1         0    4    8    7
    1   23    3    2    4    0    0    2    1         0    3    9    2    5    6
    1   24    5    2    6    0    0    2    1         0    7    9    5    2    6   10    8
    1   25    2    1    4    1    4    2    0         0    2    2    5    9    7
    2    1    5    2    2    0    0    2    1         0    9    7    2
    2    2    2    1    4    2    3    2    0         0    2    8    2    7    6
    2    3    2    1    6    4    3    2    0         0    2    9   10    8    2    6    7
    2    4    4    2    4    0    0    2    1         0    4    6    7    2   10
    2    5    4    2    4    0    0    2    1         0    4    9    7    2    8
    2    6    2    1    6    2    5    2    0         0    2    8    2    6   10    9    5
    2    7    5    2    4    0    0    2    1         0    9    2   10    8    5
    2    8    2    1    6    5    2    2    0         0    2   10    5    7    8    2    9
    2    9    3    2    6    0    0    2    1         0    3    6    7    2    8   10    5
    2   10    5    2    4    0    0    2    1         0    8    6    7    2    9
    2   11    2    1    6    5    2    2    0         0    2    9    6   10    5    2    7
    2   12    2    1    6    4    3    2    0         0    2    8    5    9    2   10    7
    2   13    5    1    6    6    1    2    0         0    6    7    1    8   10    5    6
    2   14    1    1    6    5    2    2    0         0    1    6    5    7    9    1    8
    2   15    1    1    2    1    2    2    0         0    1    1    6
    2   16    3    2    6    0    0    2    1         0    3    7    2    6    8    5   10
    2   17    2    1    4    2    3    2    0         0    2    8    2    7    6
    2   18    4    2    2    0    0    2    1         0    4    5    2
    2   19    2    1    4    4    1    2    0         0    2    8   10    7    2
    2   20    5    2    2    0    0    2    1         0    7    6   10
    2   21    5    2    6    0    0    2    1         0    7    8    2    5    9    6   10
    2   22    2    1    6    2    5    2    0         0    2   10    2    9    8    7    6
    2   23    4    2    6    0    0    2    1         0    4    5   10    2    9    6    7
    2   24    4    2    2    0    0    2    1         0    4    5    9
    2   25    1    1    6    2    5    2    0         0    1    7    1    5    8   10    6
    3    1    2    1    4    4    1    2    0         0    2    9    6    8    2
    3    2    1    1    4    1    4    2    0         0    1    1    8   10    6
    3    3    2    1    6    2    5    2    0         0    2    5    2    9   10    6    8
    3    4    5    2    4    0    0    2    1         0    9    8    7    2    6
    3    5    5    2    2    0    0    2    1         0    9    7    8
    3    6    5    2    2    0    0    2    1         0    9   10    2
    3    7    5    1    2    2    1    2    0         0    5    7    5
    3    8    1    1    2    1    2    2    0         0    1    1    6
    3    9    1    1    2    2    1    2    0         0    1   10    1
    3   10    5    2    6    0    0    2    1         0   10    6    5    9    2    8    7
    3   11    1    1    6    4    3    2    0         0    1    5    7    9    1    6    8
    3   12    5    1    2    2    1    2    0         0    8    9    8
    3   13    2    1    6    2    5    2    0         0    2    5    2    8    9   10    7
    3   14    2    1    2    1    2    2    0         0    2    2    7
    3   15    5    2    2    0    0    2    1         0    7    9    6
    3   16    2    1    6    6    1    2    0         0    2    8    6    5   10    9    2
    3   17    5    2    4    0    0    2    1         0    7    6    2    8    5
    3   18    3    2    6    0    0    2    1         0    3   10    6    8    7    2    5
    3   19    5    2    6    0    0    2    1         0    6    9    8    2    7    5   10
    3   20    5    1    2    2    1    2    0         0    6    7    6
    3   21    2    1    6    3    4    2    0         0    2    6   10    2    7    5    8
    3   22    5    2    4    0    0    2    1         0    6    8    5    9   10
    3   23    1    1    6    1    6    2    0         0    1    1    5    9    7   10    8
    3   24    3    2    6    0    0    2    1         0    3   10    2    7    8    5    6
    3   25    5    2    2    0    0    2    1         0   10    6    5
    4    1    1    1    4    3    2    2    0         0    1    5    8    1    9
    4    2    2    1    2    1    2    2    0         0    2    2    8
    4    3    2    1    4    4    1    2    0         0    2    7    5    6    2
    4    4    1    1    6    1    6    2    0         0    1    1    9    7    8   10    5
    4    5    2    1    4    3    2    2    0         0    2   10    6    2    8
    4    6    1    1    2    1    2    2    0         0    1    1    5
    4    7    4    2    6    0    0    2    1         0    4   10    9    6    7    5    2
    4    8    2    1    4    3    2    2    0         0    2    8    5    2    6
    4    9    1    1    4    4    1    2    0         0    1    5    6   10    1
    4   10    2    1    6    2    5    2    0         0    2    6    2    8    7    5   10
    4   11    5    1    6    1    6    2    0         0    5    5   10    9    2    7    6
    4   12    2    1    6    5    2    2    0         0    2    8    9    7    5    2   10
    4   13    1    1    6    6    1    2    0         0    1    5    7   10    9    8    1
    4   14    3    2    6    0    0    2    1         0    3    8    6    2    9    7   10
    4   15    5    2    6    0    0    2    1         0    9    2    5    6   10    8    7
    4   16    5    2    6    0    0    2    1         0    8   10    2    6    5    7    9
    4   17    2    1    4    3    2    2    0         0    2    7    8    2    5
    4   18    2    1    6    6    1    2    0         0    2    8    6    9   10    7    2
    4   19    4    2    4    0    0    2    1         0    4   10    7    5    2
    4   20    3    2    4    0    0    2    1         0    3    2    7    8    5
    4   21    4    2    2    0    0    2    1         0    4    9    6
    4   22    5    1    4    2    3    2    0         0    5    1    5    9    7
    4   23    3    2    6    0    0    2    1         0    3    8    7    6   10    2    9
    4   24    1    1    4    3    2    2    0         0    1    6   10    1    8
    4   25    1    1    4    1    4    2    0         0    1    1    5    7    8
    5    1    5    2    2    0    0    2    1         0    5    2    8
    5    2    5    1    4    4    1    2    0         0    9    5   10    7    9
    5    3    5    1    4    2    3    2    0         0    7    2    7    5   10
    5    4    4    2    6    0    0    2    1         0    4    7    9    8   10    2    5
    5    5    2    1    4    4    1    2    0         0    2    7    5    8    2
    5    6    3    2    6    0    0    2    1         0    3    2    5    7    8   10    6
    5    7    5    1    4    1    4    2    0         0    7    7    8    9   10
    5    8    5    1    2    2    1    2    0         0    7    6    7
    5    9    2    1    6    2    5    2    0         0    2    5    2    8   10    9    7
    5   10    5    2    6    0    0    2    1         0   10    7    6    9    8    5    1
    5   11    2    1    4    2    3    2    0         0    2   10    2    6    5
    5   12    5    2    6    0    0    2    1         0    6    9    2    7    8    5   10
    5   13    2    1    4    3    2    2    0         0    2    9   10    2    6
    5   14    3    2    2    0    0    2    1         0    3    7    5
    5   15    3    2    2    0    0    2    1         0    3    6   10
    5   16    3    2    6    0    0    2    1         0    3    9    8    2    5    7   10
    5   17    5    2    2    0    0    2    1         0    5    2    6
    5   18    5    2    2    0    0    2    1         0   10    6    2
    5   19    5    1    2    1    2    2    0         0   10   10    5
    5   20    5    2    2    0    0    2    1         0   10    9    8
    5   21    5    1    6    4    3    2    0         0    8   10    2    9    8    5    7
    5   22    5    1    6    5    2    2    0         0   10    6    8    9    1   10    5
    5   23    2    1    2    1    2    2    0         0    2    2    6
    5   24    5    2    6    0    0    2    1         0    8    9    6    2    7   10    5
    5   25    5    1    2    1    2    2    0         0    9    9    5
    6    1    1    1    2    2    1    2    0         0    1    5    1
    6    2    5    2    6    0    0    2    1         0    7    2    6   10    8    5    9
    6    3    2    1    6    1    6    2    0         0    2    2    9    7    8    6   10
    6    4    1    1    6    1    6    2    0         0    1    1    7   10    9    5    8
    6    5    1    1    6    4    3    2    0         0    1    9    8    7    1    6    5
    6    6    5    2    2    0    0    2    1         0    8    2    5
    6    7    2    1    6    4    3    2    0         0    2    8    6    7    2    9    5
    6    8    1    1    6    6    1    2    0         0    1    5    6    9   10    7    1
    6    9    5    2    4    0    0    2    1         0    7    6    9    2    8
    6   10    5    2    2    0    0    2    1         0    6    2    9
    6   11    2    1    4    2    3    2    0         0    2    5    2    6    7
    6   12    2    1    6    5    2    2    0         0    2    7    6   10    9    2    5
    6   13    1    1    6    6    1    2    0         0    1   10    8    6    9    7    1
    6   14    5    2    6    0    0    2    1         0    9    5    8    7   10    2    6
    6   15    5    2    4    0    0    2    1         0    5   10    7    2    9
    6   16    4    2    6    0    0    2    1         0    4    5    7   10    2    8    6
    6   17    5    1    6    6    1    2    0         0    6    2    8    9    7    5    6
    6   18    2    1    6    2    5    2    0         0    2    5    2    9    7    8   10
    6   19    2    1    2    1    2    2    0         0    2    2    5
    6   20    4    2    2    0    0    2    1         0    4    9    5
    6   21    2    1    4    1    4    2    0         0    2    2   10    7    6
    6   22    4    2    2    0    0    2    1         0    4    6    5
    6   23    2    1    6    1    6    2    0         0    2    2   10    8    9    5    7
    6   24    5    1    6    1    6    2    0         0    6    6   10    5    7    9    2
    6   25    5    2    4    0    0    2    1         0    8    2    5    6    7
    7    1    1    1    6    1    6    2    0         0    1    1    5    9    6   10    8
    7    2    5    1    2    1    2    2    0         0    7    7    9
    7    3    5    2    6    0    0    2    1         0    5    2    8    9    7   10    6
    7    4    5    2    2    0    0    2    1         0   10    2    5
    7    5    2    1    6    4    3    2    0         0    2   10    9    5    2    7    8
    7    6    2    1    4    3    2    2    0         0    2    7    9    2    6
    7    7    1    1    6    6    1    2    0         0    1    5    9    8    7    6    1
    7    8    2    1    4    1    4    2    0         0    2    2   10    6    7
    7    9    2    1    4    4    1    2    0         0    2   10    5    7    2
    7   10    2    1    4    4    1    2    0         0    2    5    8   10    2
    7   11    2    1    2    1    2    2    0         0    2    2    9
    7   12    5    2    2    0    0    2    1         0    7    2   10
    7   13    2    1    4    1    4    2    0         0    2    2   10    9    8
    7   14    5    2    6    0    0    2    1         0    8    2   10    9    5    7    6
    7   15    5    2    6    0    0    2    1         0    5   10    6    8    2    7    9
    7   16    5    2    6    0    0    2    1         0   10    5    9    2    7    6    8
    7   17    2    1    6    6    1    2    0         0    2    5    6   10    7    9    2
    7   18    2    1    6    3    4    2    0         0    2    6    5    2   10    8    9
    7   19    5    2    2    0    0    2    1         0    5    6    8
    7   20    3    2    6    0    0    2    1         0    3   10    2    5    7    6    8
    7   21    2    1    2    1    2    2    0         0    2    2   10
    7   22    3    2    4    0    0    2    1         0    3    2    6    9    7
    7   23    5    1    2    2    1    2    0         0    5    6    5
    7   24    3    2    4    0    0    2    1         0    3   10    7    9    2
    7   25    4    2    4    0    0    2    1         0    4    8    2    7   10
