    1    1    5    1    6    5    2    2    0         0    8    6    7    5    2    8    9       
    1    2    5    1    2    2    1    2    0         0    7    2    7
    1    3    4    2    6    0    0    2    1         0    4    7   10    9    2    5    8       
    1    4    3    2    6    0    0    2    1         0    3    8    6    2    9   10    7       
    1    5    5    2    2    0    0    2    1         0    6    7    9
    1    6    2    1    4    2    3    2    0         0    2    9    2    5    7   
    1    7    5    2    6    0    0    2    1         0    8    9    5    7   10    2    6       
    1    8    1    1    6    4    3    2    0         0    1    7    6    5    1    8    9       
    1    9    5    1    2    2    1    2    0         0    5    2    5
    1   10    5    1    2    2    1    2    0         0    7    9    7    1
