    1    1    2    1    2    1    2    2    0         0    2    2    6
    1    2    2    1    6    2    5    2    0         0    2    8    2    7    6   10    5
    1    3    3    2    2    0    0    2    1         0    3    7    9
    1    4    5    2    4    0    0    2    1         0   10    2    8    9    5
    1    5    2    1    4    1    4    2    0         0    2    2    8    6    9
    1    6    1    1    4    1    4    2    0         0    1    1    5    9    6
    1    7    2    1    4    3    2    2    0         0    2    6    7    2   10
    1    8    5    1    4    4    1    2    0         0    5    7    9    2    5
    1    9    2    1    4    3    2    2    0         0    2   10    6    2    5
    1   10    2    1    6    4    3    2    0         0    2    6    9    5    2    7   10
    1   11    5    1    2    1    2    2    0         0    6    6    5
    1   12    5    1    2    2    1    2    0         0    8    7    8
    1   13    4    2    6    0    0    2    1         0    4    8    9    7    5    2   10
    1   14    5    1    6    1    6    2    0         0    8    8    1    5    7    9    6
    1   15    5    1    2    1    2    2    0         0    5    5    2
    1   16    1    1    4    1    4    2    0         0    1    1   10    8    6
    1   17    5    2    2    0    0    2    1         0    5   10    2
    1   18    2    1    2    1    2    2    0         0    2    2    8
    1   19    2    1    2    1    2    2    0         0    2    2    7
    1   20    1    1    4    2    3    2    0         0    1    5    1    7    8
    1   21    5    1    2    2    1    2    0         0    5    6    5
    1   22    2    1    6    2    5    2    0         0    2    8    2    6    7   10    5
    1   23    3    2    4    0    0    2    1         0    3    6   10    8    2
    1   24    2    1    2    1    2    2    0         0    2    2   10
    1   25    5    1    6    1    6    2    0         0   10   10    9    8    5    7    1
    2    1    3    2    4    0    0    2    1         0    3    2    8    9   10
    2    2    3    2    6    0    0    2    1         0    3   10    2    8    6    5    7
    2    3    5    2    4    0    0    2    1         0   10    2    5    8    9
    2    4    4    2    2    0    0    2    1         0    4    6   10
    2    5    5    2    6    0    0    2    1         0    5    9    8    2    6   10    7
    2    6    2    1    2    2    1    2    0         0    2   10    2
    2    7    2    1    4    2    3    2    0         0    2    9    2    5    8
    2    8    5    1    4    3    2    2    0         0    6    9    1    6   10
    2    9    5    1    4    1    4    2    0         0    7    7    8    2    6
    2   10    5    2    4    0    0    2    1         0    5    8    2    7   10
    2   11    4    2    6    0    0    2    1         0    4    7    8    2    6    9   10
    2   12    5    1    2    2    1    2    0         0   10    9   10
    2   13    5    2    6    0    0    2    1         0    6    2   10    9    5    8    7
    2   14    5    2    4    0    0    2    1         0    6    7   10    2    9
    2   15    2    1    4    1    4    2    0         0    2    2    8    6    9
    2   16    5    2    2    0    0    2    1         0   10    8    9
    2   17    2    1    4    3    2    2    0         0    2    8    6    2    5
    2   18    5    2    2    0    0    2    1         0    8    6    2
    2   19    2    1    4    4    1    2    0         0    2    5    9    6    2
    2   20    2    1    2    2    1    2    0         0    2    7    2
    2   21    2    1    6    4    3    2    0         0    2   10    7    8    2    5    6
    2   22    4    2    6    0    0    2    1         0    4    5   10    7    9    6    2
    2   23    3    2    6    0    0    2    1         0    3    6   10    5    9    7    2
    2   24    5    2    6    0    0    2    1         0    5    8    9    2    6   10    7
    2   25    2    1    4    1    4    2    0         0    2    2    5   10    8
    3    1    4    2    2    0    0    2    1         0    4    7    2
    3    2    5    1    2    1    2    2    0         0    8    8    7
    3    3    2    1    6    1    6    2    0         0    2    2   10    8    6    9    7
    3    4    4    2    6    0    0    2    1         0    4    2    6    5    9    7    8
    3    5    5    1    4    2    3    2    0         0   10    6   10    9    2
    3    6    4    2    2    0    0    2    1         0    4    9    2
    3    7    1    1    6    4    3    2    0         0    1   10    5    9    1    7    8
    3    8    5    2    2    0    0    2    1         0   10    2    8
    3    9    2    1    6    2    5    2    0         0    2    7    2   10    6    8    5
    3   10    5    2    4    0    0    2    1         0   10    5    6    2    7
    3   11    5    1    2    2    1    2    0         0    5    7    5
    3   12    2    1    4    4    1    2    0         0    2   10    5    7    2
    3   13    3    2    4    0    0    2    1         0    3    5   10    1    6
    3   14    5    1    2    2    1    2    0         0    7    6    7
    3   15    4    2    6    0    0    2    1         0    4   10    5    7    2    9    6
    3   16    3    2    6    0    0    2    1         0    3    8    9   10    6    2    7
    3   17    5    2    4    0    0    2    1         0   10    8    7    5    2
    3   18    1    1    4    4    1    2    0         0    1   10    7    5    1
    3   19    3    2    4    0    0    2    1         0    3    2    7    9   10
    3   20    3    2    4    0    0    2    1         0    3    2    9    5    8
    3   21    2    1    6    5    2    2    0         0    2   10    7    9    6    2    5
    3   22    2    1    4    3    2    2    0         0    2   10    6    2    9
    3   23    4    2    6    0    0    2    1         0    4    8    7    5    2    9   10
    3   24    5    1    2    1    2    2    0         0   10   10    9
    3   25    5    1    4    1    4    2    0         0    5    5    2   10    6
    4    1    2    1    4    4    1    2    0         0    2    8    5    6    2
    4    2    4    2    2    0    0    2    1         0    4    2   10
    4    3    5    2    2    0    0    2    1         0    5    9    7
    4    4    4    2    6    0    0    2    1         0    4   10    7    8    9    6    2
    4    5    5    2    2    0    0    2    1         0    6   10    7
