    1    1    5    2    2    0    0    2    1         0    6    7    2
    1    2    5    1    6    2    5    2    0         0    9    7    9    6    2    8    5    0    0    0    0    0    0    0
    1    3    4    2    6    0    0    2    1         0    4   10    6    8    7    9    2    0    0    0    0    0    0    0
    1    4    5    1    6    6    1    2    0         0    7    5    8    2    9   10    7    0    0    0    0    0    0    0
    1    5    4    2    2    0    0    2    1         0    4    7    2
    1    6    5    1    6    2    5    2    0         0    9   10    9    8    5    2    7    0    0    0    0    0    0    0
    1    7    5    2    6    0    0    2    1         0    5    7   10    6    9    8    2    0    0    0    0    0    0    0
    1    8    2    1    6    2    5    2    0         0    2    5    2   10    6    8    9    0    0    0    0    0    0    0
    1    9    5    1    6    4    3    2    0         0    6    8    2   10    6    7    5    0    0    0    0    0    0    0
    1   10    2    1    6    2    5    2    0         0    2    9    2    7    5    6   10    0    0    0    0    0    0    0    1
