    1    1    5    1    2    1    2    2    0         0    9    9    1
    1    2    5    2    2    0    0    2    1         0   10    8    5
    1    3    2    1    2    2    1    2    0         0    2   10    2
    1    4    5    2    4    0    0    2    1         0    6    9    7    2    8   32   32   32
    1    5    5    1    4    2    3    2    0         0    9    8    9   10    5   32   32   32
    1    6    5    1    2    1    2    2    0         0    9    9   10
    1    7    5    1    2    1    2    2    0         0    5    5    9
    1    8    3    2    6    0    0    2    1         0    3   10    8    7    6    2    9   32   32   32   32   32   32   32
    1    9    5    2    6    0    0    2    1         0    7    2    9    5   10    6    8   32   32   32   32   32   32   32
    1   10    5    2    4    0    0    2    1         0    5    8    6   10    2   32   32   32    1
