    1    1    2    1    4    3    2    2    0         0    2    5    6    2   10
    1    2    2    1    6    2    5    2    0         0    2    8    2    9    7   10    5
    1    3    5    2    2    0    0    2    1         0    5    2    7
    1    4    5    1    2    1    2    2    0         0    6    6    2
    1    5    4    2    6    0    0    2    1         0    4    2    9    6    8    7    5
    1    6    2    1    6    4    3    2    0         0    2   10    9    6    2    5    7
    1    7    5    1    4    1    4    2    0         0    7    7    9   10    6
    1    8    2    1    6    4    3    2    0         0    2   10    8    9    2    6    5
    1    9    5    1    2    1    2    2    0         0    6    6    7
    1   10    2    1    4    4    1    2    0         0    2    7    8   10    2
    1   11    5    1    6    2    5    2    0         0    8    9    8    5    7    2   10
    1   12    5    2    6    0    0    2    1         0    8    9    5   10    2    6    7
    1   13    5    1    6    2    5    2    0         0    8    9    8    6    2   10    7
    1   14    5    2    4    0    0    2    1         0    9    7    8    6    2
    1   15    5    1    4    1    4    2    0         0    7    7    1    5    8
    1   16    5    1    2    1    2    2    0         0    5    5    2
    1   17    2    1    4    2    3    2    0         0    2    5    2    6    8
    1   18    5    2    4    0    0    2    1         0    8    9    5    2    6
    1   19    5    1    2    2    1    2    0         0    8   10    8
    1   20    5    1    2    1    2    2    0         0   10   10    7
    1   21    4    2    2    0    0    2    1         0    4   10    2
    1   22    2    1    4    2    3    2    0         0    2    6    2    8    7
    1   23    1    1    6    4    3    2    0         0    1   10    8    5    1    6    9
    1   24    5    2    2    0    0    2    1         0    8   10    2
    1   25    5    1    2    2    1    2    0         0    9    6    9
    2    1    3    2    2    0    0    2    1         0    3    5    8
    2    2    5    2    4    0    0    2    1         0    9    8    7   10    5
    2    3    3    2    2    0    0    2    1         0    3   10    8
    2    4    5    2    4    0    0    2    1         0    6    7    2    8   10
    2    5    5    2    2    0    0    2    1         0    7    8    2
    2    6    5    2    6    0    0    2    1         0    6    8    7   10    2    5    9
    2    7    5    1    4    3    2    2    0         0    5    6   10    5    2
    2    8    5    1    4    1    4    2    0         0    6    6    5    9    8
    2    9    5    2    2    0    0    2    1         0    7    2    8
    2   10    5    1    6    5    2    2    0         0    6    8    2    5    7    6   10
    2   11    3    2    4    0    0    2    1         0    3    6   10    2    7
    2   12    3    2    2    0    0    2    1         0    3    8    2
    2   13    3    2    6    0    0    2    1         0    3    6    8   10    5    2    9
    2   14    4    2    4    0    0    2    1         0    4    8    2    6    5
    2   15    3    2    4    0    0    2    1         0    3    2    7    8    9
    2   16    2    1    6    5    2    2    0         0    2    8    5    7    6    2    9
    2   17    5    2    4    0    0    2    1         0    7    2    6    5   10
    2   18    5    1    6    1    6    2    0         0    6    6    5    7    8    2    9
    2   19    5    1    4    1    4    2    0         0    6    6    2    5    9
    2   20    5    1    6    6    1    2    0         0    7    8    5    9    2   10    7
    2   21    1    1    6    5    2    2    0         0    1    6    9   10    7    1    5
    2   22    5    2    6    0    0    2    1         0    6   10    2    7    5    8    9
    2   23    1    1    2    2    1    2    0         0    1    5    1
    2   24    5    1    4    4    1    2    0         0    8    5    2   10    8
    2   25    3    2    2    0    0    2    1         0    3    2    9
    3    1    2    1    6    1    6    2    0         0    2    2    8   10    5    6    9
    3    2    5    2    4    0    0    2    1         0   10    6    8    9    5
    3    3    1    1    6    2    5    2    0         0    1   10    1    5    8    7    6
    3    4    4    2    4    0    0    2    1         0    4    2    5    9    7
    3    5    3    2    2    0    0    2    1         0    3    5    9
    3    6    5    2    2    0    0    2    1         0    8   10    9
    3    7    5    1    4    1    4    2    0         0    5    5    2   10    7
    3    8    3    2    4    0    0    2    1         0    3   10    6    9    8
    3    9    2    1    2    1    2    2    0         0    2    2    6
    3   10    5    2    4    0    0    2    1         0    6   10    2    9    7
    3   11    5    1    2    1    2    2    0         0    6    6    7
    3   12    2    1    2    1    2    2    0         0    2    2    5
    3   13    3    2    4    0    0    2    1         0    3   10    2    6    5
    3   14    5    2    2    0    0    2    1         0   10    2    7
    3   15    5    1    6    4    3    2    0         0   10    5    8    2   10    9    7
    3   16    5    1    6    2    5    2    0         0    6   10    6    5    7    9    2
    3   17    5    2    6    0    0    2    1         0    9    5    7    6    2   10    8
    3   18    5    1    4    1    4    2    0         0    5    5   10    2    7
    3   19    3    2    2    0    0    2    1         0    3    6    2
    3   20    5    2    2    0    0    2    1         0    7    8    9
    3   21    5    2    4    0    0    2    1         0    8    7    2    6   10
    3   22    5    1    6    6    1    2    0         0    8    7    9   10    6    2    8
    3   23    5    1    6    1    6    2    0         0    9    9    2    5    6    7    8
    3   24    5    1    6    4    3    2    0         0    9   10    8    6    9    2    7
    3   25    2    1    6    3    4    2    0         0    2    7    6    2    5    8   10
    4    1    2    1    2    2    1    2    0         0    2    7    2
    4    2    5    2    4    0    0    2    1         0    8   10    7    2    6
    4    3    5    1    2    2    1    2    0         0    5    8    5
    4    4    5    2    6    0    0    2    1         0    5    2    9   10    8    6    7
    4    5    5    2    2    0    0    2    1         0    5    6    2
    4    6    5    1    6    5    2    2    0         0    9    2    8    7    6    9    5
    4    7    2    1    2    2    1    2    0         0    2    6    2
    4    8    1    1    2    1    2    2    0         0    1    1    7
    4    9    1    1    6    2    5    2    0         0    1    7    1    5    8    9    6
    4   10    3    2    4    0    0    2    1         0    3    7    5    2    9
    4   11    5    1    6    4    3    2    0         0    5    2   10    6    5    8    9
    4   12    3    2    6    0    0    2    1         0    3    2    6    8    5   10    7
    4   13    2    1    6    3    4    2    0         0    2    6    5    2    9    7    8
    4   14    5    2    2    0    0    2    1         0    5    7    9
    4   15    5    1    6    6    1    2    0         0    8    6   10    9    2    7    8
    4   16    4    2    2    0    0    2    1         0    4    6    5
    4   17    5    2    2    0    0    2    1         0    6    5    9
    4   18    4    2    4    0    0    2    1         0    4   10    9    8    2
    4   19    2    1    2    1    2    2    0         0    2    2    9
    4   20    3    2    4    0    0    2    1         0    3   10    5    7    8
    4   21    5    2    6    0    0    2    1         0    7    5    9    8   10    2    6
    4   22    5    1    4    3    2    2    0         0    9    2    7    9    5
    4   23    5    1    4    4    1    2    0         0    6   10    2    5    6
    4   24    5    2    2    0    0    2    1         0   10    2    8
    4   25    5    1    2    1    2    2    0         0    9    9    2
    5    1    4    2    2    0    0    2    1         0    4    5    8
    5    2    5    1    4    1    4    2    0         0    6    6    5    2   10
    5    3    5    2    2    0    0    2    1         0    7    5    9
    5    4    5    1    4    1    4    2    0         0    6    6    7    2    9
    5    5    3    2    6    0    0    2    1         0    3    5   10    9    6    2    7
    5    6    5    2    2    0    0    2    1         0    8    5    9
    5    7    5    2    6    0    0    2    1         0    9    8    7   10    2    6    5
    5    8    3    2    4    0    0    2    1         0    3    8    9    5    2
    5    9    2    1    2    2    1    2    0         0    2   10    2
    5   10    5    1    4    2    3    2    0         0   10    7   10    5    2
    5   11    3    2    6    0    0    2    1         0    3    8    9    5    2    7    6
    5   12    1    1    2    1    2    2    0         0    1    1    6
    5   13    5    1    2    1    2    2    0         0    9    9    8
    5   14    1    1    4    1    4    2    0         0    1    1    7    6    8
    5   15    5    2    2    0    0    2    1         0    8    7   10
    5   16    1    1    6    1    6    2    0         0    1    1    6    8   10    9    5
    5   17    2    1    6    6    1    2    0         0    2    9    7    8   10    6    2
    5   18    1    1    6    6    1    2    0         0    1    9    6    5    7   10    1
    5   19    1    1    4    2    3    2    0         0    1    5    1    7    6
    5   20    5    1    4    2    3    2    0         0    5   10    5    7    2
    5   21    5    1    4    4    1    2    0         0   10    8    6    2   10
    5   22    5    1    4    3    2    2    0         0    8    2    7    8   10
    5   23    5    2    4    0    0    2    1         0    6    9    5   10    8
    5   24    5    1    4    1    4    2    0         0    9    9    2    5    6
    5   25    5    2    2    0    0    2    1         0    7    6    5
    6    1    4    2    2    0    0    2    1         0    4    7    2
    6    2    5    2    6    0    0    2    1         0   10    2    5    8    6    9    7
    6    3    5    1    6    6    1    2    0         0    6    9    2   10    5    7    6
    6    4    3    2    6    0    0    2    1         0    3    7    2    6    9    8   10
    6    5    5    1    6    1    6    2    0         0    9    9    8    5    6   10    2
    6    6    1    1    6    4    3    2    0         0    1    8    6    5    1    9   10
    6    7    5    1    2    2    1    2    0         0    6    2    6
    6    8    5    1    4    3    2    2    0         0    8    5    2    8   10
    6    9    2    1    4    3    2    2    0         0    2    7    5    2    8
    6   10    5    2    2    0    0    2    1         0    9    5    7
    6   11    5    2    2    0    0    2    1         0   10    7    5
    6   12    5    2    4    0    0    2    1         0    9    2    8    5    7
    6   13    5    1    2    2    1    2    0         0    8    9    8
    6   14    5    2    6    0    0    2    1         0    6    5    8    7   10    2    9
    6   15    5    1    4    2    3    2    0         0    9    2    9   10    7
    6   16    5    1    6    3    4    2    0         0    6    8    5    6    2    9   10
    6   17    3    2    6    0    0    2    1         0    3   10    2    6    5    7    8
    6   18    5    2    4    0    0    2    1         0    7    8    6    9    2
    6   19    5    1    6    5    2    2    0         0    8    9    2    5   10    8    6
    6   20    3    2    6    0    0    2    1         0    3    9    2    5    7    8    6
    6   21    3    2    2    0    0    2    1         0    3    2    5
    6   22    5    2    2    0    0    2    1         0    6    9    5
    6   23    4    2    6    0    0    2    1         0    4    9    7    5    2   10    8
    6   24    5    1    6    3    4    2    0         0    8    2    6    8    9   10    5
    6   25    3    2    4    0    0    2    1         0    3   10    2    7    5
    7    1    3    2    6    0    0    2    1         0    3    2    6    5    7    9   10
    7    2    5    2    4    0    0    2    1         0    6    5    7   10    2
    7    3    3    2    6    0    0    2    1         0    3    2    8    6    9    5    7
    7    4    5    2    6    0    0    2    1         0    9    8   10    7    6    2    5
    7    5    2    1    2    2    1    2    0         0    2    8    2
    7    6    3    2    6    0    0    2    1         0    3    6    2    7    5    8   10
    7    7    5    2    4    0    0    2    1         0    8    2    7    9    5
    7    8    5    2    2    0    0    2    1         0    5    7    9
    7    9    5    2    4    0    0    2    1         0    9    5    2   10    8
    7   10    2    1    2    2    1    2    0         0    2    5    2
    7   11    1    1    6    3    4    2    0         0    1    6    9    1    8   10    7
    7   12    1    1    4    3    2    2    0         0    1    7    6    1    5
    7   13    3    2    2    0    0    2    1         0    3    7    2
    7   14    5    1    2    1    2    2    0         0    9    9    2
    7   15    1    1    6    4    3    2    0         0    1    7    8    5    1    6    9
    7   16    4    2    4    0    0    2    1         0    4    9    8    2    5
    7   17    5    1    4    1    4    2    0         0    9    9    2   10    7
    7   18    2    1    4    1    4    2    0         0    2    2    9    5   10
    7   19    5    2    2    0    0    2    1         0    9   10    2
    7   20    5    2    2    0    0    2    1         0    5    6    9
    7   21    5    2    2    0    0    2    1         0    7    8    5
    7   22    5    2    4    0    0    2    1         0   10    5    8    9    6
    7   23    5    2    4    0    0    2    1         0    6    8    9    2    7
    7   24    5    1    4    1    4    2    0         0    7    7    5    9    8
    7   25    5    1    6    5    2    2    0         0    7    2    8    6    5    7    9
