    1    1    5    2    6    0    0    2    1         0   10    6    5    2    8    7    9    0    0    0    0    0    0    0
    1    2    1    1    6    3    4    2    0         0    1    5    7    1   10    6    9    0    0    0    0    0    0    0
    1    3    3    2    4    0    0    2    1         0    3    8    7    9    2    0    0    0
    1    4    5    1    4    3    2    2    0         0   10    6    2   10    9    0    0    0
    1    5    5    1    6    4    3    2    0         0    9    7    2    8    9    6    5    0    0    0    0    0    0    0
    1    6    3    2    6    0    0    2    1         0    3    5    7   10    2    6    8    0    0    0    0    0    0    0
    1    7    5    2    6    0    0    2    1         0    5    9    2   10    8    7    6    0    0    0    0    0    0    0
    1    8    5    1    2    2    1    2    0         0   10    9   10
    1    9    4    2    4    0    0    2    1         0    4    9    1    6    5    0    0    0
    1   10    2    1    4    2    3    2    0         0    2    7    2    5    8    0    0    0    1
