    1    1    4    2    4    0    0    2    1         0    4    7    8    5    2
    1    2    3    2    2    0    0    2    1         0    3    7    9
    1    3    2    1    2    1    2    2    0         0    2    2    8
    1    4    3    2    2    0    0    2    1         0    3    5    6
    1    5    1    1    6    4    3    2    0         0    1    7    9    5    1   10    6
    1    6    5    2    4    0    0    2    1         0    9    6    8    2    7
    1    7    5    1    6    6    1    2    0         0    9    7   10    2    6    5    9
    1    8    5    1    6    5    2    2    0         0    5    2   10    7    9    5    6
    1    9    5    1    4    2    3    2    0         0   10    5   10    9    2
    1   10    5    1    6    5    2    2    0         0    9    5    2    8   10    9    7
    1   11    5    1    2    1    2    2    0         0    5    5    8
    1   12    5    1    2    2    1    2    0         0    8    2    8
    1   13    5    1    6    4    3    2    0         0    6   10    9    2    6    8    7
    1   14    4    2    6    0    0    2    1         0    4    2   10    6    7    5    9
    1   15    5    1    2    1    2    2    0         0    5    5    2
    1   16    5    1    2    1    2    2    0         0    5    5    8
    1   17    5    2    2    0    0    2    1         0    7    8    2
    1   18    5    1    4    2    3    2    0         0    7    6    7    2    9
    1   19    5    1    6    6    1    2    0         0    9   10    5    7    2    8    9
    1   20    5    2    6    0    0    2    1         0    8    2   10    5    9    6    7
    1   21    5    2    2    0    0    2    1         0    7   10    5
    1   22    2    1    4    2    3    2    0         0    2    5    2    9    8
    1   23    5    1    4    4    1    2    0         0    5    2   10    8    5
    1   24    5    1    6    6    1    2    0         0    8    7    5    2   10    9    8
    1   25    3    2    2    0    0    2    1         0    3    5   10
