    1    1    1    1    2    1    2    2    0         0    1    1    9
    1    2    5    1    2    1    2    2    0         0    7    7    2
    1    3    5    2    2    0    0    2    1         0    9    8    2
    1    4    5    2    2    0    0    2    1         0   10    9    7
    1    5    3    2    6    0    0    2    1         0    3    2   10    9    6    5    7
    1    6    3    2    2    0    0    2    1         0    3    8    1
    1    7    5    1    2    2    1    2    0         0    5   10    5
    1    8    3    2    4    0    0    2    1         0    3    8    2    5    7
    1    9    5    2    4    0    0    2    1         0    7    6   10    2    8
    1   10    5    1    2    1    2    2    0         0   10   10    2
    1   11    5    1    2    2    1    2    0         0    7    8    7
    1   12    5    2    4    0    0    2    1         0    9    2    7    5    8
