    1    1    5    1    2    2    1    2    0         0   10    5   10
    1    2    2    1    4    1    4    2    0         0    2    2    9    5   10
    1    3    1    1    6    2    5    2    0         0    1    5    1    7   10    8    9
    1    4    2    1    4    3    2    2    0         0    2    8    5    2    7
    1    5    5    2    2    0    0    2    1         0   10    6    7
    1    6    2    1    6    4    3    2    0         0    2    7    6   10    2    9    5
    1    7    3    2    6    0    0    2    1         0    3    8   10    5    7    2    6
    1    8    5    1    2    1    2    2    0         0    9    9   10
    1    9    5    2    2    0    0    2    1         0    6    9    2
    1   10    2    1    4    1    4    2    0         0    2    2    5    9    8
    1   11    3    2    4    0    0    2    1         0    3    8   10    5    2
    1   12    4    2    6    0    0    2    1         0    4    2   10    8    9    7    5
    1   13    5    2    6    0    0    2    1         0    7    9    5    6    8    2   10
    1   14    2    1    4    1    4    2    0         0    2    2    6    5    7
    1   15    5    1    2    2    1    2    0         0    8   10    8
    1   16    5    1    2    1    2    2    0         0    5    5    6
    1   17    5    2    4    0    0    2    1         0    7    5    9   10    2
    1   18    5    1    2    1    2    2    0         0   10   10    6
    1   19    2    1    2    2    1    2    0         0    2    8    2
    1   20    1    1    6    3    4    2    0         0    1    5    9    1   10    8    7
    1   21    5    1    6    4    3    2    0         0   10    8    5    9   10    2    6
    1   22    4    2    2    0    0    2    1         0    4    7    8
    1   23    5    2    4    0    0    2    1         0   10    2    7    5    9
    1   24    5    1    2    1    2    2    0         0    5    5    9
    1   25    5    1    6    3    4    2    0         0    6   10    5    6    8    7    2
    2    1    1    1    2    1    2    2    0         0    1    1    5
    2    2    5    2    6    0    0    2    1         0    6    5    7    2    8   10    9
    2    3    4    2    4    0    0    2    1         0    4    7    8   10    2
    2    4    2    1    4    2    3    2    0         0    2    9    2    6    7
    2    5    2    1    6    6    1    2    0         0    2   10    7    8    6    5    2
    2    6    4    2    6    0    0    2    1         0    4    8    9    2    5   10    7
    2    7    1    1    4    3    2    2    0         0    1    5    6    1    7
    2    8    2    1    2    2    1    2    0         0    2    6    2
    2    9    5    2    6    0    0    2    1         0    5    2    6    8    7    9   10
    2   10    3    2    6    0    0    2    1         0    3    8    7    6    5    9    2
    2   11    4    2    4    0    0    2    1         0    4    5   10    6    2
    2   12    5    2    6    0    0    2    1         0    6    9   10    7    2    5    8
    2   13    5    2    6    0    0    2    1         0    7    5    8   10    2    6    9
    2   14    1    1    6    2    5    2    0         0    1    8    1    9    7    5    6
    2   15    5    2    6    0    0    2    1         0   10    2    6    9    5    7    8
    2   16    2    1    6    1    6    2    0         0    2    2    6    7    9    8    5
    2   17    2    1    6    5    2    2    0         0    2    5   10    6    9    2    8
    2   18    2    1    2    1    2    2    0         0    2    2    7
    2   19    5    2    2    0    0    2    1         0    5    9    8
    2   20    2    1    4    4    1    2    0         0    2   10    7    5    2
    2   21    4    2    6    0    0    2    1         0    4    9    8    5    7    2   10
    2   22    5    2    2    0    0    2    1         0    7    8    2
    2   23    5    1    4    4    1    2    0         0   10    2    5    7   10
    2   24    2    1    2    1    2    2    0         0    2    2    8
    2   25    5    2    6    0    0    2    1         0    6    8    9    2    5    7   10
