    1    1    5    2    6    0    0    2    1         0    5    2    8   10    7    9    6
           1    2    5    1    4    3    2    2    0         0    6    8    7    6    5
       1    3    1    1    4    4    1    2    0         0    1   10    8    5    1
       1    4    4    2    4    0    0    2    1         0    4    1    5   10    8
       1    5    3    2    4    0    0    2    1         0    3    7    2    9    8
       1    6    5    2    6    0    0    2    1         0    8   10    6    9    5    1    7
           1    7    5    1    6    6    1    2    0         0    8    2    5    9    6   10    8
           1    8    5    1    4    3    2    2    0         0    8    7    6    8   10
       1    9    1    1    2    2    1    2    0         0    1    6    1
    1   10    3    2    2    0    0    2    1         0    3    5    9
    1   11    5    2    6    0    0    2    1         0   10    9    5    2    7    8    6
           1   12    2    1    6    5    2    2    0         0    2    5    6   10    7    2    8
           1   13    2    1    4    1    4    2    0         0    2    2    7   10    6
       1   14    5    2    6    0    0    2    1         0   10    8    5    9    7    6    2
           1   15    2    1    4    2    3    2    0         0    2   10    2    6    8
       1   16    5    2    6    0    0    2    1         0    5    2   10    9    6    8    7
           1   17    5    1    4    4    1    2    0         0    6   10    9    2    6
       1   18    2    1    2    1    2    2    0         0    2    2    8
    1   19    5    2    6    0    0    2    1         0    7    2   10    6    9    8    5
           1   20    3    2    2    0    0    2    1         0    3    8    7
    1   21    1    1    4    1    4    2    0         0    1    1    9    7    6
       1   22    5    2    4    0    0    2    1         0   10    8    9    6    7
       1   23    5    1    2    2    1    2    0         0    6    9    6
    1   24    4    2    4    0    0    2    1         0    4    6   10    2    8
       1   25    5    1    4    1    4    2    0         0    8    8    2    5    6
       1