    1    1    5    1    6    6    1    2    0         0    9    8   10    5    6    2    9    0    0    0    0    0    0    0
    1    2    5    2    2    0    0    2    1         0    6    7    1
    1    3    5    2    6    0    0    2    1         0    6    8    7    2    5   10    9    0    0    0    0    0    0    0
    1    4    1    1    2    1    2    2    0         0    1    1   10
    1    5    5    1    4    3    2    2    0         0   10    2    6   10    7    0    0    0
    1    6    5    1    6    4    3    2    0         0   10    2    9    7   10    5    6    0    0    0    0    0    0    0
    1    7    5    1    6    2    5    2    0         0    9    7    9   10    6    5    2    0    0    0    0    0    0    0
    1    8    5    1    6    3    4    2    0         0    5    7    6    5    2   10    8    0    0    0    0    0    0    0
    1    9    5    1    2    1    2    2    0         0    8    8    5
    1   10    5    1    6    1    6    2    0         0   10   10    2    8    9    6    7    0    0    0    0    0    0    0    1
