    1    1    5    2    4    0    0    2    1       582    6   10    2    9    8
    1    2    5    2    4    0    0    2    1      1216    8    9    5    7    2
    1    3    4    2    4    0    0    2    1       655    4   10    7    5    1
    1    4    5    1    2    1    2    1    1       543   10   10    2
    1    5    4    2    6    0    0    2    1       532    4    7    8    2    9    6    5
    1    6    5    1    2    1    2    2    0       446   10   10    2
    1    7    3    2    2    0    0    2    1       587    3    9   10
    1    8    2    1    4    4    1    1    1       424    2    9    6   10    2
    1    9    5    1    2    1    2    1    1       424    9    9    2
    1   10    5    2    4    0    0    1    0       744    9    7   10    5    8
    1   11    5    2    4    0    0    2    1       774    6    8    9    5    7
    1   12    5    1    2    1    2    2    0       497    5    5    7
    1   13    5    2    4    0    0    1    0       697    7    6    8   10    2
    1   14    3    2    2    0    0    2    1       736    3    7   10
    1   15    5    1    2    1    2    1    1       548   10   10    2
    1   16    5    1    2    2    1    1    1       470    5    2    5
    1   17    5    1    2    2    1    1    1       452   10    7   10
    1   18    5    1    6    6    1    1    1       575    6    8    9    5    7    2    6
    1   19    2    1    2    2    1    1    1       553    2    8    2
    1   20    5    1    6    6    1    1    1       520    7    8    5    2   10    9    7
    1   21    4    2    2    0    0    2    1       898    4    5    7
    1   22    5    1    4    4    1    1    1       349    7    2    9    8    7
    1   23    5    1    6    6    1    1    1       410    5    1    9    6   10    7    5
    1   24    5    1    4    3    2    1    1       463   10    7    6   10    2
    1   25    5    1    6    6    1    1    1       372   10    2    8    7    6    9   10
    2    1    1    1    2    2    1    1    1       332    1    5    1
    2    2    3    2    6    0    0    2    1       518    3    6    7    2    5   10    9
    2    3    1    1    4    2    3    1    1       560    1    8    1    5    9
    2    4    2    1    2    2    1    1    1       356    2    7    2
    2    5    5    1    6    2    5    2    0       641    8    7    8    2    6   10    5
    2    6    5    1    2    2    1    1    1       365    6    9    6
    2    7    5    1    6    6    1    1    1       389    6    7    5    9   10    2    6
    2    8    5    1    2    1    2    1    1       681    8    8    5
    2    9    3    2    4    0    0    2    1       517    3   10    6    7    2
    2   10    1    1    4    4    1    1    1       395    1   10    6    7    1
    2   11    4    2    6    0    0    2    1       448    4    9    6    7    2    5   10
    2   12    5    2    6    0    0    2    1      1092    6    8    2    9    5    7   10
    2   13    5    1    2    2    1    1    1       591    7    5    7
    2   14    2    1    4    4    1    1    1       483    2    7    5    6    2
    2   15    2    1    6    4    3    1    1       704    2    7    9   10    2    6    5
    2   16    5    1    4    1    4    1    1       730   10   10    6    5    2
    2   17    3    2    6    0    0    2    1       568    3    5    9    7    2    6    8
    2   18    5    1    6    1    6    2    0       588    8    8    7    9    2   10    6
    2   19    5    1    2    2    1    1    1       477    5    2    5
    2   20    3    2    6    0    0    2    1       674    3    8    6    9   10    2    5
    2   21    5    1    2    1    2    1    1       771    8    8    6
    2   22    5    1    4    1    4    2    0      1793   10   10    2    8    9
    2   23    5    1    4    1    4    1    1       552    5    5    2   10    8
    2   24    5    2    2    0    0    2    1       502   10    5    8
    2   25    4    2    2    0    0    2    1       499    4    6    7
    3    1    3    2    2    0    0    2    1       458    3    6    2
    3    2    3    2    4    0    0    2    1       497    3    2    7    8    6
    3    3    3    2    4    0    0    2    1       561    3    8    9    6    2
    3    4    5    1    2    2    1    1    1       558    5    6    5
    3    5    5    1    2    2    1    1    1       602    6    5    6
    3    6    5    1    4    4    1    1    1       610    9    2    7    5    9
    3    7    5    1    2    2    1    1    1       424    6   10    6
    3    8    5    1    4    4    1    1    1       889    8    2    5    6    8
    3    9    5    1    2    2    1    1    1       364    7    6    7
    3   10    5    1    4    4    1    1    1       356    8    1    9    6    8
    3   11    5    1    2    2    1    1    1       437    9    6    9
    3   12    5    2    6    0    0    2    1      1131   10    7    9    8    5    6    2
    3   13    1    1    4    1    4    1    1      1924    1    1    6    8    7
    3   14    5    1    2    1    2    1    1       631    8    8    5
    3   15    3    2    4    0    0    2    1       670    3    2    5    8    7
    3   16    1    1    6    5    2    1    1       631    1    9    7    5    8    1   10
    3   17    5    1    4    3    2    1    1       606    8    9    2    8    5
    3   18    3    2    6    0    0    2    1       579    3    6    8    5    9    2   10
    3   19    3    2    4    0    0    2    1       689    3    2    9    7    6
    3   20    5    1    6    5    2    1    1       585    7   10    6    9    8    7    2
    3   21    2    1    4    3    2    1    1       424    2    9    5    2    7
    3   22    3    2    6    0    0    2    1       552    3    9   10    7    5    8    2
    3   23    5    2    4    0    0    2    1       496   10    5    7    6    2
    3   24    5    1    6    3    4    2    0       465    9    6   10    9    8    7    2
    3   25    5    1    6    5    2    1    1       558   10    8    5    2    6   10    9
    4    1    5    1    4    1    4    1    1       525    9    9    6    8    2
    4    2    5    1    2    1    2    1    1       460   10   10    2
    4    3    5    1    2    1    2    1    1       511   10   10    9
    4    4    5    2    6    0    0    1    0       604    7    8   10    5    6    9    2
    4    5    5    2    4    0    0    1    0       517    6   10    5    8    2
    4    6    3    2    4    0    0    2    1       563    3    7    2    9    8
    4    7    5    1    6    2    5    1    1       510    9    6    9   10    5    2    7
    4    8    5    1    4    4    1    1    1       474    8    2   10    9    8
    4    9    5    1    6    5    2    1    1       534    7    5    9    2    8    7    6
    4   10    1    1    4    2    3    1    1       563    1    5    1    7    8
    4   11    5    1    2    2    1    1    1       329    8   10    8
    4   12    2    1    6    2    5    1    1       370    2    6    2    9    8   10    7
    4   13    3    2    2    0    0    2    1       433    3    2    7
    4   14    3    2    6    0    0    2    1       473    3    9    5    6    8   10    2
    4   15    5    2    2    0    0    2    1       562   10    8    6
    4   16    1    1    4    2    3    1    1       495    1    7    1   10    5
    4   17    1    1    2    2    1    1    1       397    1   10    1
    4   18    4    2    2    0    0    2    1       604    4    6    8
    4   19    3    2    4    0    0    2    1       776    3    7    2    6    8
    4   20    4    2    4    0    0    2    1       492    4    2    9   10    8
    4   21    5    1    2    2    1    1    1       390    7   10    7
    4   22    5    1    2    1    2    1    1       752   10   10    9
    4   23    4    2    2    0    0    2    1       763    4    2    7
    4   24    3    2    4    0    0    2    1       570    3    8    7    2    9
    4   25    5    1    2    2    1    1    1       494    9    2    9
    5    1    2    1    2    2    1    1    1       534    2    6    2
    5    2    4    2    4    0    0    2    1       630    4    5    7    9   10
    5    3    2    1    2    1    2    1    1       538    2    2    9
    5    4    3    2    2    0    0    2    1       512    3    7    6
    5    5    5    1    6    2    5    2    0       733    8    7    8    5    9   10    2
    5    6    5    1    6    4    3    1    1       681    8    6    7    9    8    2   10
    5    7    5    1    4    3    2    1    1       404    6    2    8    6    5
    5    8    5    2    6    0    0    2    1      1015    9    6    7    8   10    2    5
    5    9    3    2    6    0    0    2    1       527    3    5    9   10    8    2    7
    5   10    1    1    2    2    1    1    1       345    1    8    1
    5   11    5    2    4    0    0    2    1       412    5    8   10    9    2
    5   12    1    1    2    1    2    1    1       372    1    1    5
    5   13    1    1    4    2    3    1    1       382    1    5    1    8    6
    5   14    5    1    6    2    5    1    1       511    7    5    7   10    9    2    6
    5   15    5    1    2    2    1    1    1       386    5    6    5
    5   16    3    2    4    0    0    2    1       575    3    2    9   10    8
    5   17    5    1    4    4    1    1    1       337    9    5    8    2    9
    5   18    2    1    6    5    2    1    1       377    2    5   10    9    8    2    7
    5   19    2    1    6    1    6    1    1       458    2    2    7    5    6    9    8
    5   20    5    2    6    0    0    1    0       643    8   10    7    6    2    9    5
    5   21    5    1    6    4    3    2    0       731   10    7    8    6   10    5    2
    5   22    5    1    4    2    3    1    1       517    7    8    7   10    2
    5   23    5    2    2    0    0    1    0       579    7    6    8
    5   24    5    1    2    1    2    1    1       500    5    5    2
    5   25    5    2    2    0    0    1    0       466    5    9    7
    6    1    5    2    2    0    0    1    0       284   10    2    9
    6    2    5    2    2    0    0    2    1       477    6    7    2
    6    3    5    2    6    0    0    1    0       756    7    8    5   10    2    6    9
    6    4    3    2    4    0    0    2    1       402    3    8   10    2    6
    6    5    5    2    2    0    0    2    1       496   10    7    6
    6    6    5    1    2    2    1    1    1       385    8    2    8
    6    7    4    2    2    0    0    2    1       504    4   10    2
    6    8    1    1    6    6    1    1    1       346    1    8    9    7    6   10    1
    6    9    3    2    2    0    0    2    1       455    3    2    7
    6   10    3    2    2    0    0    2    1       550    3    7    6
    6   11    5    1    6    4    3    1    1       592    8    5    2    7    8    9   10
    6   12    2    1    6    2    5    1    1       498    2    8    2    7   10    5    6
    6   13    2    1    4    3    2    1    1       435    2    6    8    2    9
    6   14    1    1    2    1    2    1    1       471    1    1    5
    6   15    5    1    2    1    2    1    1       422    7    7    5
    6   16    1    1    2    1    2    1    1       404    1    1   10
    6   17    5    1    2    1    2    1    1       485    7    7    2
    6   18    5    2    2    0    0    2    1       778    9    5    2
    6   19    1    1    2    1    2    1    1       393    1    1    9
    6   20    5    1    6    5    2    1    1       549    9    5    2    6    8    9    7
    6   21    5    1    2    2    1    1    1       435    6    9    6
    6   22    2    1    6    1    6    1    1       500    2    2   10    8    5    9    6
    6   23    3    2    4    0    0    2    1       600    3    5    2   10    9
    6   24    5    1    6    2    5    1    1       616    6    2    6    7    9    8   10
    6   25    1    1    4    3    2    1    1       478    1    7    8    1   10
    7    1    2    1    4    3    2    1    1       487    2   10    6    2    8
    7    2    1    1    2    1    2    1    1       480    1    1   10
    7    3    5    1    6    4    3    1    1       475   10    2    7    5   10    6    8
    7    4    1    1    4    2    3    1    1       423    1    5    1    8   10
    7    5    5    1    4    2    3    1    1       636    7    2    7    5   10
    7    6    1    1    6    1    6    1    1       412    1    1    8    6   10    5    9
    7    7    2    1    2    1    2    1    1       538    2    2    7
    7    8    1    1    4    4    1    1    1       407    1    7   10    5    1
    7    9    4    2    2    0    0    2    1       585    4   10    2
    7   10    2    1    6    6    1    1    1       599    2    6    9    5   10    7    2
    7   11    2    1    6    2    5    1    1       660    2    6    2   10    5    7    8
    7   12    3    2    2    0    0    2    1       504    3    6    7
    7   13    1    1    4    3    2    1    1       636    1    7    9    1   10
    7   14    4    2    2    0    0    2    1       784    4    7    8
    7   15    1    1    2    2    1    1    1       721    1    8    1
    7   16    5    2    2    0    0    2    1       725    7    6    8
    7   17    5    1    4    3    2    1    1       576    8    6   10    8    5
    7   18    5    1    4    1    4    1    1       593    9    9    6   10    8
    7   19    5    2    4    0    0    2    1      1078    6    8    2    5    9
    7   20    5    2    2    0    0    2    1       899    9    7    2
    7   21    2    1    6    1    6    2    0       520    2    2    7   10    5    8    6
    7   22    5    1    6    4    3    1    1      1991    7    8   10    2    7    6    5
    7   23    5    1    4    1    4    1    1      1051    9    9    2    7   10
    7   24    5    2    4    0    0    2    1      1507    7    6    2   10    9
    7   25    3    2    4    0    0    2    1      1086    3    8   10    5    2
