    1    1    2    1    8    0    0    1    0    1      5244   21    0 MIX     5    6    8    2   17   18   19   20
    1    2    1    1    2    1    2    2    1    0      2123   22    0 MIX     7   22
    1    3    2    1    8    0    0    1    1    0       929   12    1 MIX     8    1    3    2   23   24   25   26
    1    4    1    1    8    8    1    1    1    1      1339    4    1 MIX     5    4    1    7   27   28   29   30
    1    5    2    1    4    0    0    2    1    1      1325    8    1 MIX     4    8   31   32
    1    6    2    1    8    0    0    2    1    1       823   37    0 MIX     8    5    7    3   33   34   35   36
    1    7    2    1    2    0    0    1    1    0       792   16    1 MIX     5   38
    1    8    2    1    8    0    0    1    1    0       569   43    0 MIX     7    6    5    1   39   40   41   42
    1    9    1    1    2    1    2    1    1    1       902    3    1 MIX     3   44
    1   10    1    1    4    3    2    1    1    1       634   46    0 MIX     4    6   45   46
    1   11    1    1    2    2    1    1    1    1       420    2    1 MIX     2   47
    1   12    2    1    4    0    0    2    1    1       539    8    1 MIX     3    8   48   49
    1   13    2    1    4    0    0    1    1    0       957   52    0 MIX     4    3   50   51
    1   14    2    1    2    0    0    2    1    1       586    6    1 MIX     6   53
    1   15    1    1    4    1    4    2    1    0       956    1    1 MIX     6    1   54   55
    1   16    2    1    8    0    0    1    1    0       567   15    1 MIX     2    7    1    6   56   57   58   59
    1   17    1    1    4    3    2    1    1    1       521    4    1 MIX     7    4   60   61
    1   18    2    1    4    0    0    1    1    0       684   64    0 MIX     1    7   62   63
    1   19    2    1    2    0    0    1    1    0       565    9    1 MIX     3   65
    1   20    2    1    2    0    0    1    1    0       561   67    0 MIX     5   66
    1   21    2    1    2    0    0    1    1    0       558   11    1 MIX     7   68
    1   22    1    1    4    4    1    1    1    1       399    4    1 MIX     4    7   69   70
    1   23    1    1    4    4    1    1    1    1       391   71    0 MIX     7    1   71   72
    1   24    2    1    4    0    0    2    1    1       544   75    0 MIX     5    4   73   74
    2    1    2    1    4    0    0    1    1    0       701   11    1 MIX     5    2   76   77
    2    2    1    1    2    1    2    2    1    0       836   78    0 MIX     1   78
    2    3    2    1    4    0    0    2    1    1       522   81    0 MIX     4    6   79   80
    2    4    2    1    8    0    0    1    1    0       519   86    0 MIX     3    8    6    4   82   83   84   85
    2    5    2    1    4    0    0    1    1    0       458   11    1 MIX     1    6   87   88
    2    6    1    1    8    1    8    1    1    1       649   90    0 MIX     7    1    5    4   89   90   91   92
    2    7    1    1    8    5    4    1    1    1       593   93    0 MIX     4    6    2    7   93   94   95   96
    2    8    1    1    4    2    3    1    1    1       513    8    1 MIX     1    8   97   98
    2    9    1    1    4    2    3    2    1    0       852    7    1 MIX     8    7   99  100
    2   10    2    1    2    0    0    1    1    0       470   14    1 MIX     1  101
    2   11    1    1    2    2    1    1    1    1       407    7    1 MIX     7  102
    2   12    1    1    4    4    1    2    1    0       526  103    0 MIX     2    8  103  104
    2   13    2    1    8    0    0    1    1    0       843   11    1 MIX     2    3    4    8  105  106  107  108
    2   14    2    1    2    0    0    2    0    0      1565   11    1 MIX     5  109
    2   15    2    1    4    0    0    1    1    0       502   16    1 MIX     4    5  110  111
    2   16    2    1    4    0    0    2    1    1       554    8    1 MIX     6    7  112  113
    2   17    2    1    8    0    0    1    1    0       630   13    1 MIX     2    6    5    3  114  115  116  117
    2   18    1    1    2    1    2    2    1    0      1089  118    0 MIX     1  118
    2   19    1    1    2    2    1    2    1    0       409  119    0 MIX     4  119
    2   20    1    1    2    2    1    2    1    0       876    2    1 MIX     2  120
    2   21    1    1    8    4    5    2    1    0       892    8    1 MIX     8    2    5    7  121  122  123  124
    2   22    1    1    2    1    2    1    1    1       604    6    1 MIX     6  125
    2   23    2    1    2    0    0    2    1    1       758  127    0 MIX     7  126
    2   24    2    1    4    0    0    2    0    0       752  130    0 MIX     1    8  128  129
    3    1    2    1    2    0    0    1    1    0       606  132    0 MIX     4  131
    3    2    2    1    2    0    0    2    1    1       553  134    0 MIX     3  133
    3    3    2    1    4    0    0    2    1    1       554  137    0 MIX     5    1  135  136
    3    4    1    1    2    1    2    1    1    1       839    6    1 MIX     6  138
    3    5    2    1    2    0    0    1    1    0       617  140    0 MIX     5  139
    3    6    2    1    4    0    0    2    1    1       984    2    1 MIX     2    8  141  142
    3    7    2    1    2    0    0    1    1    0       436  144    0 MIX     8  143
    3    8    2    1    2    0    0    2    1    1       598  146    0 MIX     4  145
    3    9    1    1    4    4    1    1    0    0       838    1    1 MIX     1    5  147  148
    3   10    1    1    8    1    8    1    1    1       598  149    0 MIX     4    6    8    1  149  150  151  152
    3   11    1    1    2    1    2    2    1    0       977    4    1 MIX     4  153
    3   12    2    1    4    0    0    1    1    0      3442   15    1 MIX     8    6  154  155
    3   13    1    1    4    2    3    1    1    1       529    4    1 MIX     5    4  156  157
    3   14    2    1    2    0    0    1    1    0       624  159    0 MIX     7  158
    3   15    1    1    8    8    1    1    1    1      1322  161    0 MIX     8    1    2    6  160  161  162  163
    3   16    1    1    2    1    2    2    1    0      3177  164    0 MIX     3  164
    3   17    2    1    2    0    0    2    1    1       685  166    0 MIX     1  165
    3   18    1    1    4    4    1    2    1    0      2330    4    1 MIX     2    4  167  168
    3   19    1    1    4    4    1    2    1    0      2373    3    1 MIX     3    5  169  170
    3   20    2    1    8    0    0    2    0    0       855  175    0 MIX     5    3    4    2  171  172  173  174
    3   21    2    1    8    0    0    1    1    0       469  180    0 MIX     6    5    1    8  176  177  178  179
    3   22    2    1    2    0    0    2    1    1       870  182    0 MIX     8  181
    3   23    1    1    8    6    3    2    1    0       516    3    1 MIX     1    3    7    4  183  184  185  186
    3   24    2    1    4    0    0    1    1    0       582  189    0 MIX     4    7  187  188
    4    1    1    1    8    2    7    2    0    1       554  193    0 MIX     7    5    4    6  190  191  192  193
    4    2    2    1    8    0    0    1    1    0      1655   14    1 MIX     1    2    4    8  194  195  196  197
    4    3    1    1    4    4    1    2    0    1      6397    7    1 MIX     8    7  198  199
    4    4    1    1    2    1    2    1    1    1       881    5    1 MIX     5  200
    4    5    2    1    2    0    0    2    1    1       849  202    0 MIX     2  201
    4    6    1    1    2    2    1    2    1    0       483    1    1 MIX     1  203
    4    7    1    1    4    2    3    2    1    0       648  205    0 MIX     8    7  204  205
    4    8    1    1    4    2    3    2    1    0       454  206    0 MIX     2    1  206  207
    4    9    2    1    2    0    0    2    0    0      4647   14    1 MIX     2  208
    4   10    1    1    4    4    1    2    1    0       374    5    1 MIX     5    1  209  210
    4   11    1    1    2    1    2    1    1    1       730    7    1 MIX     7  211
    4   12    1    1    8    4    5    2    1    0      4111    4    1 MIX     4    6    3    7  212  213  214  215
    4   13    1    1    4    2    3    2    1    0       642    6    1 MIX     1    6  216  217
    4   14    2    1    2    0    0    1    1    0       508  219    0 MIX     8  218
    4   15    2    1    4    0    0    2    1    1       880    3    1 MIX     2    5  220  221
    4   16    2    1    8    0    0    1    1    0      1166   12    1 MIX     5    1    3    6  222  223  224  225
    4   17    2    1    2    0    0    2    1    1      3073  227    0 MIX     7  226
    4   18    2    1    4    0    0    1    1    0      4495   10    1 MIX     1    8  228  229
    4   19    1    1    8    7    2    2    1    0       477    1    1 MIX     1    2    3    4  230  231  232  233
    4   20    2    1    8    0    0    1    1    0       507    9    1 MIX     5    1    3    6  234  235  236  237
    4   21    2    1    8    0    0    1    1    0       568  242    0 MIX     8    1    3    5  238  239  240  241
    4   22    1    1    4    4    1    2    1    0       474  244    0 MIX     3    2  243  244
    4   23    1    1    2    1    2    1    1    1       523    8    1 MIX     8  245
    4   24    1    1    8    2    7    1    1    1      4504    5    1 MIX     3    4    5    7  246  247  248  249
    5    1    1    1    4    4    1    2    1    0       323  251    0 MIX     7    8  250  251
    5    2    1    1    2    2    1    1    1    1      4682    7    1 MIX     7  252
    5    3    2    1    8    0    0    2    1    1      1344    7    1 MIX     2    4    3    6  253  254  255  256
    5    4    1    1    8    3    6    2    1    0       524  258    0 MIX     2    8    1    6  257  258  259  260
    5    5    2    1    4    0    0    2    1    1       575  263    0 MIX     8    2  261  262
    5    6    1    1    8    7    2    2    1    0      3257    3    1 MIX     2    6    3    1  264  265  266  267
    5    7    2    1    2    0    0    1    0    1       683    2    1 MIX     4  268
    5    8    1    1    4    2    3    2    1    0       745  270    0 MIX     3    7  269  270
    5    9    2    1    4    0    0    1    1    0      2420   15    1 MIX     4    6  271  272
    5   10    1    1    8    5    4    1    1    1       869    6    1 MIX     4    1    5    6  273  274  275  276
    5   11    1    1    4    3    2    2    1    0       731    8    1 MIX     4    8  277  278
    5   12    2    1    8    0    0    1    1    0       529   11    1 MIX     8    1    7    6  279  280  281  282
    5   13    2    1    2    0    0    2    1    1       527  284    0 MIX     3  283
    5   14    1    1    2    1    2    2    1    0       477    2    1 MIX     2  285
    5   15    1    1    4    4    1    2    1    0       434  287    0 MIX     4    1  286  287
    5   16    2    1    8    0    0    1    0    1      1299    4    1 MIX     4    5    7    1  288  289  290  291
    5   17    1    1    2    1    2    2    1    0       930    3    1 MIX     3  292
    5   18    2    1    2    0    0    1    1    0       496   14    1 MIX     4  293
    5   19    2    1    2    0    0    1    1    0       608   15    1 MIX     6  294
    5   20    2    1    2    0    0    1    1    0      9436    9    1 MIX     8  295
    5   21    2    1    2    0    0    2    1    1       422    2    1 MIX     6  296
    5   22    1    1    8    2    7    2    1    0      2342  297    0 MIX     6    8    7    5  297  298  299  300
    5   23    1    1    4    2    3    2    1    0       576  302    0 MIX     1    3  301  302
    5   24    2    1    8    0    0    1    1    0      3034  307    0 MIX     6    7    1    2  303  304  305  306
    6    1    2    1    2    0    0    2    1    1       508  309    0 MIX     1  308
    6    2    2    1    8    0    0    1    1    0       712  314    0 MIX     2    5    8    3  310  311  312  313
    6    3    1    1    4    1    4    1    1    1      1029  315    0 MIX     5    8  315  316
    6    4    2    1    2    0    0    1    1    0       511  318    0 MIX     8  317
    6    5    2    1    4    0    0    2    1    1       418  321    0 MIX     8    3  319  320
    6    6    2    1    4    0    0    1    1    0      3561   15    1 MIX     8    4  322  323
    6    7    1    1    2    2    1    2    1    0       445  324    0 MIX     4  324
    6    8    2    1    8    0    0    1    1    0       812   15    1 MIX     5    6    2    3  325  326  327  328
    6    9    1    1    2    1    2    2    1    0      3248    5    1 MIX     5  329
    6   10    2    1    2    0    0    1    1    0       418   14    1 MIX     3  330
    6   11    2    1    2    0    0    2    1    1       596    5    1 MIX     8  331
    6   12    2    1    4    0    0    2    1    1       516    8    1 MIX     5    6  332  333
    6   13    1    1    4    3    2    2    1    0      2152  335    0 MIX     7    5  334  335
    6   14    1    1    4    2    3    2    1    0       474  337    0 MIX     5    3  336  337
    6   15    2    1    2    0    0    1    1    0       953  339    0 MIX     4  338
    6   16    2    1    2    0    0    2    1    1       438  341    0 MIX     5  340
    6   17    2    1    2    0    0    2    0    0      2199   14    1 MIX     1  342
    6   18    1    1    4    2    3    2    1    0      1879  343    0 MIX     2    8  343  344
    6   19    2    1    8    0    0    1    1    0       413    9    1 MIX     8    1    3    7  345  346  347  348
    6   20    1    1    8    8    1    2    1    0       367    5    1 MIX     7    1    2    5  349  350  351  352
    6   21    1    1    8    5    4    2    1    0       545    7    1 MIX     6    2    1    7  353  354  355  356
    6   22    1    1    4    1    4    2    0    1       931  357    0 MIX     6    2  357  358
    6   23    2    1    8    0    0    1    1    0       815  363    0 MIX     7    2    5    6  359  360  361  362
    6   24    1    1    8    8    1    1    1    1       529    8    1 MIX     3    8    1    7  364  365  366  367
    7    1    2    1    4    0    0    1    1    0       411   16    1 MIX     5    6  368  369
    7    2    2    1    8    0    0    2    1    1       411    1    1 MIX     1    5    2    6  370  371  372  373
    7    3    1    1    4    2    3    1    1    1       627  374    0 MIX     6    5  374  375
    7    4    1    1    4    2    3    1    1    1       753    8    1 MIX     8    4  376  377
    7    5    2    1    8    0    0    1    1    0       819   13    1 MIX     1    8    4    5  378  379  380  381
    7    6    1    1    8    4    5    1    0    0       468  383    0 MIX     5    7    1    8  382  383  384  385
    7    7    1    1    8    7    2    2    1    0       739  388    0 MIX     5    4    6    2  386  387  388  389
    7    8    1    1    4    4    1    1    1    1      3998  391    0 MIX     5    6  390  391
    7    9    1    1    2    1    2    1    1    1       657    6    1 MIX     6  392
    7   10    2    1    8    0    0    1    1    0       937  397    0 MIX     5    3    8    2  393  394  395  396
    7   11    2    1    4    0    0    1    1    0       636   16    1 MIX     3    7  398  399
    7   12    2    1    4    0    0    1    0    1      4329  402    0 MIX     3    4  400  401
    7   13    1    1    4    1    4    1    1    1       518    7    1 MIX     4    7  403  404
    7   14    1    1    4    3    2    2    1    0       536  405    0 MIX     5    2  405  406
    7   15    1    1    2    2    1    1    1    1      2470  407    0 MIX     2  407
    7   16    2    1    2    0    0    2    1    1       487    1    1 MIX     6  408
    7   17    1    1    2    1    2    1    1    1       631    2    1 MIX     2  409
    7   18    1    1    4    2    3    2    1    0       742    7    1 MIX     7    6  410  411
    7   19    1    1    4    2    3    1    0    0       593  413    0 MIX     6    5  412  413
    7   20    2    1    8    0    0    2    1    1       524    1    1 MIX     4    5    1    3  414  415  416  417
    7   21    1    1    4    1    4    1    1    1       511    6    1 MIX     6    3  418  419
    7   22    1    1    4    1    4    2    0    1       867    2    1 MIX     5    2  420  421
    7   23    2    1    8    0    0    2    1    1       770    2    1 MIX     2    3    8    7  422  423  424  425
    7   24    2    1    4    0    0    1    0    1      2106    4    1 MIX     4    7  426  427
    8    1    1    1    4    4    1    2    1    0       525    7    1 MIX     3    7  428  429
    8    2    1    1    8    3    6    1    0    0      1258  432    0 MIX     7    1    2    6  430  431  432  433
    8    3    1    1    2    1    2    1    1    1       556  434    0 MIX     7  434
    8    4    2    1    8    0    0    1    0    1      1558  439    0 MIX     2    7    3    4  435  436  437  438
    8    5    1    1    4    2    3    2    1    0       513    6    1 MIX     4    6  440  441
    8    6    1    1    4    2    3    2    1    0       598    2    1 MIX     2    1  442  443
    8    7    1    1    4    2    3    2    1    0      1254    7    1 MIX     5    7  444  445
    8    8    2    1    2    0    0    2    1    1       968    6    1 MIX     2  446
    8    9    2    1    2    0    0    2    1    1       628    8    1 MIX     4  447
    8   10    1    1    8    1    8    2    1    0      6508    6    1 MIX     3    2    4    6  448  449  450  451
    8   11    2    1    8    0    0    2    1    1       746  456    0 MIX     3    2    6    4  452  453  454  455
    8   12    2    1    8    0    0    2    1    1      1181  461    0 MIX     6    1    5    2  457  458  459  460
    8   13    2    1    8    0    0    1    1    0       480   14    1 MIX     2    7    8    3  462  463  464  465
    8   14    1    1    8    6    3    1    1    1       718    3    1 MIX     5    7    2    3  466  467  468  469
    8   15    2    1    2    0    0    1    1    0       436  471    0 MIX     7  470
    8   16    1    1    4    4    1    1    1    1      4251  472    0 MIX     7    2  472  473
    8   17    1    1    4    1    4    1    1    1       649  475    0 MIX     1    7  474  475
    8   18    1    1    4    1    4    1    0    0      5399  477    0 MIX     3    7  476  477
    8   19    2    1    8    0    0    2    0    0      2465   13    1 MIX     3    5    8    7  478  479  480  481
    8   20    1    1    2    2    1    2    1    0       466  482    0 MIX     3  482
    8   21    1    1    2    1    2    2    1    0       451  483    0 MIX     5  483
    8   22    1    1    4    2    3    1    1    1       745  485    0 MIX     8    3  484  485
    8   23    2    1    8    0    0    1    0    1       542    6    1 MIX     8    2    4    6  486  487  488  489
    8   24    2    1    4    0    0    1    1    0      2097   15    1 MIX     4    8  490  491
    9    1    2    1    2    0    0    2    1    1       493  493    0 MIX     1  492
    9    2    2    1    8    0    0    1    1    0       587  498    0 MIX     2    3    4    7  494  495  496  497
    9    3    1    1    2    2    1    2    0    1       487    1    1 MIX     1  499
    9    4    1    1    4    3    2    2    1    0       588    1    1 MIX     6    1  500  501
    9    5    1    1    2    1    2    2    1    0       600    8    1 MIX     8  502
    9    6    2    1    4    0    0    2    1    1      1336    1    1 MIX     8    6  503  504
    9    7    1    1    8    8    1    2    1    0       436  508    0 MIX     4    6    5    1  505  506  507  508
    9    8    1    1    4    1    4    1    1    1       602    3    1 MIX     6    3  509  510
    9    9    1    1    2    1    2    1    1    1       454    6    1 MIX     6  511
    9   10    1    1    8    6    3    2    1    0      1380    7    1 MIX     1    2    7    5  512  513  514  515
    9   11    2    1    4    0    0    1    1    0       645  518    0 MIX     2    1  516  517
    9   12    1    1    8    5    4    2    0    1      2748    1    1 MIX     2    5    1    8  519  520  521  522
    9   13    1    1    4    1    4    1    1    1       662    4    1 MIX     2    4  523  524
    9   14    2    1    4    0    0    2    1    1       868    5    1 MIX     8    7  525  526
    9   15    1    1    2    1    2    1    1    1       549    8    1 MIX     8  527
    9   16    2    1    8    0    0    2    1    1      1650    1    1 MIX     8    2    4    7  528  529  530  531
    9   17    1    1    8    7    2    1    1    1       721  534    0 MIX     3    2    1    8  532  533  534  535
    9   18    2    1    2    0    0    1    1    0       551   15    1 MIX     5  536
    9   19    1    1    2    1    2    2    1    0       628  537    0 MIX     6  537
    9   20    2    1    4    0    0    1    1    0       804  540    0 MIX     7    2  538  539
    9   21    2    1    4    0    0    1    1    0       540  543    0 MIX     1    4  541  542
    9   22    1    1    8    6    3    2    1    0       696  544    0 MIX     5    1    6    8  544  545  546  547
    9   23    2    1    4    0    0    2    1    1      1716    2    1 MIX     3    7  548  549
    9   24    2    1    8    0    0    1    1    0       657   12    1 MIX     3    8    6    2  550  551  552  553
