    1    1    2    1    8    0    0    2    1    1     23538   13    0 MIX2     1    2    3    4    9   10   11   12
    1    2    1    1    2    1    2    1    1    1      1280    1    1 MIX2     1   14
    1    3    2    1    2    0    0    2    1    1      1326    2    1 MIX2     1   15
    1    4    1    1    2    2    1    2    1    0      2467   16    0 MIX2     4   16
    1    5    2    1    8    0    0    1    1    0      1546   21    0 MIX2     3    4    1    2   17   18   19   20
    1    6    2    1    4    0    0    1    1    0      1605    7    1 MIX2     2    3   22   23
    1    7    1    1    2    2    1    1    1    1      1424    3    1 MIX2     3   24
    1    8    2    1    4    0    0    2    1    1      1127    4    1 MIX2     3    1   25   26
    1    9    2    1    8    0    0    2    1    1      1514   31    0 MIX2     3    2    4    1   27   28   29   30
    1   10    1    1    2    2    1    2    1    0      1296   32    0 MIX2     3   32
    1   11    1    1    4    3    2    2    1    0      1588   34    0 MIX2     3    1   33   34
    1   12    1    1    2    2    1    2    1    0       983    1    1 MIX2     1   35
    1   13    2    1    4    0    0    1    1    0      1005    7    1 MIX2     2    1   36   37
    1   14    2    1    2    0    0    1    0    1      1040    1    1 MIX2     1   38
    1   15    1    1    2    1    2    1    1    1      1793    2    1 MIX2     2   39
    1   16    2    1    2    0    0    1    1    0      1588   41    0 MIX2     3   40
    1   17    2    1    8    0    0    2    1    1      2037    3    1 MIX2     4    3    2    1   42   43   44   45
    1   18    2    1    4    0    0    2    1    1       882   48    0 MIX2     2    3   46   47
    1   19    2    1    2    0    0    1    1    0       961   50    0 MIX2     1   49
    1   20    1    1    2    2    1    2    1    0      1031    3    1 MIX2     3   51
    1   21    1    1    4    2    3    2    1    0      2366    1    1 MIX2     2    1   52   53
    1   22    2    1    8    0    0    1    0    1      1854    1    1 MIX2     3    1    4    2   54   55   56   57
    1   23    2    1    8    0    0    1    1    0      1108    7    1 MIX2     2    1    3    4   58   59   60   61
    1   24    2    1    2    0    0    2    1    1       691    4    1 MIX2     3   62
    2    1    2    1    8    0    0    2    1    1      1537    1    1 MIX2     3    4    1    2   63   64   65   66
    2    2    2    1    8    0    0    1    1    0      1563    6    1 MIX2     1    3    2    4   67   68   69   70
    2    3    1    1    8    8    1    2    0    1       694    3    1 MIX2     1    4    2    3   71   72   73   74
    2    4    1    1    8    4    5    2    0    1      1506    3    1 MIX2     4    1    3    2   75   76   77   78
    2    5    2    1    2    0    0    2    1    1      1768   80    0 MIX2     4   79
    2    6    1    1    2    2    1    2    1    0      1308    3    1 MIX2     3   81
    2    7    2    1    2    0    0    2    1    1      1036    2    1 MIX2     1   82
    2    8    2    1    4    0    0    1    1    0      1192   85    0 MIX2     1    4   83   84
    2    9    1    1    2    2    1    1    1    1      1092    1    1 MIX2     1   86
    2   10    2    1    4    0    0    1    1    0      1207   89    0 MIX2     1    2   87   88
    2   11    2    1    8    0    0    1    0    1      1302    1    1 MIX2     2    1    4    3   90   91   92   93
    2   12    1    1    2    2    1    1    1    1      1068   94    0 MIX2     2   94
    2   13    2    1    2    0    0    1    1    0      1083   96    0 MIX2     2   95
    2   14    1    1    2    2    1    2    1    0       939    1    1 MIX2     1   97
    2   15    2    1    2    0    0    2    1    1      1808   99    0 MIX2     2   98
    2   16    1    1    2    2    1    2    1    0      1579    3    1 MIX2     3  100
    2   17    1    1    4    1    4    2    1    0      1797  101    0 MIX2     1    3  101  102
    2   18    1    1    4    1    4    1    1    1      1509    2    1 MIX2     2    4  103  104
    2   19    2    1    2    0    0    1    1    0      1395  106    0 MIX2     2  105
    2   20    2    1    2    0    0    1    1    0      1031    5    1 MIX2     1  107
    2   21    2    1    2    0    0    1    1    0      1041  109    0 MIX2     4  108
    2   22    2    1    8    0    0    1    1    0      1014  114    0 MIX2     4    2    1    3  110  111  112  113
    2   23    1    1    4    3    2    2    1    0       949    4    1 MIX2     4    2  115  116
    2   24    2    1    2    0    0    1    0    1       938    4    1 MIX2     1  117
    3    1    2    1    2    0    0    1    1    0       882  119    0 MIX2     3  118
    3    2    2    1    8    0    0    2    1    1      2135  124    0 MIX2     3    4    2    1  120  121  122  123
    3    3    2    1    4    0    0    1    1    0       872  127    0 MIX2     3    1  125  126
    3    4    2    1    2    0    0    2    1    1       808  129    0 MIX2     4  128
    3    5    2    1    8    0    0    2    0    0      1809    8    1 MIX2     4    1    3    2  130  131  132  133
    3    6    2    1    2    0    0    2    1    1      1060  135    0 MIX2     1  134
    3    7    1    1    8    8    1    2    1    0      1090    3    1 MIX2     1    3    2    4  136  137  138  139
    3    8    2    1    8    0    0    1    1    0      1245  144    0 MIX2     2    1    3    4  140  141  142  143
    3    9    2    1    8    0    0    1    1    0       835  149    0 MIX2     4    1    3    2  145  146  147  148
    3   10    1    1    4    2    3    2    1    0      1184  151    0 MIX2     2    1  150  151
    3   11    2    1    2    0    0    1    1    0       619    5    1 MIX2     1  152
    3   12    2    1    4    0    0    1    1    0       714  155    0 MIX2     4    2  153  154
    3   13    1    1    2    2    1    1    1    1       881  156    0 MIX2     2  156
    3   14    1    1    8    2    7    1    1    1      1438    2    1 MIX2     4    3    2    1  157  158  159  160
    3   15    2    1    8    0    0    2    1    1      1605    1    1 MIX2     4    3    1    2  161  162  163  164
    3   16    1    1    2    2    1    1    1    1       831  165    0 MIX2     3  165
    3   17    2    1    8    0    0    2    0    0      1157    5    1 MIX2     2    3    4    1  166  167  168  169
    3   18    2    1    8    0    0    1    1    0       912  174    0 MIX2     4    1    3    2  170  171  172  173
    3   19    1    1    8    7    2    2    1    0       953    2    1 MIX2     3    1    4    2  175  176  177  178
    3   20    2    1    8    0    0    1    1    0      1427    5    1 MIX2     3    1    4    2  179  180  181  182
    3   21    1    1    2    2    1    1    1    1       669  183    0 MIX2     2  183
    3   22    1    1    8    2    7    2    1    0       970  185    0 MIX2     2    1    4    3  184  185  186  187
    3   23    2    1    4    0    0    1    1    0       698  190    0 MIX2     1    2  188  189
    3   24    2    1    4    0    0    2    1    1       806    3    1 MIX2     2    3  191  192
    4    1    1    1    2    1    2    2    1    0       966  193    0 MIX2     1  193
    4    2    2    1    8    0    0    2    1    1      1038  198    0 MIX2     1    4    3    2  194  195  196  197
    4    3    2    1    8    0    0    1    1    0       933    6    1 MIX2     1    3    4    2  199  200  201  202
    4    4    1    1    8    8    1    1    1    1      1215  205    0 MIX2     2    3    1    4  203  204  205  206
    4    5    2    1    2    0    0    2    1    1       890    2    1 MIX2     3  207
    4    6    2    1    4    0    0    2    1    1      1045  210    0 MIX2     1    4  208  209
    4    7    1    1    4    1    4    1    1    1      1595    2    1 MIX2     4    2  211  212
    4    8    2    1    8    0    0    2    1    1      1371  217    0 MIX2     4    1    3    2  213  214  215  216
    4    9    1    1    2    1    2    2    1    0      1095  218    0 MIX2     1  218
    4   10    2    1    8    0    0    1    1    0      2130    8    1 MIX2     4    1    2    3  219  220  221  222
    4   11    2    1    8    0    0    1    1    0      1052  227    0 MIX2     2    4    1    3  223  224  225  226
    4   12    2    1    4    0    0    1    1    0      1083    6    1 MIX2     4    2  228  229
    4   13    1    1    4    2    3    1    1    1      1079  231    0 MIX2     3    4  230  231
    4   14    1    1    4    3    2    1    1    1      1148  232    0 MIX2     4    2  232  233
    4   15    2    1    8    0    0    2    1    1       811  238    0 MIX2     3    2    4    1  234  235  236  237
    4   16    2    1    8    0    0    1    1    0       826  243    0 MIX2     4    2    3    1  239  240  241  242
    4   17    2    1    4    0    0    2    1    1      1641    4    1 MIX2     4    3  244  245
    4   18    2    1    4    0    0    1    1    0       670  248    0 MIX2     3    4  246  247
    4   19    1    1    8    1    8    1    1    1      1204  252    0 MIX2     1    2    3    4  249  250  251  252
    4   20    1    1    4    1    4    1    1    1       951    3    1 MIX2     2    3  253  254
    4   21    2    1    4    0    0    1    1    0      1240    5    1 MIX2     2    1  255  256
    4   22    1    1    8    5    4    1    1    1      1092  260    0 MIX2     3    2    4    1  257  258  259  260
    4   23    1    1    2    2    1    2    1    0       738  261    0 MIX2     1  261
    4   24    2    1    8    0    0    2    1    1       941    2    1 MIX2     3    4    2    1  262  263  264  265
    5    1    1    1    4    2    3    1    1    1      1159    4    1 MIX2     3    4  266  267
    5    2    2    1    2    0    0    1    1    0      1035    8    1 MIX2     2  268
    5    3    2    1    8    0    0    2    1    1       841    4    1 MIX2     1    4    2    3  269  270  271  272
    5    4    1    1    2    1    2    2    0    1       980    4    1 MIX2     4  273
    5    5    2    1    2    0    0    2    1    1       896    1    1 MIX2     2  274
    5    6    1    1    8    5    4    2    0    1      1396    1    1 MIX2     2    1    3    4  275  276  277  278
    5    7    2    1    8    0    0    2    1    1       821    4    1 MIX2     2    1    3    4  279  280  281  282
    5    8    1    1    4    4    1    1    1    1       772    4    1 MIX2     1    4  283  284
    5    9    2    1    8    0    0    1    1    0      1046    5    1 MIX2     1    2    4    3  285  286  287  288
    5   10    1    1    2    1    2    2    1    0       856  289    0 MIX2     2  289
    5   11    2    1    8    0    0    2    1    1       774  294    0 MIX2     2    3    1    4  290  291  292  293
    5   12    2    1    2    0    0    1    1    0       753  296    0 MIX2     2  295
    5   13    2    1    8    0    0    2    1    1       994    3    1 MIX2     3    2    4    1  297  298  299  300
    5   14    1    1    8    7    2    1    1    1       922  302    0 MIX2     3    2    4    1  301  302  303  304
    5   15    2    1    8    0    0    2    1    1       838    3    1 MIX2     1    4    2    3  305  306  307  308
    5   16    1    1    2    1    2    2    1    0       904    2    1 MIX2     2  309
    5   17    1    1    8    6    3    2    1    0      1276    2    1 MIX2     3    4    2    1  310  311  312  313
    5   18    1    1    4    3    2    2    1    0       985    1    1 MIX2     1    2  314  315
    5   19    2    1    2    0    0    2    1    1      1087  317    0 MIX2     4  316
    5   20    2    1    2    0    0    1    1    0       910  319    0 MIX2     2  318
    5   21    2    1    8    0    0    1    1    0      1257  324    0 MIX2     2    3    4    1  320  321  322  323
    5   22    2    1    4    0    0    2    1    1      1015    1    1 MIX2     3    2  325  326
    5   23    1    1    8    5    4    2    1    0       814    1    1 MIX2     4    3    1    2  327  328  329  330
    5   24    2    1    2    0    0    1    1    0       721    8    1 MIX2     3  331
    6    1    1    1    2    1    2    2    1    0       869  332    0 MIX2     3  332
    6    2    1    1    4    3    2    2    1    0       787  334    0 MIX2     3    2  333  334
    6    3    2    1    4    0    0    1    1    0       826    7    1 MIX2     2    3  335  336
    6    4    1    1    2    2    1    2    0    1      1161    1    1 MIX2     1  337
    6    5    2    1    2    0    0    1    1    0       647    8    1 MIX2     3  338
    6    6    1    1    4    3    2    2    1    0       845  340    0 MIX2     3    4  339  340
    6    7    2    1    8    0    0    2    1    1      1197    1    1 MIX2     3    4    1    2  341  342  343  344
    6    8    2    1    2    0    0    1    1    0       792  346    0 MIX2     1  345
    6    9    2    1    4    0    0    2    1    1       655  349    0 MIX2     2    3  347  348
    6   10    1    1    4    4    1    2    1    0       780  350    0 MIX2     4    1  350  351
    6   11    1    1    2    2    1    1    1    1       664    1    1 MIX2     1  352
    6   12    1    1    2    2    1    2    1    0       745  353    0 MIX2     1  353
    6   13    1    1    2    1    2    1    1    1       822  354    0 MIX2     4  354
    6   14    2    1    2    0    0    1    1    0      1361    5    1 MIX2     1  355
    6   15    1    1    4    2    3    2    0    1      1025    3    1 MIX2     1    3  356  357
    6   16    2    1    8    0    0    1    1    0       951    5    1 MIX2     3    1    2    4  358  359  360  361
    6   17    2    1    2    0    0    1    1    0       827  363    0 MIX2     1  362
    6   18    2    1    8    0    0    1    1    0       911    8    1 MIX2     1    3    4    2  364  365  366  367
    6   19    2    1    8    0    0    2    1    1       937  372    0 MIX2     3    4    1    2  368  369  370  371
    6   20    2    1    2    0    0    2    1    1       862  374    0 MIX2     1  373
    6   21    2    1    4    0    0    1    1    0       779    6    1 MIX2     1    2  375  376
    6   22    1    1    4    3    2    1    1    1      1561  378    0 MIX2     4    2  377  378
    6   23    2    1    8    0    0    2    1    1      1267  383    0 MIX2     4    1    2    3  379  380  381  382
    6   24    1    1    8    8    1    2    1    0      1063  386    0 MIX2     4    3    1    2  384  385  386  387
    7    1    1    1    4    1    4    2    1    0      1040  388    0 MIX2     2    3  388  389
    7    2    1    1    8    6    3    2    1    0       878  391    0 MIX2     1    4    3    2  390  391  392  393
    7    3    1    1    4    4    1    1    1    1       850  394    0 MIX2     3    1  394  395
    7    4    2    1    8    0    0    1    1    0       936  400    0 MIX2     2    3    1    4  396  397  398  399
    7    5    2    1    8    0    0    2    1    1      1595    2    1 MIX2     4    1    3    2  401  402  403  404
    7    6    2    1    8    0    0    1    1    0       755  409    0 MIX2     3    1    4    2  405  406  407  408
    7    7    1    1    4    2    3    2    1    0      1915    4    1 MIX2     4    1  410  411
    7    8    2    1    2    0    0    2    1    1      1009  413    0 MIX2     3  412
    7    9    2    1    8    0    0    2    1    1      1433    4    1 MIX2     4    1    3    2  414  415  416  417
    7   10    1    1    2    2    1    1    1    1       835  418    0 MIX2     1  418
    7   11    1    1    4    3    2    1    1    1      1241  419    0 MIX2     4    2  419  420
    7   12    2    1    4    0    0    2    1    1       823    3    1 MIX2     3    2  421  422
    7   13    1    1    4    4    1    1    1    1       790    4    1 MIX2     4    2  423  424
    7   14    1    1    8    4    5    2    1    0       838  427    0 MIX2     2    3    1    4  425  426  427  428
    7   15    2    1    8    0    0    2    1    1      1252    4    1 MIX2     3    1    2    4  429  430  431  432
    7   16    1    1    2    2    1    1    1    1       678  433    0 MIX2     2  433
    7   17    2    1    2    0    0    2    1    1       750    1    1 MIX2     3  434
    7   18    2    1    4    0    0    1    1    0       846  437    0 MIX2     3    2  435  436
    7   19    2    1    8    0    0    1    1    0       894    8    1 MIX2     3    1    2    4  438  439  440  441
    7   20    1    1    8    6    3    2    1    0       979  442    0 MIX2     1    4    3    2  442  443  444  445
    7   21    2    1    4    0    0    1    1    0       995  448    0 MIX2     3    1  446  447
    7   22    2    1    8    0    0    1    1    0       740    6    1 MIX2     1    4    3    2  449  450  451  452
    7   23    1    1    4    3    2    1    1    1       749    1    1 MIX2     1    2  453  454
    7   24    2    1    4    0    0    2    1    1       935    2    1 MIX2     1    3  455  456
    8    1    2    1    2    0    0    1    1    0      1212    7    1 MIX2     1  457
    8    2    1    1    8    5    4    2    1    0       931  459    0 MIX2     1    4    2    3  458  459  460  461
    8    3    2    1    8    0    0    2    1    1      2165    2    1 MIX2     2    4    1    3  462  463  464  465
    8    4    1    1    2    2    1    1    1    1       754    1    1 MIX2     1  466
    8    5    1    1    2    2    1    2    1    0       519    1    1 MIX2     1  467
    8    6    1    1    2    1    2    1    1    1       581  468    0 MIX2     1  468
    8    7    2    1    2    0    0    2    1    1       681    3    1 MIX2     1  469
    8    8    1    1    2    1    2    1    1    1       688    4    1 MIX2     4  470
    8    9    2    1    8    0    0    1    1    0       877    6    1 MIX2     1    3    2    4  471  472  473  474
    8   10    1    1    4    3    2    2    1    0       882  475    0 MIX2     2    4  475  476
    8   11    1    1    2    1    2    1    1    1       826    3    1 MIX2     3  477
    8   12    1    1    8    4    5    2    0    1       880  478    0 MIX2     3    4    2    1  478  479  480  481
    8   13    1    1    2    2    1    2    1    0       633  482    0 MIX2     3  482
    8   14    2    1    8    0    0    1    1    0       862  487    0 MIX2     2    4    3    1  483  484  485  486
    8   15    1    1    8    2    7    2    1    0       852  491    0 MIX2     1    4    2    3  488  489  490  491
    8   16    2    1    8    0    0    1    1    0       800  496    0 MIX2     4    3    1    2  492  493  494  495
    8   17    2    1    8    0    0    1    1    0       831  501    0 MIX2     4    2    3    1  497  498  499  500
    8   18    2    1    4    0    0    2    1    1       740  504    0 MIX2     4    1  502  503
    8   19    1    1    8    5    4    1    1    1      1911    3    1 MIX2     3    1    2    4  505  506  507  508
    8   20    1    1    4    3    2    1    1    1       987  509    0 MIX2     3    2  509  510
    8   21    2    1    2    0    0    1    1    0       958  512    0 MIX2     1  511
    8   22    2    1    4    0    0    1    1    0      1222    6    1 MIX2     4    1  513  514
    8   23    1    1    8    2    7    1    1    1      1030    4    1 MIX2     2    1    4    3  515  516  517  518
    8   24    2    1    4    0    0    1    1    0       676  521    0 MIX2     2    3  519  520
    9    1    1    1    2    2    1    1    1    1       631    1    1 MIX2     1  522
    9    2    2    1    8    0    0    2    1    1       902  527    0 MIX2     4    3    1    2  523  524  525  526
    9    3    1    1    4    3    2    2    1    0       897    1    1 MIX2     2    1  528  529
    9    4    2    1    2    0    0    1    1    0       849    8    1 MIX2     4  530
    9    5    1    1    2    2    1    1    1    1       697    4    1 MIX2     4  531
    9    6    2    1    8    0    0    1    1    0       788  536    0 MIX2     4    2    1    3  532  533  534  535
    9    7    1    1    4    2    3    1    1    1      1356  538    0 MIX2     2    3  537  538
    9    8    2    1    4    0    0    1    1    0       789  541    0 MIX2     3    1  539  540
    9    9    1    1    2    1    2    1    1    1       614  542    0 MIX2     3  542
    9   10    2    1    4    0    0    1    1    0       667  545    0 MIX2     2    4  543  544
    9   11    1    1    2    1    2    2    0    1      1459    4    1 MIX2     4  546
    9   12    2    1    8    0    0    1    1    0      1457    8    1 MIX2     1    4    2    3  547  548  549  550
    9   13    1    1    8    3    6    2    1    0      1161  552    0 MIX2     3    1    4    2  551  552  553  554
    9   14    1    1    8    3    6    1    1    1       962  558    0 MIX2     3    2    1    4  555  556  557  558
    9   15    1    1    8    8    1    1    1    1       627  560    0 MIX2     2    3    1    4  559  560  561  562
    9   16    1    1    2    2    1    1    1    1       646    1    1 MIX2     1  563
    9   17    2    1    2    0    0    2    1    1       614  565    0 MIX2     1  564
    9   18    2    1    2    0    0    2    1    1       744  567    0 MIX2     2  566
    9   19    2    1    8    0    0    2    1    1       704  572    0 MIX2     2    1    3    4  568  569  570  571
    9   20    2    1    4    0    0    1    1    0       803  575    0 MIX2     3    4  573  574
    9   21    1    1    8    2    7    1    1    1       917  578    0 MIX2     4    2    1    3  576  577  578  579
    9   22    2    1    8    0    0    1    1    0       838  584    0 MIX2     2    1    4    3  580  581  582  583
    9   23    1    1    2    1    2    2    1    0       624    2    1 MIX2     2  585
    9   24    1    1    4    2    3    1    1    1       775  587    0 MIX2     3    4  586  587
