    1    1    3    2    4    0    0    2    1      2208    3    9   10    7    2    0    0
    1    2    5    1    2    2    1    1    1      1386    7    2    7    0    0    0    0
    1    3    5    1    2    2    1    1    1       782    5    7    5    0    0    0    0
    1    4    5    1    6    2    5    1    1      1021    5   10    5    9    6    7    2
    1    5    5    1    4    4    1    1    1       845    9    2    6    8    9    0    0
    1    6    5    1    6    3    4    1    1       795    8    2    7    8    5   10    6
    1    7    3    2    2    0    0    2    1      1823    3    8    2    0    0    0    0
    1    8    4    2    4    0    0    2    1       863    4    6    5    8    2    0    0
    1    9    5    2    6    0    0    2    1      2011    8    2    6   10    7    5    9
    1   10    3    2    2    0    0    2    1       911    3    6   10    0    0    0    0
    1   11    5    1    2    2    1    1    1       872    5   10    5    0    0    0    0
    1   12    4    2    4    0    0    2    1      1086    4    8   10    2    6    0    0
    1   13    3    2    4    0    0    2    1      1132    3    2    6    5   10    0    0
    1   14    5    2    4    0    0    2    1      1088    7    6    2    8    5    0    0
    1   15    2    1    6    3    4    1    1      1196    2    9   10    2    7    6    5
    1   16    5    1    2    1    2    2    0      1104    7    7    2    0    0    0    0
    1   17    3    2    6    0    0    2    1      1363    3    8    6    2    9    5    7
    1   18    3    2    2    0    0    2    1       881    3    5    9    0    0    0    0
    1   19    5    1    6    5    2    1    1      1260    7    2    8    9    5    7   10
    1   20    5    1    6    6    1    1    1      1345   10    1    8    5    7    9   10
    1   21    2    1    4    1    4    1    1      1541    2    2    8    9    6    0    0
    1   22    3    2    2    0    0    2    1      1043    3    5    6    0    0    0    0
    1   23    3    2    4    0    0    2    1      1035    3   10    5    6    2    0    0
    1   24    2    1    4    4    1    1    1       875    2    9    6    5    2    0    0
    1   25    5    1    4    1    4    1    1      1266    9    9    2    5    7    0    0
    2    1    5    1    2    2    1    1    1      1155   10    6   10    0    0    0    0
    2    2    5    1    6    5    2    1    1      1052    8    7    6    5   10    8    2
    2    3    5    1    6    4    3    1    1       944    7    6    2    8    7    5   10
    2    4    3    2    2    0    0    2    1       671    3    6   10    0    0    0    0
    2    5    5    2    4    0    0    1    0      1926   10    7    2    8    6    0    0
    2    6    5    2    6    0    0    1    0       808    8    6    7    2    5   10    9
    2    7    3    2    4    0    0    2    1       785    3    2   10    5    6    0    0
    2    8    5    1    6    6    1    1    1      1041    6    7    5    2    9    8    6
    2    9    5    1    6    3    4    1    1      1214    8    6   10    8    9    7    2
    2   10    5    2    4    0    0    2    1      1175   10    9    5    8    2    0    0
    2   11    5    2    4    0    0    1    0      1737    5    9    2   10    6    0    0
    2   12    5    2    6    0    0    2    1      1075    7    5    6   10    8    9    2
    2   13    4    2    2    0    0    2    1       964    4    6   10    0    0    0    0
    2   14    1    1    4    4    1    1    1       935    1    8    5    7    1    0    0
    2   15    1    1    4    3    2    1    1      1179    1    7   10    1    9    0    0
    2   16    1    1    2    1    2    1    1      1224    1    1    5    0    0    0    0
    2   17    2    1    2    1    2    1    1      1300    2    2    8    0    0    0    0
    2   18    4    2    4    0    0    2    1       761    4    9    2    7    8    0    0
    2   19    5    2    2    0    0    2    1      1263   10    5    7    0    0    0    0
    2   20    5    1    2    1    2    1    1      1025    8    8   10    0    0    0    0
    2   21    2    1    6    2    5    2    0      1255    2    6    2    7   10    9    5
    2   22    5    1    4    2    3    1    1      2135    8    2    8    9    6    0    0
    2   23    5    2    2    0    0    2    1       973    6   10    5    0    0    0    0
    2   24    5    1    6    2    5    2    0      1566    7    2    7    8    6    9    5
    2   25    4    2    6    0    0    2    1       845    4    9   10    8    2    7    5
    3    1    3    2    6    0    0    2    1       710    3    7    8    2    5    6    9
    3    2    5    1    6    2    5    2    0      1865    6   10    6    7    9    2    5
    3    3    5    2    6    0    0    2    1      2125    9    6    7    8    2    5   10
    3    4    5    2    2    0    0    2    1       916    7    8    5    0    0    0    0
    3    5    5    1    2    1    2    1    1      1332    5    5    9    0    0    0    0
    3    6    3    2    6    0    0    2    1       725    3    9    7    5    8   10    2
    3    7    3    2    4    0    0    2    1       698    3    1    9    7    6    0    0
    3    8    5    2    2    0    0    2    1       938    7    6    8    0    0    0    0
    3    9    2    1    2    1    2    1    1       889    2    2    8    0    0    0    0
    3   10    5    2    6    0    0    2    1      1068    7    9    6    2    5   10    8
    3   11    5    2    2    0    0    2    1       901    9   10    6    0    0    0    0
    3   12    5    1    2    1    2    1    1      1061    7    7    5    0    0    0    0
    3   13    5    1    2    2    1    1    1       871   10    2   10    0    0    0    0
    3   14    1    1    2    2    1    1    1       793    1   10    1    0    0    0    0
    3   15    5    2    4    0    0    2    1      1075    8    9    6    5    2    0    0
    3   16    5    1    2    1    2    1    1      1132    5    5   10    0    0    0    0
    3   17    5    1    6    4    3    1    1      1389    6    9    5    7    6   10    2
    3   18    5    1    6    5    2    1    1      1021    7    2    8    5    6    7    9
    3   19    5    1    6    5    2    1    1      1291    8    6    5   10    7    8    2
    3   20    3    2    4    0    0    2    1       673    3    7    6    2    8    0    0
    3   21    1    1    4    2    3    1    1       888    1    8    1    7    9    0    0
    3   22    5    2    2    0    0    2    1       760    6    9    2    0    0    0    0
    3   23    5    2    2    0    0    2    1       839   10    9    8    0    0    0    0
    3   24    5    1    4    2    3    1    1      1454    9   10    9    7    2    0    0
    3   25    5    1    6    4    3    1    1      1179    5    7    6   10    5    9    2
    4    1    5    2    4    0    0    2    1       967    6    9    2   10    5    0    0
    4    2    1    1    6    4    3    1    1      1216    1    5    7    8    1   10    6
    4    3    5    2    2    0    0    2    1       691   10    5    2    0    0    0    0
    4    4    3    2    4    0    0    2    1       625    3    5    7    6    8    0    0
    4    5    1    1    4    4    1    1    1       786    1    5    8   10    1    0    0
    4    6    5    1    4    4    1    1    1       788    9    2    7    5    9    0    0
    4    7    5    1    2    2    1    1    1       672    8    2    8    0    0    0    0
    4    8    3    2    4    0    0    2    1       599    3    5    8    7    2    0    0
    4    9    3    2    4    0    0    2    1       544    3    7    9    5    2    0    0
    4   10    5    1    6    5    2    1    1       930    6    5   10    2    8    6    9
    4   11    3    2    2    0    0    2    1       569    3    6    8    0    0    0    0
    4   12    5    1    6    1    6    1    1       969    8    8   10    7    6    2    5
    4   13    5    2    4    0    0    2    1       676    7    9    6    8    2    0    0
    4   14    5    1    4    3    2    1    1       835    5   10    2    5    8    0    0
    4   15    5    2    2    0    0    2    1       693    6    7   10    0    0    0    0
    4   16    5    1    4    4    1    1    1       692   10    2    8    5   10    0    0
    4   17    5    1    4    1    4    1    1       857    6    6    8    9    2    0    0
    4   18    5    1    2    1    2    1    1      1019    6    6   10    0    0    0    0
    4   19    5    1    6    6    1    1    1       730    8    2   10    5    9    7    8
    4   20    5    2    6    0    0    1    0      1291    6   10    8    2    9    7    5
    4   21    3    2    2    0    0    2    1       676    3    7    8    0    0    0    0
    4   22    5    1    4    3    2    1    1      1211    8    9    2    8    6    0    0
    4   23    2    1    2    1    2    1    1       967    2    2    7    0    0    0    0
    4   24    2    1    4    4    1    1    1       706    2    5    9    6    2    0    0
    4   25    5    1    2    1    2    1    1       810    7    7   10    0    0    0    0
    5    1    2    1    6    4    3    1    1       765    2   10    8    5    2    9    7
    5    2    5    1    2    1    2    1    1      1187    7    7   10    0    0    0    0
    5    3    4    2    6    0    0    2    1       618    4    2    5    6    9    7    8
    5    4    5    2    6    0    0    1    0       872    6    8    9    7   10    5    2
    5    5    3    2    4    0    0    2    1       559    3    2    6    9    5    0    0
    5    6    5    1    6    6    1    1    1       671    5    2    9    6    8   10    5
    5    7    3    2    4    0    0    2    1       622    3    7    2    5    6    0    0
    5    8    4    2    6    0    0    2    1       764    4    2    8    5   10    9    6
    5    9    1    1    2    1    2    1    1       994    1    1    5    0    0    0    0
    5   10    5    1    4    3    2    1    1       803    5    8   10    5    2    0    0
    5   11    5    1    4    3    2    2    0      1277    6    2   10    6    9    0    0
    5   12    5    1    6    6    1    1    1       705    5   10    2    6    7    8    5
    5   13    3    2    6    0    0    2    1       692    3   10    6    9    2    7    5
    5   14    1    1    6    2    5    1    1      1015    1    8    1    5    6    9   10
    5   15    5    1    4    1    4    1    1      1048    8    8    9    2    5    0    0
    5   16    3    2    6    0    0    2    1       525    3    6    8    7    9    2   10
    5   17    5    2    2    0    0    1    0       660    8    6   10    0    0    0    0
    5   18    5    1    4    2    3    2    0      1163    5    8    5    2    6    0    0
    5   19    5    2    6    0    0    2    1      1116    9    6    8    5   10    7    2
    5   20    1    1    2    1    2    1    1      1052    1    1    9    0    0    0    0
    5   21    5    1    2    1    2    1    1       805    5    5    2    0    0    0    0
    5   22    2    1    6    4    3    2    0       892    2   10    7    6    2    5    8
    5   23    2    1    2    2    1    1    1      1141    2    5    2    0    0    0    0
    5   24    5    1    4    4    1    1    1       929   10    5    2    7   10    0    0
    5   25    5    2    2    0    0    2    1       968    9   10    6    0    0    0    0
    6    1    3    2    4    0    0    2    1       587    3    6   10    8    2    0    0
    6    2    5    2    4    0    0    2    1       885    9    8    2    6    7    0    0
    6    3    5    1    4    1    4    1    1      1747    8    8    5    2   10    0    0
    6    4    2    1    6    5    2    1    1      1109    2    8    7    9   10    2    6
    6    5    3    2    4    0    0    2    1       546    3    8    6    7    5    0    0
    6    6    5    1    6    1    6    2    0      1163    6    6    2    7    9    8   10
    6    7    5    2    6    0    0    2    1      1572    9    2    8   10    7    6    5
    6    8    5    2    4    0    0    1    0       927    5   10    2    6    7    0    0
    6    9    5    1    2    1    2    1    1      1158    8    8   10    0    0    0    0
    6   10    5    1    6    3    4    1    1      1031    8    2    7    8    6    9    5
    6   11    2    1    2    1    2    1    1       898    2    2   10    0    0    0    0
    6   12    1    1    6    5    2    1    1       612    1    6    5   10    7    1    8
    6   13    2    1    6    2    5    2    0       955    2    7    2    9    8   10    5
    6   14    3    2    6    0    0    2    1       620    3    2    9    6    8   10    7
    6   15    3    2    2    0    0    2    1       599    3    2    5    0    0    0    0
    6   16    5    2    2    0    0    2    1      1027    8    7    9    0    0    0    0
    6   17    3    2    6    0    0    2    1       601    3    8    6    7    2    9   10
    6   18    5    1    4    2    3    1    1       827    6    8    6    2    5    0    0
    6   19    1    1    2    2    1    1    1       726    1    9    1    0    0    0    0
    6   20    5    2    2    0    0    2    1       934    6    5    7    0    0    0    0
    6   21    5    1    6    6    1    1    1       687    8    5   10    2    7    6    8
    6   22    2    1    4    4    1    1    1       821    2    6   10    9    2    0    0
    6   23    3    2    4    0    0    2    1       574    3    6    2    8    7    0    0
    6   24    1    1    2    2    1    1    1       555    1    7    1    0    0    0    0
    6   25    1    1    4    2    3    1    1      1022    1   10    1    7    5    0    0
    7    1    5    2    2    0    0    2    1       815    6    8    5    0    0    0    0
    7    2    5    1    6    2    5    2    0      1197    7   10    7    6    5    9    2
    7    3    5    1    4    4    1    1    1       887    9    2   10    7    9    0    0
    7    4    1    1    6    2    5    1    1      1019    1    7    1    6    9    8    5
    7    5    5    2    6    0    0    2    1      1240    9    7    8   10    2    6    5
    7    6    5    1    6    2    5    1    1       886    7    2    7    9    8   10    6
    7    7    5    2    6    0    0    2    1      1545    9    6    8    2    5   10    7
    7    8    5    1    4    2    3    2    0      1509    5    7    5    2    6    0    0
    7    9    5    2    4    0    0    1    0       899    5    2    9    7   10    0    0
    7   10    5    2    4    0    0    1    0      1296    5   10    9    2    7    0    0
    7   11    5    1    6    1    6    1    1      1140    5    5    2    7    6    8    9
    7   12    5    1    6    6    1    1    1       669    8    5   10    7    9    2    8
    7   13    1    1    4    4    1    1    1       587    1    9    7    8    1    0    0
    7   14    5    1    2    2    1    1    1       720    6    8    6    0    0    0    0
    7   15    5    1    6    2    5    1    1       730    8    7    8    2    5   10    9
    7   16    5    2    2    0    0    2    1       737   10    8    2    0    0    0    0
    7   17    2    1    6    3    4    1    1      1362    2   10    5    2    9    8    7
    7   18    5    1    4    2    3    1    1      1350    9   10    9    2    6    0    0
    7   19    5    1    4    3    2    1    1      1073    7    9    5    7    2    0    0
    7   20    3    2    2    0    0    2    1       555    3    8    9    0    0    0    0
    7   21    2    1    2    1    2    1    1       793    2    2    6    0    0    0    0
    7   22    3    2    2    0    0    2    1       573    3    7   10    0    0    0    0
    7   23    5    2    4    0    0    1    0       888    9    6    8    2    5    0    0
    7   24    3    2    2    0    0    2    1       657    3    2    5    0    0    0    0
    7   25    2    1    4    4    1    1    1       752    2    8    5    6    2    0    0    3
