    1    1    5    2    4    0    0    2    1      1901    5    2   10    7    6    0    0
    1    2    5    1    4    2    3    1    1       809    7    2    7   10    8    0    0
    1    3    1    1    4    3    2    1    1      1727    1    9    7    1    5    0    0
    1    4    5    1    2    1    2    1    1      3582    8    8    2    0    0    0    0
    1    5    2    1    4    1    4    2    0       808    2    2    6   10    7    0    0
    1    6    5    1    4    2    3    1    1      1666    6    8    6   10    7    0    0
    1    7    5    1    6    3    4    1    1      1006   10    6    8   10    5    2    9
    1    8    5    1    4    1    4    1    1       959    7    7    2    5   10    0    0
    1    9    2    1    2    1    2    1    1      2157    2    2    7    0    0    0    0
    1   10    5    1    2    2    1    1    1       763    8    9    8    0    0    0    0
    1   11    5    2    4    0    0    2    1       582    5    8    6    9    2    0    0
    1   12    5    1    4    2    3    1    1       936    7    8    7    6    9    0    0
    1   13    3    2    6    0    0    2    1       672    3    5    6    7   10    2    8
    1   14    3    2    6    0    0    2    1       676    3    5    7    9   10    6    2
    1   15    3    2    2    0    0    2    1       541    3    8    7    0    0    0    0
    1   16    5    1    2    1    2    1    1       620    7    7    5    0    0    0    0
    1   17    1    1    4    3    2    1    1       909    1    7    9    1    5    0    0
    1   18    2    1    4    4    1    1    1       802    2    8    6    9    2    0    0
    1   19    5    2    2    0    0    2    1       742    9    7    2    0    0    0    0
    1   20    3    2    2    0    0    2    1       701    3    2   10    0    0    0    0
    1   21    5    1    2    2    1    1    1       645    5    2    5    0    0    0    0
    1   22    2    1    2    2    1    1    1       623    2    6    2    0    0    0    0
    1   23    2    1    4    2    3    1    1       720    2    7    2    8   10    0    0
    1   24    1    1    4    4    1    2    0       653    1    7    9   10    1    0    0
    1   25    5    2    4    0    0    2    1       716    8    7    2   10    5    0    0
    2    1    1    1    2    1    2    1    1       892    1    1    5    0    0    0    0
    2    2    3    2    6    0    0    2    1       616    3    9    8    5    6    2   10
    2    3    5    2    2    0    0    2    1      1251    5    8    6    0    0    0    0
    2    4    3    2    4    0    0    2    1       970    3    8    7    2    5    0    0
    2    5    3    2    4    0    0    2    1       621    3    9    5    2    7    0    0
    2    6    5    2    2    0    0    1    0       520   10    8    2    0    0    0    0
    2    7    5    1    2    1    2    1    1       967   10   10    2    0    0    0    0
    2    8    1    1    6    1    6    1    1       799    1    1    6   10    8    7    9
    2    9    5    1    6    3    4    1    1      1038    8    7    9    8    5    6    2
    2   10    5    2    2    0    0    2    1       824    6   10    5    0    0    0    0
    2   11    5    2    6    0    0    1    0      1142   10    5    9    2    6    8    7
    2   12    5    1    4    3    2    1    1       786   10    2    7   10    6    0    0
    2   13    5    1    2    1    2    1    1       677    6    6   10    0    0    0    0
    2   14    5    2    4    0    0    2    1      1044    7    8    5   10    2    0    0
    2   15    5    1    4    4    1    1    1       836    7    8   10    2    7    0    0
    2   16    1    1    6    3    4    2    0       753    1    6    7    1    9   10    5
    2   17    5    2    4    0    0    1    0      1053    5    7    2    6    9    0    0
    2   18    5    2    4    0    0    2    1      1196    7    2    5    6    9    0    0
    2   19    2    1    4    4    1    2    0      1173    2    9   10    5    2    0    0
    2   20    5    1    4    3    2    1    1       928    5    2    6    5    8    0    0
    2   21    1    1    2    2    1    1    1       975    1    7    1    0    0    0    0
    2   22    5    2    6    0    0    2    1       999    8    2    7    9    6    5   10
    2   23    4    2    4    0    0    2    1      1223    4    2   10    9    8    0    0
    2   24    3    2    2    0    0    2    1       778    3    5    9    0    0    0    0
    2   25    5    1    2    2    1    1    1       911    9    2    9    0    0    0    0
    3    1    5    1    2    1    2    1    1       928    9    9    8    0    0    0    0
    3    2    5    1    2    2    1    1    1       815    5    8    5    0    0    0    0
    3    3    5    1    4    2    3    1    1      1175   10    7   10    6    2    0    0
    3    4    5    1    4    2    3    1    1       722    5   10    5    8    9    0    0
    3    5    5    2    4    0    0    2    1      1775    5    2    9    6    7    0    0
    3    6    3    2    6    0    0    2    1       806    3    5    2   10    6    9    7
    3    7    5    2    4    0    0    2    1      1183    6    8    5    2    9    0    0
    3    8    4    2    4    0    0    2    1       873    4    7    6   10    1    0    0
    3    9    2    1    4    2    3    1    1      1232    2    7    2    6    5    0    0
    3   10    2    1    4    4    1    1    1      1064    2    6   10    7    2    0    0
    3   11    4    2    4    0    0    2    1       774    4    2   10    5    6    0    0
    3   12    5    1    6    4    3    1    1      1222    6    5    2    8    6    7    9
    3   13    5    1    4    4    1    1    1      1391    8    7    2    5    8    0    0
    3   14    2    1    6    6    1    1    1       918    2   10    9    5    7    6    2
    3   15    5    2    4    0    0    1    0      1339    5   10    9    8    7    0    0
    3   16    5    1    6    5    2    1    1       915    7    8    6    5   10    7    2
    3   17    5    1    6    4    3    1    1      1421    6    2    5    7    6    8    9
    3   18    5    1    4    4    1    1    1       749    6    7    2    8    6    0    0
    3   19    5    2    4    0    0    2    1      2009    6    5    2    7    8    0    0
    3   20    5    1    2    1    2    1    1       893    9    9    2    0    0    0    0
    3   21    3    2    6    0    0    2    1       808    3    2    6    9   10    7    8
    3   22    5    2    2    0    0    2    1      1179    9    6    7    0    0    0    0
    3   23    5    1    4    3    2    1    1      1190    8    7    9    8    6    0    0
    3   24    5    1    2    2    1    1    1      1258    7    5    7    0    0    0    0
    3   25    4    2    4    0    0    2    1       946    4    8    7   10    6    0    0
    4    1    5    1    2    1    2    1    1       876    8    8    7    0    0    0    0
    4    2    5    1    6    5    2    1    1       808    5    9    7    2    8    5   10
    4    3    5    2    6    0    0    1    0      1191   10    2    8    5    9    6    7
    4    4    5    1    2    1    2    1    1       619    5    5    9    0    0    0    0
    4    5    5    1    6    3    4    1    1      1233    7    6    2    7    8    9   10
    4    6    5    1    4    1    4    1    1       969    5    5    6    2    9    0    0
    4    7    5    2    2    0    0    2    1      1206    5    2    7    0    0    0    0
    4    8    4    2    2    0    0    2    1       890    4    9   10    0    0    0    0
    4    9    3    2    4    0    0    2    1       736    3    8    2    5    9    0    0
    4   10    1    1    2    1    2    1    1       807    1    1    7    0    0    0    0
    4   11    5    1    4    4    1    1    1      1440    5    7    6    2    5    0    0
    4   12    5    1    6    4    3    1    1       902    7    8    2    9    7   10    5
    4   13    5    1    4    1    4    1    1      1131    8    8    2    9    7    0    0
    4   14    2    1    2    1    2    1    1       593    2    2    9    0    0    0    0
    4   15    3    2    6    0    0    2    1       537    3    8    6   10    9    2    5
    4   16    3    2    4    0    0    2    1      1693    3    8   10    7    2    0    0
    4   17    4    2    4    0    0    2    1       866    4    8   10    2    7    0    0
    4   18    4    2    6    0    0    2    1       622    4    9    5    6   10    8    2
    4   19    2    1    4    1    4    1    1      1135    2    2    8   10    5    0    0
    4   20    5    1    2    1    2    1    1       533    7    7    6    0    0    0    0
    4   21    5    1    4    2    3    2    0      1305    9    5    9    2    8    0    0
    4   22    5    1    4    4    1    1    1       655   10    9    5    2   10    0    0
    4   23    1    1    6    4    3    1    1       995    1    7    9   10    1    8    6
    4   24    2    1    2    2    1    1    1       640    2    9    2    0    0    0    0
    4   25    3    2    4    0    0    2    1       640    3    8    2    5   10    0    0
    5    1    5    2    4    0    0    2    1      1211    7    2    8    9    6    0    0
    5    2    5    1    2    1    2    1    1       655    5    5    2    0    0    0    0
    5    3    5    1    6    3    4    1    1      1460    8    2    7    8    6    9    5
    5    4    5    1    6    4    3    1    1      1144    8    5    7    2    8   10    9
    5    5    5    1    4    4    1    1    1       676    9   10    2    5    9    0    0
    5    6    3    2    6    0    0    2    1       648    3    7    8    9    2    5    6
    5    7    5    2    4    0    0    2    1      1032    5    2    7    6    8    0    0
    5    8    4    2    4    0    0    2    1       679    4    9    5   10    2    0    0
    5    9    5    1    6    5    2    1    1      1627    8    6    2    5   10    8    7
    5   10    3    2    6    0    0    2    1       601    3    2    5    9    7   10    8
    5   11    5    2    2    0    0    1    0       645   10    9    7    0    0    0    0
    5   12    5    2    2    0    0    2    1       736    8   10    7    0    0    0    0
    5   13    5    1    4    1    4    1    1      1451   10   10    6    2    9    0    0
    5   14    5    1    6    5    2    1    1       928    9    7    2    5    8    9    6
    5   15    3    2    2    0    0    2    1       607    3    2    6    0    0    0    0
    5   16    3    2    4    0    0    2    1       881    3    2    9    7   10    0    0
    5   17    3    2    6    0    0    2    1       652    3    9   10    5    2    6    8
    5   18    5    1    6    2    5    1    1       705    5    1    5   10    6    7    9
    5   19    2    1    6    1    6    1    1       579    2    2    5    9   10    8    7
    5   20    5    2    2    0    0    2    1       976    8    9    6    0    0    0    0
    5   21    5    2    2    0    0    2    1      1342    9    2    6    0    0    0    0
    5   22    5    2    2    0    0    2    1       780    6    8    2    0    0    0    0
    5   23    4    2    6    0    0    2    1       684    4    2    6    9    8    5   10
    5   24    5    1    6    2    5    1    1       799    8    2    8    7    9   10    6
    5   25    1    1    2    1    2    1    1       691    1    1    5    0    0    0    0
    6    1    5    1    4    1    4    1    1       827    6    6    9    8    2    0    0
    6    2    5    1    2    2    1    1    1       702   10    2   10    0    0    0    0
    6    3    5    1    4    3    2    1    1       731    7    9    6    7    2    0    0
    6    4    4    2    4    0    0    2    1      1079    4    5    8    2    7    0    0
    6    5    3    2    4    0    0    2    1       742    3    8    2    6    7    0    0
    6    6    1    1    2    2    1    1    1       732    1    6    1    0    0    0    0
    6    7    5    1    2    1    2    1    1       531    9    9    5    0    0    0    0
    6    8    5    2    2    0    0    2    1       786    6    7    5    0    0    0    0
    6    9    5    1    4    2    3    1    1       908    8    2    8    5   10    0    0
    6   10    5    1    6    3    4    1    1       614   10    6    8   10    2    9    5
    6   11    5    1    4    1    4    1    1       599   10   10    9    6    2    0    0
    6   12    3    2    2    0    0    2    1       723    3    2    6    0    0    0    0
    6   13    2    1    4    2    3    1    1       879    2    6    2    7    5    0    0
    6   14    5    1    6    4    3    1    1       475    5    6   10    2    5    8    9
    6   15    5    2    6    0    0    1    0       343    5    6   10    7    2    9    8
    6   16    5    2    4    0    0    2    1      1171    7    9    8    2    6    0    0
    6   17    2    1    4    3    2    2    0       973    2   10    5    2    8    0    0
    6   18    2    1    6    5    2    1    1       821    2    7   10    5    6    2    8
    6   19    1    1    6    6    1    1    1       850    1    9    6   10    8    7    1
    6   20    5    2    4    0    0    2    1      1082    5    9    6    7    2    0    0
    6   21    2    1    4    4    1    1    1      1080    2    7    5   10    2    0    0
    6   22    2    1    2    1    2    1    1       880    2    2    7    0    0    0    0
    6   23    1    1    6    6    1    1    1       684    1    5   10    6    7    9    1
    6   24    5    2    2    0    0    2    1       788   10    8    6    0    0    0    0
    6   25    1    1    2    2    1    1    1       585    1    6    1    0    0    0    0
    7    1    1    1    2    2    1    1    1       561    1    5    1    0    0    0    0
    7    2    4    2    6    0    0    2    1       586    4    5   10    2    9    8    7
    7    3    5    1    4    3    2    1    1      1484    6    9    7    6    5    0    0
    7    4    3    2    6    0    0    2    1       751    3    2    5   10    8    9    6
    7    5    1    1    2    1    2    1    1       613    1    1    7    0    0    0    0
    7    6    4    2    2    0    0    2    1       592    4   10    2    0    0    0    0
    7    7    4    2    4    0    0    2    1      1154    4    7    2    6    5    0    0
    7    8    5    1    6    6    1    1    1       819    8    7    2    9   10    6    8
    7    9    3    2    2    0    0    2    1       534    3    8    9    0    0    0    0
    7   10    5    1    4    1    4    1    1       618    5    5    2    7    8    0    0
    7   11    5    1    2    1    2    2    0      1573    6    6    8    0    0    0    0
    7   12    5    1    2    2    1    1    1       827    6    2    6    0    0    0    0
    7   13    5    1    6    5    2    1    1       648    9    5    6    7    8    9    2
    7   14    2    1    6    1    6    1    1       812    2    2    7    5    9    8   10
    7   15    5    2    6    0    0    1    0       955   10    7    9    6    8    5    2
    7   16    5    1    2    1    2    1    1       825   10   10    5    0    0    0    0
    7   17    2    1    6    4    3    2    0       871    2    5    8   10    2    7    9
    7   18    5    1    6    3    4    1    1       755   10    5    7   10    1    8    6
    7   19    5    2    4    0    0    1    0       573   10    5    6    8    2    0    0
    7   20    5    1    2    1    2    1    1       506    7    7    9    0    0    0    0
    7   21    4    2    6    0    0    2    1       628    4   10    9    2    5    8    7
    7   22    5    1    4    4    1    1    1       724   10    2    8    6   10    0    0
    7   23    5    2    4    0    0    2    1      1153    6   10    2    8    7    0    0
    7   24    5    1    2    1    2    1    1       743   10   10    6    0    0    0    0
    7   25    5    2    6    0    0    2    1      1272    6    2    5   10    7    8    9    3
