    1    1    2    1    4    2    3    2    0         0    2   10    2    7    5    0    0
    1    2    2    1    2    2    1    2    0         0    2    8    2    0    0    0    0
    1    3    4    2    4    0    0    2    1         0    4    7   10    6    2    0    0
    1    4    5    2    6    0    0    2    1         0   10    2    7    5    6    9    8
    1    5    5    1    6    6    1    2    0         0    5   10    8    7    2    6    5
    1    6    5    2    2    0    0    2    1         0    8   10    6    0    0    0    0
    1    7    3    2    4    0    0    2    1         0    3   10    7    2    8    0    0
    1    8    5    1    2    2    1    2    0         0    6    5    6    0    0    0    0
    1    9    5    1    6    2    5    2    0         0    9    2    9    5    6    7    8
    1   10    5    1    6    5    2    2    0         0    5    2    8    6   10    5    7    1
