    1    1    5    2    2    0    0    2    1      2969    7    2    5    0    0    0    0
    1    2    5    1    6    3    4    2    0      1340    6    2   10    6    5    9    8
    1    3    5    1    2    2    1    1    1      2987    9    7    9    0    0    0    0
    1    4    5    1    2    2    1    1    1      1720    8   10    8    0    0    0    0
    1    5    1    1    2    1    2    2    0      3303    1    1    7    0    0    0    0
    1    6    5    2    6    0    0    1    0       818    5    7    9    6    8    2   10
    1    7    5    1    6    1    6    1    1      2352    6    6    7    5   10    2    9
    1    8    5    2    4    0    0    2    1      2860    7    6    9    5    2    0    0
    1    9    5    1    4    2    3    1    1      3603    6    9    6    8    5    0    0
    1   10    4    2    6    0    0    2    1      1314    4   10    5    2    9    8    7
    1   11    5    2    2    0    0    2    1      1474    7   10    2    0    0    0    0
    1   12    3    2    2    0    0    2    1      2043    3    6   10    0    0    0    0
    1   13    1    1    2    2    1    1    1      1198    1    8    1    0    0    0    0
    1   14    5    2    4    0    0    2    1      2728    6    7    5   10    2    0    0
    1   15    4    2    4    0    0    2    1      1061    4    7    1    8    9    0    0
    1   16    4    2    4    0    0    1    0      1092    4    6    2    9    7    0    0
    1   17    4    2    2    0    0    2    1      1261    4    7    9    0    0    0    0
    1   18    5    1    6    4    3    1    1      2058    9    2    5    8    9    6   10
    1   19    5    2    6    0    0    2    1      1527   10    5    6    8    9    7    2
    1   20    5    1    6    3    4    2    0      1305   10    5    6   10    2    7    8
    1   21    3    2    2    0    0    2    1       889    3    2    5    0    0    0    0
    1   22    5    1    2    1    2    1    1      1338    6    6    5    0    0    0    0
    1   23    3    2    4    0    0    2    1      1486    3    2    6   10    7    0    0
    1   24    2    1    4    1    4    1    1      1996    2    2   10    6    9    0    0
    1   25    5    2    2    0    0    2    1       866    5    6   10    0    0    0    0
    2    1    5    1    2    1    2    1    1      2542    9    9    7    0    0    0    0
    2    2    3    2    4    0    0    2    1       803    3    8    7    2    9    0    0
    2    3    3    2    6    0    0    2    1       642    3   10    2    8    6    5    7
    2    4    5    1    2    1    2    1    1       876    7    7    5    0    0    0    0
    2    5    5    1    2    2    1    1    1      1390    7   10    7    0    0    0    0
    2    6    5    2    4    0    0    2    1      1200    8   10    2    7    5    0    0
    2    7    5    1    6    3    4    1    1      1087    8    2   10    8    9    7    6
    2    8    5    2    2    0    0    2    1       664    5   10    2    0    0    0    0
    2    9    5    1    6    6    1    1    1      1037    9    5    2    7    6    8    9
    2   10    5    1    2    2    1    1    1      1592    8    2    8    0    0    0    0
    2   11    2    1    2    2    1    1    1       797    2    5    2    0    0    0    0
    2   12    2    1    2    1    2    1    1       945    2    2    8    0    0    0    0
    2   13    3    2    2    0    0    2    1       592    3    2   10    0    0    0    0
    2   14    4    2    2    0    0    2    1       717    4    6    2    0    0    0    0
    2   15    5    2    2    0    0    2    1       868    5   10    2    0    0    0    0
    2   16    1    1    4    1    4    1    1      1131    1    1    6   10    8    0    0
    2   17    3    2    4    0    0    2    1      1143    3    2   10    8    5    0    0
    2   18    3    2    6    0    0    1    0      1417    3    9    2   10    5    6    7
    2   19    5    1    6    1    6    1    1       847    8    8   10    6    2    5    7
    2   20    4    2    6    0    0    2    1      1181    4    2    6    9    8    5    7
    2   21    1    1    2    1    2    1    1      1698    1    1   10    0    0    0    0
    2   22    3    2    2    0    0    2    1       675    3    7   10    0    0    0    0
    2   23    5    1    4    1    4    1    1       881    7    7    2    8    6    0    0
    2   24    5    2    2    0    0    2    1       722   10    5    2    0    0    0    0
    2   25    5    2    4    0    0    2    1       943    5    7    6   10    2    0    0
    3    1    3    2    6    0    0    2    1      1045    3   10    2    8    9    5    6
    3    2    5    2    2    0    0    2    1       688    7    6   10    0    0    0    0
    3    3    3    2    4    0    0    2    1      1102    3    2   10    7    8    0    0
    3    4    5    1    4    1    4    1    1      5227    8    8    5    2    6    0    0
    3    5    4    2    2    0    0    2    1       511    4    5    2    0    0    0    0
    3    6    5    2    2    0    0    2    1      1023    8    2    5    0    0    0    0
    3    7    3    2    4    0    0    2    1       992    3    9    2    8   10    0    0
    3    8    5    2    2    0    0    2    1      1117    5    7   10    0    0    0    0
    3    9    5    1    2    1    2    1    1      1204    8    8    9    0    0    0    0
    3   10    2    1    6    1    6    2    0      1139    2    2   10    7    8    6    5
    3   11    4    2    6    0    0    2    1       805    4    2    6    8    7    9    5
    3   12    5    2    6    0    0    1    0      1044    6    9   10    7    8    2    5
    3   13    5    1    6    5    2    1    1      1449    5   10    9    6    2    5    8
    3   14    5    2    4    0    0    2    1       969    7    2   10    9    5    0    0
    3   15    5    1    2    2    1    1    1       807    5    7    5    0    0    0    0
    3   16    5    1    6    6    1    1    1      1045   10    8    9    2    6    7   10
    3   17    3    2    6    0    0    2    1       635    3    2    7    5    9    8   10
    3   18    5    1    4    1    4    1    1       907    6    6   10    8    2    0    0
    3   19    5    2    2    0    0    2    1       875    9    2   10    0    0    0    0
    3   20    1    1    6    2    5    2    0       856    1    6    1    8    5    9    7
    3   21    5    2    4    0    0    2    1      1215    6    9   10    7    2    0    0
    3   22    5    2    4    0    0    2    1      1256    6    5    9    8    2    0    0
    3   23    5    1    4    2    3    1    1      1088    8    6    8    9    2    0    0
    3   24    5    2    2    0    0    2    1       920    6    2   10    0    0    0    0
    3   25    4    2    6    0    0    2    1       771    4    8    6    7    2    5    9
    4    1    2    1    4    2    3    1    1      1092    2    6    2    8   10    0    0
    4    2    5    1    6    4    3    1    1      1191    7    8   10    5    7    2    9
    4    3    1    1    2    2    1    1    1       988    1    7    1    0    0    0    0
    4    4    5    1    4    4    1    1    1       702    7    6    2    5    7    0    0
    4    5    5    2    4    0    0    1    0       860    7    9    2    5   10    0    0
    4    6    4    2    4    0    0    2    1       580    4    5    9    2    7    0    0
    4    7    2    1    4    1    4    1    1       854    2    2   10    7    8    0    0
    4    8    5    2    2    0    0    2    1       569    7   10    9    0    0    0    0
    4    9    5    1    6    4    3    1    1       769    6   10    5    2    6    9    7
    4   10    5    1    2    1    2    1    1       726    5    5    8    0    0    0    0
    4   11    5    2    2    0    0    2    1       606    7   10    6    0    0    0    0
    4   12    1    1    2    1    2    2    0      2410    1    1    8    0    0    0    0
    4   13    5    2    4    0    0    2    1       771    6   10    7    9    8    0    0
    4   14    2    1    6    4    3    1    1       852    2    8    9    6    2    5    7
    4   15    4    2    4    0    0    2    1       523    4    5    8   10    2    0    0
    4   16    5    1    4    3    2    1    1       768    9    7    8    9    2    0    0
    4   17    5    2    2    0    0    2    1       582    6   10    2    0    0    0    0
    4   18    5    1    2    1    2    1    1       674    7    7    2    0    0    0    0
    4   19    5    2    4    0    0    2    1       769    9    7    2    8    5    0    0
    4   20    5    1    6    5    2    1    1       866    7    5    9    2   10    7    6
    4   21    5    1    6    1    6    1    1       414    8    8    6    5    9    7    2
    4   22    4    2    6    0    0    2    1       573    4    2    8   10    7    5    9
    4   23    2    1    6    6    1    1    1       453    2   10    5    6    8    9    2
    4   24    1    1    4    1    4    2    0       668    1    1   10    5    6    0    0
    4   25    4    2    2    0    0    2    1       486    4    9   10    0    0    0    0
    5    1    5    1    6    1    6    1    1      1900    7    7    6    2    8    9    5
    5    2    3    2    2    0    0    2    1       372    3    8    2    0    0    0    0
    5    3    3    2    2    0    0    2    1       473    3   10    8    0    0    0    0
    5    4    2    1    4    2    3    1    1       800    2    6    2    5    9    0    0
    5    5    5    2    2    0    0    2    1       996    6    9    8    0    0    0    0
    5    6    5    2    6    0    0    2    1      1004    5    6   10    8    9    7    2
    5    7    5    2    4    0    0    1    0      1677    9   10    2    8    7    0    0
    5    8    2    1    4    3    2    2    0       596    2    7   10    2    9    0    0
    5    9    1    1    2    2    1    1    1       369    1    5    1    0    0    0    0
    5   10    3    2    2    0    0    2    1       423    3   10    2    0    0    0    0
    5   11    5    1    6    6    1    1    1       453    5    9    2    6    7    8    5
    5   12    4    2    2    0    0    2    1       423    4    2    8    0    0    0    0
    5   13    5    1    6    4    3    1    1      1557    7    2    8   10    7    9    6
    5   14    5    2    6    0    0    2    1      1270    9    5    6    7   10    2    8
    5   15    2    1    2    2    1    1    1       488    2    7    2    0    0    0    0
    5   16    1    1    4    1    4    1    1       478    1    1    9    6    7    0    0
    5   17    1    1    4    1    4    1    1       469    1    1   10    5    9    0    0
    5   18    1    1    4    3    2    1    1       716    1   10    9    1    5    0    0
    5   19    4    2    4    0    0    2    1       440    4    5    8    6    2    0    0
    5   20    2    1    4    1    4    1    1       465    2    2    9    8    7    0    0
    5   21    2    1    4    1    4    1    1       536    2    2    6    5    9    0    0
    5   22    3    2    4    0    0    2    1       508    3    2    5    9    7    0    0
    5   23    2    1    2    2    1    2    0      3996    2    5    2    0    0    0    0
    5   24    5    2    2    0    0    2    1       513    6    7    5    0    0    0    0
    5   25    2    1    2    1    2    1    1       513    2    2    8    0    0    0    0
    6    1    2    1    4    2    3    1    1      1270    2    7    2    5   10    0    0
    6    2    5    2    2    0    0    2    1       423    8   10    6    0    0    0    0
    6    3    3    2    4    0    0    2    1       496    3    5    2    6    7    0    0
    6    4    3    2    2    0    0    2    1       481    3    9    8    0    0    0    0
    6    5    5    1    6    4    3    2    0       605   10    8    5    9   10    2    7
    6    6    5    1    6    1    6    1    1       820   10   10    7    8    5    2    6
    6    7    5    2    4    0    0    2    1      1004    7    9    6    5    2    0    0
    6    8    5    1    4    3    2    1    1      1294    5    8   10    5    2    0    0
    6    9    2    1    6    1    6    2    0       426    2    2   10    8    5    6    9
    6   10    5    2    2    0    0    2    1       557    5    6    8    0    0    0    0
    6   11    2    1    4    2    3    1    1       513    2    9    2    5    8    0    0
    6   12    5    1    4    1    4    2    0      1174   10   10    2    7    8    0    0
    6   13    3    2    6    0    0    2    1       583    3   10    5    8    9    2    6
    6   14    5    1    4    4    1    1    1       553    7   10    2    5    7    0    0
    6   15    3    2    6    0    0    2    1       418    3    2    8   10    6    5    9
    6   16    5    2    2    0    0    2    1       453    7    2   10    0    0    0    0
    6   17    5    2    4    0    0    2    1      1021    5    8   10    2    6    0    0
    6   18    5    2    6    0    0    2    1       755    5    8    2    6    7    9   10
    6   19    5    1    6    5    2    1    1       820    6    9   10    8    7    6    2
    6   20    1    1    6    5    2    1    1       434    1    7    8    5   10    1    6
    6   21    2    1    2    1    2    2    0       677    2    2   10    0    0    0    0
    6   22    1    1    2    2    1    1    1       366    1    9    1    0    0    0    0
    6   23    5    2    6    0    0    2    1       847    7    6    5    8    9   10    2
    6   24    5    1    2    2    1    1    1       497    5    8    5    0    0    0    0
    6   25    5    2    6    0    0    1    0       461    5    2    6    7    8   10    9
    7    1    3    2    6    0    0    2    1       440    3    8    7    5   10    6    2
    7    2    5    1    4    1    4    2    0       848   10   10    7    8    2    0    0
    7    3    2    1    2    2    1    1    1       370    2    9    2    0    0    0    0
    7    4    5    2    2    0    0    2    1       680    7    6   10    0    0    0    0
    7    5    5    1    6    6    1    1    1       332    5    6    2    9    7    8    5
    7    6    2    1    4    2    3    1    1       760    2    9    2    6    8    0    0
    7    7    2    1    4    1    4    1    1       932    2    2    7    9   10    0    0
    7    8    5    1    4    2    3    1    1       440    8    2    8   10    7    0    0
    7    9    5    2    2    0    0    2    1       651    8    5    6    0    0    0    0
    7   10    2    1    2    2    1    1    1       485    2    6    2    0    0    0    0
    7   11    3    2    2    0    0    2    1       342    3    5    2    0    0    0    0
    7   12    5    2    4    0    0    2    1       482    9    2    8    6    5    0    0
    7   13    2    1    2    2    1    1    1       387    2   10    2    0    0    0    0
    7   14    4    2    2    0    0    2    1       456    4   10    6    0    0    0    0
    7   15    3    2    2    0    0    2    1       458    3    8    2    0    0    0    0
    7   16    5    2    6    0    0    2    1       855    8    2    9    5   10    7    6
    7   17    5    1    4    2    3    1    1      1134   10    5   10    8    2    0    0
    7   18    5    2    6    0    0    1    0       848   10    6    2    7    9    5    8
    7   19    5    1    4    1    4    1    1       599    9    9   10    8    2    0    0
    7   20    5    1    4    3    2    1    1       585    8    9    2    8    5    0    0
    7   21    4    2    6    0    0    2    1       864    4    2    7    8   10    9    6
    7   22    5    1    2    2    1    1    1       466    8    2    8    0    0    0    0
    7   23    5    1    6    3    4    1    1       798    7    2    6    7    9    8    5
    7   24    5    2    4    0    0    1    0       904    8    5    1   10    9    0    0
    7   25    1    1    6    2    5    1    1      1171    1    8    1    6   10    5    7    3
