    1    1    5    2    4    0    0    2    1      2129    7    8   10    5    2    0    0
    1    2    5    2    6    0    0    2    1       680    6    2    5    7    9    8   10
    1    3    5    2    4    0    0    2    1       671    6    8    9    7   10    0    0
    1    4    5    2    6    0    0    2    1       554    6   10    8    9    5    1    7
    1    5    5    1    2    2    1    1    1       600   10    7   10    0    0    0    0
    1    6    5    1    2    1    2    1    1       460   10   10    8    0    0    0    0
    1    7    5    1    6    5    2    2    0       569    7    2    5    6    9    7    8
    1    8    2    1    2    2    1    1    1       550    2    9    2    0    0    0    0
    1    9    5    2    6    0    0    1    0       559   10    2    8    9    6    5    7
    1   10    5    2    2    0    0    1    0       525    8   10    7    0    0    0    0
    1   11    5    1    2    2    1    1    1       468   10    9   10    0    0    0    0
    1   12    5    1    4    4    1    2    0       531    7   10    6    2    7    0    0
    1   13    2    1    6    4    3    1    1       412    2    6   10    9    2    7    5
    1   14    2    1    4    2    3    1    1       382    2    8    2    6   10    0    0
    1   15    5    1    4    4    1    1    1       440    5    2    9   10    5    0    0
    1   16    5    2    6    0    0    2    1       525    6    5    8    7    2    9   10
    1   17    4    2    4    0    0    2    1       930    4    2   10    8    9    0    0
    1   18    5    1    4    2    3    1    1       447   10    7   10    6    2    0    0
    1   19    5    1    4    3    2    1    1       463    5    2   10    5    9    0    0
    1   20    5    1    4    1    4    1    1       518   10   10    5    2    9    0    0
    1   21    5    1    4    3    2    1    1       419    5   10    2    5    6    0    0
    1   22    1    1    4    1    4    2    0       427    1    1    6    8    5    0    0
    1   23    4    2    6    0    0    2    1       577    4    5    6    7   10    2    8
    1   24    5    1    2    2    1    1    1       391    8   10    8    0    0    0    0
    1   25    5    2    4    0    0    1    0       448    5    7    9    6    2    0    0
    2    1    5    1    2    1    2    1    1       779    7    7    2    0    0    0    0
    2    2    5    1    6    6    1    2    0       403    5    7    9    8    2    6    5
    2    3    5    1    2    2    1    2    0       391    5    2    5    0    0    0    0
    2    4    5    2    2    0    0    2    1       764   10    9    5    0    0    0    0
    2    5    3    2    6    0    0    2    1       764    3    2    9    6   10    7    5
    2    6    3    2    2    0    0    2    1       570    3    8    2    0    0    0    0
    2    7    2    1    6    5    2    1    1       570    2    6    7    9    8    2   10
    2    8    5    2    4    0    0    2    1       349    8    6    7   10    2    0    0
    2    9    5    1    6    1    6    2    0       381    6    6   10    8    9    7    1
    2   10    5    2    6    0    0    2    1       421   10    6    9    7    5    2    8
    2   11    5    1    6    6    1    2    0       474    9    8    7    5    2   10    9
    2   12    5    2    6    0    0    1    0       479    7    8    6    5   10    2    9
    2   13    5    1    4    1    4    2    0       517    8    8    2    6    7    0    0
    2   14    3    2    6    0    0    2    1       495    3    9    2    5    7   10    8
    2   15    5    1    2    2    1    2    0       416    5    7    5    0    0    0    0
    2   16    3    2    2    0    0    2    1       339    3    6    5    0    0    0    0
    2   17    1    1    6    1    6    2    0       469    1    1    5   10    9    8    7
    2   18    5    1    4    1    4    2    0       443    6    6    7    9    2    0    0
    2   19    5    2    2    0    0    1    0       526    7    5    9    0    0    0    0
    2   20    5    2    6    0    0    1    0       432    7   10    5    6    9    2    8
    2   21    3    2    4    0    0    2    1       424    3    7    9    2    6    0    0
    2   22    3    2    4    0    0    2    1       448    3   10    5    9    6    0    0
    2   23    5    1    2    1    2    2    0       346   10   10    7    0    0    0    0
    2   24    5    1    4    4    1    2    0       391    6   10    9    1    6    0    0
    2   25    5    2    2    0    0    2    1       427    5   10    9    0    0    0    0
    3    1    4    2    4    0    0    2    1       462    4    2    5    6    8    0    0
    3    2    5    1    2    1    2    2    0       536    8    8    7    0    0    0    0
    3    3    4    2    4    0    0    2    1       532    4    2    7    6    9    0    0
    3    4    1    1    2    2    1    2    0       411    1    9    1    0    0    0    0
    3    5    3    2    2    0    0    2    1       519    3    8   10    0    0    0    0
    3    6    5    2    6    0    0    2    1       865    7    9    5    6    2    8   10
    3    7    5    1    6    5    2    1    1       589    6    2    7    9   10    6    8
    3    8    5    1    6    1    6    2    0       452    7    7    2    8    6    9   10
    3    9    5    1    4    2    3    2    0       540   10    8   10    5    2    0    0
    3   10    3    2    6    0    0    2    1       485    3    5    8    2    6   10    9
    3   11    5    2    6    0    0    2    1       368    9    8    5    7   10    2    6
    3   12    5    2    4    0    0    2    1       395    9    2    6    5    8    0    0
    3   13    5    1    4    3    2    2    0       485   10    7    2   10    6    0    0
    3   14    5    1    4    4    1    1    1       467    8    9    2   10    8    0    0
    3   15    5    1    6    6    1    1    1       407    8    5    7    9    6    2    8
    3   16    5    1    6    5    2    1    1       470    6    2    5    7    9    6    8
    3   17    5    1    6    4    3    1    1       426    6    5    9    2    6    7    8
    3   18    1    1    2    1    2    2    0       445    1    1    6    0    0    0    0
    3   19    5    1    4    4    1    2    0       421    7    8    6    9    7    0    0
    3   20    5    1    6    6    1    1    1       387    6    2    9    8    7    5    6
    3   21    5    2    4    0    0    1    0       501    5    2    7    6    8    0    0
    3   22    5    2    4    0    0    1    0       442    6   10    2    5    9    0    0
    3   23    5    1    6    1    6    1    1       423    8    8    2    9    5    7   10
    3   24    4    2    6    0    0    2    1       445    4    2    5    8    7    9    6
    3   25    5    2    6    0    0    2    1       323    7    9    2    8    6   10    5
    4    1    3    2    4    0    0    2    1       520    3    6    8    2    7    0    0
    4    2    5    2    2    0    0    2    1       688    7    5    2    0    0    0    0
    4    3    2    1    2    1    2    1    1       600    2    2   10    0    0    0    0
    4    4    5    2    6    0    0    1    0       623    7    8    2    9    6    5   10
    4    5    4    2    4    0    0    2    1       439    4    2   10    8    9    0    0
    4    6    1    1    2    1    2    2    0       434    1    1    6    0    0    0    0
    4    7    5    1    4    4    1    2    0       538    9    6    8    2    9    0    0
    4    8    5    1    2    1    2    1    1       416    8    8    2    0    0    0    0
    4    9    5    1    6    3    4    1    1       455    8    2    6    8    9    5   10
    4   10    5    2    4    0    0    2    1       542    9    2    6    5    7    0    0
    4   11    2    1    6    4    3    2    0       423    2    7    6    9    2   10    5
    4   12    5    2    2    0    0    2    1       435    9   10    8    0    0    0    0
    4   13    2    1    4    3    2    1    1       434    2    6    8    2   10    0    0
    4   14    5    1    6    6    1    1    1       424    8    5    2    9    6    7    8
    4   15    1    1    2    2    1    2    0       355    1   10    1    0    0    0    0
    4   16    5    1    6    2    5    1    1       556    8    2    8    7    9    5   10
    4   17    5    1    2    1    2    2    0       434    9    9    2    0    0    0    0
    4   18    5    1    2    1    2    2    0       444    9    9    8    0    0    0    0
    4   19    5    1    2    1    2    1    1       471    7    7    2    0    0    0    0
    4   20    4    2    4    0    0    2    1       414    4    9    2    7    6    0    0
    4   21    2    1    4    3    2    1    1       487    2    5    6    2    9    0    0
    4   22    5    2    6    0    0    1    0       467    8    6    7    9    5   10    2
    4   23    5    1    6    1    6    2    0       334   10   10    8    5    7    9    2
    4   24    5    1    6    3    4    1    1       384    8    2    6    8    7    9   10
    4   25    5    2    4    0    0    1    0       386    8    9    2    6   10    0    0
    5    1    5    2    2    0    0    2    1      1777    5    9    8    0    0    0    0
    5    2    5    2    4    0    0    2    1       340    5    2    7    8    9    0    0
    5    3    3    2    6    0    0    2    1       413    3   10    2    9    6    8    7
    5    4    3    2    6    0    0    2    1       436    3    2    7    6   10    9    8
    5    5    5    1    6    6    1    2    0       321    5    8    9    2    7    6    5
    5    6    5    2    2    0    0    2    1       336    5    6    2    0    0    0    0
    5    7    1    1    2    2    1    2    0       295    1    7    1    0    0    0    0
    5    8    5    2    6    0    0    2    1       282   10    7    9    6    2    5    8
    5    9    5    1    6    6    1    1    1       422    8    2    7    9   10    5    8
    5   10    3    2    2    0    0    2    1       265    3    2    8    0    0    0    0
    5   11    5    1    6    6    1    1    1       349    8    2    5    6    7   10    8
    5   12    2    1    2    2    1    2    0       331    2    9    2    0    0    0    0
    5   13    5    1    6    3    4    1    1       420    9    6    8    9    2    5    7
    5   14    3    2    6    0    0    2    1       411    3   10    8    7    2    5    9
    5   15    1    1    2    1    2    2    0       398    1    1    7    0    0    0    0
    5   16    5    2    4    0    0    2    1       392    5    6    2    7   10    0    0
    5   17    4    2    4    0    0    2    1       418    4    2    8    9    7    0    0
    5   18    5    2    2    0    0    2    1       397    6    5    8    0    0    0    0
    5   19    4    2    2    0    0    2    1       410    4    6    5    0    0    0    0
    5   20    5    2    4    0    0    2    1       379    6    7   10    2    9    0    0
    5   21    5    2    6    0    0    2    1       435    6    5    9   10    8    2    7
    5   22    2    1    4    3    2    2    0       339    2    9    7    2   10    0    0
    5   23    1    1    2    2    1    2    0       362    1    5    1    0    0    0    0
    5   24    5    2    4    0    0    2    1       317   10    7    9    2    8    0    0
    5   25    5    1    2    2    1    2    0       364    7    2    7    0    0    0    0
    6    1    5    1    6    6    1    1    1       498    7   10    9    2    5    6    7
    6    2    5    2    6    0    0    2    1       469   10    7    9    2    8    5    6
    6    3    5    1    2    2    1    1    1       446    5    2    5    0    0    0    0
    6    4    5    1    4    2    3    1    1       622    6    2    6    7    8    0    0
    6    5    1    1    6    2    5    2    0       436    1   10    1    5    8    7    9
    6    6    1    1    6    1    6    2    0       409    1    1    9    8    5    6    7
    6    7    5    2    4    0    0    1    0       555    6   10    5    2    7    0    0
    6    8    5    2    2    0    0    1    0       417    6    9    7    0    0    0    0
    6    9    5    2    6    0    0    1    0       391   10    6    9    2    7    8    5
    6   10    5    2    6    0    0    1    0       350   10    5    8    7    1    6    9
    6   11    1    1    6    1    6    2    0       415    1    1    9    7    8    6    5
    6   12    3    2    6    0    0    2    1       469    3    2   10    7    8    9    6
    6   13    1    1    6    1    6    2    0       457    1    1    6    9    8   10    5
    6   14    5    1    2    1    2    1    1       339   10   10    7    0    0    0    0
    6   15    5    1    2    2    1    1    1       361    8   10    8    0    0    0    0
    6   16    5    2    6    0    0    1    0       322   10    2    5    9    6    8    7
    6   17    3    2    4    0    0    2    1       423    3    9    8    5    2    0    0
    6   18    5    1    6    6    1    1    1       349   10    2    9    5    7    8   10
    6   19    5    2    6    0    0    1    0       341   10    8    9    6    2    5    7
    6   20    3    2    6    0    0    2    1       383    3    7   10    2    6    9    5
    6   21    3    2    4    0    0    2    1       441    3    6    5    2    8    0    0
    6   22    5    1    6    5    2    2    0       398    5    2    7    6    9    5    8
    6   23    5    1    2    2    1    1    1       370    7    8    7    0    0    0    0
    6   24    3    2    2    0    0    2    1       375    3    9    7    0    0    0    0
    6   25    5    1    4    2    3    1    1       466    6    8    6    2   10    0    0
    7    1    5    1    6    5    2    1    1       626    6    5    8    2    7    6    9
    7    2    3    2    2    0    0    2    1       557    3    7    9    0    0    0    0
    7    3    3    2    6    0    0    2    1       477    3    5    7    8    9    2    6
    7    4    5    2    2    0    0    1    0       583    6    8   10    0    0    0    0
    7    5    2    1    6    3    4    2    0       766    2    6    5    2    9    7    8
    7    6    3    2    4    0    0    2    1       465    3    2    6   10    9    0    0
    7    7    2    1    4    3    2    2    0       647    2    8   10    2    6    0    0
    7    8    5    2    2    0    0    2    1       610    9    2    5    0    0    0    0
    7    9    5    1    6    4    3    1    1       513    6    8    7    9    6    1    5
    7   10    5    1    4    1    4    1    1       406    6    6    2    9    8    0    0
    7   11    5    2    2    0    0    1    0       370    7    8    5    0    0    0    0
    7   12    5    1    6    3    4    1    1       322    7    5    8    7   10    2    6
    7   13    4    2    6    0    0    2    1       460    4    5   10    2    8    7    9
    7   14    5    1    2    1    2    1    1       446    6    6    7    0    0    0    0
    7   15    5    1    2    2    1    1    1       352    7    9    7    0    0    0    0
    7   16    5    1    2    1    2    1    1       327    5    5    6    0    0    0    0
    7   17    1    1    4    2    3    2    0       443    1    6    1    5    8    0    0
    7   18    4    2    4    0    0    2    1       419    4    7    5    2    9    0    0
    7   19    5    1    4    4    1    1    1       436    8    2    6    9    8    0    0
    7   20    3    2    6    0    0    2    1       393    3    8    6    9    7   10    2
    7   21    5    2    6    0    0    1    0       481    5    7    6    9   10    2    8
    7   22    1    1    6    5    2    2    0       429    1   10    7    8    5    1    9
    7   23    3    2    4    0    0    2    1       373    3   10    7    8    2    0    0
    7   24    1    1    4    2    3    2    0       344    1    6    1   10    7    0    0
    7   25    3    2    6    0    0    1    0       393    3    5    2   10    7    8    9    3
