    1    1    5    1    4    4    1    1    1      7411   10    2    8    7   10    0    0
    1    2    3    2    2    0    0    2    1      1325    3    5    2    0    0    0    0
    1    3    3    2    2    0    0    2    1       796    3    2    7    0    0    0    0
    1    4    5    2    6    0    0    2    1      1690    8    5    7   10    2    6    9
    1    5    4    2    2    0    0    2    1       954    4   10    2    0    0    0    0
    1    6    5    1    6    5    2    1    1      1395    7    6    9   10    5    7    2
    1    7    5    2    6    0    0    1    0      1194    5    6    8    7    2   10    9
    1    8    4    2    6    0    0    2    1      1082    4    6   10    5    7    9    2
    1    9    3    2    4    0    0    2    1      1033    3    8    6    2    7    0    0
    1   10    1    1    4    3    2    1    1      1000    1    7    5    1    6    0    0
    1   11    5    2    6    0    0    2    1      1919    5    6    8    9    7    2   10
    1   12    1    1    6    2    5    1    1      1233    1    6    1    8    7   10    9
    1   13    5    1    4    4    1    1    1      1114    5    2    7    9    5    0    0
    1   14    5    1    4    3    2    1    1       855    7    9    5    7    2    0    0
    1   15    4    2    6    0    0    2    1       804    4    2    8    5    9    7   10
    1   16    5    1    4    1    4    1    1      1133    9    9    6    8    2    0    0
    1   17    2    1    4    2    3    1    1      1114    2    5    2   10    8    0    0
    1   18    3    2    4    0    0    2    1       999    3    6    2    8    7    0    0
    1   19    2    1    6    6    1    1    1       926    2    6    5    7    8    9    2
    1   20    4    2    6    0    0    2    1       824    4    7    6    8   10    5    2
    1   21    5    1    2    2    1    1    1      1628    5    2    5    0    0    0    0
    1   22    5    1    2    1    2    1    1      1119    5    5    7    0    0    0    0
    1   23    5    1    4    3    2    1    1       892   10    2    5   10    9    0    0
    1   24    5    2    4    0    0    2    1      1282    8    2    5    9    6    0    0
    1   25    5    1    6    1    6    1    1      1070    5    5    1    9    6    7    8
    2    1    3    2    6    0    0    2    1       821    3    9    5    7    2   10    8
    2    2    5    2    2    0    0    2    1      1192    5    6   10    0    0    0    0
    2    3    5    1    6    3    4    1    1      1064    6    9    8    6    2    7    5
    2    4    3    2    4    0    0    2    1       551    3    9    8    5    2    0    0
    2    5    5    1    2    2    1    1    1       741    6    7    6    0    0    0    0
    2    6    2    1    2    2    1    2    0      1148    2    5    2    0    0    0    0
    2    7    2    1    6    3    4    1    1      1053    2    8   10    2    6    5    7
    2    8    5    1    6    1    6    1    1      1122    8    8    9    6    7    5    2
    2    9    5    1    2    1    2    2    0      1017    7    7    2    0    0    0    0
    2   10    5    2    2    0    0    2    1      1445    5    2    7    0    0    0    0
    2   11    5    2    4    0    0    2    1       853    6    5    2    7   10    0    0
    2   12    2    1    2    2    1    1    1       887    2   10    2    0    0    0    0
    2   13    3    2    6    0    0    2    1       771    3   10    2    7    6    9    5
    2   14    5    1    2    1    2    2    0      1368    5    5    9    0    0    0    0
    2   15    5    1    4    4    1    1    1      1243    9    2    7    6    9    0    0
    2   16    5    2    6    0    0    2    1       857   10    7    9    5    8    6    2
    2   17    5    2    2    0    0    2    1       795    8    7    5    0    0    0    0
    2   18    5    2    6    0    0    2    1      1355    5    6   10    8    2    9    7
    2   19    5    2    4    0    0    2    1      1102   10    2    6    7    5    0    0
    2   20    5    1    2    1    2    1    1       902    5    5    2    0    0    0    0
    2   21    4    2    4    0    0    2    1       892    4    2    7    6    8    0    0
    2   22    5    2    4    0    0    2    1      1490    6   10    2    8    5    0    0
    2   23    3    2    6    0    0    2    1       422    3    2    8    9   10    7    5
    2   24    3    2    2    0    0    2    1       489    3    9    8    0    0    0    0
    2   25    5    2    6    0    0    1    0      1589    7    2    8    5    9   10    6
    3    1    5    2    4    0    0    1    0      1210    7   10    8    2    5    0    0
    3    2    2    1    6    4    3    1    1       857    2    9    8    7    2    5    6
    3    3    5    1    2    2    1    1    1       972    5    6    5    0    0    0    0
    3    4    2    1    4    4    1    1    1       782    2    6   10    5    2    0    0
    3    5    5    1    2    2    1    1    1       627   10    2   10    0    0    0    0
    3    6    5    1    2    2    1    1    1       511    5    7    5    0    0    0    0
    3    7    5    2    4    0    0    1    0       740    7    8    2    5    6    0    0
    3    8    5    2    2    0    0    2    1      1051    8    2    9    0    0    0    0
    3    9    2    1    2    2    1    1    1       517    2    5    2    0    0    0    0
    3   10    5    2    2    0    0    2    1       709    6    5   10    0    0    0    0
    3   11    3    2    2    0    0    2    1       461    3    5   10    0    0    0    0
    3   12    5    1    4    2    3    1    1      1060    6    5    6    9    2    0    0
    3   13    5    2    6    0    0    2    1       937   10    8    1    6    7    9    5
    3   14    4    2    6    0    0    2    1       611    4    9    7    2    8    6   10
    3   15    3    2    2    0    0    2    1       415    3    2    9    0    0    0    0
    3   16    5    1    4    2    3    1    1      1176    7    6    7   10    2    0    0
    3   17    5    2    6    0    0    2    1      1048    6    7    5    9   10    2    8
    3   18    2    1    4    1    4    1    1      1640    2    2    5    6    7    0    0
    3   19    5    1    6    4    3    1    1       709    7    8   10    2    7    9    5
    3   20    5    1    6    2    5    1    1      1112    9    5    9   10    8    7    2
    3   21    2    1    6    5    2    1    1       635    2    9   10    6    7    2    5
    3   22    5    1    4    2    3    1    1       619    5    8    5    2    7    0    0
    3   23    5    2    6    0    0    2    1       466    6    2    5    8    7    9   10
    3   24    3    2    6    0    0    2    1       574    3    2    6    7   10    9    5
    3   25    2    1    4    3    2    1    1       577    2    9    5    2    8    0    0
    4    1    3    2    4    0    0    2    1       390    3    6    5    8    2    0    0
    4    2    3    2    6    0    0    2    1       453    3    5    7   10    2    9    8
    4    3    5    2    6    0    0    2    1      1090    8    2    7   10    6    5    9
    4    4    5    1    4    4    1    1    1       881   10    8    2    5   10    0    0
    4    5    3    2    2    0    0    2    1       562    3    8    1    0    0    0    0
    4    6    5    2    4    0    0    2    1       950   10    2    5    7    9    0    0
    4    7    2    1    6    2    5    1    1      1246    2    7    2    5   10    6    8
    4    8    5    1    4    4    1    1    1       775   10    7    6    9   10    0    0
    4    9    5    2    2    0    0    2    1      1036    6    9    7    0    0    0    0
    4   10    5    1    4    2    3    1    1      1452    6    2    6    5   10    0    0
    4   11    4    2    2    0    0    2    1       503    4    5    8    0    0    0    0
    4   12    5    1    6    1    6    1    1       673   10   10    6    7    8    2    9
    4   13    5    1    4    2    3    1    1       960    6    2    6   10    7    0    0
    4   14    4    2    2    0    0    2    1       478    4    2    8    0    0    0    0
    4   15    5    1    4    2    3    1    1      1317    9   10    9    6    8    0    0
    4   16    5    2    2    0    0    2    1       901    8   10    7    0    0    0    0
    4   17    2    1    6    5    2    1    1      2256    2    6    7    5    8    2    9
    4   18    5    2    2    0    0    2    1       746    9   10    8    0    0    0    0
    4   19    5    1    6    6    1    1    1      1196    5    7    8   10    2    6    5
    4   20    3    2    2    0    0    2    1       512    3   10    7    0    0    0    0
    4   21    3    2    6    0    0    2    1       475    3    5    7    8    9    2   10
    4   22    2    1    6    6    1    1    1       599    2    8    7    9   10    6    2
    4   23    4    2    4    0    0    2    1       537    4    6    9    5    2    0    0
    4   24    5    1    6    4    3    1    1      1731    8    2   10    5    8    6    9
    4   25    5    2    2    0    0    2    1       754    5    7    2    0    0    0    0
    5    1    3    2    6    0    0    2    1       393    3    7    5    6    9   10    2
    5    2    3    2    4    0    0    2    1       724    3   10    2    9    8    0    0
    5    3    1    1    6    1    6    2    0       358    1    1    6   10    5    7    9
    5    4    2    1    4    4    1    1    1       337    2    7    5   10    2    0    0
    5    5    5    1    4    1    4    1    1       830   10   10    2    7    9    0    0
    5    6    5    2    6    0    0    2    1       940    6    5    2   10    9    7    8
    5    7    3    2    6    0    0    2    1       453    3   10    9    8    2    7    5
    5    8    3    2    2    0    0    2    1       424    3    5    8    0    0    0    0
    5    9    5    2    6    0    0    1    0       822   10    6    5    9    7    8    2
    5   10    1    1    6    6    1    1    1      1204    1    5    6    9    7   10    1
    5   11    5    1    2    1    2    1    1       712    7    7    6    0    0    0    0
    5   12    5    1    6    1    6    1    1       955    8    8   10    2    7    9    5
    5   13    5    2    6    0    0    2    1      1076    8    9    7    2   10    6    5
    5   14    5    1    6    6    1    1    1       713   10    6    8    2    9    5   10
    5   15    3    2    2    0    0    2    1       449    3    2    6    0    0    0    0
    5   16    1    1    4    4    1    1    1       904    1    6   10    7    1    0    0
    5   17    5    2    2    0    0    2    1      1048    7    6   10    0    0    0    0
    5   18    3    2    6    0    0    2    1       477    3    9    7    2    8   10    6
    5   19    5    2    6    0    0    1    0      1337    6    8    5   10    9    2    7
    5   20    5    1    6    4    3    1    1       771    5    2    8    7    5    6   10
    5   21    5    1    4    3    2    1    1       798    5    8    2    5    6    0    0
    5   22    3    2    2    0    0    2    1       434    3    2    8    0    0    0    0
    5   23    5    1    6    1    6    1    1       672    5    5    2    9    8   10    7
    5   24    5    1    6    6    1    1    1       788    8    6   10    2    7    9    8
    5   25    4    2    2    0    0    2    1       489    4    9    7    0    0    0    0
    6    1    5    2    4    0    0    1    0       824    7    5   10    8    2    0    0
    6    2    5    2    4    0    0    2    1       993    6    5    9    2    8    0    0
    6    3    5    1    6    4    3    1    1       952    9    2    7    8    9   10    5
    6    4    3    2    2    0    0    2    1       454    3    7    9    0    0    0    0
    6    5    5    1    6    1    6    1    1       659    8    8    2    6    7    5   10
    6    6    5    1    4    1    4    1    1       579    8    8   10    5    2    0    0
    6    7    1    1    6    4    3    1    1       651    1    6    5    8    1    7   10
    6    8    5    1    4    3    2    1    1       651    9    2    5    9   10    0    0
    6    9    1    1    2    1    2    1    1       709    1    1   10    0    0    0    0
    6   10    5    2    4    0    0    2    1       786    8   10    6    5    2    0    0
    6   11    5    1    2    2    1    1    1       535    7    5    7    0    0    0    0
    6   12    5    2    6    0    0    2    1      1009    9    5   10    6    8    2    7
    6   13    3    2    6    0    0    2    1       536    3    5   10    8    7    6    2
    6   14    3    2    2    0    0    2    1       646    3    6    5    0    0    0    0
    6   15    5    1    2    1    2    1    1       977    8    8   10    0    0    0    0
    6   16    5    1    6    6    1    1    1       618    8    5    7    2    9   10    8
    6   17    4    2    2    0    0    2    1       581    4    6    7    0    0    0    0
    6   18    5    1    6    6    1    1    1       636    7    5   10    2    9    8    7
    6   19    5    2    2    0    0    2    1      1223    6   10    2    0    0    0    0
    6   20    4    2    6    0    0    2    1       534    4    7   10    2    9    8    6
    6   21    5    1    6    1    6    2    0      1279    9    9   10    6    2    5    8
    6   22    5    1    6    4    3    1    1       651    5    9   10    7    5    8    2
    6   23    5    1    6    2    5    2    0      1408    9    5    9    2    6    7   10
    6   24    3    2    2    0    0    2    1       509    3    7    8    0    0    0    0
    6   25    5    1    2    2    1    1    1      1133    5    7    5    0    0    0    0
    7    1    1    1    4    2    3    1    1      1083    1    6    1   10    8    0    0
    7    2    5    1    2    1    2    1    1       628   10   10    2    0    0    0    0
    7    3    5    1    2    2    1    1    1       719   10    2   10    0    0    0    0
    7    4    5    1    6    6    1    1    1       704    7    2    6    5   10    9    7
    7    5    5    2    6    0    0    2    1       771   10    8    7    2    5    6    9
    7    6    2    1    2    1    2    1    1       632    2    2   10    0    0    0    0
    7    7    3    2    2    0    0    2    1       467    3    2    8    0    0    0    0
    7    8    5    1    6    3    4    1    1       639   10    7    9   10    2    5    6
    7    9    5    1    2    1    2    2    0      1114    7    7    1    0    0    0    0
    7   10    1    1    2    2    1    1    1       674    1    8    1    0    0    0    0
    7   11    5    2    2    0    0    2    1      1100    5    9   10    0    0    0    0
    7   12    5    2    6    0    0    2    1       831    6    2    5    7    8   10    9
    7   13    3    2    4    0    0    2    1       519    3    5    2    8    9    0    0
    7   14    5    2    6    0    0    1    0       786    7    8   10    2    9    5    6
    7   15    5    2    2    0    0    2    1      1143    9    8    5    0    0    0    0
    7   16    5    2    2    0    0    2    1       733    9    5    2    0    0    0    0
    7   17    5    1    6    3    4    2    0       799    8    5    6    8    9    2   10
    7   18    5    2    4    0    0    1    0      1144    7    9    8    2    6    0    0
    7   19    5    1    2    1    2    1    1       863    5    5    2    0    0    0    0
    7   20    5    2    6    0    0    2    1       924    6   10    2    5    7    9    8
    7   21    5    1    2    1    2    1    1       828    7    7    8    0    0    0    0
    7   22    5    2    6    0    0    2    1       634    9    7    5    8   10    2    6
    7   23    5    1    2    1    2    1    1       645    7    7    5    0    0    0    0
    7   24    5    2    6    0    0    2    1       762    6    8    5    2   10    7    9
    7   25    5    1    4    1    4    1    1       550    7    7   10    9    2    0    0    1
