    1    1    4    2    6    0    0    1    0     40609    4    2    7   10    9    6    5
    1    2    5    1    4    4    1    1    1      1714    6    9    5    2    6    0    0
    1    3    2    1    4    3    2    1    1       535    2    7   10    2    9    0    0
    1    4    5    1    6    5    2    1    1       639    8   10    2    6    9    8    7
    1    5    5    2    6    0    0    1    0       469    9    8    5    7    6    2   10
    1    6    5    1    6    5    2    1    1      1329    9    2    8   10    7    9    6
    1    7    2    1    2    1    2    1    1      1824    2    2   10    0    0    0    0
    1    8    5    2    6    0    0    2    1      1206    9    7    5    6    2    8   10
    1    9    5    2    6    0    0    1    0      1269    5    9    2   10    8    7    6
    1   10    5    1    2    2    1    1    1      1638    5    2    5    0    0    0    0
    1   11    5    1    6    3    4    2    0       723    9    5    6    9    8    7    1
    1   12    5    2    6    0    0    2    1       837    7    2   10    8    9    6    5
    1   13    2    1    6    4    3    2    0      1298    2    5    9    8    2    6   10
    1   14    3    2    6    0    0    2    1       780    3    8    5    6   10    2    9
    1   15    5    1    6    6    1    2    0       715    5    9    2    8    7    6    5
    1   16    2    1    6    1    6    1    1       989    2    2    9   10    6    5    8
    1   17    5    2    2    0    0    2    1      1162   10    2    8    0    0    0    0
    1   18    5    2    6    0    0    2    1      1194   10    2    6    9    8    7    5
    1   19    3    2    4    0    0    2    1       981    3    1    9    8    6    0    0
    1   20    5    2    2    0    0    2    1      1041   10    8    5    0    0    0    0
    1   21    1    1    4    3    2    1    1      1201    1   10    8    1    5    0    0
    1   22    1    1    4    2    3    1    1      1066    1    7    1    9    5    0    0
    1   23    5    1    4    2    3    1    1       825    5    9    5    2    6    0    0
    1   24    5    2    4    0    0    2    1       914    9    7    2   10    8    0    0
    1   25    1    1    4    2    3    1    1       822    1    8    1    5    7    0    0
    2    1    2    1    4    4    1    1    1       985    2    7    5    9    2    0    0
    2    2    3    2    4    0    0    2    1       667    3    2    7    9   10    0    0
    2    3    1    1    2    1    2    1    1      1028    1    1   10    0    0    0    0
    2    4    5    1    4    2    3    1    1       805    6    2    6    5    8    0    0
    2    5    5    1    4    4    1    1    1       702    6    9    8    2    6    0    0
    2    6    3    2    4    0    0    2    1       763    3    5    9   10    1    0    0
    2    7    5    1    2    1    2    1    1      1137    9    9   10    0    0    0    0
    2    8    5    1    6    4    3    1    1       738    8   10    6    2    8    9    7
    2    9    4    2    2    0    0    2    1       809    4    2    5    0    0    0    0
    2   10    4    2    2    0    0    2    1       621    4    6    8    0    0    0    0
    2   11    3    2    4    0    0    2    1       637    3    6    7    2    8    0    0
    2   12    5    2    2    0    0    2    1      1064    8   10    9    0    0    0    0
    2   13    5    1    4    2    3    1    1      1223    6    7    6    2    5    0    0
    2   14    5    2    2    0    0    2    1      1658    8    2    6    0    0    0    0
    2   15    1    1    2    1    2    1    1       956    1    1    7    0    0    0    0
    2   16    4    2    4    0    0    2    1       863    4    7    2    9    5    0    0
    2   17    1    1    2    1    2    1    1       737    1    1    8    0    0    0    0
    2   18    3    2    6    0    0    2    1       770    3    9    2    5   10    7    6
    2   19    5    1    4    2    3    1    1       860   10    6   10    2    7    0    0
    2   20    5    2    6    0    0    2    1      2073    6    2    8    5   10    7    9
    2   21    5    1    2    2    1    1    1      1114    9    8    9    0    0    0    0
    2   22    5    1    2    1    2    1    1       865    9    9    7    0    0    0    0
    2   23    5    1    2    2    1    1    1       546    7    8    7    0    0    0    0
    2   24    5    2    6    0    0    2    1      1499   10    6    9    2    5    7    8
    2   25    5    1    6    3    4    1    1       798    6    8   10    6    1    7    9
    3    1    5    1    6    2    5    1    1      1133    8    5    8    9    6   10    2
    3    2    5    1    2    1    2    1    1       915    7    7    5    0    0    0    0
    3    3    5    2    2    0    0    2    1       947    7    8    5    0    0    0    0
    3    4    5    1    4    3    2    1    1       966    8    2    7    8    5    0    0
    3    5    4    2    6    0    0    2    1       894    4    9    7   10    8    5    2
    3    6    4    2    6    0    0    2    1       761    4    5    9    7   10    6    2
    3    7    5    2    2    0    0    2    1      4447    5    2   10    0    0    0    0
    3    8    5    1    2    2    1    1    1      1041    5    8    5    0    0    0    0
    3    9    4    2    2    0    0    2    1       699    4    5    2    0    0    0    0
    3   10    2    1    4    1    4    1    1      1433    2    2    7    8   10    0    0
    3   11    5    2    2    0    0    2    1       723    8    7    5    0    0    0    0
    3   12    5    1    2    1    2    1    1       763    7    7    9    0    0    0    0
    3   13    1    1    4    1    4    1    1       854    1    1    6    8    9    0    0
    3   14    5    1    6    4    3    1    1       866    5    6    2    9    5   10    7
    3   15    3    2    4    0    0    2    1       600    3    8   10    6    7    0    0
    3   16    3    2    4    0    0    2    1       634    3    5    8    6    7    0    0
    3   17    5    2    4    0    0    2    1      1002    8    2   10    9    7    0    0
    3   18    4    2    4    0    0    2    1      1243    4    2    6    8    9    0    0
    3   19    2    1    6    4    3    1    1      1944    2    5    8    7    2    9   10
    3   20    5    2    4    0    0    2    1       948   10    6    8    2    9    0    0
    3   21    1    1    6    1    6    1    1      1148    1    1    9    7    6    5   10
    3   22    5    2    2    0    0    2    1       690   10    7    8    0    0    0    0
    3   23    5    2    2    0    0    2    1       971    7    2    8    0    0    0    0
    3   24    1    1    4    4    1    1    1       789    1   10    7    9    1    0    0
    3   25    3    2    4    0    0    2    1       791    3   10    8    6    7    0    0
    4    1    5    2    2    0    0    2    1       884   10    2    7    0    0    0    0
    4    2    3    2    6    0    0    2    1       687    3    5    9    8    2   10    6
    4    3    1    1    4    1    4    1    1       925    1    1    9   10    7    0    0
    4    4    2    1    6    6    1    1    1       632    2    8    7    6   10    5    2
    4    5    5    1    6    5    2    1    1       909   10    6    5    7    8   10    2
    4    6    3    2    4    0    0    2    1       626    3    2   10    5    6    0    0
    4    7    3    2    2    0    0    2    1       717    3    5    8    0    0    0    0
    4    8    3    2    4    0    0    2    1       569    3    5    7    2    8    0    0
    4    9    3    2    6    0    0    2    1       641    3    9    5   10    8    2    6
    4   10    4    2    2    0    0    2    1      1164    4    7    9    0    0    0    0
    4   11    5    1    4    3    2    1    1      1159    5    2    6    5    8    0    0
    4   12    3    2    2    0    0    2    1       604    3    8    5    0    0    0    0
    4   13    5    1    2    2    1    1    1       696    6    7    6    0    0    0    0
    4   14    5    1    2    2    1    1    1       401    6    2    6    0    0    0    0
    4   15    5    1    2    1    2    1    1       596    5    5    2    0    0    0    0
    4   16    5    1    6    2    5    1    1       939   10    5   10    9    2    6    8
    4   17    5    2    4    0    0    2    1       942    9    2    6    7    5    0    0
    4   18    4    2    6    0    0    2    1      1016    4    7    9    6   10    8    2
    4   19    5    1    4    2    3    1    1      1304    9    2    9    6    5    0    0
    4   20    4    2    2    0    0    2    1       632    4   10    2    0    0    0    0
    4   21    3    2    4    0    0    2    1       824    3    8    9   10    2    0    0
    4   22    5    1    4    2    3    1    1       817    7    5    7   10    2    0    0
    4   23    1    1    4    1    4    1    1       810    1    1   10    9    7    0    0
    4   24    5    1    6    3    4    1    1       616    6    2   10    6    9    8    5
    4   25    5    2    6    0    0    1    0      2814    9    7    6    5   10    8    2
    5    1    5    1    2    1    2    1    1      1050    8    8    9    0    0    0    0
    5    2    3    2    4    0    0    2    1       634    3    7    6    2    5    0    0
    5    3    4    2    4    0    0    2    1       809    4    7    6    9    2    0    0
    5    4    5    1    2    2    1    1    1       430   10    2   10    0    0    0    0
    5    5    3    2    2    0    0    2    1       512    3    5    2    0    0    0    0
    5    6    5    1    2    1    2    1    1       752   10   10    6    0    0    0    0
    5    7    5    2    6    0    0    2    1      2368   10    6    8    2    9    5    7
    5    8    5    1    6    6    1    1    1       719    7   10    8    9    2    5    7
    5    9    5    1    4    1    4    1    1       812   10   10    1    5    7    0    0
    5   10    1    1    4    2    3    1    1       613    1    8    1   10    6    0    0
    5   11    2    1    4    3    2    1    1       678    2    8    6    2    7    0    0
    5   12    5    2    2    0    0    2    1      3774    5    6    8    0    0    0    0
    5   13    5    1    4    4    1    1    1       577    5    6    7    2    5    0    0
    5   14    5    2    6    0    0    2    1      1912    6    2   10    5    9    7    8
    5   15    5    2    6    0    0    2    1      1130    7    6    2    5    9    8   10
    5   16    5    2    6    0    0    2    1      1644    5    8    6    2    7   10    9
    5   17    5    1    4    2    3    1    1       790    7    6    7    8    2    0    0
    5   18    5    2    6    0    0    2    1      1122   10    6    7    9    5    2    8
    5   19    5    1    2    2    1    1    1       682   10    2   10    0    0    0    0
    5   20    3    2    4    0    0    2    1       584    3   10    8    5    1    0    0
    5   21    5    1    6    3    4    1    1      1247    9   10    5    9    8    7    2
    5   22    5    1    6    2    5    1    1      1116    9   10    9    5    7    2    6
    5   23    2    1    6    6    1    1    1      1261    2    9    8    7    5    6    2
    5   24    3    2    2    0    0    2    1      1136    3    8    2    0    0    0    0
    5   25    1    1    6    1    6    1    1       785    1    1    5    6    8    9   10
    6    1    5    2    4    0    0    2    1      1429    6    2    9    5    8    0    0
    6    2    1    1    4    4    1    1    1       661    1   10    9    7    1    0    0
    6    3    3    2    2    0    0    2    1       544    3    2    7    0    0    0    0
    6    4    5    2    6    0    0    2    1       793   10    2    5    7    8    9    6
    6    5    5    1    6    1    6    1    1      1416    5    5    8    7    9    6    2
    6    6    5    1    4    4    1    1    1      1305    6    7    2   10    6    0    0
    6    7    5    1    6    4    3    1    1      1283    6   10    7    9    6    8    2
    6    8    5    2    6    0    0    2    1      1566    5    2   10    7    8    9    6
    6    9    3    2    6    0    0    2    1       479    3    7    2   10    6    8    5
    6   10    5    2    6    0    0    2    1       746    8   10    5    7    9    2    6
    6   11    4    2    2    0    0    2    1       544    4    6    8    0    0    0    0
    6   12    5    1    4    3    2    1    1      1092    5    7    2    5   10    0    0
    6   13    3    2    6    0    0    2    1       647    3    8    9    2    5   10    6
    6   14    3    2    6    0    0    2    1       700    3   10    6    2    7    9    5
    6   15    5    1    6    4    3    1    1      1662    7    6    5    8    7    2   10
    6   16    5    1    2    1    2    1    1       640    8    8    6    0    0    0    0
    6   17    1    1    4    1    4    1    1       944    1    1    5    7    8    0    0
    6   18    5    2    4    0    0    2    1       676    9    5    6    8    7    0    0
    6   19    5    1    6    4    3    1    1       744    9    5    6    7    9   10    2
    6   20    3    2    2    0    0    2    1       622    3    6    5    0    0    0    0
    6   21    5    1    6    1    6    1    1      1060    5    5    9    6    7    8    2
    6   22    5    1    4    2    3    1    1       948   10    8   10    2    5    0    0
    6   23    5    1    2    2    1    1    1       577    8   10    8    0    0    0    0
    6   24    5    2    6    0    0    2    1      1897    8    6    9    7    5    2   10
    6   25    5    2    6    0    0    2    1       811    8    5   10    7    9    6    2
    7    1    5    2    6    0    0    2    1       809    8    9   10    5    6    7    2
    7    2    3    2    6    0    0    2    1       471    3    6    9   10    5    2    8
    7    3    5    1    4    1    4    1    1       798    7    7    8    2    5    0    0
    7    4    5    1    4    2    3    1    1       583    8    7    8    9    2    0    0
    7    5    5    1    2    2    1    1    1       324    6    2    6    0    0    0    0
    7    6    3    2    6    0    0    2    1       534    3    9   10    5    2    7    6
    7    7    5    2    2    0    0    2    1      1333    8    2    7    0    0    0    0
    7    8    5    2    6    0    0    2    1      1262    9    6    5    2   10    8    7
    7    9    4    2    2    0    0    2    1       640    4   10    2    0    0    0    0
    7   10    2    1    4    3    2    1    1       992    2    5    7    2    6    0    0
    7   11    5    1    6    5    2    1    1      1095    9    2    6    5    7    9    8
    7   12    3    2    6    0    0    2    1       602    3    9   10    7    2    6    8
    7   13    5    1    4    2    3    1    1       795    5   10    5    2    6    0    0
    7   14    5    2    2    0    0    2    1       640   10    2    5    0    0    0    0
    7   15    5    2    4    0    0    2    1      2768    5    7    6   10    2    0    0
    7   16    1    1    6    5    2    1    1      1312    1    6    5   10    9    1    8
    7   17    1    1    2    1    2    1    1       560    1    1    7    0    0    0    0
    7   18    5    1    6    2    5    1    1       968    9    8    9    5    2    7   10
    7   19    5    2    6    0    0    2    1       896    6    5    7    9    2   10    8
    7   20    2    1    2    1    2    1    1       736    2    2    8    0    0    0    0
    7   21    5    1    6    5    2    1    1       481    7    2    6    9   10    7    8
    7   22    5    2    4    0    0    2    1       951    9    8    6    7    2    0    0
    7   23    5    1    4    3    2    1    1       522    8    6    2    8    5    0    0
    7   24    5    1    4    2    3    1    1      1039    8   10    8    9    1    0    0
    7   25    5    1    6    2    5    1    1       820    9    8    9    2    6    7   10    1
