    1    1    5    1    2    2    1    1    1      2509    5    7    5    0    0    0    0
    1    2    5    1    2    1    2    1    1       938    9    9   10    0    0    0    0
    1    3    5    2    4    0    0    1    0      2604    7    2    6    5    8    0    0
    1    4    3    2    6    0    0    2    1      1602    3    6   10    9    5    2    7
    1    5    1    1    6    3    4    1    1      1216    1    8    9    1   10    7    6
    1    6    2    1    6    3    4    1    1      1039    2   10    8    2    7    9    6
    1    7    1    1    4    4    1    1    1       879    1    9    5   10    1    0    0
    1    8    5    1    4    1    4    1    1       902   10   10    2    5    8    0    0
    1    9    3    2    4    0    0    2    1       699    3    2    5    7   10    0    0
    1   10    5    2    4    0    0    1    0       953   10    8    6    5    2    0    0
    1   11    5    1    6    4    3    1    1      1042    5    7    2    6    5    8   10
    1   12    5    2    6    0    0    2    1      1191   10    6    9    7    2    5    8
    1   13    5    1    4    1    4    2    0      1010    6    6    8    5    9    0    0
    1   14    5    1    6    4    3    1    1      1704    6    7    5   10    6    8    2
    1   15    5    1    4    4    1    1    1       558    7    5   10    2    7    0    0
    1   16    3    2    6    0    0    2    1       615    3    8    9    6    5    2    7
    1   17    5    2    4    0    0    1    0      1704    8    5    9    2    6    0    0
    1   18    3    2    4    0    0    2    1      1325    3    2    6    9   10    0    0
    1   19    5    1    6    3    4    1    1       888    7    2    9    7    8    5    6
    1   20    3    2    6    0    0    2    1       627    3    7    9    5    8    2   10
    1   21    1    1    6    1    6    2    0      1562    1    1   10    8    9    5    6
    1   22    5    2    2    0    0    2    1      1232   10    2    6    0    0    0    0
    1   23    5    1    6    3    4    2    0      1005    5    9   10    5    6    2    7
    1   24    3    2    4    0    0    2    1       639    3    8    7    2    9    0    0
    1   25    5    1    6    6    1    1    1       692    8    9    6   10    2    7    8
    2    1    5    2    2    0    0    2    1      1086   10    2    6    0    0    0    0
    2    2    3    2    4    0    0    2    1       604    3    7    5    6    2    0    0
    2    3    5    1    2    1    2    1    1       728    7    7   10    0    0    0    0
    2    4    5    2    4    0    0    1    0      1221    6    8    5    9    7    0    0
    2    5    1    1    4    1    4    2    0      2430    1    1    6    7    5    0    0
    2    6    2    1    4    3    2    1    1      1047    2    9    8    2    6    0    0
    2    7    5    1    6    4    3    1    1       924    6    2   10    5    6    9    7
    2    8    1    1    4    4    1    1    1       657    1    6    9    7    1    0    0
    2    9    5    1    4    2    3    2    0      1009    5    6    5    2    9    0    0
    2   10    4    2    2    0    0    2    1       748    4    5   10    0    0    0    0
    2   11    5    1    4    1    4    1    1       680    7    7   10    2    8    0    0
    2   12    5    1    6    4    3    1    1       844    8    9   10    2    8    6    5
    2   13    5    1    6    4    3    1    1       650    6    9    2    5    6    7    8
    2   14    5    2    6    0    0    2    1       782    9    2    8    5   10    6    7
    2   15    1    1    6    6    1    1    1       830    1   10    7    9    5    6    1
    2   16    5    1    4    2    3    1    1       599    9    5    9    6    7    0    0
    2   17    5    1    4    2    3    1    1       504    5    7    5    2    9    0    0
    2   18    2    1    2    2    1    1    1       568    2    7    2    0    0    0    0
    2   19    3    2    2    0    0    2    1       582    3   10    8    0    0    0    0
    2   20    5    1    4    4    1    1    1       424    6    9    2    5    6    0    0
    2   21    5    1    2    2    1    1    1       428   10    7   10    0    0    0    0
    2   22    4    2    2    0    0    2    1       687    4    9    7    0    0    0    0
    2   23    5    1    2    2    1    1    1       424    5    9    5    0    0    0    0
    2   24    3    2    4    0    0    2    1       673    3    9    2    6   10    0    0
    2   25    4    2    6    0    0    2    1       789    4    8   10    6    7    9    2
    3    1    2    1    2    2    1    1    1       877    2    7    2    0    0    0    0
    3    2    5    2    2    0    0    2    1       862    5    2    9    0    0    0    0
    3    3    5    1    4    4    1    1    1       790   10    5    8    2   10    0    0
    3    4    5    2    4    0    0    2    1       704    7   10    8    9    5    0    0
    3    5    3    2    6    0    0    2    1       899    3   10    5    7    8    2    6
    3    6    5    1    2    1    2    1    1       627    9    9    1    0    0    0    0
    3    7    5    1    6    3    4    1    1       617   10    5    9   10    8    2    6
    3    8    3    2    2    0    0    2    1       645    3    2    5    0    0    0    0
    3    9    5    1    2    2    1    1    1       416    6    9    6    0    0    0    0
    3   10    1    1    6    3    4    1    1       654    1    6   10    1    9    5    7
    3   11    5    1    2    2    1    1    1       360    6    2    6    0    0    0    0
    3   12    4    2    2    0    0    2    1       590    4    7   10    0    0    0    0
    3   13    3    2    2    0    0    2    1       443    3    6    8    0    0    0    0
    3   14    5    1    4    4    1    1    1       483    9    2    6    5    9    0    0
    3   15    3    2    2    0    0    2    1       436    3    8    2    0    0    0    0
    3   16    5    2    2    0    0    2    1       983    9    5    7    0    0    0    0
    3   17    3    2    2    0    0    2    1       467    3    6    9    0    0    0    0
    3   18    5    1    6    6    1    1    1       464    9    8    6   10    2    7    9
    3   19    3    2    2    0    0    2    1       594    3    7    2    0    0    0    0
    3   20    1    1    6    3    4    1    1       713    1    7    5    1    8   10    9
    3   21    3    2    4    0    0    2    1       567    3    9    8    6    2    0    0
    3   22    5    2    4    0    0    2    1      1226    5    2    9    8   10    0    0
    3   23    5    1    6    1    6    1    1       728    7    7    2   10    8    6    5
    3   24    5    1    2    2    1    1    1       480    8    2    8    0    0    0    0
    3   25    5    2    6    0    0    1    0       860    8    9    7    6   10    5    2
    4    1    3    2    6    0    0    2    1       618    3   10    6    7    9    2    5
    4    2    5    1    2    1    2    1    1       917    8    8    6    0    0    0    0
    4    3    5    1    2    2    1    1    1       821    5    6    5    0    0    0    0
    4    4    5    1    4    4    1    1    1       750    7    6    5    2    7    0    0
    4    5    5    1    2    1    2    1    1       820    7    7    9    0    0    0    0
    4    6    5    1    4    4    1    1    1       525    7    8    2   10    7    0    0
    4    7    5    1    4    3    2    1    1       626    8   10    9    8    2    0    0
    4    8    2    1    2    1    2    1    1       621    2    2    8    0    0    0    0
    4    9    3    2    6    0    0    2    1       499    3    8    6    5   10    2    7
    4   10    3    2    4    0    0    2    1       553    3    8    6    2    9    0    0
    4   11    1    1    6    5    2    1    1       673    1    5    6    8    9    1    7
    4   12    5    2    4    0    0    2    1       752    5   10    2    6    9    0    0
    4   13    2    1    6    3    4    1    1       705    2    5   10    2    8    7    6
    4   14    5    1    2    1    2    1    1       554    7    7    9    0    0    0    0
    4   15    4    2    2    0    0    2    1       648    4    6    7    0    0    0    0
    4   16    2    1    6    3    4    1    1       637    2    5    9    2    7    6    8
    4   17    5    1    4    2    3    1    1       606   10    7   10    2    5    0    0
    4   18    4    2    6    0    0    2    1       741    4    8    9   10    7    2    6
    4   19    3    2    2    0    0    2    1       603    3    5    8    0    0    0    0
    4   20    5    1    6    6    1    1    1       850    9   10    2    6    5    7    9
    4   21    3    2    4    0    0    2    1       634    3    2    8    6    5    0    0
    4   22    5    1    6    1    6    1    1       639    5    5   10    8    9    2    6
    4   23    5    1    2    1    2    1    1       538    9    9    8    0    0    0    0
    4   24    5    2    6    0    0    2    1      1092    8    9    2    5   10    7    6
    4   25    5    2    6    0    0    2    1      1447    5    2   10    6    7    8    9
    5    1    5    1    2    1    2    1    1       544    9    9    7    0    0    0    0
    5    2    2    1    6    3    4    1    1       586    2    9    6    2    7    5    8
    5    3    3    2    6    0    0    2    1       545    3    5    9    6    7    8    2
    5    4    5    1    4    1    4    2    0       629   10   10    7    9    2    0    0
    5    5    5    2    2    0    0    2    1       609    8    2    7    0    0    0    0
    5    6    3    2    6    0    0    2    1       488    3    9    8    7    2    5    6
    5    7    2    1    2    1    2    1    1       616    2    2    8    0    0    0    0
    5    8    5    2    4    0    0    2    1       729    5   10    9    2    6    0    0
    5    9    5    1    6    6    1    1    1       619    7    9    6   10    5    2    7
    5   10    1    1    6    3    4    1    1       610    1    7    8    1    6   10    9
    5   11    4    2    2    0    0    2    1       558    4    5    6    0    0    0    0
    5   12    5    1    4    1    4    1    1       786    7    7    9    2    6    0    0
    5   13    5    1    2    2    1    1    1       534    5    8    5    0    0    0    0
    5   14    4    2    2    0    0    2    1      1285    4    2    8    0    0    0    0
    5   15    2    1    6    6    1    1    1       865    2    7    9    5    6   10    2
    5   16    2    1    6    6    1    1    1       397    2   10    6    5    7    8    2
    5   17    2    1    4    1    4    1    1       535    2    2    6    8    5    0    0
    5   18    3    2    2    0    0    2    1       534    3   10    9    0    0    0    0
    5   19    3    2    4    0    0    2    1      1194    3    2   10    5    6    0    0
    5   20    3    2    2    0    0    2    1       575    3    8    7    0    0    0    0
    5   21    1    1    6    2    5    1    1       471    1    5    1    6    9   10    7
    5   22    5    1    4    3    2    1    1       942    7    5    2    7   10    0    0
    5   23    2    1    6    5    2    1    1       904    2    7    6    9   10    2    8
    5   24    5    1    4    4    1    1    1       381    5    2    7   10    5    0    0
    5   25    5    2    6    0    0    1    0       909    5    6    2    8   10    7    9
    6    1    3    2    4    0    0    2    1       570    3    6    7    2    9    0    0
    6    2    5    2    2    0    0    2    1       855    7    6   10    0    0    0    0
    6    3    3    2    2    0    0    2    1       505    3    8    2    0    0    0    0
    6    4    5    1    6    5    2    1    1       532    5    6    2   10    7    5    9
    6    5    5    1    6    1    6    1    1       686    8    8    2    5   10    7    6
    6    6    5    2    4    0    0    2    1      1100    8    2    9    6    5    0    0
    6    7    5    1    2    1    2    1    1       548   10   10    6    0    0    0    0
    6    8    5    2    4    0    0    2    1      1208   10    7    5    9    2    0    0
    6    9    5    2    4    0    0    2    1      1265    9    6   10    2    8    0    0
    6   10    5    1    6    1    6    1    1       861    7    7   10    6    5    2    8
    6   11    5    1    2    1    2    1    1       560    6    6    5    0    0    0    0
    6   12    5    1    6    3    4    1    1      1144    9    2    8    9   10    7    6
    6   13    5    2    2    0    0    2    1      1071   10    6    7    0    0    0    0
    6   14    4    2    2    0    0    2    1       633    4    7    2    0    0    0    0
    6   15    3    2    6    0    0    2    1       654    3    1    6    9    8   10    7
    6   16    5    2    2    0    0    2    1       585    8    9    7    0    0    0    0
    6   17    5    1    2    1    2    1    1       629    6    6    5    0    0    0    0
    6   18    1    1    6    3    4    1    1       652    1    6    7    1    9    8    5
    6   19    1    1    2    1    2    1    1       598    1    1   10    0    0    0    0
    6   20    3    2    4    0    0    2    1       552    3    7    2    8   10    0    0
    6   21    3    2    6    0    0    2    1       609    3    9    7    2    5    6   10
    6   22    5    2    6    0    0    2    1       584    5    8    9    7    6    2   10
    6   23    4    2    2    0    0    2    1       677    4    2   10    0    0    0    0
    6   24    2    1    2    2    1    1    1      1006    2   10    2    0    0    0    0
    6   25    5    2    2    0    0    2    1       490    7    2    8    0    0    0    0
    7    1    5    1    2    2    1    1    1       830    7    9    7    0    0    0    0
    7    2    5    1    4    4    1    1    1       647    8    2    5   10    8    0    0
    7    3    2    1    2    1    2    1    1       482    2    2    7    0    0    0    0
    7    4    5    1    2    1    2    1    1       562    5    5    6    0    0    0    0
    7    5    1    1    6    2    5    1    1       555    1    6    1    7    8    5    9
    7    6    5    1    2    1    2    1    1       569   10   10    7    0    0    0    0
    7    7    5    2    2    0    0    2    1      1463    9   10    6    0    0    0    0
    7    8    5    1    2    1    2    1    1       545    6    6    8    0    0    0    0
    7    9    5    2    2    0    0    2    1       528    5    6    9    0    0    0    0
    7   10    4    2    4    0    0    2    1       485    4    6    2    5    8    0    0
    7   11    5    1    2    2    1    1    1       710    9    2    9    0    0    0    0
    7   12    4    2    6    0    0    2    1       585    4    9    2    8    7    6    5
    7   13    5    1    4    3    2    1    1       491    5    6    2    5    8    0    0
    7   14    5    1    2    2    1    1    1       523    9    5    9    0    0    0    0
    7   15    3    2    4    0    0    2    1       464    3   10    7    8    5    0    0
    7   16    5    2    2    0    0    2    1       690    9    8   10    0    0    0    0
    7   17    5    1    4    4    1    1    1       656    7    2   10    9    7    0    0
    7   18    4    2    2    0    0    2    1       426    4    8    6    0    0    0    0
    7   19    5    1    6    6    1    1    1       424    6    5    9    2    7   10    6
    7   20    5    2    2    0    0    2    1       396    8    2   10    0    0    0    0
    7   21    3    2    4    0    0    2    1       566    3    2    8    6   10    0    0
    7   22    5    1    4    3    2    1    1       569   10    7    6   10    2    0    0
    7   23    5    1    2    2    1    1    1       486    6    9    6    0    0    0    0
    7   24    2    1    4    2    3    1    1       605    2    7    2    5   10    0    0
    7   25    5    2    6    0    0    2    1      1076    9    7    6    5    2   10    8    1
