    1    1    2    1    4    2    3    2    0      9667    2    9    2   10    6    0    0
    1    2    1    1    6    4    3    1    1      4540    1    7    9    6    1    8    5
    1    3    5    1    4    4    1    1    1      4640    5    6    9    7    5    0    0
    1    4    3    2    2    0    0    2    1      3018    3    8    5    0    0    0    0
    1    5    4    2    2    0    0    2    1      2796    4    2    6    0    0    0    0
    1    6    4    2    2    0    0    1    0      2217    4    6    2    0    0    0    0
    1    7    5    1    4    4    1    1    1      2882   10    2    5    6   10    0    0
    1    8    2    1    2    2    1    1    1      2739    2    5    2    0    0    0    0
    1    9    5    1    4    1    4    1    1      2511    9    9    5   10    2    0    0
    1   10    4    2    2    0    0    1    0      2167    4    6    2    0    0    0    0
    1   11    5    1    2    2    1    1    1      1868   10    1   10    0    0    0    0
    1   12    5    2    4    0    0    2    1      2883    7    9    5   10    8    0    0
    1   13    1    1    6    5    2    1    1      2750    1    8    5    7    9    1   10
    1   14    5    1    4    2    3    1    1      2921    6    2    6    9   10    0    0
    1   15    1    1    4    2    3    1    1      1750    1    5    1    9    6    0    0
    1   16    5    2    2    0    0    2    1      2652   10    5    2    0    0    0    0
    1   17    5    1    4    2    3    1    1      2052    9    8    9    2    6    0    0
    1   18    3    2    6    0    0    1    0      1504    3    6   10    9    7    2    5
    1   19    5    2    2    0    0    1    0      3416    6   10    9    0    0    0    0
    1   20    3    2    6    0    0    1    0       991    3    7    8    9   10    6    2
    1   21    1    1    2    2    1    2    0      3571    1   10    1    0    0    0    0
    1   22    4    2    2    0    0    1    0      3073    4    5    9    0    0    0    0
    1   23    2    1    4    3    2    2    0      4095    2    6   10    2    5    0    0
    1   24    3    2    2    0    0    2    1      2864    3   10    2    0    0    0    0
    1   25    5    1    4    2    3    1    1      2295    5   10    5    6    2    0    0
    2    1    2    1    4    1    4    1    1      2109    2    2   10    7    9    0    0
    2    2    3    2    4    0    0    2    1      2410    3    5    2    9    8    0    0
    2    3    1    1    2    1    2    1    1      2118    1    1    6    0    0    0    0
    2    4    5    1    6    6    1    1    1      1432    5    9    8    2    6   10    5
    2    5    3    2    6    0    0    1    0      1342    3    2   10    6    8    7    9
    2    6    5    2    2    0    0    2    1      2700    5    6    2    0    0    0    0
    2    7    1    1    4    2    3    1    1      2002    1    9    1   10    8    0    0
    2    8    5    1    6    6    1    1    1      1873   10    7    8    2    9    5   10
    2    9    5    1    6    1    6    1    1      1701    8    8    2    6   10    9    5
    2   10    3    2    4    0    0    2    1      1946    3    5    7    2    9    0    0
    2   11    5    1    2    1    2    1    1      1849    5    5    2    0    0    0    0
    2   12    3    2    6    0    0    2    1      2069    3    7    8    9    2   10    5
    2   13    5    1    4    1    4    1    1      1812    7    7    8    2   10    0    0
    2   14    5    2    6    0    0    2    1      1971    7    5    8    9    2   10    6
    2   15    5    2    6    0    0    1    0      1963    9    6    7    8   10    2    5
    2   16    3    2    2    0    0    2    1      3057    3    7   10    0    0    0    0
    2   17    1    1    2    2    1    1    1      1459    1    7    1    0    0    0    0
    2   18    5    1    6    6    1    1    1      1504   10    7    6    9    2    8   10
    2   19    5    1    4    3    2    1    1      1285   10    9    7   10    2    0    0
    2   20    4    2    4    0    0    2    1      2211    4    8   10    7    2    0    0
    2   21    5    2    2    0    0    2    1      2463    7    9    5    0    0    0    0
    2   22    5    1    4    3    2    1    1      2063    5   10    9    5    2    0    0
    2   23    3    2    2    0    0    2    1      1504    3    8    5    0    0    0    0
    2   24    1    1    6    3    4    1    1      2419    1    9   10    1    8    5    7
    2   25    5    2    2    0    0    2    1      1863    8    2    9    0    0    0    0
    3    1    4    2    6    0    0    2    1      1119    4   10    2    8    9    6    5
    3    2    5    1    2    1    2    1    1      1318   10   10    5    0    0    0    0
    3    3    5    1    2    1    2    1    1      1741    9    9    6    0    0    0    0
    3    4    5    2    2    0    0    2    1      1725    5    8    6    0    0    0    0
    3    5    5    1    4    1    4    1    1      1465   10   10    5    6    2    0    0
    3    6    5    1    6    1    6    1    1      1333    9    9    7    8    2   10    5
    3    7    3    2    6    0    0    2    1      1071    3    5    6    7    2    9   10
    3    8    5    1    2    2    1    1    1       976    7    8    7    0    0    0    0
    3    9    1    1    2    1    2    1    1      1365    1    1    9    0    0    0    0
    3   10    5    2    2    0    0    2    1      2283    9    6    5    0    0    0    0
    3   11    5    2    4    0    0    2    1      2824    9    2    6    5    8    0    0
    3   12    1    1    6    2    5    1    1      4159    1    9    1   10    8    6    7
    3   13    5    2    4    0    0    2    1      1946    6    7    5    8    2    0    0
    3   14    5    2    6    0    0    2    1      1915    7    5   10    9    6    2    8
    3   15    3    2    4    0    0    2    1      1568    3    6    5   10    7    0    0
    3   16    5    1    6    6    1    1    1      2096    6    9    2    5    8    7    6
    3   17    3    2    4    0    0    2    1      1454    3   10    7    8    2    0    0
    3   18    5    1    4    4    1    1    1      2054    6    2    7    5    6    0    0
    3   19    2    1    4    3    2    1    1      1733    2    9    7    2   10    0    0
    3   20    3    2    2    0    0    2    1      2140    3   10    5    0    0    0    0
    3   21    5    2    4    0    0    2    1      1872   10    2    8    6    9    0    0
    3   22    5    2    4    0    0    2    1      1703   10    2    9    7    5    0    0
    3   23    5    1    2    2    1    1    1      1399    6    7    6    0    0    0    0
    3   24    5    1    6    2    5    1    1      1605   10    6   10    8    9    5    2
    3   25    3    2    2    0    0    2    1      1401    3    8    2    0    0    0    0
    4    1    5    1    6    2    5    1    1      1507    5    2    5    8   10    9    7
    4    2    3    2    2    0    0    2    1      1155    3    2   10    0    0    0    0
    4    3    5    2    4    0    0    2    1      1918    6    8    5    9    2    0    0
    4    4    5    1    6    3    4    1    1      1536    6   10    9    6    7    5    2
    4    5    5    1    2    2    1    1    1      1407    6    5    6    0    0    0    0
    4    6    5    1    4    3    2    1    1      1200    7   10    1    7    8    0    0
    4    7    5    1    4    2    3    1    1      1258    5   10    5    7    2    0    0
    4    8    3    2    2    0    0    2    1       972    3    9    5    0    0    0    0
    4    9    5    2    4    0    0    2    1      1711    8    9    2    6    5    0    0
    4   10    4    2    2    0    0    2    1      1758    4    7    2    0    0    0    0
    4   11    5    1    2    1    2    1    1      1388    6    6    2    0    0    0    0
    4   12    5    2    6    0    0    2    1      2108    5    9    8    2    7    6   10
    4   13    2    1    4    1    4    1    1      2153    2    2    5    6    8    0    0
    4   14    5    1    4    1    4    1    1      1149    9    9    2   10    6    0    0
    4   15    2    1    2    1    2    1    1      1259    2    2    5    0    0    0    0
    4   16    3    2    6    0    0    2    1      1663    3    5   10    2    8    6    9
    4   17    3    2    2    0    0    2    1      1553    3   10    5    0    0    0    0
    4   18    3    2    4    0    0    2    1      1213    3    6   10    2    7    0    0
    4   19    5    2    6    0    0    1    0      1860    6   10    8    5    2    9    7
    4   20    5    2    6    0    0    2    1      2968   10    7    6    8    9    2    5
    4   21    5    1    4    2    3    1    1      2019    6    5    6   10    2    0    0
    4   22    1    1    4    3    2    1    1      1195    1    8    5    1    7    0    0
    4   23    5    2    6    0    0    2    1      2963    6    5    1    7   10    9    8
    4   24    5    2    2    0    0    2    1      2065    6    2    8    0    0    0    0
    4   25    5    1    2    2    1    1    1      1450    9    7    9    0    0    0    0
    5    1    5    1    2    2    1    1    1      1501    7    2    7    0    0    0    0
    5    2    5    1    2    2    1    1    1      1341    7    2    7    0    0    0    0
    5    3    3    2    4    0    0    2    1      1185    3    7   10    8    2    0    0
    5    4    5    1    2    1    2    1    1      1526    6    6    2    0    0    0    0
    5    5    5    1    2    2    1    1    1      1557   10    9   10    0    0    0    0
    5    6    5    1    4    4    1    1    1      1073    6    7    9    2    6    0    0
    5    7    5    1    2    2    1    1    1       954    7    8    7    0    0    0    0
    5    8    5    2    4    0    0    2    1      1621   10    8    2    7    5    0    0
    5    9    1    1    2    2    1    1    1      1033    1   10    1    0    0    0    0
    5   10    5    1    2    1    2    1    1      1203   10   10    8    0    0    0    0
    5   11    5    1    6    6    1    1    1      1266    9    8    6    2    7    5    9
    5   12    3    2    2    0    0    2    1      1148    3    2    6    0    0    0    0
    5   13    5    2    4    0    0    2    1      2583    8    2    9   10    6    0    0
    5   14    5    1    4    4    1    1    1      1689    9    5    2    6    9    0    0
    5   15    2    1    2    1    2    1    1      1290    2    2    9    0    0    0    0
    5   16    4    2    4    0    0    2    1      1216    4    6    2    8    5    0    0
    5   17    2    1    6    5    2    1    1      1878    2    7    5    8    9    2    6
    5   18    2    1    2    1    2    1    1      1663    2    2    8    0    0    0    0
    5   19    2    1    6    3    4    1    1      1836    2    8    6    2    5    9    7
    5   20    5    1    2    1    2    1    1      1319    9    9    7    0    0    0    0
    5   21    5    2    4    0    0    2    1      2252    6    8   10    7    2    0    0
    5   22    5    1    4    4    1    1    1      1307    5    2    6    8    5    0    0
    5   23    1    1    2    2    1    1    1      1867    1   10    1    0    0    0    0
    5   24    3    2    2    0    0    2    1      1412    3    2    7    0    0    0    0
    5   25    5    1    2    2    1    1    1      1680    8    2    8    0    0    0    0
    6    1    5    2    2    0    0    2    1      1813    9    2    7    0    0    0    0
    6    2    5    1    4    1    4    1    1      1495   10   10    8    9    2    0    0
    6    3    5    1    6    4    3    1    1      1610    7    2    8    6    7   10    9
    6    4    5    2    2    0    0    2    1      1767    8    2    6    0    0    0    0
    6    5    5    2    2    0    0    2    1      2036    6    2    5    0    0    0    0
    6    6    3    2    4    0    0    2    1      1228    3    8    2    9    6    0    0
    6    7    3    2    2    0    0    2    1      1775    3   10    7    0    0    0    0
    6    8    1    1    2    2    1    1    1      1213    1    9    1    0    0    0    0
    6    9    5    1    4    1    4    1    1      1446    9    9    6    5    7    0    0
    6   10    5    1    2    2    1    1    1      1193    9    2    9    0    0    0    0
    6   11    5    2    2    0    0    2    1      1549    7    5    8    0    0    0    0
    6   12    1    1    4    3    2    1    1      1209    1    7    6    1    9    0    0
    6   13    5    2    6    0    0    2    1      2999    6   10    8    9    2    7    5
    6   14    1    1    6    1    6    1    1      2814    1    1    8    5   10    6    9
    6   15    5    1    6    1    6    1    1      1572    5    5    9    7    2    6    8
    6   16    5    1    6    2    5    1    1      1380    6    2    6    8    7    5    9
    6   17    5    1    6    1    6    1    1      1252    8    8    9    7    2    6    5
    6   18    1    1    4    4    1    1    1      1004    1    9   10    8    1    0    0
    6   19    5    2    2    0    0    2    1      1744    8    6    5    0    0    0    0
    6   20    5    1    4    4    1    1    1      1075    8    2    5    6    8    0    0
    6   21    5    2    6    0    0    1    0      3063    5    7    6    8    2    9   10
    6   22    5    2    2    0    0    2    1      2673    6    9    8    0    0    0    0
    6   23    5    2    6    0    0    1    0      2229    6    5    8   10    9    2    7
    6   24    5    2    2    0    0    2    1      1721    5    2    7    0    0    0    0
    6   25    5    1    2    2    1    1    1      1488    5    7    5    0    0    0    0
    7    1    5    1    2    1    2    1    1      1333    7    7    2    0    0    0    0
    7    2    5    1    2    1    2    1    1      2636    8    8    6    0    0    0    0
    7    3    2    1    6    4    3    1    1      3145    2   10    7    8    2    5    9
    7    4    2    1    2    2    1    1    1      1688    2    8    2    0    0    0    0
    7    5    3    2    2    0    0    2    1      1001    3    6    9    0    0    0    0
    7    6    5    2    4    0    0    2    1      1506    5   10    6    2    7    0    0
    7    7    3    2    6    0    0    2    1      1029    3   10    2    5    7    6    9
    7    8    5    2    6    0    0    2    1      1979    8    5    6    9   10    2    7
    7    9    5    1    2    2    1    1    1      1593   10    2   10    0    0    0    0
    7   10    3    2    4    0    0    2    1      1435    3    2    7    9    6    0    0
    7   11    5    2    4    0    0    2    1      1362    7    5    6    9    2    0    0
    7   12    5    1    4    3    2    1    1      1406   10    2    7   10    9    0    0
    7   13    3    2    2    0    0    2    1       946    3    8    6    0    0    0    0
    7   14    3    2    2    0    0    2    1       881    3    9    6    0    0    0    0
    7   15    5    2    6    0    0    2    1      1677    5    1    8    9    7   10    6
    7   16    5    2    4    0    0    2    1      1748    7    6    2    8    5    0    0
    7   17    4    2    2    0    0    2    1      1009    4    8    5    0    0    0    0
    7   18    2    1    6    3    4    1    1      2520    2    9    7    2    6    8   10
    7   19    5    2    4    0    0    2    1      1821    7   10    5    2    6    0    0
    7   20    1    1    6    1    6    1    1      1435    1    1    5    6   10    7    9
    7   21    4    2    4    0    0    2    1      1051    4    8    5    6    2    0    0
    7   22    3    2    4    0    0    2    1       915    3    2    7    5   10    0    0
    7   23    5    1    2    2    1    1    1      1514    6    7    6    0    0    0    0
    7   24    5    1    2    1    2    1    1      1138    9    9    7    0    0    0    0
    7   25    1    1    4    4    1    1    1      1022    1    6    8    7    1    0    0    3
