    1    1    2    1    4    3    2    1    1      3729    2    6   10    2    9    0    0
    1    2    5    1    6    1    6    1    1      1543    5    5    9    2    7   10    6
    1    3    5    2    6    0    0    1    0      1095    9    6    5   10    8    7    2
    1    4    5    1    4    2    3    1    1      3219    6    2    6    5    9    0    0
    1    5    5    1    2    1    2    1    1      2294    9    9    2    0    0    0    0
    1    6    2    1    4    1    4    1    1      1444    2    2   10    9    5    0    0
    1    7    5    2    6    0    0    1    0      1160    6    8    2    9    5   10    7
    1    8    1    1    2    2    1    1    1       956    1    9    1    0    0    0    0
    1    9    1    1    2    2    1    1    1       890    1   10    1    0    0    0    0
    1   10    5    1    6    3    4    1    1      1221    5    2    9    5    8   10    6
    1   11    5    1    2    1    2    1    1       952    8    8    7    0    0    0    0
    1   12    5    2    6    0    0    2    1       913    8    5    9   10    7    2    6
    1   13    5    1    6    5    2    1    1      1083    5    8    7    9    6    5    2
    1   14    5    2    6    0    0    2    1      1101    7    8    2    6    9    5   10
    1   15    5    2    4    0    0    1    0      2139   10    8    6    2    5    0    0
    1   16    3    2    4    0    0    2    1      1102    3    2    8    5    6    0    0
    1   17    5    1    6    3    4    1    1       608   10    2    8   10    7    9    6
    1   18    5    2    2    0    0    2    1      1516    6    9    7    0    0    0    0
    1   19    5    1    4    4    1    1    1       872   10    8    6    2   10    0    0
    1   20    5    1    6    4    3    2    0      1524   10    9    2    6   10    7    5
    1   21    5    2    4    0    0    2    1      1409    7    6    5   10    2    0    0
    1   22    4    2    6    0    0    2    1       821    4    2    6    8    9    7    5
    1   23    5    2    4    0    0    1    0       814    8    2    5   10    7    0    0
    1   24    5    2    2    0    0    2    1       817   10    2    9    0    0    0    0
    1   25    5    1    6    3    4    1    1      1263    7   10    6    7    2    8    9
    2    1    5    1    2    2    1    1    1      1032    8    5    8    0    0    0    0
    2    2    5    2    2    0    0    1    0      2003    5    7   10    0    0    0    0
    2    3    2    1    6    5    2    1    1      1409    2    9    7    8    6    2    5
    2    4    5    1    6    4    3    1    1       887    7    2    5    8    7    6   10
    2    5    5    1    6    6    1    1    1       962    8    9    7    5   10    2    8
    2    6    5    2    6    0    0    1    0       890    6    7    2    8    9    5   10
    2    7    1    1    4    2    3    2    0       575    1    6    1    8    5    0    0
    2    8    5    2    6    0    0    1    0       871    6    7    8    2    5    9   10
    2    9    1    1    2    1    2    1    1       872    1    1    8    0    0    0    0
    2   10    3    2    4    0    0    2    1       622    3    9    5    2    8    0    0
    2   11    2    1    4    3    2    2    0      1230    2    8    7    2    6    0    0
    2   12    5    1    4    1    4    1    1      1414    8    8    2    7   10    0    0
    2   13    5    1    6    3    4    1    1       715    5    8    6    5    9    2   10
    2   14    5    2    2    0    0    1    0       675    8    7    5    0    0    0    0
    2   15    1    1    2    2    1    1    1      1132    1    6    1    0    0    0    0
    2   16    3    2    4    0    0    2    1      1383    3    8    6    2    9    0    0
    2   17    5    1    4    1    4    1    1       520    9    9    7    2    6    0    0
    2   18    5    1    4    3    2    1    1       908    6    7   10    6    2    0    0
    2   19    5    1    2    1    2    1    1       763   10   10    6    0    0    0    0
    2   20    1    1    2    1    2    1    1       785    1    1    7    0    0    0    0
    2   21    5    1    6    4    3    1    1       624    9    2   10    5    9    6    8
    2   22    5    1    6    5    2    1    1      1174    8    9    7    2    5    8    6
    2   23    1    1    6    4    3    1    1      1925    1    7    9   10    1    5    8
    2   24    2    1    4    4    1    1    1       578    2    7    5   10    2    0    0
    2   25    4    2    6    0    0    2    1       937    4    7    9    8    6   10    2
    3    1    4    2    2    0    0    2    1      2673    4    6   10    0    0    0    0
    3    2    3    2    2    0    0    2    1       618    3    9    2    0    0    0    0
    3    3    1    1    2    2    1    2    0      1174    1    9    1    0    0    0    0
    3    4    2    1    4    2    3    1    1      1696    2    9    2    5    7    0    0
    3    5    1    1    6    2    5    1    1      1802    1    5    1    8    7   10    9
    3    6    3    2    2    0    0    2    1       630    3    2    7    0    0    0    0
    3    7    5    1    2    1    2    1    1       849    9    9    7    0    0    0    0
    3    8    1    1    2    1    2    1    1       835    1    1    7    0    0    0    0
    3    9    5    1    6    5    2    1    1       623    9    2    5   10    8    9    6
    3   10    5    2    2    0    0    2    1       826    7    8    2    0    0    0    0
    3   11    5    1    6    6    1    1    1       999    8    2   10    6    5    9    8
    3   12    2    1    2    1    2    1    1       707    2    2   10    0    0    0    0
    3   13    5    2    4    0    0    2    1       928    7    2   10    5    9    0    0
    3   14    1    1    6    5    2    1    1       872    1    9    7   10    6    1    8
    3   15    3    2    4    0    0    2    1       607    3    9    5    7    2    0    0
    3   16    5    1    6    2    5    1    1       565    9    6    9    5    7    2    8
    3   17    5    1    4    3    2    1    1      1128   10    9    2   10    6    0    0
    3   18    3    2    2    0    0    2    1       846    3    2    9    0    0    0    0
    3   19    4    2    4    0    0    2    1       533    4    6    2   10    8    0    0
    3   20    1    1    6    4    3    2    0      1022    1    5    9    7    1    6   10
    3   21    2    1    6    6    1    1    1       436    2    8    9    7    6   10    2
    3   22    5    2    2    0    0    2    1       966    6    5   10    0    0    0    0
    3   23    5    1    6    6    1    1    1       477    8    2   10    9    5    7    8
    3   24    2    1    6    6    1    1    1       504    2    5   10    8    7    6    2
    3   25    4    2    2    0    0    2    1       632    4    2    6    0    0    0    0
    4    1    2    1    6    1    6    1    1       530    2    2    9    6   10    8    7
    4    2    5    1    6    3    4    1    1       747    8    2   10    8    6    7    9
    4    3    2    1    6    6    1    1    1       795    2    8    9    7    6   10    2
    4    4    5    1    6    4    3    1    1       906    6    7    5    8    6    2   10
    4    5    5    2    6    0    0    1    0       692    5   10    9    7    2    8    6
    4    6    3    2    2    0    0    2    1       461    3    5    6    0    0    0    0
    4    7    2    1    4    2    3    1    1       739    2    9    2    7    5    0    0
    4    8    5    1    2    1    2    1    1       858    6    6    5    0    0    0    0
    4    9    3    2    6    0    0    2    1       965    3    7    8   10    9    5    2
    4   10    5    2    2    0    0    1    0      1458    9    7    8    0    0    0    0
    4   11    5    2    4    0    0    2    1      1426    5    7    2    9   10    0    0
    4   12    5    1    6    5    2    1    1       935    5    2   10    6    8    5    9
    4   13    5    2    6    0    0    2    1      1040    6    7    2   10    5    8    9
    4   14    5    1    6    3    4    1    1      1221    8   10    2    8    7    5    9
    4   15    5    2    2    0    0    2    1       744    5    2    7    0    0    0    0
    4   16    5    2    6    0    0    1    0      1384    7    8    9    6    5    2   10
    4   17    1    1    6    1    6    1    1      1471    1    1    8    7   10    5    9
    4   18    3    2    6    0    0    2    1       691    3   10    6    5    8    7    2
    4   19    3    2    4    0    0    2    1       753    3   10    8    6    2    0    0
    4   20    4    2    6    0    0    2    1       705    4    2   10    8    6    9    7
    4   21    2    1    2    1    2    1    1       697    2    2    9    0    0    0    0
    4   22    5    1    6    3    4    1    1      1163    9    6    2    9    8    7   10
    4   23    3    2    4    0    0    2    1       694    3    7   10    8    2    0    0
    4   24    1    1    2    2    1    1    1       926    1    9    1    0    0    0    0
    4   25    2    1    4    2    3    2    0       930    2    7    2    8   10    0    0
    5    1    5    1    6    3    4    1    1      1025    7    5    6    7    9    2    8
    5    2    2    1    4    1    4    1    1       626    2    2    6    5    9    0    0
    5    3    2    1    6    4    3    1    1       727    2    5    8    9    2    7    6
    5    4    5    1    6    4    3    1    1       760   10    2    6    9   10    7    8
    5    5    5    1    2    2    1    1    1       701    6    7    6    0    0    0    0
    5    6    5    2    4    0    0    2    1      1961    9    2    5    7    8    0    0
    5    7    3    2    4    0    0    2    1       932    3    5    2    6    8    0    0
    5    8    4    2    6    0    0    2    1       605    4    5   10    7    2    6    9
    5    9    5    1    6    4    3    2    0      2147    8    2    9    6    8    7   10
    5   10    3    2    4    0    0    2    1       614    3   10    8    2    9    0    0
    5   11    3    2    4    0    0    2    1       502    3    8    2    5   10    0    0
    5   12    5    2    6    0    0    2    1      1424    5    8    6    7   10    9    2
    5   13    5    2    4    0    0    1    0      1185    7    2    9    8   10    0    0
    5   14    3    2    2    0    0    2    1       645    3    2    7    0    0    0    0
    5   15    3    2    2    0    0    2    1       751    3    7    8    0    0    0    0
    5   16    5    2    4    0    0    2    1      1258    5    9   10    6    8    0    0
    5   17    2    1    4    4    1    1    1       833    2    8    5    6    2    0    0
    5   18    5    1    4    4    1    1    1      3209    6    8    9    2    6    0    0
    5   19    4    2    2    0    0    2    1       572    4    7    2    0    0    0    0
    5   20    2    1    4    3    2    2    0       911    2    6    5    2    9    0    0
    5   21    3    2    4    0    0    2    1       531    3    6    2    7    9    0    0
    5   22    5    1    6    6    1    1    1       875   10    9    2    7    6    8   10
    5   23    5    2    6    0    0    1    0      1527   10    8    5    7    6    2    9
    5   24    2    1    6    3    4    1    1       824    2    5    8    2   10    9    6
    5   25    5    1    4    2    3    1    1      1120    9    8    9   10    2    0    0
    6    1    5    1    4    1    4    1    1       768   10   10    7    8    2    0    0
    6    2    1    1    6    6    1    1    1       832    1    6    8    9   10    7    1
    6    3    3    2    4    0    0    2    1       567    3    7    2   10    9    0    0
    6    4    5    2    4    0    0    2    1      1386    9   10    6    8    2    0    0
    6    5    4    2    4    0    0    2    1       683    4   10    5    9    2    0    0
    6    6    5    1    4    2    3    1    1      1337    6    8    6    5    2    0    0
    6    7    4    2    6    0    0    2    1       642    4    5    7   10    9    2    6
    6    8    4    2    2    0    0    2    1       556    4    6    9    0    0    0    0
    6    9    5    1    6    3    4    2    0      2581   10    2    9   10    5    8    6
    6   10    5    1    6    1    6    2    0      3067    8    8    7    2   10    9    5
    6   11    2    1    4    3    2    1    1      1050    2   10    5    2    7    0    0
    6   12    5    1    4    4    1    1    1       377    8    2    6    7    8    0    0
    6   13    5    1    4    3    2    1    1       579   10    2    7   10    6    0    0
    6   14    2    1    2    2    1    1    1       367    2    7    2    0    0    0    0
    6   15    4    2    2    0    0    2    1       516    4    8    9    0    0    0    0
    6   16    5    2    6    0    0    1    0       686    9   10    6    2    7    5    8
    6   17    4    2    4    0    0    2    1       796    4    9    2    5    7    0    0
    6   18    5    1    6    5    2    1    1       906    5    8    6    9   10    5    2
    6   19    3    2    2    0    0    2    1       698    3    6    2    0    0    0    0
    6   20    5    1    4    3    2    1    1       679    8    9    2    8   10    0    0
    6   21    1    1    4    3    2    1    1      1204    1    8    6    1    7    0    0
    6   22    3    2    4    0    0    2    1      1134    3    2    8    9    5    0    0
    6   23    5    1    6    4    3    1    1       495   10    5    8    9   10    7    2
    6   24    4    2    4    0    0    2    1       675    4    2    8    5    7    0    0
    6   25    5    2    4    0    0    2    1       722    8    2    5   10    7    0    0
    7    1    4    2    6    0    0    2    1       633    4    6    9    2   10    7    8
    7    2    5    1    6    5    2    1    1      1134    6    8    2    7   10    6    5
    7    3    2    1    4    1    4    1    1       810    2    2   10    5    6    0    0
    7    4    5    1    4    4    1    1    1       467    9    5    2    7    9    0    0
    7    5    3    2    4    0    0    2    1       569    3    5    8    2    6    0    0
    7    6    5    1    2    2    1    1    1       598    8    7    8    0    0    0    0
    7    7    5    2    2    0    0    2    1       946    7    2    5    0    0    0    0
    7    8    5    1    6    3    4    1    1      2842   10    2    9   10    6    5    8
    7    9    2    1    6    2    5    1    1       615    2    9    2    7    6   10    8
    7   10    1    1    6    6    1    1    1       764    1    6    5    8    7   10    1
    7   11    5    2    4    0    0    1    0       663   10    5    2    8    7    0    0
    7   12    5    2    2    0    0    2    1      2304    6    8    9    0    0    0    0
    7   13    1    1    6    1    6    2    0       834    1    1    8   10    9    5    7
    7   14    5    1    2    1    2    1    1      1317    8    8   10    0    0    0    0
    7   15    2    1    6    4    3    1    1       495    2   10    6    5    2    7    9
    7   16    5    2    2    0    0    1    0       383    7    9   10    0    0    0    0
    7   17    3    2    6    0    0    2    1       733    3    5    7    2    9    6   10
    7   18    2    1    6    6    1    1    1       606    2   10    5    9    6    8    2
    7   19    5    2    2    0    0    2    1       810    8    5   10    0    0    0    0
    7   20    5    1    2    2    1    1    1       877    7    2    7    0    0    0    0
    7   21    5    1    6    5    2    1    1       696    7   10    9    6    5    7    2
    7   22    5    2    6    0    0    1    0       730   10    8    7    6    9    2    5
    7   23    5    1    2    2    1    1    1       672    8   10    8    0    0    0    0
    7   24    5    1    6    4    3    1    1       498    9    8    2    5    9    7    6
    7   25    5    2    6    0    0    1    0       636    9    8    6    1   10    5    7    1
