    1    1    2    1    4    0    0    2    0    0         0   16    1 CMat     2    3    4    8
    1    2    1    1    4    4    1    2    0    1         0   20    0 CMat    17   18   19   20
    1    3    1    1    8    2    7    2    1    0         0    4    1 CMat     6    4    1    2    3    8    5    7
    1    4    2    1    4    0    0    2    0    0         0   25    0 CMat    21   22   23   24
    1    5    1    1    8    6    3    2    0    1         0    3    1 CMat     9   15   16   14   12   11   10   13
    1    6    2    1    4    0    0    2    1    1         0   30    0 CMat    26   27   28   29
    1    7    1    1    4    4    1    2    1    0         0    5    1 CMat     7    6    2    5
    1    8    2    1    8    0    0    2    1    1         0   39    0 CMat    31   32   33   34   35   36   37   38
    1    9    1    1    2    2    1    2    0    1         0    6    1 CMat    15   14
    1   10    2    1    8    0    0    2    1    1         0   48    0 CMat    40   41   42   43   44   45   46   47
