    1    1    2    1    4    0    0    2    0    0         0   10    1 CMat     6    1    2    4
    1    2    1    1    8    8    1    2    1    0         0   24    0 CMat    17   18   19   20   21   22   23   24
    1    3    1    1    4    1    4    2    0    1         0    2    1 CMat    10   12   11   14
    1    4    1    1    2    1    2    2    0    1         0   25    0 CMat    25   26
    1    5    2    1    4    0    0    2    1    1         0   14    1 CMat    11    9   14   15
    1    6    1    1    4    4    1    2    0    1         0   30    0 CMat    27   28   29   30
    1    7    2    1    8    0    0    2    0    0         0   14    1 CMat     2    8    6    5    3    4    1    7
    1    8    2    1    2    0    0    2    0    0         0   33    0 CMat    31   32
    1    9    2    1    8    0    0    2    0    0         0    9    1 CMat     3    5    8    7    1    2    4    6
    1   10    1    1    2    2    1    2    0    1         0   35    0 CMat    34   35
    1   11    1    1    2    2    1    2    1    0         0    3    1 CMat     4    3
    1   12    2    1    4    0    0    2    1    1         0   40    0 CMat    36   37   38   39
    1   13    2    1    8    0    0    2    0    0         0   11    1 CMat     3    6    5    8    4    7    2    1
    1   14    1    1    2    1    2    2    0    1         0   41    0 CMat    41   42
    1   15    1    1    2    2    1    2    0    1         0    5    1 CMat    15   13
    1   16    2    1    8    0    0    2    0    0         0   51    0 CMat    43   44   45   46   47   48   49   50
    1   17    1    1    2    1    2    2    1    0         0    6    1 CMat     6    8
    1   18    2    1    2    0    0    2    0    0         0   54    0 CMat    52   53
    1   19    1    1    8    5    4    2    0    1         0    7    1 CMat    11   16   10   14   15    9   13   12
    1   20    2    1    2    0    0    2    1    1         0   57    0 CMat    55   56
    1   21    2    1    8    0    0    2    0    0         0   14    1 CMat     7    4    2    6    8    3    1    5
    1   22    2    1    4    0    0    2    1    1         0   62    0 CMat    58   59   60   61
    1   23    2    1    8    0    0    2    1    1         0   11    1 CMat    11   10   16   15   13   14    9   12
    1   24    1    1    4    4    1    2    1    0         0   66    0 CMat    63   64   65   66
    2    1    2    1    4    0    0    2    1    1         0   14    1 CMat     9   14   13   15
    2    2    1    1    4    1    4    2    0    1         0   67    0 CMat    67   68   69   70
    2    3    1    1    4    3    2    2    1    0         0    3    1 CMat     2    6    3    7
    2    4    1    1    2    1    2    2    0    1         0   71    0 CMat    71   72
    2    5    2    1    2    0    0    2    0    0         0   13    1 CMat     3    4
    2    6    1    1    8    1    8    2    0    1         0   73    0 CMat    73   74   75   76   77   78   79   80
    2    7    1    1    2    1    2    2    1    0         0    5    1 CMat     5    8
    2    8    1    1    8    4    5    2    1    0         0   84    0 CMat    81   82   83   84   85   86   87   88
    2    9    1    1    2    2    1    2    0    1         0    3    1 CMat    16   11
    2   10    2    1    4    0    0    2    0    0         0   93    0 CMat    89   90   91   92
    2   11    2    1    2    0    0    2    1    1         0   13    1 CMat    13   11
    2   12    2    1    8    0    0    2    1    1         0  102    0 CMat    94   95   96   97   98   99  100  101
    2   13    1    1    8    6    3    2    1    0         0    7    1 CMat     3    4    8    2    6    7    5    1
    2   14    2    1    2    0    0    2    0    0         0  105    0 CMat   103  104
    2   15    2    1    4    0    0    2    0    0         0   11    1 CMat     3    4    5    2
    2   16    1    1    2    2    1    2    1    0         0  107    0 CMat   106  107
    2   17    2    1    2    0    0    2    1    1         0   12    1 CMat     9   16
    2   18    1    1    2    1    2    2    1    0         0  108    0 CMat   108  109
    2   19    1    1    8    8    1    2    1    0         0    8    1 CMat     5    6    2    7    4    3    1    8
    2   20    1    1    2    2    1    2    0    1         0  111    0 CMat   110  111
    2   21    2    1    8    0    0    2    1    1         0   15    1 CMat     9   13   14   10   12   15   11   16
    2   22    2    1    8    0    0    2    1    1         0  120    0 CMat   112  113  114  115  116  117  118  119
    2   23    2    1    8    0    0    2    0    0         0   16    1 CMat     1    6    2    3    8    5    7    4
    2   24    2    1    2    0    0    2    1    1         0  123    0 CMat   121  122
    3    1    1    1    8    4    5    2    0    1         0    3    1 CMat    13   12   10   11   15   16    9   14
    3    2    2    1    8    0    0    2    0    0         0  132    0 CMat   124  125  126  127  128  129  130  131
    3    3    1    1    2    1    2    2    0    1         0    6    1 CMat    14   11
    3    4    2    1    2    0    0    2    0    0         0  135    0 CMat   133  134
    3    5    2    1    8    0    0    2    1    1         0   11    1 CMat     9   13   16   11   10   15   14   12
    3    6    2    1    2    0    0    2    0    0         0  138    0 CMat   136  137
    3    7    1    1    4    4    1    2    1    0         0    1    1 CMat     3    8    5    1
    3    8    1    1    8    2    7    2    0    1         0  140    0 CMat   139  140  141  142  143  144  145  146
    3    9    1    1    8    6    3    2    1    0         0    8    1 CMat     1    3    5    7    6    8    2    4
    3   10    2    1    8    0    0    2    1    1         0  155    0 CMat   147  148  149  150  151  152  153  154
    3   11    1    1    2    1    2    2    0    1         0    7    1 CMat    15   14
    3   12    2    1    2    0    0    2    0    0         0  158    0 CMat   156  157
    3   13    2    1    4    0    0    2    1    1         0   12    1 CMat    15   10   16   12
    3   14    2    1    4    0    0    2    1    1         0  163    0 CMat   159  160  161  162
    3   15    2    1    4    0    0    2    1    1         0   15    1 CMat    13   15   10   12
    3   16    1    1    8    8    1    2    1    0         0  171    0 CMat   164  165  166  167  168  169  170  171
    3   17    2    1    4    0    0    2    1    1         0   15    1 CMat    13   10   15   12
    3   18    1    1    4    3    2    2    0    1         0  174    0 CMat   172  173  174  175
    3   19    2    1    8    0    0    2    1    1         0   15    1 CMat    13    9   12   14   16   10   11   15
    3   20    1    1    4    4    1    2    1    0         0  179    0 CMat   176  177  178  179
    3   21    1    1    8    2    7    2    0    1         0    5    1 CMat    12   13   11    9   10   16   14   15
    3   22    2    1    2    0    0    2    1    1         0  182    0 CMat   180  181
    3   23    1    1    4    3    2    2    0    1         0    8    1 CMat     9   15   16   10
    3   24    2    1    2    0    0    2    0    0         0  185    0 CMat   183  184
    4    1    2    1    2    0    0    2    0    0         0   12    1 CMat     4    8
    4    2    2    1    8    0    0    2    1    1         0  194    0 CMat   186  187  188  189  190  191  192  193
    4    3    1    1    2    1    2    2    0    1         0    7    1 CMat    15   11
    4    4    1    1    2    1    2    2    1    0         0  195    0 CMat   195  196
    4    5    1    1    4    2    3    2    0    1         0    1    1 CMat    10    9   12   14
    4    6    1    1    8    1    8    2    1    0         0  197    0 CMat   197  198  199  200  201  202  203  204
    4    7    2    1    8    0    0    2    0    0         0   11    1 CMat     6    8    2    3    1    7    4    5
    4    8    1    1    2    1    2    2    0    1         0  205    0 CMat   205  206
    4    9    1    1    8    8    1    2    0    1         0    2    1 CMat    15    9   12   16   11   13   14   10
    4   10    1    1    8    8    1    2    1    0         0  214    0 CMat   207  208  209  210  211  212  213  214
    4   11    2    1    4    0    0    2    1    1         0   10    1 CMat    13   10   14   16
    4   12    2    1    8    0    0    2    0    0         0  223    0 CMat   215  216  217  218  219  220  221  222
    4   13    1    1    8    1    8    2    1    0         0    7    1 CMat     7    4    8    1    2    6    5    3
    4   14    2    1    4    0    0    2    1    1         0  228    0 CMat   224  225  226  227
    4   15    2    1    2    0    0    2    1    1         0   11    1 CMat    11   12
    4   16    2    1    2    0    0    2    1    1         0  231    0 CMat   229  230
    4   17    2    1    8    0    0    2    1    1         0   13    1 CMat    14   15   13    9   12   16   10   11
    4   18    1    1    8    5    4    2    1    0         0  236    0 CMat   232  233  234  235  236  237  238  239
    4   19    2    1    8    0    0    2    1    1         0   12    1 CMat     9   12   16   13   14   11   10   15
    4   20    2    1    2    0    0    2    1    1         0  242    0 CMat   240  241
    4   21    2    1    2    0    0    2    0    0         0   12    1 CMat     3    6
    4   22    1    1    4    3    2    2    0    1         0  245    0 CMat   243  244  245  246
    4   23    1    1    2    1    2    2    0    1         0    3    1 CMat    11   16
    4   24    2    1    2    0    0    2    0    0         0  249    0 CMat   247  248
    5    1    1    1    2    1    2    2    0    1         0    2    1 CMat    10   13
    5    2    2    1    4    0    0    2    0    0         0  254    0 CMat   250  251  252  253
    5    3    1    1    8    7    2    2    1    0         0    4    1 CMat     3    6    2    7    5    8    4    1
    5    4    2    1    4    0    0    2    0    0         0  259    0 CMat   255  256  257  258
    5    5    1    1    2    1    2    2    1    0         0    1    1 CMat     1    4
    5    6    2    1    8    0    0    2    1    1         0  268    0 CMat   260  261  262  263  264  265  266  267
    5    7    1    1    4    1    4    2    0    1         0    8    1 CMat    16    9   10   12
    5    8    2    1    8    0    0    2    0    0         0  277    0 CMat   269  270  271  272  273  274  275  276
    5    9    1    1    4    1    4    2    0    1         0    3    1 CMat    11   10   13   15
    5   10    2    1    4    0    0    2    1    1         0  282    0 CMat   278  279  280  281
    5   11    1    1    8    7    2    2    0    1         0    4    1 CMat    14   13   11   10    9   16   12   15
    5   12    2    1    4    0    0    2    1    1         0  287    0 CMat   283  284  285  286
    5   13    2    1    8    0    0    2    0    0         0   12    1 CMat     5    1    3    7    8    4    6    2
    5   14    2    1    8    0    0    2    1    1         0  296    0 CMat   288  289  290  291  292  293  294  295
    5   15    2    1    2    0    0    2    1    1         0   10    1 CMat    12   15
    5   16    1    1    4    2    3    2    1    0         0  298    0 CMat   297  298  299  300
    5   17    2    1    2    0    0    2    1    1         0   14    1 CMat    14   15
    5   18    1    1    8    2    7    2    1    0         0  302    0 CMat   301  302  303  304  305  306  307  308
    5   19    2    1    8    0    0    2    0    0         0    9    1 CMat     2    8    5    1    7    6    3    4
    5   20    2    1    8    0    0    2    1    1         0  317    0 CMat   309  310  311  312  313  314  315  316
    5   21    2    1    4    0    0    2    1    1         0   13    1 CMat     9   12   15   11
    5   22    2    1    4    0    0    2    1    1         0  322    0 CMat   318  319  320  321
    5   23    2    1    4    0    0    2    1    1         0   10    1 CMat    14   16   10   11
    5   24    1    1    4    1    4    2    0    1         0  323    0 CMat   323  324  325  326
    6    1    2    1    2    0    0    2    1    1         0   14    1 CMat    13   11
    6    2    1    1    2    1    2    2    1    0         0  327    0 CMat   327  328
    6    3    1    1    4    2    3    2    0    1         0    2    1 CMat     9   10   16   14
    6    4    2    1    4    0    0    2    0    0         0  333    0 CMat   329  330  331  332
    6    5    2    1    4    0    0    2    1    1         0   15    1 CMat    12    9   16   15
    6    6    2    1    2    0    0    2    0    0         0  336    0 CMat   334  335
    6    7    1    1    4    4    1    2    0    1         0    2    1 CMat    14   13   12   10
    6    8    1    1    4    2    3    2    0    1         0  338    0 CMat   337  338  339  340
    6    9    2    1    2    0    0    2    1    1         0   11    1 CMat     9   10
    6   10    2    1    8    0    0    2    0    0         0  349    0 CMat   341  342  343  344  345  346  347  348
    6   11    1    1    4    1    4    2    0    1         0    7    1 CMat    15   14   12   11
    6   12    2    1    2    0    0    2    1    1         0  352    0 CMat   350  351
    6   13    2    1    8    0    0    2    0    0         0   15    1 CMat     6    1    2    7    8    4    5    3
    6   14    1    1    2    2    1    2    1    0         0  354    0 CMat   353  354
    6   15    2    1    4    0    0    2    0    0         0   10    1 CMat     7    3    2    5
    6   16    2    1    2    0    0    2    1    1         0  357    0 CMat   355  356
    6   17    1    1    4    2    3    2    0    1         0    8    1 CMat    12   16    9   10
    6   18    1    1    2    1    2    2    0    1         0  358    0 CMat   358  359
    6   19    1    1    2    2    1    2    1    0         0    7    1 CMat     4    7
    6   20    1    1    4    1    4    2    1    0         0  360    0 CMat   360  361  362  363
    6   21    1    1    2    2    1    2    1    0         0    3    1 CMat     6    3
    6   22    2    1    8    0    0    2    0    0         0  372    0 CMat   364  365  366  367  368  369  370  371
    6   23    1    1    4    2    3    2    1    0         0    5    1 CMat     4    5    6    3
    6   24    1    1    8    4    5    2    0    1         0  376    0 CMat   373  374  375  376  377  378  379  380
    7    1    1    1    8    5    4    2    0    1         0    4    1 CMat    16   15   10   13   12    9   11   14
    7    2    1    1    4    3    2    2    1    0         0  383    0 CMat   381  382  383  384
    7    3    2    1    2    0    0    2    0    0         0   13    1 CMat     3    4
    7    4    2    1    8    0    0    2    0    0         0  393    0 CMat   385  386  387  388  389  390  391  392
    7    5    1    1    4    3    2    2    0    1         0    7    1 CMat     9   16   15   10
    7    6    1    1    8    3    6    2    1    0         0  396    0 CMat   394  395  396  397  398  399  400  401
    7    7    1    1    8    8    1    2    1    0         0    7    1 CMat     6    1    8    5    4    3    2    7
    7    8    2    1    8    0    0    2    0    0         0  410    0 CMat   402  403  404  405  406  407  408  409
    7    9    1    1    8    2    7    2    1    0         0    6    1 CMat     3    6    8    2    5    4    1    7
    7   10    2    1    8    0    0    2    0    0         0  419    0 CMat   411  412  413  414  415  416  417  418
    7   11    2    1    4    0    0    2    0    0         0   15    1 CMat     2    8    6    1
    7   12    1    1    8    3    6    2    1    0         0  422    0 CMat   420  421  422  423  424  425  426  427
    7   13    1    1    2    1    2    2    1    0         0    6    1 CMat     6    7
    7   14    1    1    2    1    2    2    1    0         0  428    0 CMat   428  429
    7   15    1    1    2    1    2    2    1    0         0    5    1 CMat     5    7
    7   16    2    1    2    0    0    2    0    0         0  432    0 CMat   430  431
    7   17    1    1    8    1    8    2    0    1         0    6    1 CMat    14   11   15   10   16   12   13    9
    7   18    1    1    8    4    5    2    0    1         0  436    0 CMat   433  434  435  436  437  438  439  440
    7   19    2    1    2    0    0    2    1    1         0   14    1 CMat    12   13
    7   20    2    1    4    0    0    2    1    1         0  445    0 CMat   441  442  443  444
    7   21    2    1    8    0    0    2    1    1         0   10    1 CMat    13    9   11   10   16   14   15   12
    7   22    1    1    2    1    2    2    0    1         0  446    0 CMat   446  447
    7   23    1    1    2    2    1    2    0    1         0    3    1 CMat    15   11
    7   24    1    1    4    1    4    2    0    1         0  448    0 CMat   448  449  450  451
    8    1    1    1    8    4    5    2    0    1         0    5    1 CMat     9   11   16   13   12   14   10   15
    8    2    1    1    8    3    6    2    0    1         0  454    0 CMat   452  453  454  455  456  457  458  459
    8    3    1    1    8    8    1    2    0    1         0    2    1 CMat     9   13   14   16   12   11   15   10
    8    4    1    1    4    4    1    2    1    0         0  463    0 CMat   460  461  462  463
    8    5    2    1    4    0    0    2    1    1         0   11    1 CMat    14   11   12   10
    8    6    2    1    8    0    0    2    0    0         0  472    0 CMat   464  465  466  467  468  469  470  471
    8    7    2    1    2    0    0    2    0    0         0    9    1 CMat     6    5
    8    8    2    1    8    0    0    2    1    1         0  481    0 CMat   473  474  475  476  477  478  479  480
    8    9    1    1    4    2    3    2    1    0         0    2    1 CMat     7    2    4    8
    8   10    2    1    8    0    0    2    1    1         0  490    0 CMat   482  483  484  485  486  487  488  489
    8   11    2    1    2    0    0    2    0    0         0   11    1 CMat     2    8
    8   12    1    1    2    2    1    2    0    1         0  492    0 CMat   491  492
    8   13    1    1    2    1    2    2    0    1         0    3    1 CMat    11   16
    8   14    2    1    8    0    0    2    0    0         0  501    0 CMat   493  494  495  496  497  498  499  500
    8   15    2    1    4    0    0    2    0    0         0   13    1 CMat     8    2    3    4
    8   16    1    1    2    2    1    2    0    1         0  503    0 CMat   502  503
    8   17    1    1    8    5    4    2    1    0         0    2    1 CMat     6    5    1    4    2    8    3    7
    8   18    1    1    4    3    2    2    1    0         0  506    0 CMat   504  505  506  507
    8   19    1    1    8    1    8    2    1    0         0    1    1 CMat     1    2    3    5    8    6    4    7
    8   20    2    1    2    0    0    2    0    0         0  510    0 CMat   508  509
    8   21    2    1    2    0    0    2    0    0         0   15    1 CMat     4    1
    8   22    1    1    2    1    2    2    0    1         0  511    0 CMat   511  512
    8   23    1    1    2    2    1    2    0    1         0    3    1 CMat    13   11
    8   24    1    1    2    2    1    2    0    1         0  514    0 CMat   513  514
    9    1    2    1    2    0    0    2    1    1         0    9    1 CMat    14   11
    9    2    1    1    2    1    2    2    0    1         0  515    0 CMat   515  516
    9    3    2    1    2    0    0    2    0    0         0    9    1 CMat     5    2
    9    4    1    1    8    3    6    2    0    1         0  519    0 CMat   517  518  519  520  521  522  523  524
    9    5    1    1    4    2    3    2    0    1         0    5    1 CMat    11   13   16   10
    9    6    2    1    2    0    0    2    0    0         0  527    0 CMat   525  526
    9    7    1    1    4    3    2    2    1    0         0    2    1 CMat     4    1    2    5
    9    8    1    1    4    2    3    2    1    0         0  529    0 CMat   528  529  530  531
    9    9    1    1    2    1    2    2    0    1         0    1    1 CMat     9   15
    9   10    2    1    4    0    0    2    0    0         0  536    0 CMat   532  533  534  535
    9   11    1    1    4    1    4    2    0    1         0    6    1 CMat    14   16   15   12
    9   12    1    1    8    8    1    2    0    1         0  544    0 CMat   537  538  539  540  541  542  543  544
    9   13    2    1    4    0    0    2    0    0         0   16    1 CMat     2    3    6    1
    9   14    1    1    4    1    4    2    0    1         0  545    0 CMat   545  546  547  548
    9   15    2    1    2    0    0    2    1    1         0   16    1 CMat    11   13
    9   16    1    1    8    8    1    2    0    1         0  556    0 CMat   549  550  551  552  553  554  555  556
    9   17    1    1    8    4    5    2    0    1         0    2    1 CMat     9   16   15   10   13   12   14   11
    9   18    1    1    4    2    3    2    0    1         0  558    0 CMat   557  558  559  560
    9   19    1    1    2    1    2    2    0    1         0    3    1 CMat    11   13
    9   20    2    1    2    0    0    2    1    1         0  563    0 CMat   561  562
    9   21    2    1    2    0    0    2    0    0         0   14    1 CMat     2    6
    9   22    2    1    8    0    0    2    1    1         0  572    0 CMat   564  565  566  567  568  569  570  571
    9   23    1    1    4    2    3    2    1    0         0    8    1 CMat     7    8    6    2
    9   24    1    1    2    2    1    2    1    0         0  574    0 CMat   573  574
