    1    1    2    1    2    0    0    1    1    0       654   12    1 CMat     2    1
    1    2    2    1    2    0    0    1    1    0       831   19    0 CMat    17   18
    1    3    1    1    8    4    5    1    0    0       876    7    1 CMat     3    2    6    7    8    1    5    4
    1    4    1    1    8    6    3    1    0    0       803   25    0 CMat    20   21   22   23   24   25   26   27
    1    5    2    1    2    0    0    1    0    1       698   13    1 CMat    11   14
    1    6    2    1    4    0    0    2    1    1       914   32    0 CMat    28   29   30   31
    1    7    2    1    2    0    0    2    1    1       702    9    1 CMat    15   10
    1    8    1    1    4    4    1    2    1    0       678   36    0 CMat    33   34   35   36
    1    9    2    1    4    0    0    1    1    0      1018   16    1 CMat     6    4    8    3
    1   10    1    1    4    3    2    1    0    0       870   39    0 CMat    37   38   39   40
