    1    1    2    1    8    0    0    1    0    1      1088   12    1 CMat    11   14   12   15   10    9   16   13
    1    2    2    1    4    0    0    1    1    0       953   21    0 CMat    17   18   19   20
    1    3    2    1    2    0    0    1    1    0       727   10    1 CMat     5    3
    1    4    1    1    4    3    2    1    1    1       810   24    0 CMat    22   23   24   25
    1    5    1    1    2    2    1    1    1    1       423    3    1 CMat     9   11
    1    6    1    1    2    2    1    2    1    0       520   27    0 CMat    26   27
    1    7    2    1    4    0    0    2    1    1       757   11    1 CMat    11   16   12    9
    1    8    1    1    4    4    1    1    1    1       854   31    0 CMat    28   29   30   31
    1    9    1    1    8    4    5    1    0    0      1671    1    1 CMat     8    7    4    1    2    6    3    5
    1   10    1    1    2    1    2    2    1    0       913   32    0 CMat    32   33
