    1    1    1    1    4    2    3    2    1    0         0    1    1 CMat     5    1    8    2
    1    2    2    1    4    0    0    2    1    1         0   21    0 CMat     5    1    8    2
    1    3    2    1    2    0    0    2    0    0         0   16    1 CMat     8    1
    1    4    1    1    8    1    8    2    1    0         0   22    0 CMat     8    1    3    5    7    6    2    4
    1    5    2    1    2    0    0    2    1    1         0   11    1 CMat     5    2
    1    6    1    1    8    1    8    2    1    0         0   30    0 CMat     5    2    1    8    3    4    7    6
    1    7    2    1    8    0    0    2    1    1         0   14    1 CMat     4    1    7    2    8    3    6    5
    1    8    1    1    2    2    1    2    0    1         0   39    0 CMat     4    1
    1    9    1    1    4    1    4    2    1    0         0    1    1 CMat     1    7    2    4
    1   10    2    1    2    0    0    2    0    0         0   42    0 CMat     1    7
    1   11    1    1    2    2    1    2    1    0         0    1    1 CMat     2    1
    1   12    1    1    2    2    1    2    1    0         0   44    0 CMat     2    1
    1   13    2    1    4    0    0    2    0    0         0   10    1 CMat     5    3    4    1
    1   14    1    1    4    1    4    2    1    0         0   45    0 CMat     5    3    4    1
    1   15    1    1    8    3    6    2    0    1         0    7    1 CMat     6    3    7    4    2    5    8    1
    1   16    1    1    4    4    1    2    0    1         0   52    0 CMat     6    3    7    4
    1   17    1    1    2    2    1    2    1    0         0    1    1 CMat     5    1
    1   18    1    1    8    6    3    2    0    1         0   58    0 CMat     5    1    2    3    4    8    6    7
    1   19    1    1    4    2    3    2    1    0         0    8    1 CMat     1    8    4    6
    1   20    1    1    2    1    2    2    0    1         0   61    0 CMat     1    8
    1   21    2    1    2    0    0    2    1    1         0   15    1 CMat     8    4
    1   22    1    1    2    2    1    2    1    0         0   64    0 CMat     8    4
    1   23    1    1    8    1    8    2    0    1         0    5    1 CMat     5    2    3    4    6    7    1    8
    1   24    2    1    2    0    0    2    0    0         0   67    0 CMat     5    2
    1   25    2    1    4    0    0    2    0    0         0    9    1 CMat     7    8    6    5
    2    1    2    1    8    0    0    2    0    0         0   12    1 CMat     6    4    5    1    8    3    7    2
    2    2    1    1    8    2    7    2    1    0         0   69    0 CMat     6    4    5    1    8    3    7    2
    2    3    1    1    4    1    4    2    1    0         0    3    1 CMat     3    8    5    1
    2    4    2    1    4    0    0    2    0    0         0   80    0 CMat     3    8    5    1
    2    5    1    1    2    2    1    2    0    1         0    4    1 CMat     3    4
    2    6    1    1    4    2    3    2    1    0         0   82    0 CMat     3    4    6    5
    2    7    1    1    8    2    7    2    1    0         0    4    1 CMat     8    4    7    6    3    5    1    2
    2    8    1    1    8    1    8    2    1    0         0   85    0 CMat     8    4    7    6    3    5    1    2
    2    9    1    1    2    1    2    2    0    1         0    3    1 CMat     3    5
    2   10    1    1    8    6    3    2    0    1         0   98    0 CMat     3    5    8    7    1    6    2    4
    2   11    1    1    8    1    8    2    1    0         0    1    1 CMat     1    4    6    2    8    5    3    7
    2   12    2    1    8    0    0    2    0    0         0  109    0 CMat     1    4    6    2    8    5    3    7
    2   13    2    1    2    0    0    2    1    1         0   15    1 CMat     3    7
    2   14    1    1    4    1    4    2    1    0         0  110    0 CMat     3    7    2    8
    2   15    1    1    8    6    3    2    1    0         0    4    1 CMat     8    2    7    3    5    4    6    1
    2   16    1    1    2    2    1    2    1    0         0  115    0 CMat     8    2
    2   17    2    1    8    0    0    2    0    0         0   13    1 CMat     8    4    2    1    7    3    6    5
    2   18    2    1    2    0    0    2    1    1         0  118    0 CMat     8    4
    2   19    1    1    2    1    2    2    0    1         0    3    1 CMat     3    8
    2   20    2    1    8    0    0    2    0    0         0  127    0 CMat     3    8    1    4    7    2    6    5
    2   21    2    1    4    0    0    2    1    1         0   15    1 CMat     8    3    2    1
    2   22    2    1    8    0    0    2    0    0         0  136    0 CMat     8    3    2    1    6    7    4    5
    2   23    2    1    8    0    0    2    1    1         0    9    1 CMat     4    7    3    1    6    2    5    8
    2   24    1    1    4    2    3    2    1    0         0  138    0 CMat     4    7    3    1
    2   25    1    1    8    3    6    2    1    0         0    5    1 CMat     7    1    5    4    2    8    6    3
    3    1    1    1    4    4    1    2    1    0         0    5    1 CMat     4    1    8    5
    3    2    2    1    2    0    0    2    0    0         0  143    0 CMat     4    1
    3    3    1    1    2    1    2    2    1    0         0    3    1 CMat     3    7
    3    4    2    1    4    0    0    2    1    1         0  148    0 CMat     3    7    1    8
    3    5    2    1    2    0    0    2    1    1         0   13    1 CMat     8    6
    3    6    2    1    4    0    0    2    1    1         0  153    0 CMat     8    6    1    4
    3    7    2    1    2    0    0    2    1    1         0   14    1 CMat     2    3
    3    8    1    1    4    3    2    2    0    1         0  156    0 CMat     2    3    8    7
    3    9    2    1    4    0    0    2    0    0         0   16    1 CMat     6    2    8    4
    3   10    2    1    8    0    0    2    0    0         0  166    0 CMat     6    2    8    4    7    3    5    1
    3   11    1    1    8    8    1    2    1    0         0    7    1 CMat     6    8    2    3    5    4    1    7
    3   12    2    1    8    0    0    2    0    0         0  175    0 CMat     6    8    2    3    5    4    1    7
    3   13    2    1    2    0    0    2    1    1         0   10    1 CMat     2    6
    3   14    2    1    2    0    0    2    0    0         0  178    0 CMat     2    6
    3   15    1    1    4    1    4    2    1    0         0    4    1 CMat     4    5    7    3
    3   16    1    1    2    1    2    2    1    0         0  179    0 CMat     4    5
    3   17    2    1    8    0    0    2    1    1         0   13    1 CMat     2    8    4    1    7    3    5    6
    3   18    1    1    8    1    8    2    1    0         0  181    0 CMat     2    8    4    1    7    3    5    6
    3   19    2    1    4    0    0    2    0    0         0   16    1 CMat     3    7    8    2
    3   20    2    1    8    0    0    2    0    0         0  197    0 CMat     3    7    8    2    4    1    6    5
    3   21    1    1    2    2    1    2    1    0         0    8    1 CMat     5    8
    3   22    1    1    4    3    2    2    0    1         0  200    0 CMat     5    8    4    3
    3   23    1    1    8    1    8    2    0    1         0    8    1 CMat     8    7    6    4    5    2    3    1
    3   24    1    1    8    5    4    2    1    0         0  206    0 CMat     8    7    6    4    5    2    3    1
    3   25    1    1    8    3    6    2    0    1         0    4    1 CMat     5    8    4    7    6    3    2    1
    4    1    1    1    2    2    1    2    1    0         0    7    1 CMat     1    7
    4    2    1    1    2    2    1    2    1    0         0  211    0 CMat     1    7
    4    3    2    1    2    0    0    2    1    1         0   11    1 CMat     6    8
    4    4    2    1    4    0    0    2    1    1         0  216    0 CMat     6    8    1    5
    4    5    1    1    2    2    1    2    0    1         0    7    1 CMat     1    7
    4    6    1    1    4    3    2    2    0    1         0  219    0 CMat     1    7    6    5
    4    7    1    1    8    4    5    2    1    0         0    7    1 CMat     6    3    4    7    2    8    5    1
    4    8    1    1    4    1    4    2    1    0         0  221    0 CMat     6    3    4    7
    4    9    2    1    8    0    0    2    1    1         0   15    1 CMat     6    2    3    5    1    8    7    4
    4   10    2    1    4    0    0    2    1    1         0  229    0 CMat     6    2    3    5
    4   11    2    1    2    0    0    2    0    0         0   10    1 CMat     5    3
    4   12    1    1    2    2    1    2    1    0         0  231    0 CMat     5    3
    4   13    2    1    2    0    0    2    1    1         0   13    1 CMat     5    7
    4   14    1    1    2    2    1    2    0    1         0  233    0 CMat     5    7
    4   15    1    1    4    4    1    2    0    1         0    7    1 CMat     5    1    2    7
    4   16    1    1    8    5    4    2    0    1         0  238    0 CMat     5    1    2    7    6    4    3    8
    4   17    1    1    4    2    3    2    0    1         0    1    1 CMat     3    1    7    4
    4   18    1    1    2    1    2    2    1    0         0  242    0 CMat     3    1
    4   19    2    1    8    0    0    2    0    0         0   15    1 CMat     6    5    4    7    1    8    3    2
    4   20    2    1    8    0    0    2    0    0         0  252    0 CMat     6    5    4    7    1    8    3    2
    4   21    2    1    2    0    0    2    0    0         0   15    1 CMat     1    4
    4   22    2    1    8    0    0    2    0    0         0  261    0 CMat     1    4    5    6    8    2    7    3
    4   23    1    1    8    1    8    2    1    0         0    1    1 CMat     1    6    5    4    8    7    2    3
    4   24    2    1    4    0    0    2    1    1         0  266    0 CMat     1    6    5    4
    4   25    2    1    2    0    0    2    0    0         0   13    1 CMat     2    1
    5    1    1    1    8    3    6    2    0    1         0    6    1 CMat     8    1    6    7    5    3    2    4
    5    2    1    1    2    1    2    2    1    0         0  267    0 CMat     8    1
    5    3    1    1    2    1    2    2    0    1         0    3    1 CMat     3    7
    5    4    2    1    8    0    0    2    1    1         0  277    0 CMat     3    7    8    4    1    2    6    5
    5    5    1    1    8    1    8    2    0    1         0    6    1 CMat     6    2    3    4    7    8    5    1
    5    6    1    1    2    2    1    2    0    1         0  279    0 CMat     6    2
    5    7    1    1    8    6    3    2    1    0         0    1    1 CMat     8    6    7    5    3    1    4    2
    5    8    1    1    4    2    3    2    1    0         0  281    0 CMat     8    6    7    5
    5    9    2    1    8    0    0    2    1    1         0   10    1 CMat     2    1    7    6    4    8    3    5
    5   10    1    1    8    1    8    2    0    1         0  284    0 CMat     2    1    7    6    4    8    3    5
    5   11    2    1    2    0    0    2    1    1         0   12    1 CMat     2    7
    5   12    1    1    4    4    1    2    0    1         0  295    0 CMat     2    7    1    5
    5   13    2    1    8    0    0    2    0    0         0   12    1 CMat     2    6    3    5    1    7    8    4
    5   14    1    1    2    2    1    2    0    1         0  297    0 CMat     2    6
    5   15    1    1    4    4    1    2    1    0         0    4    1 CMat     2    1    8    4
    5   16    1    1    4    3    2    2    1    0         0  300    0 CMat     2    1    8    4
    5   17    2    1    4    0    0    2    1    1         0   14    1 CMat     8    5    3    1
    5   18    2    1    8    0    0    2    1    1         0  310    0 CMat     8    5    3    1    4    6    7    2
    5   19    2    1    4    0    0    2    0    0         0   10    1 CMat     2    6    1    3
    5   20    1    1    8    6    3    2    1    0         0  316    0 CMat     2    6    1    3    4    8    5    7
    5   21    1    1    4    2    3    2    0    1         0    3    1 CMat     7    3    8    6
    5   22    1    1    8    3    6    2    1    0         0  321    0 CMat     7    3    8    6    4    5    1    2
    5   23    1    1    4    4    1    2    1    0         0    2    1 CMat     4    7    8    2
    5   24    2    1    2    0    0    2    1    1         0  329    0 CMat     4    7
    5   25    1    1    2    1    2    2    1    0         0    5    1 CMat     5    6
    6    1    1    1    8    4    5    2    0    1         0    7    1 CMat     6    2    1    7    5    3    4    8
    6    2    1    1    4    2    3    2    0    1         0  331    0 CMat     6    2    1    7
    6    3    1    1    2    1    2    2    1    0         0    4    1 CMat     4    6
    6    4    1    1    8    2    7    2    1    0         0  335    0 CMat     4    6    1    3    7    2    5    8
    6    5    1    1    4    4    1    2    1    0         0    7    1 CMat     6    3    5    7
    6    6    1    1    2    1    2    2    0    1         0  342    0 CMat     6    3
    6    7    2    1    4    0    0    2    0    0         0   12    1 CMat     2    4    7    8
    6    8    1    1    4    2    3    2    0    1         0  345    0 CMat     2    4    7    8
    6    9    2    1    4    0    0    2    0    0         0   15    1 CMat     6    8    4    3
    6   10    1    1    4    1    4    2    1    0         0  348    0 CMat     6    8    4    3
    6   11    2    1    4    0    0    2    1    1         0   16    1 CMat     4    1    2    7
    6   12    1    1    2    2    1    2    1    0         0  353    0 CMat     4    1
    6   13    2    1    8    0    0    2    1    1         0    9    1 CMat     1    4    6    3    7    5    8    2
    6   14    1    1    4    3    2    2    1    0         0  356    0 CMat     1    4    6    3
    6   15    2    1    2    0    0    2    1    1         0   10    1 CMat     8    4
    6   16    1    1    4    3    2    2    1    0         0  360    0 CMat     8    4    3    5
    6   17    1    1    4    2    3    2    1    0         0    3    1 CMat     2    3    5    4
    6   18    2    1    8    0    0    2    0    0         0  370    0 CMat     2    3    5    4    6    8    1    7
    6   19    1    1    4    4    1    2    0    1         0    7    1 CMat     5    4    6    7
    6   20    1    1    2    2    1    2    0    1         0  372    0 CMat     5    4
    6   21    2    1    4    0    0    2    0    0         0   11    1 CMat     3    5    4    8
    6   22    1    1    2    2    1    2    0    1         0  374    0 CMat     3    5
    6   23    2    1    8    0    0    2    1    1         0   12    1 CMat     5    3    8    2    7    4    1    6
    6   24    1    1    4    2    3    2    1    0         0  376    0 CMat     5    3    8    2
    6   25    2    1    2    0    0    2    1    1         0   15    1 CMat     7    4
    7    1    2    1    2    0    0    2    1    1         0   14    1 CMat     8    6
    7    2    2    1    4    0    0    2    0    0         0  383    0 CMat     8    6    1    3
    7    3    2    1    8    0    0    2    1    1         0   13    1 CMat     7    5    8    6    2    4    1    3
    7    4    1    1    2    1    2    2    0    1         0  384    0 CMat     7    5
    7    5    1    1    4    1    4    2    0    1         0    8    1 CMat     8    6    3    5
    7    6    1    1    8    7    2    2    0    1         0  392    0 CMat     8    6    3    5    1    7    4    2
    7    7    1    1    8    3    6    2    1    0         0    3    1 CMat     1    4    3    5    8    7    6    2
    7    8    2    1    4    0    0    2    0    0         0  398    0 CMat     1    4    3    5
    7    9    2    1    2    0    0    2    0    0         0    9    1 CMat     5    4
    7   10    1    1    4    3    2    2    1    0         0  401    0 CMat     5    4    2    1
    7   11    2    1    8    0    0    2    0    0         0   16    1 CMat     3    2    1    7    5    4    8    6
    7   12    1    1    4    3    2    2    0    1         0  405    0 CMat     3    2    1    7
    7   13    1    1    4    1    4    2    0    1         0    2    1 CMat     2    5    8    7
    7   14    1    1    4    2    3    2    0    1         0  408    0 CMat     2    5    8    7
    7   15    2    1    4    0    0    2    1    1         0   10    1 CMat     6    5    4    7
    7   16    2    1    8    0    0    2    1    1         0  419    0 CMat     6    5    4    7    8    1    2    3
    7   17    2    1    8    0    0    2    0    0         0   11    1 CMat     6    7    4    8    1    2    5    3
    7   18    2    1    8    0    0    2    0    0         0  428    0 CMat     6    7    4    8    1    2    5    3
    7   19    1    1    8    6    3    2    0    1         0    1    1 CMat     5    2    3    8    7    1    6    4
    7   20    2    1    8    0    0    2    1    1         0  437    0 CMat     5    2    3    8    7    1    6    4
    7   21    1    1    2    2    1    2    1    0         0    3    1 CMat     7    3
    7   22    1    1    2    2    1    2    0    1         0  439    0 CMat     7    3
    7   23    1    1    2    2    1    2    0    1         0    5    1 CMat     8    5
    7   24    2    1    8    0    0    2    1    1         0  448    0 CMat     8    5    3    2    6    7    4    1
    7   25    2    1    4    0    0    2    0    0         0   16    1 CMat     2    3    8    4
    8    1    1    1    2    2    1    2    1    0         0    6    1 CMat     3    6
    8    2    2    1    2    0    0    2    0    0         0  451    0 CMat     3    6
    8    3    1    1    4    2    3    2    0    1         0    1    1 CMat     4    1    7    8
    8    4    1    1    4    4    1    2    0    1         0  455    0 CMat     4    1    7    8
    8    5    2    1    2    0    0    2    1    1         0   11    1 CMat     4    7
    8    6    2    1    4    0    0    2    1    1         0  460    0 CMat     4    7    3    1
    8    7    1    1    8    6    3    2    1    0         0    8    1 CMat     6    7    4    1    3    8    5    2
    8    8    1    1    8    4    5    2    1    0         0  464    0 CMat     6    7    4    1    3    8    5    2
    8    9    1    1    2    1    2    2    0    1         0    1    1 CMat     1    8
    8   10    1    1    2    2    1    2    1    0         0  470    0 CMat     1    8
    8   11    2    1    8    0    0    2    0    0         0   16    1 CMat     6    8    1    5    3    2    4    7
    8   12    2    1    8    0    0    2    1    1         0  479    0 CMat     6    8    1    5    3    2    4    7
    8   13    1    1    2    1    2    2    0    1         0    8    1 CMat     8    4
    8   14    1    1    8    2    7    2    0    1         0  481    0 CMat     8    4    7    3    1    2    6    5
    8   15    1    1    2    2    1    2    0    1         0    1    1 CMat     2    1
    8   16    1    1    4    4    1    2    1    0         0  491    0 CMat     2    1    3    5
    8   17    2    1    2    0    0    2    0    0         0   11    1 CMat     6    4
    8   18    2    1    4    0    0    2    0    0         0  496    0 CMat     6    4    7    8
    8   19    1    1    8    4    5    2    1    0         0    3    1 CMat     8    1    2    3    6    4    5    7
    8   20    2    1    2    0    0    2    0    0         0  499    0 CMat     8    1
    8   21    1    1    4    2    3    2    1    0         0    5    1 CMat     4    5    3    7
    8   22    2    1    4    0    0    2    1    1         0  504    0 CMat     4    5    3    7
    8   23    2    1    2    0    0    2    1    1         0   16    1 CMat     7    3
    8   24    2    1    2    0    0    2    1    1         0  507    0 CMat     7    3
    8   25    2    1    4    0    0    2    1    1         0   13    1 CMat     6    2    7    5
    9    1    2    1    8    0    0    2    0    0         0   12    1 CMat     3    1    6    4    8    5    2    7
    9    2    2    1    8    0    0    2    0    0         0  516    0 CMat     3    1    6    4    8    5    2    7
    9    3    1    1    4    4    1    2    0    1         0    2    1 CMat     6    1    5    2
    9    4    1    1    4    4    1    2    0    1         0  520    0 CMat     6    1    5    2
    9    5    2    1    8    0    0    2    0    0         0   13    1 CMat     2    7    3    4    1    5    6    8
    9    6    1    1    8    8    1    2    0    1         0  528    0 CMat     2    7    3    4    1    5    6    8
    9    7    2    1    2    0    0    2    0    0         0   14    1 CMat     7    6
    9    8    1    1    8    6    3    2    1    0         0  534    0 CMat     7    6    8    1    2    3    4    5
    9    9    1    1    2    1    2    2    1    0         0    4    1 CMat     4    2
    9   10    1    1    2    2    1    2    0    1         0  538    0 CMat     4    2
    9   11    1    1    2    2    1    2    0    1         0    7    1 CMat     4    7
    9   12    2    1    2    0    0    2    0    0         0  541    0 CMat     4    7
    9   13    2    1    2    0    0    2    0    0         0    9    1 CMat     4    1
    9   14    2    1    2    0    0    2    1    1         0  544    0 CMat     4    1
    9   15    1    1    8    8    1    2    0    1         0    6    1 CMat     4    7    1    3    8    2    5    6
    9   16    1    1    8    6    3    2    1    0         0  550    0 CMat     4    7    1    3    8    2    5    6
    9   17    1    1    4    4    1    2    0    1         0    6    1 CMat     5    8    1    6
    9   18    1    1    8    4    5    2    0    1         0  556    0 CMat     5    8    1    6    4    3    7    2
    9   19    2    1    8    0    0    2    0    0         0   14    1 CMat     5    4    2    8    7    6    3    1
    9   20    1    1    8    6    3    2    0    1         0  566    0 CMat     5    4    2    8    7    6    3    1
    9   21    1    1    2    2    1    2    1    0         0    8    1 CMat     1    8
    9   22    1    1    4    4    1    2    0    1         0  572    0 CMat     1    8    7    2
    9   23    1    1    8    1    8    2    1    0         0    7    1 CMat     7    3    4    8    5    6    1    2
    9   24    1    1    2    1    2    2    1    0         0  573    0 CMat     7    3
    9   25    1    1    2    2    1    2    0    1         0    7    1 CMat     4    7
