    1    1    2    1    4    0    0    2    1    1      1782    5    0 ANpure     1    2    3    4
    1    2    1    1    4    4    1    1    1    1      1056    9    0 ANpure     6    7    8    9
    1    3    2    1    8    0    0    2    0    0      1046   18    0 ANpure    10   11   12   13   14   15   16   17
    1    4    1    1    4    1    4    1    0    0       658   19    0 ANpure    19   20   21   22
    1    5    2    1    4    0    0    2    0    0       656   27    0 ANpure    23   24   25   26
    1    6    1    1    4    4    1    1    1    1       453   31    0 ANpure    28   29   30   31
    1    7    2    1    4    0    0    1    1    0       770   36    0 ANpure    32   33   34   35
    1    8    1    1    4    4    1    1    1    1       353   40    0 ANpure    37   38   39   40
    1    9    1    1    8    4    5    1    0    0       475   44    0 ANpure    41   42   43   44   45   46   47   48
    1   10    2    1    4    0    0    1    1    0    467070   53    0 ANpure    49   50   51   52
