    1    1    1    1    4    3    2    2    0    1         0    3    0 side_ANpure  1681  894  573  141
    1    2    2    1    2    0    0    2    1    1         0    7    0 side_ANpure  1681  894
    1    3    1    1    4    3    2    2    1    0         0   10    0 side_ANpure  1681  894  573  141
    1    4    1    1    4    4    1    2    0    1         0   15    0 side_ANpure  1681  894  573  141
    1    5    1    1    2    1    2    2    0    1         0   16    0 side_ANpure  1681  894
    1    6    2    1    8    0    0    2    1    1         0   26    0 side_ANpure  1681  894  573  141 1207  792 1223 2046
    1    7    1    1    4    3    2    2    1    0         0   29    0 side_ANpure  1681  894  573  141
    1    8    2    1    8    0    0    2    1    1         0   39    0 side_ANpure  1681  894  573  141 1207  792 1223 2046
    1    9    2    1    2    0    0    2    0    0         0   42    0 side_ANpure  1681  894
    1   10    1    1    8    6    3    2    1    0         0   48    0 side_ANpure  1681  894  573  141 1207  792 1223 2046
    1   11    1    1    4    4    1    2    1    0         0   54    0 side_ANpure  1681  894  573  141
    1   12    1    1    8    7    2    2    0    1         0   61    0 side_ANpure  1681  894  573  141 1207  792 1223 2046
    1   13    1    1    8    1    8    2    1    0         0   63    0 side_ANpure  1681  894  573  141 1207  792 1223 2046
    1   14    2    1    8    0    0    2    0    0         0   79    0 side_ANpure  1681  894  573  141 1207  792 1223 2046
    1   15    1    1    4    1    4    2    0    1         0   80    0 side_ANpure  1681  894  573  141
    1   16    2    1    4    0    0    2    1    1         0   88    0 side_ANpure  1681  894  573  141
    1   17    1    1    4    3    2    2    0    1         0   91    0 side_ANpure  1681  894  573  141
    1   18    2    1    2    0    0    2    0    0         0   95    0 side_ANpure  1681  894
    1   19    2    1    8    0    0    2    0    0         0  104    0 side_ANpure  1681  894  573  141 1207  792 1223 2046
    1   20    2    1    4    0    0    2    0    0         0  109    0 side_ANpure  1681  894  573  141
    1   21    2    1    8    0    0    2    0    0         0  118    0 side_ANpure  1681  894  573  141 1207  792 1223 2046
    1   22    1    1    2    2    1    2    1    0         0  120    0 side_ANpure  1681  894
    1   23    2    1    2    0    0    2    0    0         0  123    0 side_ANpure  1681  894
    1   24    1    1    4    4    1    2    0    1         0  127    0 side_ANpure  1681  894  573  141
    1   25    2    1    4    0    0    2    0    0         0  132    0 side_ANpure  1681  894  573  141
    2    1    2    1    8    0    0    2    0    0         0  141    0 side_ANpure  1681  894  573  141 1207  792 1223 2046
    2    2    1    1    8    8    1    2    0    1         0  149    0 side_ANpure  1681  894  573  141 1207  792 1223 2046
    2    3    2    1    2    0    0    2    0    0         0  152    0 side_ANpure  1681  894
    2    4    1    1    4    3    2    2    1    0         0  155    0 side_ANpure  1681  894  573  141
    2    5    2    1    8    0    0    2    1    1         0  165    0 side_ANpure  1681  894  573  141 1207  792 1223 2046
    2    6    1    1    8    6    3    2    1    0         0  171    0 side_ANpure  1681  894  573  141 1207  792 1223 2046
    2    7    1    1    8    8    1    2    0    1         0  181    0 side_ANpure  1681  894  573  141 1207  792 1223 2046
    2    8    1    1    8    4    5    2    1    0         0  185    0 side_ANpure  1681  894  573  141 1207  792 1223 2046
    2    9    2    1    2    0    0    2    1    1         0  192    0 side_ANpure  1681  894
    2   10    2    1    8    0    0    2    1    1         0  201    0 side_ANpure  1681  894  573  141 1207  792 1223 2046
    2   11    2    1    8    0    0    2    0    0         0  210    0 side_ANpure  1681  894  573  141 1207  792 1223 2046
    2   12    2    1    2    0    0    2    1    1         0  213    0 side_ANpure  1681  894
    2   13    1    1    4    2    3    2    1    0         0  215    0 side_ANpure  1681  894  573  141
    2   14    2    1    4    0    0    2    1    1         0  222    0 side_ANpure  1681  894  573  141
    2   15    1    1    4    3    2    2    1    0         0  225    0 side_ANpure  1681  894  573  141
    2   16    1    1    8    3    6    2    1    0         0  229    0 side_ANpure  1681  894  573  141 1207  792 1223 2046
    2   17    2    1    8    0    0    2    1    1         0  243    0 side_ANpure  1681  894  573  141 1207  792 1223 2046
    2   18    2    1    4    0    0    2    0    0         0  248    0 side_ANpure  1681  894  573  141
    2   19    1    1    4    2    3    2    0    1         0  250    0 side_ANpure  1681  894  573  141
    2   20    2    1    8    0    0    2    0    0         0  261    0 side_ANpure  1681  894  573  141 1207  792 1223 2046
    2   21    1    1    8    4    5    2    0    1         0  265    0 side_ANpure  1681  894  573  141 1207  792 1223 2046
    2   22    1    1    4    2    3    2    0    1         0  271    0 side_ANpure  1681  894  573  141
    2   23    1    1    8    2    7    2    1    0         0  275    0 side_ANpure  1681  894  573  141 1207  792 1223 2046
    2   24    2    1    8    0    0    2    1    1         0  290    0 side_ANpure  1681  894  573  141 1207  792 1223 2046
    2   25    2    1    2    0    0    2    0    0         0  293    0 side_ANpure  1681  894
    3    1    1    1    4    3    2    2    1    0         0  296    0 side_ANpure  1681  894  573  141
    3    2    2    1    4    0    0    2    1    1         0  302    0 side_ANpure  1681  894  573  141
    3    3    1    1    4    4    1    2    0    1         0  306    0 side_ANpure  1681  894  573  141
    3    4    1    1    8    4    5    2    1    0         0  310    0 side_ANpure  1681  894  573  141 1207  792 1223 2046
    3    5    1    1    4    3    2    2    1    0         0  317    0 side_ANpure  1681  894  573  141
    3    6    2    1    2    0    0    2    0    0         0  321    0 side_ANpure  1681  894
    3    7    1    1    2    2    1    2    1    0         0  323    0 side_ANpure  1681  894
    3    8    2    1    8    0    0    2    0    0         0  332    0 side_ANpure  1681  894  573  141 1207  792 1223 2046
    3    9    2    1    2    0    0    2    1    1         0  335    0 side_ANpure  1681  894
    3   10    2    1    2    0    0    2    0    0         0  338    0 side_ANpure  1681  894
    3   11    2    1    4    0    0    2    1    1         0  343    0 side_ANpure  1681  894  573  141
    3   12    2    1    4    0    0    2    1    1         0  348    0 side_ANpure  1681  894  573  141
    3   13    1    1    4    2    3    2    0    1         0  350    0 side_ANpure  1681  894  573  141
    3   14    1    1    8    3    6    2    0    1         0  355    0 side_ANpure  1681  894  573  141 1207  792 1223 2046
    3   15    2    1    8    0    0    2    0    0         0  369    0 side_ANpure  1681  894  573  141 1207  792 1223 2046
    3   16    1    1    4    1    4    2    1    0         0  370    0 side_ANpure  1681  894  573  141
    3   17    2    1    8    0    0    2    0    0         0  382    0 side_ANpure  1681  894  573  141 1207  792 1223 2046
    3   18    1    1    4    2    3    2    1    0         0  384    0 side_ANpure  1681  894  573  141
    3   19    2    1    8    0    0    2    1    1         0  395    0 side_ANpure  1681  894  573  141 1207  792 1223 2046
    3   20    1    1    8    8    1    2    0    1         0  403    0 side_ANpure  1681  894  573  141 1207  792 1223 2046
    3   21    2    1    2    0    0    2    1    1         0  406    0 side_ANpure  1681  894
    3   22    2    1    8    0    0    2    0    0         0  415    0 side_ANpure  1681  894  573  141 1207  792 1223 2046
    3   23    1    1    8    8    1    2    1    0         0  423    0 side_ANpure  1681  894  573  141 1207  792 1223 2046
    3   24    1    1    8    2    7    2    1    0         0  425    0 side_ANpure  1681  894  573  141 1207  792 1223 2046
    3   25    2    1    4    0    0    2    0    0         0  436    0 side_ANpure  1681  894  573  141
    4    1    1    1    8    6    3    2    0    1         0  442    0 side_ANpure  1681  894  573  141 1207  792 1223 2046
    4    2    2    1    4    0    0    2    0    0         0  449    0 side_ANpure  1681  894  573  141
    4    3    2    1    2    0    0    2    0    0         0  452    0 side_ANpure  1681  894
    4    4    1    1    8    8    1    2    1    0         0  460    0 side_ANpure  1681  894  573  141 1207  792 1223 2046
    4    5    1    1    4    1    4    2    1    0         0  461    0 side_ANpure  1681  894  573  141
    4    6    2    1    2    0    0    2    0    0         0  467    0 side_ANpure  1681  894
    4    7    2    1    2    0    0    2    1    1         0  470    0 side_ANpure  1681  894
    4    8    2    1    4    0    0    2    0    0         0  475    0 side_ANpure  1681  894  573  141
    4    9    2    1    8    0    0    2    0    0         0  484    0 side_ANpure  1681  894  573  141 1207  792 1223 2046
    4   10    1    1    8    6    3    2    0    1         0  490    0 side_ANpure  1681  894  573  141 1207  792 1223 2046
    4   11    2    1    8    0    0    2    0    0         0  501    0 side_ANpure  1681  894  573  141 1207  792 1223 2046
    4   12    1    1    4    2    3    2    1    0         0  503    0 side_ANpure  1681  894  573  141
    4   13    1    1    4    3    2    2    1    0         0  508    0 side_ANpure  1681  894  573  141
    4   14    2    1    4    0    0    2    0    0         0  514    0 side_ANpure  1681  894  573  141
    4   15    1    1    8    7    2    2    1    0         0  521    0 side_ANpure  1681  894  573  141 1207  792 1223 2046
    4   16    1    1    4    4    1    2    0    1         0  526    0 side_ANpure  1681  894  573  141
    4   17    1    1    2    2    1    2    0    1         0  528    0 side_ANpure  1681  894
    4   18    1    1    4    1    4    2    0    1         0  529    0 side_ANpure  1681  894  573  141
    4   19    1    1    4    2    3    2    1    0         0  534    0 side_ANpure  1681  894  573  141
    4   20    2    1    8    0    0    2    0    0         0  545    0 side_ANpure  1681  894  573  141 1207  792 1223 2046
    4   21    2    1    8    0    0    2    0    0         0  554    0 side_ANpure  1681  894  573  141 1207  792 1223 2046
    4   22    2    1    8    0    0    2    0    0         0  563    0 side_ANpure  1681  894  573  141 1207  792 1223 2046
    4   23    2    1    4    0    0    2    1    1         0  568    0 side_ANpure  1681  894  573  141
    4   24    2    1    4    0    0    2    0    0         0  573    0 side_ANpure  1681  894  573  141
    4   25    2    1    4    0    0    2    0    0         0  578    0 side_ANpure  1681  894  573  141
    5    1    1    1    4    1    4    2    1    0         0  579    0 side_ANpure  1681  894  573  141
    5    2    1    1    8    2    7    2    0    1         0  584    0 side_ANpure  1681  894  573  141 1207  792 1223 2046
    5    3    2    1    4    0    0    2    1    1         0  595    0 side_ANpure  1681  894  573  141
    5    4    1    1    4    4    1    2    0    1         0  599    0 side_ANpure  1681  894  573  141
    5    5    1    1    8    2    7    2    1    0         0  601    0 side_ANpure  1681  894  573  141 1207  792 1223 2046
    5    6    1    1    2    1    2    2    1    0         0  608    0 side_ANpure  1681  894
    5    7    1    1    2    1    2    2    1    0         0  610    0 side_ANpure  1681  894
    5    8    2    1    2    0    0    2    0    0         0  614    0 side_ANpure  1681  894
    5    9    2    1    2    0    0    2    0    0         0  617    0 side_ANpure  1681  894
    5   10    2    1    2    0    0    2    0    0         0  620    0 side_ANpure  1681  894
    5   11    1    1    8    1    8    2    1    0         0  621    0 side_ANpure  1681  894  573  141 1207  792 1223 2046
    5   12    1    1    8    1    8    2    1    0         0  629    0 side_ANpure  1681  894  573  141 1207  792 1223 2046
    5   13    2    1    4    0    0    2    1    1         0  641    0 side_ANpure  1681  894  573  141
    5   14    2    1    8    0    0    2    1    1         0  650    0 side_ANpure  1681  894  573  141 1207  792 1223 2046
    5   15    1    1    2    1    2    2    1    0         0  651    0 side_ANpure  1681  894
    5   16    1    1    8    5    4    2    0    1         0  657    0 side_ANpure  1681  894  573  141 1207  792 1223 2046
    5   17    2    1    2    0    0    2    0    0         0  663    0 side_ANpure  1681  894
    5   18    1    1    8    1    8    2    1    0         0  664    0 side_ANpure  1681  894  573  141 1207  792 1223 2046
    5   19    1    1    2    1    2    2    0    1         0  672    0 side_ANpure  1681  894
    5   20    1    1    4    1    4    2    0    1         0  674    0 side_ANpure  1681  894  573  141
    5   21    1    1    4    3    2    2    0    1         0  680    0 side_ANpure  1681  894  573  141
    5   22    1    1    8    1    8    2    0    1         0  682    0 side_ANpure  1681  894  573  141 1207  792 1223 2046
    5   23    2    1    2    0    0    2    1    1         0  692    0 side_ANpure  1681  894
    5   24    2    1    4    0    0    2    0    0         0  697    0 side_ANpure  1681  894  573  141
    5   25    1    1    8    1    8    2    0    1         0  698    0 side_ANpure  1681  894  573  141 1207  792 1223 2046
    6    1    1    1    8    5    4    2    1    0         0  710    0 side_ANpure  1681  894  573  141 1207  792 1223 2046
    6    2    2    1    2    0    0    2    1    1         0  716    0 side_ANpure  1681  894
    6    3    2    1    2    0    0    2    0    0         0  719    0 side_ANpure  1681  894
    6    4    1    1    8    7    2    2    0    1         0  726    0 side_ANpure  1681  894  573  141 1207  792 1223 2046
    6    5    2    1    2    0    0    2    1    1         0  730    0 side_ANpure  1681  894
    6    6    2    1    2    0    0    2    0    0         0  733    0 side_ANpure  1681  894
    6    7    1    1    2    2    1    2    0    1         0  735    0 side_ANpure  1681  894
    6    8    1    1    4    4    1    2    0    1         0  739    0 side_ANpure  1681  894  573  141
    6    9    2    1    8    0    0    2    1    1         0  748    0 side_ANpure  1681  894  573  141 1207  792 1223 2046
    6   10    2    1    4    0    0    2    0    0         0  753    0 side_ANpure  1681  894  573  141
    6   11    1    1    8    3    6    2    0    1         0  756    0 side_ANpure  1681  894  573  141 1207  792 1223 2046
    6   12    2    1    8    0    0    2    1    1         0  770    0 side_ANpure  1681  894  573  141 1207  792 1223 2046
    6   13    1    1    8    3    6    2    0    1         0  773    0 side_ANpure  1681  894  573  141 1207  792 1223 2046
    6   14    1    1    8    5    4    2    0    1         0  783    0 side_ANpure  1681  894  573  141 1207  792 1223 2046
    6   15    2    1    2    0    0    2    1    1         0  789    0 side_ANpure  1681  894
    6   16    2    1    4    0    0    2    1    1         0  794    0 side_ANpure  1681  894  573  141
    6   17    2    1    2    0    0    2    1    1         0  797    0 side_ANpure  1681  894
    6   18    2    1    8    0    0    2    1    1         0  806    0 side_ANpure  1681  894  573  141 1207  792 1223 2046
    6   19    2    1    8    0    0    2    0    0         0  815    0 side_ANpure  1681  894  573  141 1207  792 1223 2046
    6   20    1    1    2    2    1    2    0    1         0  817    0 side_ANpure  1681  894
    6   21    1    1    4    4    1    2    0    1         0  821    0 side_ANpure  1681  894  573  141
    6   22    2    1    2    0    0    2    1    1         0  824    0 side_ANpure  1681  894
    6   23    1    1    4    2    3    2    1    0         0  826    0 side_ANpure  1681  894  573  141
    6   24    2    1    8    0    0    2    0    0         0  837    0 side_ANpure  1681  894  573  141 1207  792 1223 2046
    6   25    2    1    8    0    0    2    0    0         0  846    0 side_ANpure  1681  894  573  141 1207  792 1223 2046
    7    1    1    1    4    4    1    2    1    0         0  850    0 side_ANpure  1681  894  573  141
    7    2    1    1    4    1    4    2    1    0         0  851    0 side_ANpure  1681  894  573  141
    7    3    2    1    4    0    0    2    0    0         0  859    0 side_ANpure  1681  894  573  141
    7    4    1    1    8    1    8    2    0    1         0  860    0 side_ANpure  1681  894  573  141 1207  792 1223 2046
    7    5    2    1    2    0    0    2    1    1         0  870    0 side_ANpure  1681  894
    7    6    1    1    8    7    2    2    0    1         0  877    0 side_ANpure  1681  894  573  141 1207  792 1223 2046
    7    7    2    1    4    0    0    2    0    0         0  883    0 side_ANpure  1681  894  573  141
    7    8    2    1    2    0    0    2    1    1         0  886    0 side_ANpure  1681  894
    7    9    1    1    4    4    1    2    0    1         0  890    0 side_ANpure  1681  894  573  141
    7   10    2    1    4    0    0    2    0    0         0  895    0 side_ANpure  1681  894  573  141
    7   11    1    1    4    1    4    2    0    1         0  896    0 side_ANpure  1681  894  573  141
    7   12    2    1    8    0    0    2    1    1         0  908    0 side_ANpure  1681  894  573  141 1207  792 1223 2046
    7   13    2    1    2    0    0    2    0    0         0  911    0 side_ANpure  1681  894
    7   14    1    1    2    1    2    2    1    0         0  912    0 side_ANpure  1681  894
    7   15    2    1    8    0    0    2    1    1         0  922    0 side_ANpure  1681  894  573  141 1207  792 1223 2046
    7   16    2    1    2    0    0    2    1    1         0  925    0 side_ANpure  1681  894
    7   17    1    1    4    2    3    2    1    0         0  927    0 side_ANpure  1681  894  573  141
    7   18    1    1    4    4    1    2    1    0         0  933    0 side_ANpure  1681  894  573  141
    7   19    2    1    8    0    0    2    0    0         0  942    0 side_ANpure  1681  894  573  141 1207  792 1223 2046
    7   20    1    1    2    2    1    2    1    0         0  944    0 side_ANpure  1681  894
    7   21    2    1    2    0    0    2    1    1         0  947    0 side_ANpure  1681  894
    7   22    2    1    8    0    0    2    1    1         0  956    0 side_ANpure  1681  894  573  141 1207  792 1223 2046
    7   23    2    1    8    0    0    2    0    0         0  965    0 side_ANpure  1681  894  573  141 1207  792 1223 2046
    7   24    2    1    4    0    0    2    0    0         0  970    0 side_ANpure  1681  894  573  141
    7   25    2    1    4    0    0    2    1    1         0  975    0 side_ANpure  1681  894  573  141
    8    1    1    1    4    3    2    2    0    1         0  978    0 side_ANpure  1681  894  573  141
    8    2    2    1    8    0    0    2    0    0         0  988    0 side_ANpure  1681  894  573  141 1207  792 1223 2046
    8    3    1    1    2    2    1    2    0    1         0  990    0 side_ANpure  1681  894
    8    4    2    1    2    0    0    2    1    1         0  993    0 side_ANpure  1681  894
    8    5    2    1    4    0    0    2    1    1         0  998    0 side_ANpure  1681  894  573  141
    8    6    2    1    2    0    0    2    1    1         0 1001    0 side_ANpure  1681  894
    8    7    2    1    4    0    0    2    1    1         0 1006    0 side_ANpure  1681  894  573  141
    8    8    2    1    2    0    0    2    1    1         0 1009    0 side_ANpure  1681  894
    8    9    2    1    8    0    0    2    1    1         0 1018    0 side_ANpure  1681  894  573  141 1207  792 1223 2046
    8   10    2    1    2    0    0    2    0    0         0 1021    0 side_ANpure  1681  894
    8   11    1    1    8    2    7    2    1    0         0 1023    0 side_ANpure  1681  894  573  141 1207  792 1223 2046
    8   12    1    1    4    4    1    2    1    0         0 1033    0 side_ANpure  1681  894  573  141
    8   13    1    1    4    4    1    2    1    0         0 1037    0 side_ANpure  1681  894  573  141
    8   14    2    1    2    0    0    2    0    0         0 1040    0 side_ANpure  1681  894
    8   15    1    1    4    4    1    2    0    1         0 1044    0 side_ANpure  1681  894  573  141
    8   16    1    1    4    1    4    2    0    1         0 1045    0 side_ANpure  1681  894  573  141
    8   17    2    1    2    0    0    2    1    1         0 1051    0 side_ANpure  1681  894
    8   18    1    1    8    7    2    2    0    1         0 1058    0 side_ANpure  1681  894  573  141 1207  792 1223 2046
    8   19    1    1    4    1    4    2    0    1         0 1060    0 side_ANpure  1681  894  573  141
    8   20    2    1    8    0    0    2    0    0         0 1072    0 side_ANpure  1681  894  573  141 1207  792 1223 2046
    8   21    2    1    8    0    0    2    1    1         0 1081    0 side_ANpure  1681  894  573  141 1207  792 1223 2046
    8   22    1    1    4    4    1    2    0    1         0 1085    0 side_ANpure  1681  894  573  141
    8   23    2    1    8    0    0    2    0    0         0 1094    0 side_ANpure  1681  894  573  141 1207  792 1223 2046
    8   24    1    1    8    4    5    2    1    0         0 1098    0 side_ANpure  1681  894  573  141 1207  792 1223 2046
    8   25    1    1    4    2    3    2    1    0         0 1104    0 side_ANpure  1681  894  573  141
    9    1    1    1    8    4    5    2    0    1         0 1110    0 side_ANpure  1681  894  573  141 1207  792 1223 2046
    9    2    1    1    2    1    2    2    0    1         0 1115    0 side_ANpure  1681  894
    9    3    2    1    8    0    0    2    0    0         0 1125    0 side_ANpure  1681  894  573  141 1207  792 1223 2046
    9    4    1    1    8    8    1    2    1    0         0 1133    0 side_ANpure  1681  894  573  141 1207  792 1223 2046
    9    5    2    1    8    0    0    2    0    0         0 1142    0 side_ANpure  1681  894  573  141 1207  792 1223 2046
    9    6    2    1    2    0    0    2    0    0         0 1145    0 side_ANpure  1681  894
    9    7    2    1    2    0    0    2    0    0         0 1148    0 side_ANpure  1681  894
    9    8    2    1    2    0    0    2    0    0         0 1151    0 side_ANpure  1681  894
    9    9    1    1    8    5    4    2    0    1         0 1156    0 side_ANpure  1681  894  573  141 1207  792 1223 2046
    9   10    2    1    8    0    0    2    1    1         0 1168    0 side_ANpure  1681  894  573  141 1207  792 1223 2046
    9   11    2    1    2    0    0    2    0    0         0 1171    0 side_ANpure  1681  894
    9   12    1    1    8    4    5    2    0    1         0 1175    0 side_ANpure  1681  894  573  141 1207  792 1223 2046
    9   13    2    1    4    0    0    2    1    1         0 1184    0 side_ANpure  1681  894  573  141
    9   14    2    1    8    0    0    2    0    0         0 1193    0 side_ANpure  1681  894  573  141 1207  792 1223 2046
    9   15    2    1    4    0    0    2    0    0         0 1198    0 side_ANpure  1681  894  573  141
    9   16    1    1    4    4    1    2    1    0         0 1202    0 side_ANpure  1681  894  573  141
    9   17    2    1    4    0    0    2    0    0         0 1207    0 side_ANpure  1681  894  573  141
    9   18    2    1    8    0    0    2    1    1         0 1216    0 side_ANpure  1681  894  573  141 1207  792 1223 2046
    9   19    2    1    4    0    0    2    1    1         0 1221    0 side_ANpure  1681  894  573  141
    9   20    1    1    4    4    1    2    0    1         0 1225    0 side_ANpure  1681  894  573  141
    9   21    1    1    4    4    1    2    1    0         0 1229    0 side_ANpure  1681  894  573  141
    9   22    1    1    4    4    1    2    0    1         0 1233    0 side_ANpure  1681  894  573  141
    9   23    2    1    8    0    0    2    0    0         0 1242    0 side_ANpure  1681  894  573  141 1207  792 1223 2046
    9   24    1    1    2    2    1    2    1    0         0 1244    0 side_ANpure  1681  894
    9   25    2    1    4    0    0    2    0    0         0 1249    0 side_ANpure  1681  894  573  141
