    1    1    2    1    8    0    0    2    0    0      4046   12    1 MIX     3    8    5    2   17   18   19   20
    1    2    2    1    2    0    0    2    0    0      3087   10    1 MIX     1   21
    1    3    2    1    4    0    0    1    1    0      3713   14    1 MIX     4    2   22   23
    1    4    2    1    8    0    0    2    0    0      2769   10    1 MIX     6    8    2    1   24   25   26   27
    1    5    2    1    4    0    0    2    1    1      2905   30    0 MIX     3    5   28   29
    1    6    1    1    2    1    2    1    0    0      1944   31    0 MIX     7   31
    1    7    2    1    4    0    0    2    0    0      1370   34    0 MIX     6    5   32   33
    1    8    2    1    4    0    0    1    1    0      1428   10    1 MIX     8    4   35   36
    1    9    1    1    8    3    6    1    1    1      1344    7    1 MIX     2    1    6    7   37   38   39   40
    1   10    1    1    8    5    4    1    1    1       746    2    1 MIX     7    5    2    6   41   42   43   44
    1   11    2    1    8    0    0    1    0    1       943    6    1 MIX     1    6    4    7   45   46   47   48
    1   12    2    1    8    0    0    2    1    1      1401   53    0 MIX     8    1    7    2   49   50   51   52
    1   13    1    1    2    1    2    1    0    0      1636    5    1 MIX     5   54
    1   14    2    1    8    0    0    1    0    1      1365    5    1 MIX     5    4    1    7   55   56   57   58
    1   15    2    1    8    0    0    2    1    1      1201    8    1 MIX     7    8    3    4   59   60   61   62
    1   16    1    1    2    1    2    2    1    0      1596    5    1 MIX     5   63
    1   17    2    1    2    0    0    2    1    1      1296    1    1 MIX     7   64
    1   18    1    1    2    1    2    2    0    1      1137    4    1 MIX     4   65
    1   19    2    1    2    0    0    1    1    0      1142   67    0 MIX     3   66
    1   20    1    1    4    3    2    2    0    1      1088    2    1 MIX     2    8   68   69
    1   21    1    1    2    1    2    2    0    1      2182   70    0 MIX     1   70
    1   22    2    1    4    0    0    1    0    1       174    6    1 MIX     5    1   71   72
    1   23    1    1    4    1    4    2    0    1       597    5    1 MIX     3    5   73   74
    1   24    1    1    4    1    4    1    0    0      1532   75    0 MIX     2    4   75   76
    2    1    1    1    8    3    6    2    0    1      1139   79    0 MIX     6    7    1    3   77   78   79   80
    2    2    2    1    4    0    0    2    1    1      1045   83    0 MIX     7    6   81   82
    2    3    1    1    8    1    8    2    1    0      1299   85    0 MIX     4    2    7    1   84   85   86   87
    2    4    2    1    4    0    0    1    0    1      2521    1    1 MIX     8    1   88   89
    2    5    2    1    4    0    0    2    1    1       500    7    1 MIX     3    1   90   91
    2    6    1    1    8    8    1    2    0    1      1103    2    1 MIX     8    7    1    2   92   93   94   95
    2    7    2    1    8    0    0    1    1    0      1181   15    1 MIX     4    8    7    2   96   97   98   99
    2    8    2    1    8    0    0    2    0    0       775  104    0 MIX     5    1    8    2  100  101  102  103
    2    9    2    1    8    0    0    2    1    1       465    7    1 MIX     8    4    2    3  105  106  107  108
    2   10    1    1    2    2    1    1    0    0      1379    8    1 MIX     8  109
    2   11    2    1    4    0    0    1    0    1      1316    2    1 MIX     6    2  110  111
    2   12    2    1    4    0    0    2    0    0       959   11    1 MIX     3    5  112  113
    2   13    1    1    2    2    1    2    1    0      2740  114    0 MIX     5  114
    2   14    1    1    4    3    2    2    0    1      1047  115    0 MIX     2    4  115  116
    2   15    2    1    2    0    0    1    1    0      1152  118    0 MIX     8  117
    2   16    1    1    2    1    2    2    1    0      1645  119    0 MIX     7  119
    2   17    2    1    4    0    0    1    1    0      1019  122    0 MIX     3    6  120  121
    2   18    2    1    2    0    0    1    1    0       693   15    1 MIX     8  123
    2   19    2    1    2    0    0    1    1    0       790  125    0 MIX     3  124
    2   20    2    1    8    0    0    1    0    1       609    8    1 MIX     2    7    6    3  126  127  128  129
    2   21    2    1    4    0    0    1    1    0       770   12    1 MIX     6    5  130  131
    2   22    1    1    8    8    1    2    0    1      2510  133    0 MIX     1    3    8    2  132  133  134  135
    2   23    2    1    4    0    0    1    1    0      1147  138    0 MIX     6    4  136  137
    2   24    2    1    2    0    0    2    0    0      2952  140    0 MIX     4  139
    3    1    1    1    4    4    1    1    1    1      1368    1    1 MIX     1    7  141  142
    3    2    2    1    4    0    0    2    0    0       722  145    0 MIX     2    8  143  144
    3    3    2    1    4    0    0    2    0    0      1134  148    0 MIX     6    5  146  147
    3    4    1    1    2    1    2    2    1    0       972  149    0 MIX     1  149
    3    5    2    1    4    0    0    1    0    1      2091  152    0 MIX     4    1  150  151
    3    6    2    1    8    0    0    2    0    0      1786   14    1 MIX     1    6    3    5  153  154  155  156
    3    7    2    1    4    0    0    1    0    1      1523    2    1 MIX     7    2  157  158
    3    8    1    1    8    3    6    2    0    1      2111    4    1 MIX     4    6    7    3  159  160  161  162
    3    9    2    1    2    0    0    1    0    1      1116    1    1 MIX     7  163
    3   10    2    1    4    0    0    2    1    1       744  166    0 MIX     2    7  164  165
    3   11    2    1    8    0    0    2    1    1       772  171    0 MIX     8    5    3    7  167  168  169  170
    3   12    1    1    4    3    2    2    0    1       605    3    1 MIX     3    5  172  173
    3   13    1    1    4    4    1    1    0    0      1252    4    1 MIX     4    6  174  175
    3   14    2    1    4    0    0    2    1    1       707    4    1 MIX     7    3  176  177
    3   15    1    1    8    5    4    1    0    0       888    1    1 MIX     1    5    3    7  178  179  180  181
    3   16    2    1    4    0    0    2    1    1      1069  184    0 MIX     3    2  182  183
    3   17    2    1    8    0    0    2    1    1      1019  189    0 MIX     7    6    5    8  185  186  187  188
    3   18    1    1    4    3    2    1    0    0       867    4    1 MIX     4    8  190  191
    3   19    1    1    8    6    3    1    1    1       859    3    1 MIX     5    2    3    4  192  193  194  195
    3   20    2    1    4    0    0    1    0    1       721    1    1 MIX     8    3  196  197
    3   21    2    1    2    0    0    1    0    1       655    3    1 MIX     1  198
    3   22    2    1    8    0    0    2    1    1       501  203    0 MIX     8    1    2    6  199  200  201  202
    3   23    2    1    2    0    0    2    1    1       524  205    0 MIX     3  204
    3   24    2    1    8    0    0    2    0    0       562   16    1 MIX     2    1    4    5  206  207  208  209
    4    1    1    1    8    1    8    2    0    1       726    2    1 MIX     2    3    8    7  210  211  212  213
    4    2    2    1    4    0    0    2    0    0      2152   12    1 MIX     2    1  214  215
    4    3    2    1    8    0    0    1    1    0       395  220    0 MIX     6    8    7    1  216  217  218  219
    4    4    1    1    8    6    3    1    0    0      1029    2    1 MIX     2    4    7    6  221  222  223  224
    4    5    1    1    2    2    1    1    1    1       768    8    1 MIX     8  225
    4    6    1    1    2    2    1    1    1    1       525    7    1 MIX     7  226
    4    7    2    1    2    0    0    2    0    0      1123   15    1 MIX     7  227
    4    8    2    1    8    0    0    1    1    0       568  232    0 MIX     6    4    3    5  228  229  230  231
    4    9    1    1    4    1    4    2    0    1       329  234    0 MIX     8    5  233  234
    4   10    1    1    8    2    7    1    1    1       294    5    1 MIX     4    1    5    6  235  236  237  238
    4   11    2    1    8    0    0    2    1    1       716  243    0 MIX     5    8    4    1  239  240  241  242
    4   12    2    1    8    0    0    2    0    0       838  248    0 MIX     6    7    2    4  244  245  246  247
    4   13    1    1    2    1    2    2    1    0       672  249    0 MIX     7  249
    4   14    1    1    2    2    1    1    0    0       865    4    1 MIX     4  250
    4   15    1    1    2    1    2    2    1    0       650  251    0 MIX     2  251
    4   16    2    1    2    0    0    1    0    1       538  253    0 MIX     6  252
    4   17    1    1    2    2    1    2    1    0       798    4    1 MIX     4  254
    4   18    2    1    8    0    0    2    0    0       782   14    1 MIX     7    3    5    8  255  256  257  258
    4   19    1    1    4    4    1    1    0    0       319  260    0 MIX     1    2  259  260
    4   20    2    1    4    0    0    1    1    0       539  263    0 MIX     1    7  261  262
    4   21    2    1    8    0    0    1    0    1       759  268    0 MIX     2    7    1    6  264  265  266  267
    4   22    1    1    2    1    2    2    0    1       748  269    0 MIX     7  269
    4   23    1    1    8    4    5    1    0    0       879  271    0 MIX     1    7    6    3  270  271  272  273
    4   24    1    1    2    1    2    2    1    0      1105  274    0 MIX     6  274
    5    1    2    1    4    0    0    1    0    1       516  277    0 MIX     1    4  275  276
    5    2    2    1    2    0    0    2    1    1      1065  279    0 MIX     2  278
    5    3    1    1    2    2    1    1    0    0       810    5    1 MIX     5  280
    5    4    1    1    2    2    1    2    1    0       413  281    0 MIX     4  281
    5    5    2    1    4    0    0    2    1    1       661    2    1 MIX     3    4  282  283
    5    6    2    1    2    0    0    2    1    1       755  285    0 MIX     7  284
    5    7    2    1    4    0    0    2    0    0       853  288    0 MIX     3    1  286  287
    5    8    2    1    8    0    0    2    1    1       717    7    1 MIX     1    4    3    5  289  290  291  292
    5    9    1    1    2    1    2    1    1    1      1491    8    1 MIX     8  293
    5   10    1    1    4    3    2    2    0    1       825    7    1 MIX     7    3  294  295
    5   11    2    1    4    0    0    2    1    1       416  298    0 MIX     7    1  296  297
    5   12    1    1    4    2    3    2    0    1      1686  299    0 MIX     4    2  299  300
    5   13    1    1    2    1    2    1    1    1       357  301    0 MIX     5  301
    5   14    1    1    4    2    3    1    1    1       295  302    0 MIX     8    7  302  303
    5   15    1    1    8    6    3    1    1    1       506  306    0 MIX     6    3    5    4  304  305  306  307
    5   16    2    1    8    0    0    2    1    1       602    1    1 MIX     8    6    1    2  308  309  310  311
    5   17    1    1    2    2    1    2    1    0       453  312    0 MIX     4  312
    5   18    1    1    2    2    1    2    1    0       343    4    1 MIX     4  313
    5   19    2    1    8    0    0    1    1    0       577  318    0 MIX     6    2    1    8  314  315  316  317
    5   20    2    1    8    0    0    2    1    1       641  323    0 MIX     3    6    1    5  319  320  321  322
    5   21    1    1    2    1    2    2    1    0       787    1    1 MIX     1  324
    5   22    1    1    2    2    1    2    0    1       415    2    1 MIX     2  325
    5   23    2    1    4    0    0    2    1    1       597    3    1 MIX     3    2  326  327
    5   24    1    1    4    3    2    1    0    0       558  328    0 MIX     3    1  328  329
    6    1    1    1    2    2    1    1    1    1       437  330    0 MIX     4  330
    6    2    1    1    8    4    5    2    1    0       870  331    0 MIX     5    6    3    8  331  332  333  334
    6    3    1    1    2    1    2    2    0    1       773    7    1 MIX     7  335
    6    4    2    1    2    0    0    1    1    0       538    9    1 MIX     3  336
    6    5    1    1    2    1    2    1    1    1       361    7    1 MIX     7  337
    6    6    2    1    4    0    0    2    1    1       507  340    0 MIX     4    1  338  339
    6    7    2    1    2    0    0    2    1    1       531    5    1 MIX     8  341
    6    8    1    1    4    3    2    2    1    0       630  342    0 MIX     3    1  342  343
    6    9    1    1    2    1    2    1    1    1       841    7    1 MIX     7  344
    6   10    2    1    2    0    0    2    1    1       650  346    0 MIX     2  345
    6   11    2    1    2    0    0    2    1    1       554  348    0 MIX     3  347
    6   12    2    1    4    0    0    1    1    0       460  351    0 MIX     2    8  349  350
    6   13    2    1    2    0    0    1    0    1       686    4    1 MIX     2  352
    6   14    2    1    8    0    0    1    1    0      1491  357    0 MIX     3    2    6    7  353  354  355  356
    6   15    2    1    4    0    0    2    1    1       567    6    1 MIX     4    8  358  359
    6   16    1    1    4    3    2    2    0    1      1217    6    1 MIX     6    7  360  361
    6   17    1    1    8    2    7    2    1    0       546  363    0 MIX     2    1    6    7  362  363  364  365
    6   18    1    1    8    4    5    2    1    0       637  368    0 MIX     7    6    1    8  366  367  368  369
    6   19    2    1    8    0    0    2    1    1       901    2    1 MIX     5    8    7    3  370  371  372  373
    6   20    1    1    8    3    6    1    1    1       723  375    0 MIX     8    4    6    7  374  375  376  377
    6   21    2    1    2    0    0    2    1    1       570    3    1 MIX     5  378
    6   22    2    1    2    0    0    1    0    1       999    3    1 MIX     3  379
    6   23    2    1    4    0    0    1    1    0       576   14    1 MIX     4    2  380  381
    6   24    1    1    4    2    3    1    1    1      1776  383    0 MIX     1    7  382  383
    7    1    1    1    8    4    5    1    0    0       645  386    0 MIX     5    6    7    8  384  385  386  387
    7    2    1    1    8    6    3    2    1    0       741    5    1 MIX     4    5    8    1  388  389  390  391
    7    3    2    1    8    0    0    1    1    0       656  396    0 MIX     5    8    1    4  392  393  394  395
    7    4    2    1    2    0    0    2    1    1       913    7    1 MIX     6  397
    7    5    2    1    2    0    0    1    1    0       455  399    0 MIX     1  398
    7    6    1    1    4    2    3    1    1    1      1628    1    1 MIX     4    1  400  401
    7    7    2    1    8    0    0    2    1    1       987  406    0 MIX     5    7    8    4  402  403  404  405
    7    8    2    1    2    0    0    1    0    1       768    4    1 MIX     8  407
    7    9    2    1    8    0    0    1    0    1       944    3    1 MIX     6    7    2    1  408  409  410  411
    7   10    2    1    8    0    0    2    1    1       666  416    0 MIX     4    1    7    8  412  413  414  415
    7   11    2    1    4    0    0    1    1    0       855  419    0 MIX     4    1  417  418
    7   12    2    1    8    0    0    1    0    1       727    8    1 MIX     2    4    6    7  420  421  422  423
    7   13    2    1    2    0    0    1    1    0       622   14    1 MIX     1  424
    7   14    2    1    4    0    0    2    1    1      1221  427    0 MIX     2    3  425  426
    7   15    1    1    4    1    4    1    1    1      1141  428    0 MIX     1    4  428  429
    7   16    2    1    8    0    0    1    1    0      1143   16    1 MIX     2    6    8    7  430  431  432  433
    7   17    2    1    8    0    0    1    1    0      1027  438    0 MIX     4    1    2    5  434  435  436  437
    7   18    2    1    4    0    0    1    1    0       955  441    0 MIX     2    5  439  440
    7   19    2    1    2    0    0    2    1    1       969    6    1 MIX     7  442
    7   20    1    1    8    5    4    2    0    1      1790  443    0 MIX     6    7    8    2  443  444  445  446
    7   21    2    1    2    0    0    2    0    0      2089  448    0 MIX     8  447
    7   22    1    1    2    1    2    1    1    1       986    4    1 MIX     4  449
    7   23    2    1    8    0    0    1    1    0      1059  454    0 MIX     5    1    6    3  450  451  452  453
    7   24    2    1    4    0    0    1    1    0       937  457    0 MIX     5    6  455  456
    8    1    2    1    2    0    0    2    1    1       863    5    1 MIX     2  458
    8    2    1    1    8    3    6    2    1    0       686  461    0 MIX     5    4    3    2  459  460  461  462
    8    3    1    1    2    2    1    2    0    1       550  463    0 MIX     6  463
    8    4    1    1    8    7    2    2    1    0       466  467    0 MIX     5    7    4    8  464  465  466  467
    8    5    2    1    8    0    0    2    1    1       841  472    0 MIX     5    8    1    2  468  469  470  471
    8    6    2    1    8    0    0    2    1    1       735    2    1 MIX     2    8    7    1  473  474  475  476
    8    7    2    1    4    0    0    1    1    0       930  479    0 MIX     8    2  477  478
    8    8    2    1    8    0    0    1    1    0       855  484    0 MIX     2    3    6    1  480  481  482  483
    8    9    2    1    2    0    0    1    1    0       704   13    1 MIX     6  485
    8   10    2    1    2    0    0    2    1    1      1111  487    0 MIX     3  486
    8   11    2    1    4    0    0    1    1    0      1172   12    1 MIX     1    2  488  489
    8   12    2    1    8    0    0    1    1    0      1071  494    0 MIX     2    6    5    7  490  491  492  493
    8   13    2    1    2    0    0    2    1    1       752    4    1 MIX     7  495
    8   14    2    1    4    0    0    1    1    0      1154    9    1 MIX     2    1  496  497
    8   15    2    1    8    0    0    1    1    0       702  502    0 MIX     3    1    7    8  498  499  500  501
    8   16    2    1    2    0    0    1    1    0      1269   12    1 MIX     6  503
    8   17    2    1    8    0    0    1    1    0      1092   14    1 MIX     6    2    7    5  504  505  506  507
    8   18    2    1    4    0    0    2    1    1       992    8    1 MIX     1    2  508  509
    8   19    2    1    4    0    0    2    1    1       817    6    1 MIX     2    5  510  511
    8   20    2    1    2    0    0    2    1    1       716    1    1 MIX     8  512
    8   21    1    1    4    3    2    1    1    1       871  513    0 MIX     6    7  513  514
    8   22    1    1    2    1    2    2    1    0       944    5    1 MIX     5  515
    8   23    2    1    4    0    0    2    1    1       953  518    0 MIX     2    8  516  517
    8   24    1    1    8    1    8    1    1    1      1061    1    1 MIX     1    4    7    3  519  520  521  522
    9    1    1    1    4    3    2    2    1    0       910  523    0 MIX     5    8  523  524
    9    2    2    1    4    0    0    1    1    0       706  527    0 MIX     1    8  525  526
    9    3    1    1    8    5    4    2    1    0       646    3    1 MIX     6    4    3    8  528  529  530  531
    9    4    2    1    8    0    0    2    1    1      1503  536    0 MIX     5    1    6    2  532  533  534  535
    9    5    2    1    2    0    0    1    1    0      1135   12    1 MIX     5  537
    9    6    2    1    8    0    0    2    0    0      1139    9    1 MIX     1    8    6    4  538  539  540  541
    9    7    1    1    2    1    2    2    1    0       570  542    0 MIX     2  542
    9    8    1    1    8    8    1    1    1    1       900    5    1 MIX     5    3    2    6  543  544  545  546
    9    9    2    1    8    0    0    2    1    1       627  551    0 MIX     1    8    3    2  547  548  549  550
    9   10    2    1    2    0    0    1    1    0      1053   15    1 MIX     1  552
    9   11    2    1    4    0    0    1    1    0       908   16    1 MIX     6    1  553  554
    9   12    1    1    4    2    3    1    1    1       994    6    1 MIX     6    5  555  556
    9   13    1    1    2    2    1    2    1    0       910  557    0 MIX     4  557
    9   14    1    1    4    3    2    1    1    1       891  558    0 MIX     4    8  558  559
    9   15    1    1    8    1    8    2    1    0       905  562    0 MIX     6    4    1    7  560  561  562  563
    9   16    2    1    4    0    0    1    0    1       686    7    1 MIX     3    6  564  565
    9   17    2    1    2    0    0    2    1    1       878  567    0 MIX     5  566
    9   18    1    1    4    1    4    2    1    0       812    4    1 MIX     3    4  568  569
    9   19    1    1    8    2    7    2    1    0      1115    6    1 MIX     8    6    3    1  570  571  572  573
    9   20    1    1    2    2    1    1    1    1       930    5    1 MIX     5  574
    9   21    1    1    2    1    2    1    1    1      1745  575    0 MIX     1  575
    9   22    2    1    2    0    0    1    1    0      1175   16    1 MIX     2  576
    9   23    1    1    2    2    1    1    0    0       404    1    1 MIX     1  577
    9   24    2    1    2    0    0    2    1    1      1071  579    0 MIX     3  578
