    1    1    2    1    8    0    0    2    1    1      3932    9    0 ANpure     1    2    3    4    5    6    7    8
    1    2    2    1    8    0    0    1    1    0      1638   18    0 ANpure    10   11   12   13   14   15   16   17
    1    3    1    1    2    1    2    2    1    0      1254   19    0 ANpure    19   20
    1    4    2    1    4    0    0    1    1    0      1175   25    0 ANpure    21   22   23   24
    1    5    1    1    8    1    8    1    1    1       946   26    0 ANpure    26   27   28   29   30   31   32   33
    1    6    1    1    4    2    3    2    0    1       691   35    0 ANpure    34   35   36   37
    1    7    2    1    2    0    0    1    1    0      1512   40    0 ANpure    38   39
    1    8    2    1    4    0    0    1    1    0       960   45    0 ANpure    41   42   43   44
    1    9    2    1    4    0    0    2    1    1       972   50    0 ANpure    46   47   48   49
    1   10    2    1    2    0    0    1    1    0       740   53    0 ANpure    51   52
    1   11    2    1    4    0    0    2    1    1       954   58    0 ANpure    54   55   56   57
    1   12    1    1    4    3    2    1    1    1       936   61    0 ANpure    59   60   61   62
    1   13    2    1    4    0    0    2    1    1       775   67    0 ANpure    63   64   65   66
    1   14    1    1    8    8    1    1    1    1       902   75    0 ANpure    68   69   70   71   72   73   74   75
    1   15    1    1    4    3    2    1    1    1       742   78    0 ANpure    76   77   78   79
    1   16    2    1    8    0    0    2    1    1       657   88    0 ANpure    80   81   82   83   84   85   86   87
    1   17    1    1    8    6    3    2    1    0       882   94    0 ANpure    89   90   91   92   93   94   95   96
    1   18    2    1    2    0    0    2    1    1       559   99    0 ANpure    97   98
    1   19    1    1    8    8    1    1    1    1       708  107    0 ANpure   100  101  102  103  104  105  106  107
    1   20    2    1    4    0    0    2    1    1       651  112    0 ANpure   108  109  110  111
    1   21    2    1    4    0    0    2    1    1       788  117    0 ANpure   113  114  115  116
    1   22    1    1    8    2    7    1    0    0       735  119    0 ANpure   118  119  120  121  122  123  124  125
    1   23    1    1    8    5    4    1    1    1       765  130    0 ANpure   126  127  128  129  130  131  132  133
    1   24    1    1    2    1    2    1    1    1       591  134    0 ANpure   134  135
    2    1    1    1    4    3    2    2    1    0       759  138    0 ANpure   136  137  138  139
    2    2    2    1    2    0    0    2    1    1       555  142    0 ANpure   140  141
    2    3    2    1    2    0    0    1    1    0       549  145    0 ANpure   143  144
    2    4    1    1    8    1    8    1    1    1       793  146    0 ANpure   146  147  148  149  150  151  152  153
    2    5    2    1    8    0    0    2    1    1       835  162    0 ANpure   154  155  156  157  158  159  160  161
    2    6    1    1    2    2    1    1    1    1       515  164    0 ANpure   163  164
    2    7    2    1    2    0    0    1    1    0       542  167    0 ANpure   165  166
    2    8    1    1    8    3    6    2    1    0       819  170    0 ANpure   168  169  170  171  172  173  174  175
    2    9    1    1    8    2    7    1    1    1       765  177    0 ANpure   176  177  178  179  180  181  182  183
    2   10    2    1    4    0    0    2    1    1       709  188    0 ANpure   184  185  186  187
    2   11    2    1    8    0    0    1    1    0       883  197    0 ANpure   189  190  191  192  193  194  195  196
    2   12    2    1    2    0    0    1    1    0       610  200    0 ANpure   198  199
    2   13    2    1    4    0    0    1    1    0       525  205    0 ANpure   201  202  203  204
    2   14    2    1    2    0    0    2    1    1       537  208    0 ANpure   206  207
    2   15    1    1    8    7    2    2    1    0       670  215    0 ANpure   209  210  211  212  213  214  215  216
    2   16    2    1    4    0    0    2    1    1       504  221    0 ANpure   217  218  219  220
    2   17    1    1    4    4    1    2    1    0       424  225    0 ANpure   222  223  224  225
    2   18    1    1    2    2    1    2    1    0       520  227    0 ANpure   226  227
    2   19    1    1    2    1    2    1    1    1       436  228    0 ANpure   228  229
    2   20    1    1    4    3    2    2    1    0       519  232    0 ANpure   230  231  232  233
    2   21    2    1    2    0    0    1    1    0       451  236    0 ANpure   234  235
    2   22    1    1    2    1    2    2    1    0       450  237    0 ANpure   237  238
    2   23    2    1    4    0    0    1    1    0       581  243    0 ANpure   239  240  241  242
    2   24    1    1    8    7    2    1    1    1       456  250    0 ANpure   244  245  246  247  248  249  250  251
    3    1    2    1    8    0    0    2    1    1       616  260    0 ANpure   252  253  254  255  256  257  258  259
    3    2    2    1    2    0    0    2    1    1       448  263    0 ANpure   261  262
    3    3    1    1    8    4    5    1    1    1       743  267    0 ANpure   264  265  266  267  268  269  270  271
    3    4    2    1    4    0    0    1    1    0       525  276    0 ANpure   272  273  274  275
    3    5    1    1    8    8    1    2    1    0       386  284    0 ANpure   277  278  279  280  281  282  283  284
    3    6    2    1    2    0    0    1    1    0       515  287    0 ANpure   285  286
    3    7    1    1    2    2    1    2    1    0       465  289    0 ANpure   288  289
    3    8    1    1    8    1    8    1    1    1       668  290    0 ANpure   290  291  292  293  294  295  296  297
    3    9    1    1    4    2    3    1    1    1       581  299    0 ANpure   298  299  300  301
    3   10    1    1    2    2    1    2    1    0       430  303    0 ANpure   302  303
    3   11    2    1    2    0    0    2    1    1       574  306    0 ANpure   304  305
    3   12    2    1    8    0    0    2    1    1       689  315    0 ANpure   307  308  309  310  311  312  313  314
    3   13    2    1    4    0    0    2    1    1       490  320    0 ANpure   316  317  318  319
    3   14    1    1    2    2    1    1    1    1       425  322    0 ANpure   321  322
    3   15    2    1    8    0    0    2    1    1       561  331    0 ANpure   323  324  325  326  327  328  329  330
    3   16    2    1    4    0    0    1    1    0       430  336    0 ANpure   332  333  334  335
    3   17    2    1    8    0    0    2    1    1       598  345    0 ANpure   337  338  339  340  341  342  343  344
    3   18    2    1    8    0    0    2    1    1       474  354    0 ANpure   346  347  348  349  350  351  352  353
    3   19    1    1    2    1    2    2    1    0       713  355    0 ANpure   355  356
    3   20    2    1    4    0    0    2    1    1       448  361    0 ANpure   357  358  359  360
    3   21    2    1    8    0    0    2    1    1       553  370    0 ANpure   362  363  364  365  366  367  368  369
    3   22    1    1    8    8    1    1    1    1       447  378    0 ANpure   371  372  373  374  375  376  377  378
    3   23    2    1    4    0    0    2    1    1       608  383    0 ANpure   379  380  381  382
    3   24    1    1    8    6    3    2    1    0       675  389    0 ANpure   384  385  386  387  388  389  390  391
    4    1    1    1    8    2    7    1    1    1       419  393    0 ANpure   392  393  394  395  396  397  398  399
    4    2    2    1    8    0    0    2    1    1       652  408    0 ANpure   400  401  402  403  404  405  406  407
    4    3    1    1    2    2    1    1    1    1       387  410    0 ANpure   409  410
    4    4    1    1    8    3    6    2    1    0       686  413    0 ANpure   411  412  413  414  415  416  417  418
    4    5    1    1    4    1    4    1    1    1      2088  419    0 ANpure   419  420  421  422
    4    6    1    1    2    2    1    1    1    1       502  424    0 ANpure   423  424
    4    7    2    1    2    0    0    1    1    0       723  427    0 ANpure   425  426
    4    8    2    1    4    0    0    1    1    0       619  432    0 ANpure   428  429  430  431
    4    9    2    1    4    0    0    1    1    0       535  437    0 ANpure   433  434  435  436
    4   10    2    1    4    0    0    1    1    0       533  442    0 ANpure   438  439  440  441
    4   11    2    1    8    0    0    1    1    0       664  451    0 ANpure   443  444  445  446  447  448  449  450
    4   12    1    1    4    4    1    1    1    1       386  455    0 ANpure   452  453  454  455
    4   13    1    1    4    1    4    2    1    0       632  456    0 ANpure   456  457  458  459
    4   14    1    1    4    4    1    1    1    1       452  463    0 ANpure   460  461  462  463
    4   15    2    1    8    0    0    1    1    0       541  472    0 ANpure   464  465  466  467  468  469  470  471
    4   16    1    1    4    1    4    2    1    0       669  473    0 ANpure   473  474  475  476
    4   17    1    1    2    1    2    1    1    1       516  477    0 ANpure   477  478
    4   18    1    1    2    1    2    2    1    0       384  479    0 ANpure   479  480
    4   19    1    1    4    4    1    1    1    1       390  484    0 ANpure   481  482  483  484
    4   20    2    1    8    0    0    2    1    1       754  493    0 ANpure   485  486  487  488  489  490  491  492
    4   21    1    1    2    2    1    1    1    1       389  495    0 ANpure   494  495
    4   22    1    1    4    1    4    2    1    0       571  496    0 ANpure   496  497  498  499
    4   23    1    1    8    2    7    2    1    0       609  501    0 ANpure   500  501  502  503  504  505  506  507
    4   24    2    1    4    0    0    1    1    0       653  512    0 ANpure   508  509  510  511
    5    1    2    1    8    0    0    2    1    1      1127  521    0 ANpure   513  514  515  516  517  518  519  520
    5    2    2    1    2    0    0    1    1    0       491  524    0 ANpure   522  523
    5    3    1    1    8    8    1    1    1    1       434  532    0 ANpure   525  526  527  528  529  530  531  532
    5    4    1    1    8    4    5    1    1    1       683  536    0 ANpure   533  534  535  536  537  538  539  540
    5    5    2    1    4    0    0    1    1    0       692  545    0 ANpure   541  542  543  544
    5    6    2    1    2    0    0    1    1    0       666  548    0 ANpure   546  547
    5    7    1    1    8    1    8    1    1    1       572  549    0 ANpure   549  550  551  552  553  554  555  556
    5    8    2    1    8    0    0    2    1    1       893  565    0 ANpure   557  558  559  560  561  562  563  564
    5    9    1    1    4    1    4    2    1    0       541  566    0 ANpure   566  567  568  569
    5   10    2    1    8    0    0    2    1    1       740  578    0 ANpure   570  571  572  573  574  575  576  577
    5   11    2    1    4    0    0    2    1    1       521  583    0 ANpure   579  580  581  582
    5   12    1    1    8    7    2    2    1    0       525  590    0 ANpure   584  585  586  587  588  589  590  591
    5   13    2    1    2    0    0    2    1    1       488  594    0 ANpure   592  593
    5   14    1    1    2    1    2    2    1    0       438  595    0 ANpure   595  596
    5   15    1    1    4    3    2    1    1    1       441  599    0 ANpure   597  598  599  600
    5   16    1    1    2    1    2    1    1    1       426  601    0 ANpure   601  602
    5   17    1    1    4    1    4    2    1    0       620  603    0 ANpure   603  604  605  606
    5   18    2    1    8    0    0    1    1    0       575  615    0 ANpure   607  608  609  610  611  612  613  614
    5   19    2    1    4    0    0    1    1    0       477  620    0 ANpure   616  617  618  619
    5   20    2    1    2    0    0    1    1    0       427  623    0 ANpure   621  622
    5   21    2    1    4    0    0    1    1    0       507  628    0 ANpure   624  625  626  627
    5   22    1    1    4    3    2    2    1    0       747  631    0 ANpure   629  630  631  632
    5   23    1    1    2    1    2    1    1    1       479  633    0 ANpure   633  634
    5   24    1    1    8    1    8    1    1    1       677  635    0 ANpure   635  636  637  638  639  640  641  642
    6    1    2    1    2    0    0    1    1    0       429  645    0 ANpure   643  644
    6    2    1    1    8    4    5    2    1    0       583  649    0 ANpure   646  647  648  649  650  651  652  653
    6    3    1    1    8    5    4    2    1    0       586  658    0 ANpure   654  655  656  657  658  659  660  661
    6    4    1    1    8    5    4    2    1    0       493  666    0 ANpure   662  663  664  665  666  667  668  669
    6    5    1    1    2    1    2    1    1    1       395  670    0 ANpure   670  671
    6    6    1    1    4    4    1    2    1    0       415  675    0 ANpure   672  673  674  675
    6    7    2    1    8    0    0    1    1    0       521  684    0 ANpure   676  677  678  679  680  681  682  683
    6    8    1    1    8    4    5    2    1    0       782  688    0 ANpure   685  686  687  688  689  690  691  692
    6    9    1    1    4    1    4    1    1    1       820  693    0 ANpure   693  694  695  696
    6   10    1    1    4    1    4    1    1    1       584  697    0 ANpure   697  698  699  700
    6   11    2    1    8    0    0    1    1    0       731  709    0 ANpure   701  702  703  704  705  706  707  708
    6   12    2    1    2    0    0    2    1    1       511  712    0 ANpure   710  711
    6   13    1    1    8    5    4    1    1    1       596  717    0 ANpure   713  714  715  716  717  718  719  720
    6   14    2    1    4    0    0    1    1    0       639  725    0 ANpure   721  722  723  724
    6   15    2    1    8    0    0    1    1    0       575  734    0 ANpure   726  727  728  729  730  731  732  733
    6   16    1    1    2    1    2    1    1    1       538  735    0 ANpure   735  736
    6   17    1    1    8    5    4    2    1    0       703  741    0 ANpure   737  738  739  740  741  742  743  744
    6   18    2    1    2    0    0    1    1    0       691  747    0 ANpure   745  746
    6   19    2    1    8    0    0    1    1    0       591  756    0 ANpure   748  749  750  751  752  753  754  755
    6   20    1    1    4    3    2    1    1    1       604  759    0 ANpure   757  758  759  760
    6   21    1    1    2    1    2    2    1    0       469  761    0 ANpure   761  762
    6   22    2    1    8    0    0    2    1    1       555  771    0 ANpure   763  764  765  766  767  768  769  770
    6   23    2    1    2    0    0    2    1    1       438  774    0 ANpure   772  773
    6   24    2    1    8    0    0    2    1    1       909  783    0 ANpure   775  776  777  778  779  780  781  782
    7    1    2    1    4    0    0    2    1    1       447  788    0 ANpure   784  785  786  787
    7    2    2    1    2    0    0    2    1    1       463  791    0 ANpure   789  790
    7    3    2    1    2    0    0    2    1    1       494  794    0 ANpure   792  793
    7    4    1    1    8    5    4    2    0    1       565  799    0 ANpure   795  796  797  798  799  800  801  802
    7    5    2    1    2    0    0    2    1    1       446  805    0 ANpure   803  804
    7    6    2    1    2    0    0    1    1    0       508  808    0 ANpure   806  807
    7    7    1    1    2    1    2    1    1    1       473  809    0 ANpure   809  810
    7    8    1    1    8    2    7    2    1    0       753  812    0 ANpure   811  812  813  814  815  816  817  818
    7    9    1    1    2    2    1    1    1    1       357  820    0 ANpure   819  820
    7   10    1    1    2    2    1    2    1    0       456  822    0 ANpure   821  822
    7   11    1    1    8    3    6    2    1    0       555  825    0 ANpure   823  824  825  826  827  828  829  830
    7   12    1    1    2    2    1    2    1    0       327  832    0 ANpure   831  832
    7   13    2    1    8    0    0    2    1    1       515  841    0 ANpure   833  834  835  836  837  838  839  840
    7   14    1    1    4    4    1    1    1    1       373  845    0 ANpure   842  843  844  845
    7   15    1    1    4    4    1    2    1    0       346  849    0 ANpure   846  847  848  849
    7   16    2    1    8    0    0    2    1    1       865  858    0 ANpure   850  851  852  853  854  855  856  857
    7   17    2    1    8    0    0    2    0    0       600  867    0 ANpure   859  860  861  862  863  864  865  866
    7   18    2    1    8    0    0    1    1    0       587  876    0 ANpure   868  869  870  871  872  873  874  875
    7   19    2    1    2    0    0    1    1    0       453  879    0 ANpure   877  878
    7   20    1    1    4    2    3    1    1    1       552  881    0 ANpure   880  881  882  883
    7   21    2    1    8    0    0    1    1    0       475  892    0 ANpure   884  885  886  887  888  889  890  891
    7   22    1    1    2    2    1    2    1    0       474  894    0 ANpure   893  894
    7   23    2    1    2    0    0    2    1    1       552  897    0 ANpure   895  896
    7   24    2    1    4    0    0    2    1    1       661  902    0 ANpure   898  899  900  901
    8    1    1    1    2    1    2    1    1    1       377  903    0 ANpure   903  904
    8    2    1    1    2    1    2    2    1    0       508  905    0 ANpure   905  906
    8    3    2    1    8    0    0    1    1    0       626  915    0 ANpure   907  908  909  910  911  912  913  914
    8    4    1    1    4    1    4    2    1    0       685  916    0 ANpure   916  917  918  919
    8    5    2    1    2    0    0    2    1    1       434  922    0 ANpure   920  921
    8    6    1    1    4    3    2    1    1    1       469  925    0 ANpure   923  924  925  926
    8    7    1    1    4    1    4    1    1    1       583  927    0 ANpure   927  928  929  930
    8    8    2    1    4    0    0    1    1    0       498  935    0 ANpure   931  932  933  934
    8    9    1    1    4    1    4    1    1    1       482  936    0 ANpure   936  937  938  939
    8   10    2    1    8    0    0    1    1    0       552  948    0 ANpure   940  941  942  943  944  945  946  947
    8   11    2    1    2    0    0    2    1    1       483  951    0 ANpure   949  950
    8   12    1    1    2    2    1    1    1    1       369  953    0 ANpure   952  953
    8   13    1    1    4    1    4    1    1    1       596  954    0 ANpure   954  955  956  957
    8   14    1    1    2    1    2    1    1    1       462  958    0 ANpure   958  959
    8   15    2    1    8    0    0    2    1    1       563  968    0 ANpure   960  961  962  963  964  965  966  967
    8   16    1    1    4    1    4    1    1    1       449  969    0 ANpure   969  970  971  972
    8   17    1    1    2    1    2    1    1    1       592  973    0 ANpure   973  974
    8   18    2    1    4    0    0    2    1    1       525  979    0 ANpure   975  976  977  978
    8   19    1    1    2    2    1    2    1    0       425  981    0 ANpure   980  981
    8   20    1    1    4    3    2    1    1    1       493  984    0 ANpure   982  983  984  985
    8   21    1    1    2    1    2    1    1    1       523  986    0 ANpure   986  987
    8   22    1    1    4    2    3    1    1    1       569  989    0 ANpure   988  989  990  991
    8   23    2    1    2    0    0    2    1    1       547  994    0 ANpure   992  993
    8   24    1    1    8    8    1    2    1    0       341 1002    0 ANpure   995  996  997  998  999 1000 1001 1002
    9    1    1    1    8    5    4    2    1    0       629 1007    0 ANpure  1003 1004 1005 1006 1007 1008 1009 1010
    9    2    1    1    4    3    2    1    1    1       560 1013    0 ANpure  1011 1012 1013 1014
    9    3    2    1    2    0    0    2    1    1       443 1017    0 ANpure  1015 1016
    9    4    2    1    8    0    0    2    1    1       515 1026    0 ANpure  1018 1019 1020 1021 1022 1023 1024 1025
    9    5    2    1    8    0    0    2    1    1       553 1035    0 ANpure  1027 1028 1029 1030 1031 1032 1033 1034
    9    6    2    1    2    0    0    2    1    1       548 1038    0 ANpure  1036 1037
    9    7    1    1    2    1    2    1    1    1       496 1039    0 ANpure  1039 1040
    9    8    1    1    4    1    4    1    1    1       530 1041    0 ANpure  1041 1042 1043 1044
    9    9    1    1    4    4    1    2    1    0       433 1048    0 ANpure  1045 1046 1047 1048
    9   10    2    1    4    0    0    2    1    1       627 1053    0 ANpure  1049 1050 1051 1052
    9   11    1    1    8    2    7    1    1    1       723 1055    0 ANpure  1054 1055 1056 1057 1058 1059 1060 1061
    9   12    2    1    4    0    0    1    1    0       857 1066    0 ANpure  1062 1063 1064 1065
    9   13    1    1    2    2    1    1    1    1       729 1068    0 ANpure  1067 1068
    9   14    1    1    8    7    2    1    1    1       582 1075    0 ANpure  1069 1070 1071 1072 1073 1074 1075 1076
    9   15    1    1    4    4    1    2    1    0       466 1080    0 ANpure  1077 1078 1079 1080
    9   16    2    1    2    0    0    1    1    0       497 1083    0 ANpure  1081 1082
    9   17    1    1    2    2    1    1    1    1       414 1085    0 ANpure  1084 1085
    9   18    1    1    2    2    1    2    1    0       431 1087    0 ANpure  1086 1087
    9   19    1    1    4    2    3    2    1    0       546 1089    0 ANpure  1088 1089 1090 1091
    9   20    1    1    8    7    2    2    1    0       472 1098    0 ANpure  1092 1093 1094 1095 1096 1097 1098 1099
    9   21    1    1    4    3    2    1    1    1       426 1102    0 ANpure  1100 1101 1102 1103
    9   22    1    1    8    7    2    1    1    1       549 1110    0 ANpure  1104 1105 1106 1107 1108 1109 1110 1111
    9   23    2    1    8    0    0    2    1    1       632 1120    0 ANpure  1112 1113 1114 1115 1116 1117 1118 1119
    9   24    2    1    2    0    0    2    1    1       525 1123    0 ANpure  1121 1122
