    1    1    2    1    2    0    0    2    0    0      7716    3    0 ANpure     1    2
    1    2    2    1    2    0    0    1    1    0     18816    6    0 ANpure     4    5
    1    3    1    1    4    4    1    1    1    1      1734   10    0 ANpure     7    8    9   10
    1    4    2    1    4    0    0    1    1    0      2628   15    0 ANpure    11   12   13   14
    1    5    1    1    8    5    4    1    1    1      1272   20    0 ANpure    16   17   18   19   20   21   22   23
    1    6    2    1    8    0    0    1    1    0      1603   32    0 ANpure    24   25   26   27   28   29   30   31
    1    7    1    1    4    2    3    2    1    0      1753   34    0 ANpure    33   34   35   36
    1    8    1    1    8    6    3    1    1    1       992   42    0 ANpure    37   38   39   40   41   42   43   44
    1    9    1    1    4    4    1    2    1    0       944   48    0 ANpure    45   46   47   48
    1   10    2    1    2    0    0    2    1    1      1724   51    0 ANpure    49   50
    1   11    1    1    4    2    3    2    1    0      1355   53    0 ANpure    52   53   54   55
    1   12    2    1    2    0    0    1    1    0       775   58    0 ANpure    56   57
    1   13    2    1    4    0    0    1    1    0       686   63    0 ANpure    59   60   61   62
    1   14    2    1    2    0    0    2    1    1      1109   66    0 ANpure    64   65
    1   15    2    1    2    0    0    1    1    0      1594   69    0 ANpure    67   68
    1   16    2    1    8    0    0    2    1    1       951   78    0 ANpure    70   71   72   73   74   75   76   77
    1   17    1    1    4    4    1    1    1    1       776   82    0 ANpure    79   80   81   82
    1   18    1    1    4    1    4    1    1    1       927   83    0 ANpure    83   84   85   86
    1   19    2    1    4    0    0    2    1    1       622   91    0 ANpure    87   88   89   90
    1   20    2    1    8    0    0    2    1    1       754  100    0 ANpure    92   93   94   95   96   97   98   99
    1   21    2    1    2    0    0    2    1    1      1606  103    0 ANpure   101  102
    1   22    1    1    8    3    6    1    1    1       772  106    0 ANpure   104  105  106  107  108  109  110  111
    1   23    1    1    8    5    4    2    1    0       883  116    0 ANpure   112  113  114  115  116  117  118  119
    1   24    1    1    8    5    4    2    1    0       719  124    0 ANpure   120  121  122  123  124  125  126  127
    2    1    2    1    8    0    0    1    1    0       592  136    0 ANpure   128  129  130  131  132  133  134  135
    2    2    1    1    2    1    2    2    1    0       875  137    0 ANpure   137  138
    2    3    2    1    4    0    0    1    1    0       605  143    0 ANpure   139  140  141  142
    2    4    1    1    2    2    1    2    1    0       631  145    0 ANpure   144  145
    2    5    1    1    8    1    8    1    0    0       635  146    0 ANpure   146  147  148  149  150  151  152  153
    2    6    1    1    2    1    2    1    1    1      1220  154    0 ANpure   154  155
    2    7    1    1    2    1    2    1    1    1       787  156    0 ANpure   156  157
    2    8    1    1    4    1    4    1    1    1       601  158    0 ANpure   158  159  160  161
    2    9    2    1    8    0    0    1    1    0       781  170    0 ANpure   162  163  164  165  166  167  168  169
    2   10    1    1    8    5    4    1    1    1       683  175    0 ANpure   171  172  173  174  175  176  177  178
    2   11    1    1    2    1    2    2    1    0       755  179    0 ANpure   179  180
    2   12    1    1    8    3    6    2    1    0       578  183    0 ANpure   181  182  183  184  185  186  187  188
    2   13    2    1    8    0    0    1    0    1       649  197    0 ANpure   189  190  191  192  193  194  195  196
    2   14    1    1    4    4    1    1    1    1       549  201    0 ANpure   198  199  200  201
    2   15    1    1    4    1    4    1    1    1       613  202    0 ANpure   202  203  204  205
    2   16    2    1    8    0    0    1    1    0      1066  214    0 ANpure   206  207  208  209  210  211  212  213
    2   17    2    1    2    0    0    2    1    1      1393  217    0 ANpure   215  216
    2   18    2    1    2    0    0    1    1    0      2091  220    0 ANpure   218  219
    2   19    1    1    2    1    2    2    1    0       743  221    0 ANpure   221  222
    2   20    1    1    2    1    2    2    1    0      2123  223    0 ANpure   223  224
    2   21    2    1    8    0    0    2    0    0       722  233    0 ANpure   225  226  227  228  229  230  231  232
    2   22    2    1    2    0    0    2    1    1      1031  236    0 ANpure   234  235
    2   23    1    1    8    4    5    2    1    0      1148  240    0 ANpure   237  238  239  240  241  242  243  244
    2   24    1    1    8    8    1    2    1    0       601  252    0 ANpure   245  246  247  248  249  250  251  252
    3    1    2    1    4    0    0    2    1    1       671  257    0 ANpure   253  254  255  256
    3    2    2    1    4    0    0    2    0    0       827  262    0 ANpure   258  259  260  261
    3    3    1    1    2    2    1    1    1    1       621  264    0 ANpure   263  264
    3    4    2    1    2    0    0    2    1    1       949  267    0 ANpure   265  266
    3    5    2    1    8    0    0    2    1    1       636  276    0 ANpure   268  269  270  271  272  273  274  275
    3    6    2    1    8    0    0    1    0    1      1473  285    0 ANpure   277  278  279  280  281  282  283  284
    3    7    1    1    4    2    3    2    1    0      1356  287    0 ANpure   286  287  288  289
    3    8    2    1    4    0    0    2    1    1       634  294    0 ANpure   290  291  292  293
    3    9    1    1    8    3    6    1    1    1       958  297    0 ANpure   295  296  297  298  299  300  301  302
    3   10    1    1    4    2    3    1    1    1       734  304    0 ANpure   303  304  305  306
    3   11    2    1    2    0    0    2    1    1       466  309    0 ANpure   307  308
    3   12    1    1    8    6    3    2    1    0       654  315    0 ANpure   310  311  312  313  314  315  316  317
    3   13    2    1    4    0    0    2    0    0       634  322    0 ANpure   318  319  320  321
    3   14    1    1    8    1    8    2    1    0       829  323    0 ANpure   323  324  325  326  327  328  329  330
    3   15    2    1    2    0    0    1    1    0      1484  333    0 ANpure   331  332
    3   16    2    1    2    0    0    2    1    1      2020  336    0 ANpure   334  335
    3   17    1    1    8    8    1    1    1    1       529  344    0 ANpure   337  338  339  340  341  342  343  344
    3   18    2    1    8    0    0    1    0    1       793  353    0 ANpure   345  346  347  348  349  350  351  352
    3   19    2    1    4    0    0    1    1    0      1902  358    0 ANpure   354  355  356  357
    3   20    2    1    8    0    0    1    1    0       800  367    0 ANpure   359  360  361  362  363  364  365  366
    3   21    1    1    8    5    4    2    1    0       765  372    0 ANpure   368  369  370  371  372  373  374  375
    3   22    1    1    8    6    3    1    1    1       764  381    0 ANpure   376  377  378  379  380  381  382  383
    3   23    1    1    8    4    5    2    1    0       616  387    0 ANpure   384  385  386  387  388  389  390  391
    3   24    2    1    2    0    0    1    1    0       449  394    0 ANpure   392  393
    4    1    2    1    2    0    0    2    1    1      1167  397    0 ANpure   395  396
    4    2    2    1    8    0    0    2    1    1      1565  406    0 ANpure   398  399  400  401  402  403  404  405
    4    3    1    1    4    1    4    2    1    0       725  407    0 ANpure   407  408  409  410
    4    4    1    1    2    1    2    1    1    1       650  411    0 ANpure   411  412
    4    5    1    1    2    1    2    1    1    1       753  413    0 ANpure   413  414
    4    6    1    1    4    4    1    2    1    0       793  418    0 ANpure   415  416  417  418
    4    7    2    1    8    0    0    1    0    1      1207  427    0 ANpure   419  420  421  422  423  424  425  426
    4    8    2    1    8    0    0    2    1    1       852  436    0 ANpure   428  429  430  431  432  433  434  435
    4    9    1    1    8    3    6    2    1    0       753  439    0 ANpure   437  438  439  440  441  442  443  444
    4   10    2    1    2    0    0    1    1    0       548  447    0 ANpure   445  446
    4   11    1    1    4    3    2    1    1    1       564  450    0 ANpure   448  449  450  451
    4   12    1    1    4    4    1    2    1    0       468  455    0 ANpure   452  453  454  455
    4   13    1    1    2    2    1    2    1    0       403  457    0 ANpure   456  457
    4   14    1    1    4    1    4    1    1    1       601  458    0 ANpure   458  459  460  461
    4   15    2    1    2    0    0    2    1    1       979  464    0 ANpure   462  463
    4   16    2    1    4    0    0    2    1    1      1042  469    0 ANpure   465  466  467  468
    4   17    1    1    8    6    3    2    1    0       534  475    0 ANpure   470  471  472  473  474  475  476  477
    4   18    2    1    2    0    0    2    1    1      1234  480    0 ANpure   478  479
    4   19    2    1    8    0    0    1    0    1       734  489    0 ANpure   481  482  483  484  485  486  487  488
    4   20    1    1    2    1    2    2    1    0       452  490    0 ANpure   490  491
    4   21    1    1    8    1    8    2    1    0       672  492    0 ANpure   492  493  494  495  496  497  498  499
    4   22    1    1    4    4    1    2    1    0       475  503    0 ANpure   500  501  502  503
    4   23    1    1    4    2    3    1    1    1       575  505    0 ANpure   504  505  506  507
    4   24    2    1    8    0    0    2    1    1       724  516    0 ANpure   508  509  510  511  512  513  514  515
    5    1    1    1    8    5    4    1    1    1      1457  521    0 ANpure   517  518  519  520  521  522  523  524
    5    2    2    1    8    0    0    1    1    0       724  533    0 ANpure   525  526  527  528  529  530  531  532
    5    3    1    1    2    1    2    1    0    0      2649  534    0 ANpure   534  535
    5    4    1    1    2    2    1    2    1    0       530  537    0 ANpure   536  537
    5    5    2    1    4    0    0    2    1    1       496  542    0 ANpure   538  539  540  541
    5    6    1    1    8    7    2    1    1    1       555  549    0 ANpure   543  544  545  546  547  548  549  550
    5    7    1    1    4    3    2    2    1    0       395  553    0 ANpure   551  552  553  554
    5    8    2    1    4    0    0    2    1    1       561  559    0 ANpure   555  556  557  558
    5    9    2    1    2    0    0    2    1    1       701  562    0 ANpure   560  561
    5   10    1    1    8    3    6    2    1    0       574  565    0 ANpure   563  564  565  566  567  568  569  570
    5   11    2    1    2    0    0    1    1    0       537  573    0 ANpure   571  572
    5   12    1    1    2    1    2    2    1    0      1254  574    0 ANpure   574  575
    5   13    2    1    2    0    0    1    1    0       902  578    0 ANpure   576  577
    5   14    1    1    8    6    3    1    1    1       559  584    0 ANpure   579  580  581  582  583  584  585  586
    5   15    2    1    4    0    0    1    1    0       671  591    0 ANpure   587  588  589  590
    5   16    2    1    4    0    0    2    1    1       490  596    0 ANpure   592  593  594  595
    5   17    2    1    2    0    0    1    1    0      1545  599    0 ANpure   597  598
    5   18    2    1    8    0    0    1    1    0       584  608    0 ANpure   600  601  602  603  604  605  606  607
    5   19    1    1    8    1    8    2    1    0       590  609    0 ANpure   609  610  611  612  613  614  615  616
    5   20    2    1    2    0    0    1    1    0       649  619    0 ANpure   617  618
    5   21    1    1    2    2    1    1    1    1       626  621    0 ANpure   620  621
    5   22    2    1    8    0    0    1    1    0       710  630    0 ANpure   622  623  624  625  626  627  628  629
    5   23    1    1    8    2    7    1    1    1       566  632    0 ANpure   631  632  633  634  635  636  637  638
    5   24    2    1    4    0    0    2    1    1       613  643    0 ANpure   639  640  641  642
    6    1    2    1    4    0    0    2    1    1       543  648    0 ANpure   644  645  646  647
    6    2    1    1    4    2    3    1    1    1       849  650    0 ANpure   649  650  651  652
    6    3    1    1    8    2    7    1    1    1       749  654    0 ANpure   653  654  655  656  657  658  659  660
    6    4    1    1    2    1    2    1    1    1       866  661    0 ANpure   661  662
    6    5    2    1    8    0    0    1    1    0       731  671    0 ANpure   663  664  665  666  667  668  669  670
    6    6    2    1    4    0    0    1    1    0      1444  676    0 ANpure   672  673  674  675
    6    7    2    1    4    0    0    1    1    0       608  681    0 ANpure   677  678  679  680
    6    8    1    1    2    2    1    2    1    0       458  683    0 ANpure   682  683
    6    9    2    1    8    0    0    1    1    0       582  692    0 ANpure   684  685  686  687  688  689  690  691
    6   10    1    1    8    3    6    2    1    0       651  695    0 ANpure   693  694  695  696  697  698  699  700
    6   11    2    1    4    0    0    2    0    0      1366  705    0 ANpure   701  702  703  704
    6   12    2    1    2    0    0    1    1    0      1552  708    0 ANpure   706  707
    6   13    2    1    8    0    0    2    0    0       735  717    0 ANpure   709  710  711  712  713  714  715  716
    6   14    2    1    4    0    0    2    0    0       950  722    0 ANpure   718  719  720  721
    6   15    1    1    4    1    4    2    1    0       583  723    0 ANpure   723  724  725  726
    6   16    2    1    2    0    0    2    1    1       497  729    0 ANpure   727  728
    6   17    2    1    2    0    0    1    1    0       941  732    0 ANpure   730  731
    6   18    2    1    2    0    0    1    1    0       746  735    0 ANpure   733  734
    6   19    1    1    8    8    1    2    1    0       474  743    0 ANpure   736  737  738  739  740  741  742  743
    6   20    1    1    8    3    6    2    1    0       614  746    0 ANpure   744  745  746  747  748  749  750  751
    6   21    1    1    2    1    2    1    0    0       783  752    0 ANpure   752  753
    6   22    2    1    4    0    0    2    0    0      1974  758    0 ANpure   754  755  756  757
    6   23    2    1    2    0    0    1    1    0       617  761    0 ANpure   759  760
    6   24    2    1    2    0    0    2    1    1       706  764    0 ANpure   762  763
    7    1    2    1    8    0    0    1    1    0       650  773    0 ANpure   765  766  767  768  769  770  771  772
    7    2    1    1    4    3    2    2    1    0       549  776    0 ANpure   774  775  776  777
    7    3    1    1    2    2    1    1    1    1       513  779    0 ANpure   778  779
    7    4    1    1    2    2    1    1    1    1       541  781    0 ANpure   780  781
    7    5    1    1    4    3    2    1    1    1       636  784    0 ANpure   782  783  784  785
    7    6    2    1    4    0    0    1    1    0       680  790    0 ANpure   786  787  788  789
    7    7    1    1    2    2    1    2    1    0       415  792    0 ANpure   791  792
    7    8    2    1    4    0    0    1    1    0       500  797    0 ANpure   793  794  795  796
    7    9    1    1    8    2    7    1    1    1       591  799    0 ANpure   798  799  800  801  802  803  804  805
    7   10    1    1    2    1    2    2    1    0       538  806    0 ANpure   806  807
    7   11    2    1    4    0    0    1    1    0       505  812    0 ANpure   808  809  810  811
    7   12    2    1    2    0    0    2    1    1       567  815    0 ANpure   813  814
    7   13    2    1    8    0    0    2    1    1       796  824    0 ANpure   816  817  818  819  820  821  822  823
    7   14    2    1    4    0    0    2    1    1       719  829    0 ANpure   825  826  827  828
    7   15    2    1    8    0    0    1    1    0       721  838    0 ANpure   830  831  832  833  834  835  836  837
    7   16    2    1    2    0    0    1    1    0       539  841    0 ANpure   839  840
    7   17    2    1    8    0    0    1    1    0       533  850    0 ANpure   842  843  844  845  846  847  848  849
    7   18    2    1    8    0    0    1    1    0       603  859    0 ANpure   851  852  853  854  855  856  857  858
    7   19    2    1    4    0    0    1    1    0       552  864    0 ANpure   860  861  862  863
    7   20    1    1    8    1    8    2    1    0       607  865    0 ANpure   865  866  867  868  869  870  871  872
    7   21    2    1    4    0    0    1    1    0       556  877    0 ANpure   873  874  875  876
    7   22    2    1    2    0    0    1    1    0       791  880    0 ANpure   878  879
    7   23    1    1    2    1    2    1    1    1       666  881    0 ANpure   881  882
    7   24    2    1    8    0    0    2    1    1       477  891    0 ANpure   883  884  885  886  887  888  889  890
    8    1    2    1    4    0    0    2    1    1       591  896    0 ANpure   892  893  894  895
    8    2    1    1    2    2    1    1    1    1       523  898    0 ANpure   897  898
    8    3    2    1    8    0    0    2    1    1       515  907    0 ANpure   899  900  901  902  903  904  905  906
    8    4    2    1    2    0    0    2    1    1       496  910    0 ANpure   908  909
    8    5    1    1    4    2    3    1    1    1       658  912    0 ANpure   911  912  913  914
    8    6    2    1    8    0    0    2    1    1       789  923    0 ANpure   915  916  917  918  919  920  921  922
    8    7    2    1    2    0    0    2    1    1       631  926    0 ANpure   924  925
    8    8    1    1    2    2    1    2    1    0       592  928    0 ANpure   927  928
    8    9    2    1    2    0    0    2    1    1      1258  931    0 ANpure   929  930
    8   10    1    1    8    5    4    1    1    1       630  936    0 ANpure   932  933  934  935  936  937  938  939
    8   11    1    1    2    1    2    2    1    0       463  940    0 ANpure   940  941
    8   12    1    1    2    1    2    1    1    1      1392  942    0 ANpure   942  943
    8   13    2    1    8    0    0    1    1    0       758  952    0 ANpure   944  945  946  947  948  949  950  951
    8   14    2    1    4    0    0    1    1    0       558  957    0 ANpure   953  954  955  956
    8   15    1    1    2    2    1    2    1    0       346  959    0 ANpure   958  959
    8   16    1    1    4    3    2    2    1    0       387  962    0 ANpure   960  961  962  963
    8   17    2    1    8    0    0    1    1    0       608  972    0 ANpure   964  965  966  967  968  969  970  971
    8   18    1    1    2    1    2    2    1    0       618  973    0 ANpure   973  974
    8   19    2    1    4    0    0    2    1    1       661  979    0 ANpure   975  976  977  978
    8   20    1    1    2    2    1    1    1    1       430  981    0 ANpure   980  981
    8   21    1    1    2    1    2    1    1    1       479  982    0 ANpure   982  983
    8   22    2    1    4    0    0    2    1    1       833  988    0 ANpure   984  985  986  987
    8   23    1    1    2    2    1    2    1    0       434  990    0 ANpure   989  990
    8   24    1    1    8    4    5    1    1    1       623  994    0 ANpure   991  992  993  994  995  996  997  998
    9    1    2    1    2    0    0    1    1    0       535 1001    0 ANpure   999 1000
    9    2    1    1    4    1    4    2    1    0       664 1002    0 ANpure  1002 1003 1004 1005
    9    3    1    1    8    8    1    1    1    1       523 1013    0 ANpure  1006 1007 1008 1009 1010 1011 1012 1013
    9    4    1    1    8    2    7    1    1    1       709 1015    0 ANpure  1014 1015 1016 1017 1018 1019 1020 1021
    9    5    2    1    8    0    0    1    1    0       693 1030    0 ANpure  1022 1023 1024 1025 1026 1027 1028 1029
    9    6    1    1    8    7    2    1    1    1       472 1037    0 ANpure  1031 1032 1033 1034 1035 1036 1037 1038
    9    7    1    1    2    2    1    2    1    0       376 1040    0 ANpure  1039 1040
    9    8    2    1    8    0    0    1    1    0       502 1049    0 ANpure  1041 1042 1043 1044 1045 1046 1047 1048
    9    9    1    1    2    2    1    1    1    1       389 1051    0 ANpure  1050 1051
    9   10    2    1    4    0    0    1    1    0       827 1056    0 ANpure  1052 1053 1054 1055
    9   11    1    1    8    4    5    1    1    1       569 1060    0 ANpure  1057 1058 1059 1060 1061 1062 1063 1064
    9   12    2    1    8    0    0    2    1    1       624 1073    0 ANpure  1065 1066 1067 1068 1069 1070 1071 1072
    9   13    1    1    4    2    3    1    1    1       558 1075    0 ANpure  1074 1075 1076 1077
    9   14    1    1    2    2    1    2    1    0       427 1079    0 ANpure  1078 1079
    9   15    1    1    4    4    1    2    1    0       481 1083    0 ANpure  1080 1081 1082 1083
    9   16    1    1    2    1    2    1    1    1       527 1084    0 ANpure  1084 1085
    9   17    2    1    4    0    0    1    0    1      1313 1090    0 ANpure  1086 1087 1088 1089
    9   18    2    1    8    0    0    2    0    0      2571 1099    0 ANpure  1091 1092 1093 1094 1095 1096 1097 1098
    9   19    1    1    4    2    3    1    1    1       602 1101    0 ANpure  1100 1101 1102 1103
    9   20    1    1    8    3    6    1    1    1       765 1106    0 ANpure  1104 1105 1106 1107 1108 1109 1110 1111
    9   21    2    1    4    0    0    2    1    1       532 1116    0 ANpure  1112 1113 1114 1115
    9   22    1    1    8    8    1    1    1    1       413 1124    0 ANpure  1117 1118 1119 1120 1121 1122 1123 1124
    9   23    2    1    8    0    0    1    1    0       538 1133    0 ANpure  1125 1126 1127 1128 1129 1130 1131 1132
    9   24    1    1    2    2    1    2    1    0       407 1135    0 ANpure  1134 1135
