    1    1    1    1    8    7    2    1    1    1       894    5    1 CMpure    15    9   10   12   16   11   13   14
    1    2    1    1    2    1    2    2    0    1       701    7    1 CMpure    15   16
    1    3    1    1    2    2    1    2    1    0       692    5    1 CMpure     2    5
    1    4    1    1    4    4    1    2    0    1       626    6    1 CMpure    11   15   13   14
    1    5    1    1    8    8    1    2    0    1       654    1    1 CMpure    16   15   14   11   12   10   13    9
    1    6    1    1    4    4    1    1    1    1       829    7    1 CMpure    14    9   16   15
    1    7    2    1    2    0    0    1    0    1       657   15    1 CMpure    10   16
    1    8    2    1    4    0    0    1    1    0       894   14    1 CMpure     6    7    4    1
    1    9    2    1    2    0    0    1    0    1      1167   14    1 CMpure    11   13
    1   10    1    1    8    5    4    1    1    1      1525    5    1 CMpure    14   12   10   16   13   15   11    9
    1   11    2    1    2    0    0    1    0    1       924   16    1 CMpure    15   12
    1   12    1    1    8    7    2    1    1    1      1163    6    1 CMpure    13   12   11    9   16   10   14   15
    1   13    2    1    4    0    0    1    0    1       887   13    1 CMpure    10   13   15   11
    1   14    1    1    2    2    1    2    0    1       632    2    1 CMpure    15   10
    1   15    1    1    4    2    3    2    1    0       808    1    1 CMpure     7    1    2    6
    1   16    1    1    2    2    1    2    0    1       700    3    1 CMpure    15   11
    1   17    2    1    2    0    0    1    1    0       788   16    1 CMpure     4    6
    1   18    1    1    2    2    1    2    1    0       617    4    1 CMpure     6    4
    1   19    2    1    2    0    0    1    1    0       596   16    1 CMpure     6    2
    1   20    1    1    8    5    4    1    0    0       865    5    1 CMpure     7    4    2    1    5    6    8    3
    1   21    2    1    8    0    0    1    1    0       754    9    1 CMpure     4    6    5    7    2    3    8    1
    1   22    1    1    4    2    3    2    0    1       958    4    1 CMpure    14   12   15   16
    1   23    2    1    2    0    0    1    0    1      1404   15    1 CMpure    11   14
    1   24    2    1    2    0    0    1    1    0       696   13    1 CMpure     5    4
    2    1    2    1    2    0    0    1    1    0       844   12    1 CMpure     2    7
    2    2    1    1    2    2    1    2    0    1      1071    5    1 CMpure    15   13
    2    3    2    1    8    0    0    1    1    0       825   15    1 CMpure     2    5    4    7    3    1    6    8
    2    4    1    1    2    1    2    2    1    0       796    6    1 CMpure     6    8
    2    5    1    1    2    1    2    1    1    1       785    3    1 CMpure    11   15
    2    6    2    1    2    0    0    2    1    1       678   14    1 CMpure    12   14
    2    7    2    1    2    0    0    1    1    0       576   11    1 CMpure     8    2
    2    8    2    1    8    0    0    1    0    1       797   13    1 CMpure    12   14   11   10    9   16   13   15
    2    9    2    1    8    0    0    1    1    0       738   12    1 CMpure     3    7    4    8    6    2    5    1
    2   10    1    1    8    5    4    1    1    1       825    8    1 CMpure    15   13   10    9   16   14   11   12
    2   11    1    1    2    1    2    2    1    0       989    8    1 CMpure     8    5
    2   12    1    1    2    2    1    2    1    0       746    6    1 CMpure     5    6
    2   13    2    1    8    0    0    2    1    1       705   10    1 CMpure    12   16   11   15    9   10   14   13
    2   14    2    1    2    0    0    2    1    1      1097   14    1 CMpure    16   14
    2   15    2    1    4    0    0    2    1    1       727   12    1 CMpure    14   16   12   11
    2   16    1    1    8    7    2    2    1    0       767    6    1 CMpure     3    5    7    2    4    8    6    1
    2   17    2    1    4    0    0    2    1    1       745   16    1 CMpure     9   13   12   15
    2   18    2    1    4    0    0    2    1    1       646   14    1 CMpure    16   15    9   14
    2   19    1    1    8    7    2    2    1    0       673    6    1 CMpure     3    4    1    8    2    5    6    7
    2   20    1    1    8    3    6    1    1    1       746    7    1 CMpure    14   11   15   10   16    9   12   13
    2   21    1    1    8    2    7    1    1    1       753    6    1 CMpure     9   14   16   13   15   10   12   11
    2   22    2    1    2    0    0    1    1    0       775   15    1 CMpure     4    6
    2   23    1    1    4    3    2    2    1    0       754    6    1 CMpure     5    1    6    8
    2   24    2    1    2    0    0    1    1    0       792   14    1 CMpure     2    7
    3    1    2    1    8    0    0    2    1    1       556   14    1 CMpure    14   11   15   16    9   10   13   12
    3    2    2    1    8    0    0    2    1    1       874   11    1 CMpure    14   12   11   13   10   15   16    9
    3    3    2    1    8    0    0    1    1    0       892   11    1 CMpure     7    4    1    2    6    8    5    3
    3    4    2    1    8    0    0    1    1    0       717   12    1 CMpure     8    4    2    3    5    7    6    1
    3    5    1    1    4    3    2    1    1    1       682    7    1 CMpure     9   11   15   10
    3    6    2    1    4    0    0    1    1    0       696    9    1 CMpure     4    6    8    7
    3    7    1    1    4    1    4    1    1    1       726    5    1 CMpure    13   15   11    9
    3    8    1    1    2    1    2    1    1    1       606    7    1 CMpure    15   12
    3    9    1    1    2    2    1    1    1    1       570    5    1 CMpure    12   13
    3   10    1    1    2    1    2    2    1    0       599    7    1 CMpure     7    5
    3   11    1    1    8    3    6    1    1    1       756    2    1 CMpure    12   15   10    9   16   13   11   14
    3   12    1    1    2    2    1    1    1    1       858    5    1 CMpure    12   13
    3   13    1    1    8    5    4    1    1    1       620    2    1 CMpure    11   12   13    9   10   16   14   15
    3   14    2    1    4    0    0    2    1    1       589   14    1 CMpure    13   11   15   12
    3   15    2    1    8    0    0    1    1    0       730   10    1 CMpure     4    6    5    7    8    3    1    2
    3   16    2    1    8    0    0    1    1    0       658   13    1 CMpure     2    8    6    1    4    5    3    7
    3   17    2    1    4    0    0    1    1    0       817   16    1 CMpure     3    2    7    1
    3   18    2    1    4    0    0    2    1    1       650   15    1 CMpure    16   12    9   11
    3   19    1    1    8    8    1    2    1    0       772    3    1 CMpure     2    5    4    7    1    8    6    3
    3   20    2    1    4    0    0    2    1    1       655   14    1 CMpure    13   11   16    9
    3   21    1    1    2    1    2    1    1    1       505    2    1 CMpure    10   15
    3   22    2    1    2    0    0    2    1    1       601   12    1 CMpure    12   14
    3   23    1    1    4    3    2    2    1    0       635    6    1 CMpure     1    4    6    8
    3   24    2    1    2    0    0    1    1    0      3414   10    1 CMpure     4    1
    4    1    1    1    4    1    4    2    1    0       701    4    1 CMpure     4    6    7    5
    4    2    2    1    2    0    0    2    1    1       645   10    1 CMpure     9   16
    4    3    2    1    4    0    0    1    1    0       709   15    1 CMpure     7    2    6    3
    4    4    2    1    2    0    0    2    1    1       653   14    1 CMpure    12   13
    4    5    1    1    2    2    1    2    1    0       584    8    1 CMpure     5    8
    4    6    1    1    8    1    8    2    0    1      1669    6    1 CMpure    14   12   11   13   10    9   16   15
    4    7    2    1    2    0    0    2    1    1       694    9    1 CMpure    14   15
    4    8    2    1    4    0    0    1    1    0       692   11    1 CMpure     5    8    4    1
    4    9    2    1    8    0    0    2    1    1       765   12    1 CMpure    16    9   13   12   11   15   10   14
    4   10    1    1    4    1    4    1    1    1       664    6    1 CMpure    14   11   16    9
    4   11    2    1    8    0    0    1    1    0       642   10    1 CMpure     4    3    7    2    8    5    6    1
    4   12    1    1    8    7    2    1    1    1       637    8    1 CMpure    15   14   12   13   10   11   16    9
    4   13    2    1    2    0    0    2    1    1       600   14    1 CMpure    13   15
    4   14    2    1    8    0    0    1    1    0       645   14    1 CMpure     3    7    2    5    6    4    1    8
    4   15    1    1    4    1    4    2    1    0       693    6    1 CMpure     6    7    2    3
    4   16    2    1    2    0    0    2    1    1       638   10    1 CMpure    11   14
    4   17    2    1    2    0    0    2    1    1       600   10    1 CMpure    10   13
    4   18    1    1    2    2    1    2    1    0       564    1    1 CMpure     2    1
    4   19    2    1    4    0    0    2    1    1       903   13    1 CMpure    10   13   14   12
    4   20    2    1    8    0    0    2    1    1       840   16    1 CMpure    14    9   10   16   12   11   15   13
    4   21    2    1    4    0    0    2    1    1       880   15    1 CMpure    16   10   15   12
    4   22    1    1    4    1    4    2    1    0       551    8    1 CMpure     8    4    5    2
    4   23    2    1    8    0    0    2    1    1       693   12    1 CMpure    12    9   11   15   14   13   16   10
    4   24    1    1    4    1    4    1    1    1       899    7    1 CMpure    15   11   13   16
    5    1    1    1    4    3    2    2    1    0       700    6    1 CMpure     2    5    6    4
    5    2    1    1    8    7    2    2    1    0       709    4    1 CMpure     6    5    3    7    8    2    4    1
    5    3    1    1    8    7    2    2    1    0       765    1    1 CMpure     5    8    2    3    7    4    1    6
    5    4    2    1    4    0    0    2    1    1       696   12    1 CMpure    12   15   11   13
    5    5    2    1    2    0    0    1    1    0       577   13    1 CMpure     6    5
    5    6    2    1    4    0    0    1    1    0       675    9    1 CMpure     8    3    4    2
    5    7    2    1    4    0    0    1    1    0       658   13    1 CMpure     6    1    2    8
    5    8    2    1    8    0    0    1    1    0       605    9    1 CMpure     6    7    2    1    4    3    8    5
    5    9    2    1    4    0    0    1    1    0       622   15    1 CMpure     3    8    4    5
    5   10    1    1    2    2    1    1    1    1       522    6    1 CMpure    11   14
    5   11    2    1    4    0    0    2    1    1       591   15    1 CMpure    11   13   16   10
    5   12    2    1    2    0    0    2    1    1       619   15    1 CMpure    16    9
    5   13    2    1    4    0    0    2    1    1       540    9    1 CMpure    11   12   13    9
    5   14    1    1    8    8    1    2    1    0       491    8    1 CMpure     2    3    4    1    5    7    6    8
    5   15    2    1    2    0    0    2    1    1       556   13    1 CMpure    14   12
    5   16    1    1    2    2    1    1    1    1       618    6    1 CMpure    12   14
    5   17    2    1    2    0    0    1    1    0       694   12    1 CMpure     2    6
    5   18    1    1    2    1    2    1    1    1       446    5    1 CMpure    13   16
    5   19    1    1    2    2    1    1    1    1       401    2    1 CMpure    14   10
    5   20    1    1    2    1    2    1    1    1       645    7    1 CMpure    15   12
    5   21    2    1    4    0    0    2    1    1       646   14    1 CMpure    15    9   10   11
    5   22    1    1    4    3    2    2    1    0       630    4    1 CMpure     5    1    4    7
    5   23    1    1    4    2    3    2    1    0       455    7    1 CMpure     4    7    6    1
    5   24    2    1    8    0    0    1    1    0       681   15    1 CMpure     3    6    2    7    1    5    4    8
    6    1    2    1    4    0    0    2    1    1       555   12    1 CMpure     9   13   11   14
    6    2    2    1    2    0    0    2    1    1       586    9    1 CMpure    16   13
    6    3    1    1    8    4    5    1    1    1       599    2    1 CMpure    16   14   11   10   15   13    9   12
    6    4    1    1    8    3    6    1    1    1       643    1    1 CMpure    14   10    9   15   12   11   16   13
    6    5    1    1    8    1    8    2    1    0       638    1    1 CMpure     1    5    8    2    4    7    3    6
    6    6    2    1    2    0    0    1    1    0       585   12    1 CMpure     3    1
    6    7    1    1    8    5    4    1    1    1       693    4    1 CMpure    15   16   14   11   12   13   10    9
    6    8    2    1    4    0    0    1    1    0       644   11    1 CMpure     2    7    4    3
    6    9    2    1    8    0    0    2    1    1       575   16    1 CMpure    14   12   10   15   16   13    9   11
    6   10    2    1    8    0    0    2    1    1       668   14    1 CMpure    11    9   16   13   10   14   12   15
    6   11    2    1    8    0    0    2    1    1       566   15    1 CMpure    16   10   11    9   13   12   15   14
    6   12    1    1    4    1    4    1    1    1       745    3    1 CMpure    11   16   15   10
    6   13    1    1    4    1    4    1    1    1       597    4    1 CMpure    12   11   14    9
    6   14    2    1    4    0    0    2    1    1       583   15    1 CMpure     9   14   16   13
    6   15    2    1    2    0    0    1    1    0      3060   10    1 CMpure     4    6
    6   16    2    1    8    0    0    1    1    0       590   15    1 CMpure     1    7    3    2    4    6    5    8
    6   17    1    1    2    2    1    2    1    0      3147    3    1 CMpure     6    3
    6   18    2    1    4    0    0    2    1    1       631   16    1 CMpure    11   16   12   10
    6   19    2    1    4    0    0    1    1    0       488   11    1 CMpure     4    5    1    3
    6   20    1    1    2    1    2    2    1    0       521    2    1 CMpure     2    4
    6   21    2    1    4    0    0    2    1    1       637   14    1 CMpure    16   15   10   13
    6   22    1    1    8    5    4    1    1    1       568    1    1 CMpure    14   10   11   12    9   16   13   15
    6   23    2    1    8    0    0    1    1    0       774   12    1 CMpure     1    3    5    4    6    2    8    7
    6   24    2    1    4    0    0    2    1    1       529   14    1 CMpure    10   13   12   11
    7    1    2    1    2    0    0    1    1    0       615   16    1 CMpure     8    1
    7    2    2    1    4    0    0    2    1    1       584   16    1 CMpure    14   12   10   11
    7    3    1    1    2    1    2    1    1    1       676    4    1 CMpure    12   15
    7    4    1    1    2    2    1    1    1    1       606    3    1 CMpure    12   11
    7    5    1    1    2    1    2    2    1    0       554    7    1 CMpure     7    6
    7    6    1    1    8    4    5    2    1    0       824    4    1 CMpure     3    5    6    4    1    8    2    7
    7    7    1    1    2    2    1    2    1    0       652    5    1 CMpure     2    5
    7    8    2    1    4    0    0    1    1    0       667   13    1 CMpure     3    8    6    4
    7    9    2    1    2    0    0    2    1    1       629   14    1 CMpure    15   12
    7   10    2    1    8    0    0    1    1    0       656   10    1 CMpure     4    2    3    7    8    5    6    1
    7   11    1    1    2    2    1    1    1    1       491    3    1 CMpure    16   11
    7   12    1    1    8    3    6    1    1    1       524    3    1 CMpure    12   13   11   10   15   14    9   16
    7   13    1    1    8    8    1    1    1    1       491    2    1 CMpure    14    9   15   11   13   16   12   10
    7   14    2    1    4    0    0    2    1    1       529    9    1 CMpure    11   14   16   13
    7   15    2    1    8    0    0    1    1    0       609   12    1 CMpure     2    4    6    7    5    1    3    8
    7   16    1    1    4    1    4    1    1    1       611    4    1 CMpure    12   13   11   10
    7   17    2    1    4    0    0    2    1    1       612   14    1 CMpure    11   10   15   12
    7   18    2    1    8    0    0    1    1    0       432   10    1 CMpure     4    8    7    6    1    2    5    3
    7   19    2    1    2    0    0    2    1    1       531   10    1 CMpure    10   16
    7   20    2    1    2    0    0    1    1    0       834   14    1 CMpure     4    3
    7   21    2    1    8    0    0    2    1    1       933   15    1 CMpure     9   14   10   16   12   11   13   15
    7   22    1    1    4    2    3    1    1    1       505    2    1 CMpure    16   10   14   12
    7   23    1    1    4    4    1    2    1    0       431    6    1 CMpure     7    5    2    6
    7   24    1    1    2    2    1    1    1    1       370    1    1 CMpure    12    9
    8    1    2    1    8    0    0    2    1    1       809   10    1 CMpure     9   13   15   10   11   12   14   16
    8    2    2    1    4    0    0    2    1    1       483   15    1 CMpure    14    9   12   13
    8    3    1    1    4    3    2    1    1    1       553    2    1 CMpure    14   11   10   13
    8    4    1    1    8    8    1    2    1    0       567    3    1 CMpure     5    8    7    4    2    6    1    3
    8    5    1    1    4    4    1    2    1    0       570    7    1 CMpure     1    4    8    7
    8    6    1    1    2    1    2    1    1    1      2632    4    1 CMpure    12   15
    8    7    1    1    4    1    4    1    1    1       488    4    1 CMpure    12   16   15   10
    8    8    1    1    2    1    2    2    0    1       505    6    1 CMpure    14   15
    8    9    2    1    4    0    0    2    1    1       606    9    1 CMpure    12   10    9   11
    8   10    1    1    2    1    2    1    1    1       618    7    1 CMpure    15   11
    8   11    1    1    2    1    2    2    1    0       646    8    1 CMpure     8    2
    8   12    2    1    2    0    0    2    1    1      1057   12    1 CMpure     9   12
    8   13    2    1    8    0    0    1    1    0      1067   12    1 CMpure     4    7    3    2    5    8    6    1
    8   14    1    1    2    2    1    2    1    0       469    1    1 CMpure     6    1
    8   15    1    1    2    1    2    2    1    0      1830    2    1 CMpure     2    3
    8   16    1    1    4    4    1    1    1    1       903    1    1 CMpure    13   15   16    9
    8   17    2    1    4    0    0    1    1    0       844    9    1 CMpure     2    8    6    7
    8   18    2    1    4    0    0    2    1    1       581   12    1 CMpure    12   15   10   13
    8   19    2    1    8    0    0    2    1    1       594   14    1 CMpure    13    9   10   16   11   15   14   12
    8   20    1    1    8    3    6    1    1    1       671    6    1 CMpure    15   16   14    9   13   12   11   10
    8   21    2    1    2    0    0    1    1    0       569   10    1 CMpure     8    2
    8   22    1    1    8    8    1    1    1    1       374    1    1 CMpure    15   10   13   14   16   11   12    9
    8   23    1    1    8    8    1    2    1    0       396    2    1 CMpure     6    5    8    4    7    1    3    2
    8   24    2    1    2    0    0    2    1    1       481   15    1 CMpure    16   15
    9    1    1    1    2    2    1    2    1    0       580    5    1 CMpure     1    5
    9    2    1    1    2    2    1    1    1    1       626    6    1 CMpure    13   14
    9    3    1    1    4    1    4    1    1    1       498    5    1 CMpure    13    9   16   14
    9    4    2    1    2    0    0    2    1    1       722   11    1 CMpure    16   14
    9    5    2    1    4    0    0    1    1    0       527   10    1 CMpure     4    3    7    1
    9    6    1    1    8    6    3    1    1    1       687    6    1 CMpure    15   11   10   16   12   14    9   13
    9    7    1    1    2    2    1    1    1    1       488    6    1 CMpure    15   14
    9    8    1    1    8    4    5    1    1    1       617    8    1 CMpure     9   11   10   16   14   15   12   13
    9    9    1    1    8    8    1    1    1    1       373    8    1 CMpure    10   11   14   13   15    9   12   16
    9   10    2    1    8    0    0    2    1    1       746   14    1 CMpure    10   13   15   12   16   14   11    9
    9   11    1    1    4    2    3    1    1    1       566    7    1 CMpure    13   15   10    9
    9   12    1    1    4    2    3    2    1    0       553    8    1 CMpure     6    8    5    4
    9   13    2    1    2    0    0    1    0    1       407   13    1 CMpure    11   13
    9   14    2    1    8    0    0    1    1    0       620   12    1 CMpure     2    8    5    4    7    6    1    3
    9   15    2    1    2    0    0    1    1    0       919   14    1 CMpure     4    3
    9   16    2    1    4    0    0    1    1    0       572   14    1 CMpure     3    8    5    1
    9   17    2    1    2    0    0    2    1    1       585   10    1 CMpure    12   10
    9   18    2    1    4    0    0    2    1    1       380   10    1 CMpure    10   16    9   13
    9   19    2    1    8    0    0    2    1    1       657    9    1 CMpure    14   12   16   13   15   10    9   11
    9   20    2    1    8    0    0    2    1    1       556    9    1 CMpure    13   14   12   10   11   16   15    9
    9   21    1    1    4    1    4    1    1    1       511    5    1 CMpure    13   12   16    9
    9   22    2    1    8    0    0    1    1    0       655   11    1 CMpure     7    6    4    1    8    5    2    3
    9   23    2    1    2    0    0    2    1    1       570   14    1 CMpure    10    9
    9   24    2    1    4    0    0    1    1    0       540   14    1 CMpure     5    3    6    4
