    1    1    2    1    8    0    0    2    1    1      3585   21    0 MIX     7    5    6    2   17   18   19   20
    1    2    1    1    4    2    3    1    1    1      1241   23    0 MIX     2    8   22   23
    1    3    2    1    4    0    0    2    1    1       765    7    1 MIX     2    4   24   25
    1    4    1    1    8    5    4    2    1    0      2428   27    0 MIX     7    2    5    4   26   27   28   29
    1    5    2    1    4    0    0    1    1    0       915   32    0 MIX     1    6   30   31
    1    6    2    1    8    0    0    1    1    0      1275   37    0 MIX     3    1    7    2   33   34   35   36
    1    7    1    1    4    2    3    1    1    1      1119    6    1 MIX     6    5   38   39
    1    8    2    1    8    0    0    2    1    1       882   44    0 MIX     7    1    4    8   40   41   42   43
    1    9    2    1    4    0    0    2    1    1      1236   47    0 MIX     8    6   45   46
    1   10    1    1    4    1    4    2    1    0      1354   49    0 MIX     6    4   48   49
    1   11    1    1    8    5    4    2    1    0      1220   52    0 MIX     6    4    2    5   50   51   52   53
    1   12    2    1    2    0    0    1    1    0      1703   55    0 MIX     3   54
    1   13    1    1    4    4    1    1    1    1      1256    8    1 MIX     8    3   56   57
    1   14    1    1    4    4    1    2    1    0       927    2    1 MIX     2    1   58   59
    1   15    2    1    2    0    0    1    1    0       956   11    1 MIX     6   60
    1   16    2    1    8    0    0    1    1    0       786   65    0 MIX     7    4    2    1   61   62   63   64
    1   17    2    1    2    0    0    2    1    1       549   67    0 MIX     6   66
    1   18    2    1    4    0    0    1    1    0       695    9    1 MIX     6    5   68   69
    1   19    2    1    8    0    0    1    1    0      1228   14    1 MIX     7    5    2    1   70   71   72   73
    1   20    2    1    2    0    0    2    1    1       910    5    1 MIX     6   74
    1   21    2    1    2    0    0    1    1    0       587   11    1 MIX     1   75
    1   22    2    1    8    0    0    2    1    1       561   80    0 MIX     2    3    8    1   76   77   78   79
    1   23    2    1    2    0    0    1    1    0      1740   82    0 MIX     7   81
    1   24    2    1    4    0    0    1    1    0      1005   11    1 MIX     3    5   83   84
    2    1    2    1    8    0    0    2    1    1       608   89    0 MIX     4    6    8    5   85   86   87   88
    2    2    2    1    2    0    0    1    1    0       746    9    1 MIX     7   90
    2    3    1    1    2    1    2    2    0    1       671   91    0 MIX     8   91
    2    4    2    1    4    0    0    1    1    0      1276   14    1 MIX     6    8   92   93
    2    5    1    1    8    2    7    1    1    1       825    4    1 MIX     4    5    8    1   94   95   96   97
    2    6    1    1    4    3    2    1    1    1       669    3    1 MIX     3    6   98   99
    2    7    1    1    2    1    2    1    1    1       469    3    1 MIX     3  100
    2    8    1    1    8    3    6    2    1    0       803    7    1 MIX     1    7    6    3  101  102  103  104
    2    9    1    1    2    1    2    1    1    1       870    7    1 MIX     7  105
    2   10    1    1    4    1    4    2    1    0       745    5    1 MIX     5    8  106  107
    2   11    1    1    2    1    2    1    1    1       399  108    0 MIX     8  108
    2   12    2    1    4    0    0    1    1    0       775    9    1 MIX     5    2  109  110
    2   13    1    1    2    1    2    2    1    0       651  111    0 MIX     2  111
    2   14    2    1    4    0    0    1    1    0       792   12    1 MIX     4    5  112  113
    2   15    1    1    4    4    1    2    1    0       641  114    0 MIX     7    1  114  115
    2   16    1    1    8    3    6    2    1    0       983    5    1 MIX     4    6    2    5  116  117  118  119
    2   17    1    1    4    4    1    2    1    0       502    6    1 MIX     6    2  120  121
    2   18    1    1    4    1    4    2    1    0       649    6    1 MIX     4    6  122  123
    2   19    2    1    2    0    0    1    1    0       785   16    1 MIX     2  124
    2   20    2    1    2    0    0    2    1    1       595  126    0 MIX     4  125
    2   21    2    1    8    0    0    1    1    0       556   10    1 MIX     5    1    8    7  127  128  129  130
    2   22    1    1    2    1    2    2    1    0       809  131    0 MIX     5  131
    2   23    1    1    2    1    2    1    1    1       700  132    0 MIX     6  132
    2   24    1    1    2    2    1    1    1    1       852    2    1 MIX     2  133
    3    1    1    1    2    1    2    1    1    1       396  134    0 MIX     6  134
    3    2    2    1    2    0    0    2    1    1       656    3    1 MIX     7  135
    3    3    2    1    2    0    0    2    1    1       584  137    0 MIX     3  136
    3    4    2    1    8    0    0    1    1    0       670    9    1 MIX     3    5    2    6  138  139  140  141
    3    5    2    1    4    0    0    1    0    1      1081    8    1 MIX     7    8  142  143
    3    6    1    1    4    3    2    2    1    0      1846    1    1 MIX     8    1  144  145
    3    7    1    1    2    2    1    1    1    1       576    5    1 MIX     5  146
    3    8    1    1    2    2    1    2    1    0       507    2    1 MIX     2  147
    3    9    2    1    8    0    0    1    1    0      1078  152    0 MIX     2    6    5    4  148  149  150  151
    3   10    2    1    2    0    0    2    1    1       462    7    1 MIX     6  153
    3   11    1    1    2    2    1    2    1    0       846    2    1 MIX     2  154
    3   12    1    1    2    1    2    1    1    1       639  155    0 MIX     5  155
    3   13    1    1    8    7    2    1    1    1       600    6    1 MIX     5    3    6    7  156  157  158  159
    3   14    1    1    2    1    2    1    1    1       516    8    1 MIX     8  160
    3   15    1    1    4    3    2    1    1    1       470  162    0 MIX     2    4  161  162
    3   16    2    1    2    0    0    1    1    0      1143  164    0 MIX     7  163
    3   17    2    1    8    0    0    1    1    0       906  169    0 MIX     8    6    7    3  165  166  167  168
    3   18    2    1    4    0    0    2    1    1       941    2    1 MIX     7    1  170  171
    3   19    2    1    8    0    0    2    1    1       820  176    0 MIX     2    3    8    1  172  173  174  175
    3   20    2    1    2    0    0    1    1    0      1413  178    0 MIX     5  177
    3   21    2    1    2    0    0    2    1    1       478  180    0 MIX     3  179
    3   22    1    1    8    6    3    1    1    1       825  181    0 MIX     1    3    6    4  181  182  183  184
    3   23    1    1    2    1    2    1    1    1       603  185    0 MIX     7  185
    3   24    1    1    4    4    1    2    1    0      1082  187    0 MIX     8    7  186  187
    4    1    2    1    8    0    0    1    1    0      1029   14    1 MIX     6    4    8    7  188  189  190  191
    4    2    2    1    8    0    0    2    1    1       878    5    1 MIX     5    3    4    8  192  193  194  195
    4    3    1    1    8    5    4    1    1    1       602    4    1 MIX     5    4    2    3  196  197  198  199
    4    4    1    1    2    2    1    1    1    1       438  200    0 MIX     2  200
    4    5    1    1    4    1    4    2    1    0       604  201    0 MIX     2    5  201  202
    4    6    1    1    2    2    1    2    1    0       438    3    1 MIX     3  203
    4    7    2    1    8    0    0    1    1    0       724   12    1 MIX     8    4    5    2  204  205  206  207
    4    8    2    1    4    0    0    2    1    1       735  210    0 MIX     5    4  208  209
    4    9    1    1    4    1    4    1    1    1       632    7    1 MIX     7    8  211  212
    4   10    1    1    2    2    1    2    1    0       450    7    1 MIX     7  213
    4   11    2    1    2    0    0    2    1    1       403    5    1 MIX     1  214
    4   12    2    1    8    0    0    2    0    0      1476   16    1 MIX     4    1    3    6  215  216  217  218
    4   13    1    1    4    2    3    2    1    0       849  219    0 MIX     2    8  219  220
    4   14    1    1    2    2    1    2    1    0       578  221    0 MIX     2  221
    4   15    1    1    4    2    3    2    1    0       833  222    0 MIX     5    1  222  223
    4   16    2    1    8    0    0    1    1    0       799   13    1 MIX     8    2    6    5  224  225  226  227
    4   17    2    1    8    0    0    1    1    0       817  232    0 MIX     6    4    2    3  228  229  230  231
    4   18    2    1    2    0    0    2    1    1       498  234    0 MIX     6  233
    4   19    2    1    4    0    0    1    1    0       629   16    1 MIX     5    6  235  236
    4   20    1    1    4    1    4    2    1    0       691    6    1 MIX     6    2  237  238
    4   21    1    1    4    1    4    1    1    1       607    2    1 MIX     3    2  239  240
    4   22    2    1    4    0    0    2    1    1       510  243    0 MIX     7    2  241  242
    4   23    1    1    4    2    3    2    1    0       752    5    1 MIX     5    4  244  245
    4   24    2    1    2    0    0    2    1    1       484    3    1 MIX     4  246
    5    1    1    1    8    7    2    2    1    0       468  247    0 MIX     2    3    5    8  247  248  249  250
    5    2    1    1    8    7    2    2    1    0       591  254    0 MIX     5    7    2    1  251  252  253  254
    5    3    1    1    4    1    4    2    1    0       478    4    1 MIX     4    6  255  256
    5    4    2    1    8    0    0    2    1    1       555  261    0 MIX     5    6    7    2  257  258  259  260
    5    5    2    1    2    0    0    2    1    1       424    4    1 MIX     7  262
    5    6    1    1    4    3    2    1    1    1       750  264    0 MIX     8    6  263  264
    5    7    1    1    2    2    1    1    1    1       530    6    1 MIX     6  265
    5    8    2    1    8    0    0    2    1    1       973    3    1 MIX     3    4    5    7  266  267  268  269
    5    9    2    1    8    0    0    2    0    0       885   15    1 MIX     4    5    2    6  270  271  272  273
    5   10    2    1    8    0    0    1    1    0       670  278    0 MIX     2    6    3    4  274  275  276  277
    5   11    1    1    8    2    7    2    1    0      1266  282    0 MIX     3    1    8    2  279  280  281  282
    5   12    1    1    8    6    3    2    1    0       752  285    0 MIX     2    3    7    5  283  284  285  286
    5   13    2    1    2    0    0    2    1    1       533  288    0 MIX     4  287
    5   14    1    1    4    3    2    2    1    0       806    7    1 MIX     8    7  289  290
    5   15    2    1    2    0    0    2    0    0       998  292    0 MIX     3  291
    5   16    1    1    2    2    1    2    1    0       593    5    1 MIX     5  293
    5   17    1    1    8    2    7    1    0    0       730    7    1 MIX     7    3    1    4  294  295  296  297
    5   18    2    1    4    0    0    2    1    1      1189  300    0 MIX     4    3  298  299
    5   19    2    1    4    0    0    1    1    0       747  303    0 MIX     8    3  301  302
    5   20    2    1    4    0    0    1    1    0       676  306    0 MIX     2    3  304  305
    5   21    2    1    2    0    0    2    1    1       924    3    1 MIX     3  307
    5   22    1    1    4    3    2    1    1    1       943  309    0 MIX     3    2  308  309
    5   23    2    1    2    0    0    1    1    0       572  311    0 MIX     2  310
    5   24    2    1    2    0    0    2    1    1      1272    7    1 MIX     5  312
    6    1    1    1    4    1    4    2    1    0       794    3    1 MIX     1    3  313  314
    6    2    2    1    2    0    0    2    1    1       796  316    0 MIX     5  315
    6    3    2    1    2    0    0    1    1    0       736   14    1 MIX     6  317
    6    4    2    1    2    0    0    1    1    0      1206   14    1 MIX     1  318
    6    5    1    1    8    1    8    1    1    1       950    1    1 MIX     2    7    1    8  319  320  321  322
    6    6    1    1    4    1    4    2    1    0       935  324    0 MIX     2    4  323  324
    6    7    1    1    8    6    3    2    1    0       768  325    0 MIX     7    5    8    1  325  326  327  328
    6    8    2    1    8    0    0    2    1    1       705  333    0 MIX     6    5    4    1  329  330  331  332
    6    9    2    1    4    0    0    1    1    0       698  336    0 MIX     1    4  334  335
    6   10    1    1    2    1    2    1    1    1       690  337    0 MIX     7  337
    6   11    1    1    8    7    2    2    1    0      1095    3    1 MIX     3    2    5    1  338  339  340  341
    6   12    1    1    8    5    4    2    1    0       780    1    1 MIX     1    7    2    3  342  343  344  345
    6   13    1    1    8    6    3    2    1    0       683    4    1 MIX     4    5    3    6  346  347  348  349
    6   14    1    1    8    1    8    2    0    1       766    2    1 MIX     3    4    7    2  350  351  352  353
    6   15    1    1    4    3    2    2    1    0       694  355    0 MIX     8    1  354  355
    6   16    1    1    8    7    2    2    1    0       746    6    1 MIX     5    8    4    6  356  357  358  359
    6   17    2    1    2    0    0    2    1    1       623  361    0 MIX     3  360
    6   18    2    1    4    0    0    1    1    0       589  364    0 MIX     6    5  362  363
    6   19    2    1    8    0    0    2    1    1      1509    1    1 MIX     6    2    3    8  365  366  367  368
    6   20    2    1    2    0    0    1    1    0       410  370    0 MIX     6  369
    6   21    1    1    8    6    3    2    0    1      1465    2    1 MIX     2    6    7    4  371  372  373  374
    6   22    1    1    8    2    7    2    1    0      1343  376    0 MIX     3    2    1    5  375  376  377  378
    6   23    1    1    4    1    4    1    1    1       926  379    0 MIX     6    3  379  380
    6   24    1    1    4    1    4    2    1    0       784    4    1 MIX     4    6  381  382
    7    1    1    1    8    2    7    1    1    1       517    1    1 MIX     2    7    3    1  383  384  385  386
    7    2    1    1    2    2    1    1    1    1       499    4    1 MIX     4  387
    7    3    1    1    8    6    3    2    1    0       767  391    0 MIX     3    4    1    8  388  389  390  391
    7    4    1    1    2    1    2    1    1    1       515    7    1 MIX     7  392
    7    5    1    1    4    3    2    1    1    1       566  394    0 MIX     1    5  393  394
    7    6    1    1    8    4    5    2    1    0       830  398    0 MIX     7    6    5    4  395  396  397  398
    7    7    2    1    8    0    0    1    1    0      1228  403    0 MIX     8    3    5    6  399  400  401  402
    7    8    2    1    8    0    0    2    1    1       939  408    0 MIX     5    3    6    4  404  405  406  407
    7    9    1    1    8    7    2    1    1    1       646  410    0 MIX     7    5    2    6  409  410  411  412
    7   10    2    1    2    0    0    1    1    0       799  414    0 MIX     3  413
    7   11    1    1    4    4    1    1    0    0       661    2    1 MIX     2    6  415  416
    7   12    2    1    4    0    0    2    1    1       753  419    0 MIX     2    3  417  418
    7   13    2    1    4    0    0    1    1    0       843    9    1 MIX     2    8  420  421
    7   14    1    1    8    6    3    1    0    0      1978  424    0 MIX     2    5    1    3  422  423  424  425
    7   15    1    1    8    5    4    1    1    1       745    4    1 MIX     8    4    7    2  426  427  428  429
    7   16    1    1    8    6    3    2    1    0       747    5    1 MIX     8    4    1    5  430  431  432  433
    7   17    1    1    8    2    7    2    1    0       796  435    0 MIX     1    8    4    7  434  435  436  437
    7   18    1    1    2    2    1    2    1    0       479  438    0 MIX     1  438
    7   19    1    1    8    4    5    2    1    0       634  439    0 MIX     6    5    2    8  439  440  441  442
    7   20    1    1    8    7    2    2    1    0       544    2    1 MIX     3    2    5    4  443  444  445  446
    7   21    2    1    4    0    0    1    1    0       608  449    0 MIX     1    3  447  448
    7   22    2    1    2    0    0    1    1    0       507   15    1 MIX     6  450
    7   23    2    1    4    0    0    2    1    1      1054  453    0 MIX     2    6  451  452
    7   24    1    1    8    4    5    2    1    0       693    3    1 MIX     7    2    3    4  454  455  456  457
    8    1    2    1    4    0    0    2    1    1      1287    2    1 MIX     6    4  458  459
    8    2    1    1    4    4    1    1    1    1       605    1    1 MIX     1    7  460  461
    8    3    2    1    4    0    0    1    1    0       906  464    0 MIX     6    2  462  463
    8    4    2    1    4    0    0    1    1    0       989    9    1 MIX     2    3  465  466
    8    5    2    1    4    0    0    1    1    0       621  469    0 MIX     3    2  467  468
    8    6    2    1    4    0    0    2    1    1      1066    1    1 MIX     4    8  470  471
    8    7    2    1    2    0    0    2    1    1       545  473    0 MIX     2  472
    8    8    2    1    4    0    0    1    1    0       722   15    1 MIX     1    2  474  475
    8    9    2    1    4    0    0    1    1    0       972   12    1 MIX     2    8  476  477
    8   10    2    1    2    0    0    2    1    1       583  479    0 MIX     1  478
    8   11    1    1    2    1    2    1    1    1       643  480    0 MIX     3  480
    8   12    1    1    8    8    1    2    1    0       582  482    0 MIX     6    2    5    3  481  482  483  484
    8   13    1    1    2    2    1    1    1    1       371  485    0 MIX     7  485
    8   14    1    1    8    8    1    2    1    0       562  486    0 MIX     4    8    2    3  486  487  488  489
    8   15    1    1    4    1    4    1    1    1       593  490    0 MIX     3    7  490  491
    8   16    1    1    4    3    2    1    1    1       417    2    1 MIX     7    2  492  493
    8   17    2    1    8    0    0    2    1    1      1136    8    1 MIX     7    8    3    6  494  495  496  497
    8   18    1    1    4    1    4    2    1    0      1322  499    0 MIX     7    6  498  499
    8   19    2    1    8    0    0    1    1    0       642  504    0 MIX     6    3    2    8  500  501  502  503
    8   20    1    1    4    2    3    2    1    0      1007  505    0 MIX     3    4  505  506
    8   21    2    1    8    0    0    1    1    0       614  511    0 MIX     2    6    7    3  507  508  509  510
    8   22    2    1    4    0    0    2    1    1      1075  514    0 MIX     6    3  512  513
    8   23    1    1    8    4    5    2    1    0       649    6    1 MIX     3    4    6    2  515  516  517  518
    8   24    2    1    2    0    0    1    1    0       558  520    0 MIX     8  519
    9    1    2    1    2    0    0    1    1    0       542   11    1 MIX     1  521
    9    2    2    1    2    0    0    2    1    1       939    3    1 MIX     1  522
    9    3    1    1    8    2    7    1    1    1       692    5    1 MIX     1    5    4    7  523  524  525  526
    9    4    2    1    4    0    0    2    1    1      1409    4    1 MIX     7    1  527  528
    9    5    1    1    2    1    2    1    1    1       619  529    0 MIX     4  529
    9    6    2    1    4    0    0    2    1    1      1226    4    1 MIX     8    1  530  531
    9    7    2    1    4    0    0    2    1    1       913    7    1 MIX     8    6  532  533
    9    8    1    1    4    2    3    2    1    0       757  535    0 MIX     6    2  534  535
    9    9    2    1    4    0    0    2    1    1       848  538    0 MIX     6    2  536  537
    9   10    1    1    4    3    2    2    1    0       694    2    1 MIX     2    4  539  540
    9   11    1    1    2    1    2    1    1    1       572  541    0 MIX     3  541
    9   12    2    1    8    0    0    1    1    0       759    9    1 MIX     7    3    5    6  542  543  544  545
    9   13    2    1    4    0    0    1    1    0       687   12    1 MIX     7    4  546  547
    9   14    1    1    4    2    3    2    1    0       731  548    0 MIX     2    4  548  549
    9   15    1    1    4    1    4    2    1    0      1191  550    0 MIX     7    3  550  551
    9   16    2    1    8    0    0    2    1    1       853    6    1 MIX     2    5    1    3  552  553  554  555
    9   17    1    1    2    1    2    1    1    1       599  556    0 MIX     3  556
    9   18    1    1    2    1    2    1    1    1       594  557    0 MIX     4  557
    9   19    2    1    2    0    0    2    1    1       717    6    1 MIX     2  558
    9   20    1    1    8    4    5    1    1    1      1134  560    0 MIX     1    8    7    4  559  560  561  562
    9   21    1    1    2    2    1    1    1    1       452  563    0 MIX     3  563
    9   22    1    1    8    6    3    2    1    0       817  565    0 MIX     6    3    1    8  564  565  566  567
    9   23    2    1    8    0    0    2    1    1      1009    7    1 MIX     6    8    3    1  568  569  570  571
    9   24    2    1    4    0    0    1    1    0      1216  574    0 MIX     7    3  572  573
