    1    1    1    1    2    2    1    1    0    0      4991    8    1 MIX     8   17
    1    2    1    1    4    3    2    1    1    1        64    7    1 MIX     1    7   18   19
    1    3    2    1    2    0    0    2    1    1      2048    8    1 MIX     5   20
    1    4    1    1    2    2    1    2    1    0      1033    5    1 MIX     5   21
    1    5    2    1    2    0    0    2    0    0      2515   23    0 MIX     3   22
    1    6    2    1    8    0    0    2    0    0       103   28    0 MIX     6    4    1    5   24   25   26   27
    1    7    1    1    8    5    4    1    1    1      1092   31    0 MIX     1    3    8    6   29   30   31   32
    1    8    2    1    4    0    0    1    1    0      3359   35    0 MIX     2    7   33   34
    1    9    2    1    8    0    0    1    0    1      2181   40    0 MIX     6    8    1    7   36   37   38   39
    1   10    2    1    4    0    0    2    1    1       870    8    1 MIX     1    2   41   42
    1   11    2    1    2    0    0    2    0    0      1975   44    0 MIX     8   43
    1   12    1    1    4    3    2    1    1    1       656    5    1 MIX     4    5   45   46
    1   13    1    1    2    1    2    1    1    1       811   47    0 MIX     2   47
    1   14    1    1    8    7    2    2    1    0       654    1    1 MIX     5    4    2    1   48   49   50   51
    1   15    1    1    2    2    1    1    1    1       768    7    1 MIX     7   52
    1   16    1    1    8    3    6    2    1    0       932   54    0 MIX     6    8    7    2   53   54   55   56
    1   17    1    1    4    3    2    2    1    0       687    2    1 MIX     5    2   57   58
    1   18    1    1    4    3    2    1    1    1       533   60    0 MIX     6    7   59   60
    1   19    1    1    8    2    7    1    1    1       929   63    0 MIX     1    6    3    5   61   62   63   64
    1   20    1    1    8    8    1    2    1    0       695    3    1 MIX     5    6    3    7   65   66   67   68
    1   21    2    1    8    0    0    1    1    0       782    9    1 MIX     6    5    7    2   69   70   71   72
    1   22    1    1    8    8    1    1    1    1       498   76    0 MIX     1    8    4    6   73   74   75   76
    1   23    2    1    4    0    0    1    1    0       822   79    0 MIX     8    6   77   78
    1   24    1    1    8    1    8    1    1    1       711    1    1 MIX     8    4    3    1   80   81   82   83
    2    1    1    1    4    2    3    1    1    1       734    4    1 MIX     4    8   84   85
    2    2    1    1    8    2    7    1    1    1       819   86    0 MIX     3    2    5    8   86   87   88   89
    2    3    2    1    4    0    0    1    1    0      1340   10    1 MIX     5    6   90   91
    2    4    2    1    8    0    0    2    1    1       905   96    0 MIX     4    3    1    8   92   93   94   95
    2    5    1    1    8    5    4    1    1    1       960   99    0 MIX     5    3    8    1   97   98   99  100
    2    6    1    1    8    3    6    1    1    1       772    7    1 MIX     6    7    5    4  101  102  103  104
    2    7    2    1    2    0    0    1    1    0      1770   14    1 MIX     7  105
    2    8    1    1    8    4    5    2    1    0       669  106    0 MIX     5    1    6    8  106  107  108  109
    2    9    2    1    2    0    0    1    0    1      1142  111    0 MIX     1  110
    2   10    2    1    8    0    0    2    1    1       964    4    1 MIX     2    3    8    5  112  113  114  115
    2   11    2    1    8    0    0    2    1    1      2649  120    0 MIX     3    1    5    7  116  117  118  119
    2   12    1    1    8    4    5    1    1    1       826  121    0 MIX     2    3    6    5  121  122  123  124
    2   13    1    1    8    4    5    2    1    0       604    5    1 MIX     2    7    5    1  125  126  127  128
    2   14    2    1    2    0    0    1    1    0      1624   12    1 MIX     4  129
    2   15    2    1    8    0    0    1    1    0       859   16    1 MIX     3    8    1    4  130  131  132  133
    2   16    1    1    4    4    1    1    1    1       833    7    1 MIX     2    7  134  135
    2   17    2    1    2    0    0    1    1    0       844   12    1 MIX     2  136
    2   18    2    1    2    0    0    2    0    0      3238  138    0 MIX     7  137
    2   19    1    1    8    1    8    1    1    1       967  140    0 MIX     4    6    7    3  139  140  141  142
    2   20    2    1    2    0    0    2    1    1      1005    6    1 MIX     4  143
    2   21    1    1    2    2    1    1    1    1       881    6    1 MIX     6  144
    2   22    1    1    8    2    7    2    1    0      1177  147    0 MIX     5    4    1    3  145  146  147  148
    2   23    1    1    8    7    2    2    1    0       949  152    0 MIX     7    3    2    1  149  150  151  152
    2   24    2    1    4    0    0    1    1    0       832    9    1 MIX     8    2  153  154
    3    1    1    1    4    4    1    2    1    0       575    8    1 MIX     1    8  155  156
    3    2    1    1    4    2    3    2    1    0       649    7    1 MIX     2    7  157  158
    3    3    1    1    2    2    1    1    1    1       780    5    1 MIX     5  159
    3    4    1    1    2    1    2    2    1    0       505  160    0 MIX     6  160
    3    5    1    1    2    2    1    1    1    1       401  161    0 MIX     8  161
    3    6    1    1    8    5    4    1    1    1       868    3    1 MIX     1    2    3    5  162  163  164  165
    3    7    1    1    4    4    1    2    1    0      1258  167    0 MIX     5    1  166  167
    3    8    2    1    8    0    0    1    1    0      1585  172    0 MIX     5    6    7    2  168  169  170  171
    3    9    1    1    2    2    1    1    1    1       789    1    1 MIX     1  173
    3   10    1    1    4    1    4    2    1    0      1127  174    0 MIX     8    1  174  175
    3   11    2    1    2    0    0    2    1    1       879    5    1 MIX     3  176
    3   12    1    1    4    3    2    1    1    1       894    8    1 MIX     8    5  177  178
    3   13    1    1    4    1    4    1    1    1       699    2    1 MIX     2    1  179  180
    3   14    2    1    2    0    0    1    0    1      3579  182    0 MIX     2  181
    3   15    2    1    2    0    0    1    0    1      1441    2    1 MIX     1  183
    3   16    2    1    4    0    0    2    1    1      2480  186    0 MIX     7    3  184  185
    3   17    2    1    8    0    0    1    1    0       648   10    1 MIX     6    3    1    5  187  188  189  190
    3   18    2    1    8    0    0    1    1    0       727    9    1 MIX     8    3    1    2  191  192  193  194
    3   19    1    1    8    6    3    2    1    0       942    3    1 MIX     7    3    1    2  195  196  197  198
    3   20    2    1    2    0    0    1    1    0      2340  200    0 MIX     7  199
    3   21    2    1    2    0    0    1    1    0      1083  202    0 MIX     5  201
    3   22    2    1    2    0    0    2    1    1      2275  204    0 MIX     7  203
    3   23    2    1    2    0    0    1    1    0       653   16    1 MIX     2  205
    3   24    1    1    2    1    2    2    1    0       991  206    0 MIX     1  206
    4    1    2    1    2    0    0    1    1    0       962   11    1 MIX     1  207
    4    2    1    1    4    1    4    2    1    0      1045    1    1 MIX     1    6  208  209
    4    3    1    1    4    3    2    1    1    1       901  210    0 MIX     1    5  210  211
    4    4    1    1    2    2    1    1    1    1       621    2    1 MIX     2  212
    4    5    1    1    8    2    7    1    0    0       912  214    0 MIX     2    7    3    5  213  214  215  216
    4    6    1    1    8    1    8    2    1    0      1295  217    0 MIX     7    4    1    2  217  218  219  220
    4    7    2    1    4    0    0    2    1    1      1836  223    0 MIX     7    6  221  222
    4    8    2    1    4    0    0    1    1    0      1322  226    0 MIX     4    1  224  225
    4    9    2    1    4    0    0    2    1    1      1151    3    1 MIX     4    6  227  228
    4   10    1    1    2    2    1    2    1    0      1333    1    1 MIX     1  229
    4   11    2    1    8    0    0    1    1    0      1187   10    1 MIX     4    6    2    3  230  231  232  233
    4   12    2    1    2    0    0    1    1    0      1223   13    1 MIX     4  234
    4   13    2    1    8    0    0    1    1    0      1393    9    1 MIX     3    2    8    6  235  236  237  238
    4   14    2    1    4    0    0    2    1    1      1842  241    0 MIX     1    2  239  240
    4   15    2    1    2    0    0    2    1    1      1141    1    1 MIX     8  242
    4   16    2    1    4    0    0    2    1    1      1416  245    0 MIX     7    5  243  244
    4   17    2    1    8    0    0    1    1    0      1106   11    1 MIX     4    1    2    7  246  247  248  249
    4   18    2    1    4    0    0    1    1    0      1278  252    0 MIX     5    6  250  251
    4   19    2    1    4    0    0    1    0    1      1251  255    0 MIX     6    8  253  254
    4   20    1    1    2    1    2    2    1    0      1021  256    0 MIX     4  256
    4   21    1    1    8    2    7    1    1    1      1104    5    1 MIX     3    4    5    7  257  258  259  260
    4   22    1    1    2    2    1    2    1    0      2008  261    0 MIX     5  261
    4   23    2    1    4    0    0    2    1    1      1098    7    1 MIX     8    2  262  263
    4   24    2    1    2    0    0    2    1    1      6841  265    0 MIX     6  264
    5    1    2    1    4    0    0    2    1    1      1210    4    1 MIX     5    1  266  267
    5    2    2    1    2    0    0    1    1    0      1015    9    1 MIX     1  268
    5    3    2    1    2    0    0    2    1    1      1666  270    0 MIX     1  269
    5    4    1    1    8    6    3    2    1    0      1185    6    1 MIX     4    3    6    1  271  272  273  274
    5    5    1    1    2    1    2    2    1    0      1582  275    0 MIX     6  275
    5    6    1    1    8    5    4    2    1    0      1273  277    0 MIX     6    4    1    8  276  277  278  279
    5    7    1    1    4    3    2    1    1    1      1311    2    1 MIX     2    6  280  281
    5    8    1    1    4    1    4    1    1    1      1164    8    1 MIX     8    7  282  283
    5    9    1    1    2    2    1    2    1    0       826  284    0 MIX     6  284
    5   10    1    1    4    1    4    2    1    0      1339    7    1 MIX     7    6  285  286
    5   11    2    1    4    0    0    1    0    1      1710  289    0 MIX     2    4  287  288
    5   12    1    1    8    1    8    1    1    1      1357    1    1 MIX     2    1    7    5  290  291  292  293
    5   13    2    1    2    0    0    1    0    1      1875    2    1 MIX     8  294
    5   14    2    1    2    0    0    2    1    1      1189    1    1 MIX     7  295
    5   15    2    1    2    0    0    2    1    1      3208  297    0 MIX     8  296
    5   16    2    1    4    0    0    1    1    0       673   12    1 MIX     6    3  298  299
    5   17    2    1    8    0    0    2    1    1      1545    2    1 MIX     8    4    5    3  300  301  302  303
    5   18    2    1    8    0    0    1    1    0       680   13    1 MIX     4    6    1    5  304  305  306  307
    5   19    1    1    4    1    4    2    1    0       630    1    1 MIX     1    2  308  309
    5   20    2    1    2    0    0    1    0    1      1056  311    0 MIX     5  310
    5   21    1    1    2    1    2    2    1    0       795    4    1 MIX     4  312
    5   22    1    1    2    2    1    2    1    0       696  313    0 MIX     4  313
    5   23    2    1    2    0    0    2    1    1      2264  315    0 MIX     2  314
    5   24    1    1    2    1    2    1    1    1      1154  316    0 MIX     5  316
    6    1    2    1    2    0    0    2    1    1      1444  318    0 MIX     1  317
    6    2    2    1    8    0    0    1    1    0      1589  323    0 MIX     4    3    2    7  319  320  321  322
    6    3    1    1    4    3    2    1    0    0      1198  325    0 MIX     7    4  324  325
    6    4    1    1    2    2    1    1    1    1      1074    3    1 MIX     3  326
    6    5    2    1    2    0    0    1    1    0      1523  328    0 MIX     1  327
    6    6    2    1    4    0    0    2    1    1      1319    5    1 MIX     2    3  329  330
    6    7    2    1    4    0    0    2    1    1      1427  333    0 MIX     3    8  331  332
    6    8    2    1    4    0    0    2    1    1      1251    7    1 MIX     6    7  334  335
    6    9    1    1    2    2    1    2    1    0      1134    1    1 MIX     1  336
    6   10    1    1    4    3    2    1    1    1      1066  338    0 MIX     5    8  337  338
    6   11    1    1    8    8    1    2    1    0      1115    4    1 MIX     6    3    4    8  339  340  341  342
    6   12    1    1    8    3    6    1    1    1      1282  344    0 MIX     5    3    6    8  343  344  345  346
    6   13    2    1    2    0    0    2    1    1      1306  348    0 MIX     5  347
    6   14    1    1    2    2    1    2    1    0      1057    2    1 MIX     2  349
    6   15    1    1    2    1    2    1    1    1      1139    5    1 MIX     5  350
    6   16    2    1    8    0    0    2    1    1      1553    3    1 MIX     2    8    4    7  351  352  353  354
    6   17    1    1    4    4    1    1    1    1      1092    3    1 MIX     3    5  355  356
    6   18    2    1    4    0    0    1    1    0       977  359    0 MIX     2    1  357  358
    6   19    2    1    4    0    0    1    1    0       595   12    1 MIX     2    8  360  361
    6   20    2    1    2    0    0    1    1    0       607   10    1 MIX     2  362
    6   21    1    1    4    3    2    1    1    1       864  363    0 MIX     5    6  363  364
    6   22    1    1    4    4    1    1    1    1       502    4    1 MIX     4    2  365  366
    6   23    1    1    2    2    1    1    1    1       510  367    0 MIX     2  367
    6   24    1    1    8    2    7    2    1    0      1005  370    0 MIX     3    6    7    2  368  369  370  371
    7    1    2    1    8    0    0    2    1    1      1734    7    1 MIX     5    1    4    7  372  373  374  375
    7    2    2    1    2    0    0    1    1    0      1190   12    1 MIX     2  376
    7    3    1    1    4    3    2    2    1    0      1200    3    1 MIX     7    3  377  378
    7    4    2    1    4    0    0    2    1    1      1247    4    1 MIX     2    5  379  380
    7    5    2    1    2    0    0    1    1    0      1288  382    0 MIX     4  381
    7    6    1    1    4    3    2    1    1    1      1486    3    1 MIX     3    5  383  384
    7    7    1    1    8    3    6    1    1    1      1406  388    0 MIX     6    3    4    8  385  386  387  388
    7    8    2    1    4    0    0    1    0    1      1438  391    0 MIX     4    2  389  390
    7    9    2    1    2    0    0    1    0    1       753  393    0 MIX     4  392
    7   10    1    1    2    2    1    1    1    1       775    6    1 MIX     6  394
    7   11    1    1    4    4    1    1    1    1       400  395    0 MIX     4    5  395  396
    7   12    1    1    8    8    1    1    1    1       635  399    0 MIX     1    3    4    8  397  398  399  400
    7   13    2    1    4    0    0    1    1    0      1050   15    1 MIX     1    3  401  402
    7   14    1    1    4    4    1    2    1    0      1177    4    1 MIX     4    7  403  404
    7   15    2    1    4    0    0    2    1    1      1755  407    0 MIX     6    4  405  406
    7   16    1    1    2    2    1    2    1    0      1313    1    1 MIX     1  408
    7   17    2    1    2    0    0    1    1    0      1920  410    0 MIX     1  409
    7   18    1    1    4    2    3    1    1    1      1053    2    1 MIX     7    2  411  412
    7   19    2    1    4    0    0    1    1    0      1491  415    0 MIX     4    2  413  414
    7   20    1    1    8    5    4    2    1    0       883  417    0 MIX     5    1    4    7  416  417  418  419
    7   21    2    1    2    0    0    2    0    0      3099  421    0 MIX     5  420
    7   22    1    1    2    2    1    1    1    1       716  422    0 MIX     1  422
    7   23    2    1    2    0    0    2    0    0       739  424    0 MIX     5  423
    7   24    1    1    4    1    4    2    1    0       622    7    1 MIX     5    7  425  426
    8    1    2    1    8    0    0    1    1    0      1794  431    0 MIX     6    2    3    1  427  428  429  430
    8    2    2    1    4    0    0    2    1    1      1043    7    1 MIX     5    1  432  433
    8    3    1    1    4    3    2    2    1    0      1178    7    1 MIX     8    7  434  435
    8    4    2    1    8    0    0    2    1    1      1102  440    0 MIX     2    8    3    5  436  437  438  439
    8    5    1    1    4    2    3    1    1    1      1051    1    1 MIX     6    1  441  442
    8    6    2    1    2    0    0    1    1    0      1125   10    1 MIX     1  443
    8    7    1    1    8    1    8    1    1    1      1723    2    1 MIX     2    5    6    1  444  445  446  447
    8    8    2    1    8    0    0    2    1    1      1138    3    1 MIX     1    6    7    5  448  449  450  451
    8    9    1    1    2    1    2    2    1    0      1961    8    1 MIX     8  452
    8   10    2    1    4    0    0    1    1    0      1164   11    1 MIX     7    6  453  454
    8   11    2    1    4    0    0    2    1    1      1102    4    1 MIX     4    7  455  456
    8   12    2    1    4    0    0    1    1    0      1227   10    1 MIX     1    6  457  458
    8   13    1    1    4    2    3    1    1    1      1324  459    0 MIX     3    2  459  460
    8   14    2    1    8    0    0    2    1    1      3338    5    1 MIX     7    4    2    3  461  462  463  464
    8   15    1    1    4    2    3    1    1    1      1374  465    0 MIX     6    2  465  466
    8   16    1    1    4    4    1    1    1    1      1297    3    1 MIX     3    4  467  468
    8   17    2    1    2    0    0    1    1    0      1448  470    0 MIX     1  469
    8   18    2    1    4    0    0    1    1    0      1966  473    0 MIX     2    6  471  472
    8   19    2    1    8    0    0    2    0    0      2282  478    0 MIX     5    1    6    7  474  475  476  477
    8   20    2    1    4    0    0    1    1    0      2151  481    0 MIX     6    4  479  480
    8   21    1    1    8    8    1    1    1    1      1084  484    0 MIX     8    6    4    2  482  483  484  485
    8   22    1    1    4    1    4    2    1    0      1129  487    0 MIX     6    3  486  487
    8   23    2    1    2    0    0    1    1    0      1401   14    1 MIX     2  488
    8   24    1    1    8    1    8    2    1    0      1787    1    1 MIX     3    6    1    7  489  490  491  492
    9    1    1    1    8    3    6    2    1    0      1431    3    1 MIX     6    1    5    3  493  494  495  496
    9    2    1    1    2    1    2    2    1    0       858  497    0 MIX     7  497
    9    3    2    1    4    0    0    2    1    1       873    6    1 MIX     2    4  498  499
    9    4    2    1    2    0    0    1    1    0      1050  501    0 MIX     8  500
    9    5    2    1    4    0    0    2    1    1      1193    3    1 MIX     4    1  502  503
    9    6    1    1    2    1    2    2    1    0      1054  504    0 MIX     3  504
    9    7    2    1    4    0    0    2    1    1      1244  507    0 MIX     4    1  505  506
    9    8    1    1    2    2    1    2    1    0       950  508    0 MIX     6  508
    9    9    2    1    8    0    0    2    1    1      1107    5    1 MIX     8    5    1    3  509  510  511  512
    9   10    2    1    2    0    0    1    0    1      1362  514    0 MIX     3  513
    9   11    2    1    4    0    0    2    0    0      1212  517    0 MIX     7    6  515  516
    9   12    1    1    2    2    1    2    1    0       792    2    1 MIX     2  518
    9   13    2    1    4    0    0    1    1    0      1106   14    1 MIX     7    2  519  520
    9   14    2    1    2    0    0    1    1    0      1017  522    0 MIX     4  521
    9   15    2    1    2    0    0    2    1    1      1045    3    1 MIX     3  523
    9   16    2    1    4    0    0    1    1    0       924   13    1 MIX     4    6  524  525
    9   17    2    1    2    0    0    1    1    0      1451  527    0 MIX     6  526
    9   18    2    1    8    0    0    1    1    0       996   10    1 MIX     2    5    1    8  528  529  530  531
    9   19    2    1    2    0    0    1    1    0      1352   14    1 MIX     2  532
    9   20    2    1    2    0    0    1    1    0      1109  534    0 MIX     3  533
    9   21    1    1    2    2    1    1    1    1      1085    4    1 MIX     4  535
    9   22    1    1    4    4    1    1    1    1      1163  537    0 MIX     6    5  536  537
    9   23    1    1    8    5    4    1    1    1      1168  538    0 MIX     3    1    4    5  538  539  540  541
    9   24    1    1    4    4    1    1    1    1      1090    1    1 MIX     4    1  542  543
