    1    1    2    1    4    0    0    1    1    0      2332   15    1 MIX     5    4   17   18
    1    2    2    1    8    0    0    2    1    1      1897    4    1 MIX     2    5    6    8   19   20   21   22
    1    3    2    1    4    0    0    2    1    1      2162   25    0 MIX     2    7   23   24
    1    4    2    1    4    0    0    1    1    0      1344   28    0 MIX     4    8   26   27
    1    5    2    1    2    0    0    1    1    0      3516   10    1 MIX     4   29
    1    6    1    1    4    3    2    1    1    1      1365    3    1 MIX     6    3   30   31
    1    7    2    1    8    0    0    2    1    1      1145    3    1 MIX     1    7    8    5   32   33   34   35
    1    8    2    1    2    0    0    2    1    1      1723   37    0 MIX     4   36
    1    9    2    1    8    0    0    2    1    1      1266   42    0 MIX     8    3    5    7   38   39   40   41
    1   10    1    1    8    2    7    1    1    1      1136    5    1 MIX     2    8    5    6   43   44   45   46
    1   11    1    1    4    1    4    1    1    1      1704   47    0 MIX     5    1   47   48
    1   12    1    1    8    5    4    2    1    0      1345   49    0 MIX     4    6    1    5   49   50   51   52
    1   13    1    1    8    8    1    2    1    0       919   54    0 MIX     1    2    4    7   53   54   55   56
    1   14    2    1    8    0    0    1    0    1      3218    1    1 MIX     1    8    4    6   57   58   59   60
    1   15    1    1    2    2    1    1    1    1       965   61    0 MIX     5   61
    1   16    2    1    2    0    0    1    1    0      2095   63    0 MIX     8   62
    1   17    2    1    8    0    0    2    1    1       938    1    1 MIX     2    1    3    6   64   65   66   67
    1   18    1    1    2    1    2    1    1    1       999    8    1 MIX     8   68
    1   19    2    1    4    0    0    1    1    0      1715   71    0 MIX     8    6   69   70
    1   20    2    1    4    0    0    2    1    1      2306   74    0 MIX     8    5   72   73
    1   21    2    1    2    0    0    2    1    1      1672   76    0 MIX     4   75
    1   22    1    1    8    8    1    2    1    0      1348   80    0 MIX     3    5    7    2   77   78   79   80
    1   23    1    1    8    6    3    2    1    0      1133    5    1 MIX     7    6    8    5   81   82   83   84
    1   24    2    1    4    0    0    2    1    1      1621   87    0 MIX     1    3   85   86
    2    1    2    1    8    0    0    1    1    0      1170   14    1 MIX     6    2    7    1   88   89   90   91
    2    2    2    1    4    0    0    2    1    1       985   94    0 MIX     4    8   92   93
    2    3    1    1    2    2    1    1    1    1      1028    1    1 MIX     1   95
    2    4    2    1    8    0    0    2    1    1      1193    4    1 MIX     1    2    3    4   96   97   98   99
    2    5    2    1    2    0    0    2    1    1      2444    6    1 MIX     3  100
    2    6    2    1    4    0    0    2    1    1       978    8    1 MIX     4    3  101  102
    2    7    1    1    2    1    2    1    1    1      1453    4    1 MIX     4  103
    2    8    2    1    4    0    0    2    1    1      1561  106    0 MIX     6    7  104  105
    2    9    1    1    4    2    3    2    1    0      1648    2    1 MIX     5    2  107  108
    2   10    1    1    2    2    1    2    1    0      1393    6    1 MIX     6  109
    2   11    2    1    2    0    0    2    1    1      2027  111    0 MIX     4  110
    2   12    2    1    4    0    0    2    1    1      2993    7    1 MIX     3    1  112  113
    2   13    1    1    2    2    1    1    1    1      1193  114    0 MIX     2  114
    2   14    2    1    8    0    0    1    1    0      1001   15    1 MIX     3    2    1    8  115  116  117  118
    2   15    1    1    8    5    4    2    1    0      1328  121    0 MIX     6    4    5    1  119  120  121  122
    2   16    1    1    2    2    1    2    1    0      1903    5    1 MIX     5  123
    2   17    1    1    8    1    8    2    1    0      1681  126    0 MIX     4    1    7    5  124  125  126  127
    2   18    1    1    8    1    8    2    1    0      1148    2    1 MIX     4    1    2    3  128  129  130  131
    2   19    1    1    2    1    2    2    1    0      1089  132    0 MIX     4  132
    2   20    2    1    8    0    0    1    1    0       739  137    0 MIX     3    7    2    8  133  134  135  136
    2   21    2    1    4    0    0    1    1    0       908   16    1 MIX     6    4  138  139
    2   22    1    1    8    5    4    2    1    0      1123    3    1 MIX     1    3    8    4  140  141  142  143
    2   23    2    1    8    0    0    2    1    1      1108    3    1 MIX     2    3    8    6  144  145  146  147
    2   24    2    1    8    0    0    2    1    1      1301    3    1 MIX     1    6    7    4  148  149  150  151
    3    1    1    1    4    1    4    2    1    0      1771  153    0 MIX     4    8  152  153
    3    2    2    1    4    0    0    2    1    1      1099    2    1 MIX     6    3  154  155
    3    3    2    1    4    0    0    1    1    0      1205  158    0 MIX     6    1  156  157
    3    4    1    1    4    1    4    2    1    0      1804    7    1 MIX     8    7  159  160
    3    5    2    1    8    0    0    1    1    0      1538  165    0 MIX     3    5    4    2  161  162  163  164
    3    6    2    1    4    0    0    2    1    1       827  168    0 MIX     2    8  166  167
    3    7    1    1    2    1    2    2    1    0       908  169    0 MIX     4  169
    3    8    2    1    2    0    0    1    1    0      1080  171    0 MIX     7  170
    3    9    1    1    4    4    1    1    1    1      1013    3    1 MIX     6    3  172  173
    3   10    2    1    8    0    0    2    1    1      1258  178    0 MIX     1    5    6    4  174  175  176  177
    3   11    1    1    2    2    1    1    1    1      1178    2    1 MIX     2  179
    3   12    1    1    8    4    5    1    1    1      1674    3    1 MIX     5    8    6    3  180  181  182  183
    3   13    2    1    8    0    0    2    1    1      1126    4    1 MIX     7    4    8    1  184  185  186  187
    3   14    1    1    4    2    3    2    1    0      1327    1    1 MIX     5    1  188  189
    3   15    2    1    4    0    0    1    1    0      2097   15    1 MIX     7    6  190  191
    3   16    1    1    8    1    8    1    1    1      1085  194    0 MIX     3    4    5    7  192  193  194  195
    3   17    1    1    4    1    4    1    1    1      1112  197    0 MIX     5    8  196  197
    3   18    1    1    8    1    8    1    1    1      1289    5    1 MIX     6    3    1    5  198  199  200  201
    3   19    1    1    8    5    4    2    1    0      3347  203    0 MIX     8    6    4    3  202  203  204  205
    3   20    1    1    8    1    8    2    1    0      1036  206    0 MIX     3    1    7    2  206  207  208  209
    3   21    2    1    8    0    0    1    1    0      1395  214    0 MIX     3    6    4    1  210  211  212  213
    3   22    1    1    2    2    1    1    1    1      1486    6    1 MIX     6  215
    3   23    2    1    2    0    0    1    1    0      1765   13    1 MIX     7  216
    3   24    1    1    4    2    3    1    1    1      1110  217    0 MIX     8    5  217  218
    4    1    2    1    8    0    0    1    1    0      2536  223    0 MIX     8    2    4    3  219  220  221  222
    4    2    2    1    8    0    0    2    1    1       961    5    1 MIX     2    8    1    5  224  225  226  227
    4    3    1    1    4    4    1    1    1    1       913    7    1 MIX     7    6  228  229
    4    4    1    1    8    3    6    1    1    1      1370    8    1 MIX     2    8    5    1  230  231  232  233
    4    5    2    1    4    0    0    1    1    0      1498  236    0 MIX     2    6  234  235
    4    6    1    1    8    3    6    1    1    1      1614    3    1 MIX     7    3    1    6  237  238  239  240
    4    7    2    1    2    0    0    2    1    1      1759    3    1 MIX     7  241
    4    8    1    1    2    2    1    1    1    1       923  242    0 MIX     8  242
    4    9    2    1    8    0    0    2    0    0      1685   14    1 MIX     3    6    5    4  243  244  245  246
    4   10    1    1    8    3    6    2    1    0       816    2    1 MIX     3    2    1    4  247  248  249  250
    4   11    1    1    8    8    1    2    1    0       879  251    0 MIX     1    7    6    5  251  252  253  254
    4   12    2    1    8    0    0    1    1    0      1000  259    0 MIX     8    1    5    6  255  256  257  258
    4   13    2    1    8    0    0    1    1    0      1535    9    1 MIX     5    4    2    3  260  261  262  263
    4   14    1    1    8    6    3    2    1    0      1297  267    0 MIX     5    6    7    1  264  265  266  267
    4   15    1    1    8    2    7    1    0    0      1547    5    1 MIX     7    6    5    3  268  269  270  271
    4   16    1    1    4    2    3    2    1    0      1123  273    0 MIX     3    8  272  273
    4   17    2    1    2    0    0    1    1    0      1770   13    1 MIX     3  274
    4   18    1    1    4    4    1    2    1    0       904    1    1 MIX     5    1  275  276
    4   19    2    1    2    0    0    2    1    1      1974    5    1 MIX     3  277
    4   20    1    1    4    3    2    2    1    0       974    8    1 MIX     6    8  278  279
    4   21    1    1    2    2    1    2    1    0      1913  280    0 MIX     8  280
    4   22    1    1    2    2    1    1    1    1       751    1    1 MIX     1  281
    4   23    1    1    2    1    2    2    1    0       804    6    1 MIX     6  282
    4   24    2    1    4    0    0    1    1    0      1881  285    0 MIX     8    1  283  284
    5    1    2    1    4    0    0    2    1    1      1380  288    0 MIX     6    7  286  287
    5    2    2    1    4    0    0    2    1    1      2019    8    1 MIX     5    1  289  290
    5    3    2    1    2    0    0    1    1    0      1540  292    0 MIX     1  291
    5    4    2    1    2    0    0    2    1    1      1433    7    1 MIX     5  293
    5    5    2    1    4    0    0    2    1    1      1684  296    0 MIX     6    7  294  295
    5    6    1    1    8    2    7    2    1    0      1184  298    0 MIX     3    7    1    8  297  298  299  300
    5    7    2    1    4    0    0    2    1    1       856    4    1 MIX     7    8  301  302
    5    8    1    1    2    1    2    2    1    0       808  303    0 MIX     6  303
    5    9    1    1    2    1    2    1    1    1      1339    3    1 MIX     3  304
    5   10    2    1    4    0    0    2    1    1      1435  307    0 MIX     6    1  305  306
    5   11    2    1    8    0    0    1    1    0      1231  312    0 MIX     8    5    3    7  308  309  310  311
    5   12    1    1    8    7    2    2    1    0      1034    1    1 MIX     5    6    1    2  313  314  315  316
    5   13    2    1    8    0    0    1    1    0      1439   13    1 MIX     1    8    7    4  317  318  319  320
    5   14    2    1    8    0    0    1    1    0       901  325    0 MIX     8    6    7    1  321  322  323  324
    5   15    2    1    2    0    0    1    1    0      1474  327    0 MIX     3  326
    5   16    1    1    2    2    1    1    1    1       666  328    0 MIX     4  328
    5   17    2    1    2    0    0    1    1    0      1505  330    0 MIX     1  329
    5   18    1    1    4    3    2    1    1    1       956  332    0 MIX     4    5  331  332
    5   19    1    1    8    1    8    1    1    1      2709    2    1 MIX     6    2    3    5  333  334  335  336
    5   20    2    1    8    0    0    2    1    1      1413  341    0 MIX     8    1    6    7  337  338  339  340
    5   21    2    1    8    0    0    1    1    0      1033   12    1 MIX     3    1    2    7  342  343  344  345
    5   22    1    1    2    2    1    1    0    0       850  346    0 MIX     7  346
    5   23    1    1    8    7    2    2    1    0       704    7    1 MIX     3    2    8    7  347  348  349  350
    5   24    2    1    4    0    0    1    1    0      1099   12    1 MIX     8    5  351  352
    6    1    1    1    4    2    3    1    1    1      1797    8    1 MIX     6    8  353  354
    6    2    2    1    4    0    0    1    1    0      1749   15    1 MIX     4    8  355  356
    6    3    1    1    4    3    2    2    1    0      1077  357    0 MIX     1    6  357  358
    6    4    1    1    4    2    3    2    0    1      1008    1    1 MIX     8    1  359  360
    6    5    1    1    2    2    1    2    1    0       875  361    0 MIX     4  361
    6    6    2    1    8    0    0    2    1    1      1399  366    0 MIX     1    8    4    3  362  363  364  365
    6    7    2    1    8    0    0    1    1    0      1406   10    1 MIX     5    4    8    6  367  368  369  370
    6    8    2    1    2    0    0    2    1    1      1641    3    1 MIX     8  371
    6    9    1    1    2    2    1    2    1    0       858  372    0 MIX     4  372
    6   10    1    1    2    2    1    2    1    0       666    2    1 MIX     2  373
    6   11    1    1    2    2    1    2    1    0       738    5    1 MIX     5  374
    6   12    2    1    2    0    0    1    1    0      1143   13    1 MIX     3  375
    6   13    1    1    2    1    2    1    1    1       892    6    1 MIX     6  376
    6   14    1    1    2    1    2    2    1    0       827  377    0 MIX     2  377
    6   15    2    1    8    0    0    1    1    0       728   15    1 MIX     4    1    5    6  378  379  380  381
    6   16    2    1    8    0    0    1    0    1      2827    4    1 MIX     8    1    5    4  382  383  384  385
    6   17    2    1    8    0    0    1    1    0      1640    9    1 MIX     7    6    5    4  386  387  388  389
    6   18    1    1    8    8    1    1    1    1      1429    4    1 MIX     4    6    5    8  390  391  392  393
    6   19    1    1    2    1    2    1    1    1       910  394    0 MIX     7  394
    6   20    2    1    2    0    0    2    1    1      1164    8    1 MIX     6  395
    6   21    1    1    2    1    2    2    1    0       863    2    1 MIX     2  396
    6   22    1    1    2    1    2    1    1    1      1119    8    1 MIX     8  397
    6   23    2    1    4    0    0    1    1    0      1048  400    0 MIX     2    8  398  399
    6   24    2    1    4    0    0    2    1    1       851  403    0 MIX     3    8  401  402
    7    1    1    1    4    1    4    1    1    1      1261    4    1 MIX     4    5  404  405
    7    2    1    1    2    2    1    1    1    1      1341    3    1 MIX     3  406
    7    3    1    1    2    1    2    2    1    0       922    1    1 MIX     1  407
    7    4    2    1    2    0    0    1    1    0      1128   13    1 MIX     7  408
    7    5    1    1    4    3    2    2    1    0       866  409    0 MIX     4    3  409  410
    7    6    2    1    4    0    0    2    1    1      1381  413    0 MIX     6    3  411  412
    7    7    1    1    2    2    1    2    1    0       992  414    0 MIX     3  414
    7    8    1    1    2    2    1    2    1    0       763    8    1 MIX     8  415
    7    9    2    1    2    0    0    1    1    0      1742  417    0 MIX     3  416
    7   10    1    1    8    4    5    2    1    0      1095  418    0 MIX     4    6    3    1  418  419  420  421
    7   11    1    1    4    2    3    1    0    0      4017    6    1 MIX     3    6  422  423
    7   12    1    1    4    4    1    2    1    0      1030  425    0 MIX     3    5  424  425
    7   13    2    1    8    0    0    1    1    0      1228   11    1 MIX     8    4    1    6  426  427  428  429
    7   14    1    1    4    2    3    2    0    1      1458    8    1 MIX     8    6  430  431
    7   15    1    1    2    1    2    2    1    0       795    5    1 MIX     5  432
    7   16    1    1    4    3    2    2    1    0      1617    1    1 MIX     1    5  433  434
    7   17    2    1    8    0    0    2    1    1      1167    2    1 MIX     8    1    3    2  435  436  437  438
    7   18    2    1    8    0    0    1    1    0       975   12    1 MIX     2    1    3    6  439  440  441  442
    7   19    1    1    8    5    4    2    1    0       870  446    0 MIX     2    8    3    6  443  444  445  446
    7   20    1    1    4    2    3    2    1    0       907  447    0 MIX     8    1  447  448
    7   21    2    1    2    0    0    1    1    0      1688  450    0 MIX     5  449
    7   22    2    1    8    0    0    2    1    1      1139  455    0 MIX     5    2    1    4  451  452  453  454
    7   23    2    1    4    0    0    1    1    0      1419  458    0 MIX     8    6  456  457
    7   24    2    1    8    0    0    1    1    0      1010    9    1 MIX     6    4    1    3  459  460  461  462
    8    1    1    1    8    8    1    1    1    1       931  465    0 MIX     2    7    5    6  463  464  465  466
    8    2    1    1    8    3    6    2    1    0      1564  469    0 MIX     1    2    5    3  467  468  469  470
    8    3    2    1    2    0    0    1    1    0      1649   12    1 MIX     2  471
    8    4    1    1    4    4    1    2    1    0      1731    8    1 MIX     8    3  472  473
    8    5    1    1    4    2    3    1    1    1       885    7    1 MIX     7    5  474  475
    8    6    1    1    4    1    4    2    1    0       985  477    0 MIX     5    6  476  477
    8    7    1    1    4    2    3    2    1    0       793  478    0 MIX     4    3  478  479
    8    8    2    1    2    0    0    2    1    1      2924    1    1 MIX     2  480
    8    9    1    1    4    4    1    2    1    0       974    2    1 MIX     3    2  481  482
    8   10    2    1    2    0    0    2    1    1      1066    7    1 MIX     2  483
    8   11    2    1    2    0    0    2    1    1      1393  485    0 MIX     7  484
    8   12    1    1    4    2    3    2    1    0      1119  486    0 MIX     1    2  486  487
    8   13    1    1    2    2    1    2    1    0       822    7    1 MIX     7  488
    8   14    2    1    2    0    0    1    1    0      1528   16    1 MIX     2  489
    8   15    2    1    8    0    0    1    1    0       857   12    1 MIX     3    8    2    7  490  491  492  493
    8   16    2    1    8    0    0    1    1    0      1253   13    1 MIX     5    3    7    4  494  495  496  497
    8   17    1    1    4    1    4    1    1    1      1098  499    0 MIX     5    8  498  499
    8   18    1    1    8    2    7    1    0    0      2188  503    0 MIX     7    1    2    6  500  501  502  503
    8   19    2    1    2    0    0    1    1    0      1511    9    1 MIX     7  504
    8   20    2    1    2    0    0    2    1    1      1468    7    1 MIX     5  505
    8   21    1    1    8    2    7    2    1    0       961  506    0 MIX     4    2    1    5  506  507  508  509
    8   22    2    1    2    0    0    1    1    0      2476  511    0 MIX     6  510
    8   23    2    1    8    0    0    1    1    0      1925   16    1 MIX     3    5    1    8  512  513  514  515
    8   24    1    1    8    3    6    2    1    0      1031    6    1 MIX     8    5    7    6  516  517  518  519
    9    1    2    1    4    0    0    1    1    0      1088  522    0 MIX     5    3  520  521
    9    2    1    1    4    2    3    1    1    1       924  524    0 MIX     5    2  523  524
    9    3    2    1    4    0    0    2    1    1      1103    5    1 MIX     1    8  525  526
    9    4    1    1    2    1    2    2    1    0       790  527    0 MIX     3  527
    9    5    2    1    4    0    0    2    1    1      1788  530    0 MIX     4    3  528  529
    9    6    2    1    2    0    0    2    1    1      1847  532    0 MIX     7  531
    9    7    1    1    2    2    1    1    1    1       880  533    0 MIX     6  533
    9    8    2    1    4    0    0    1    1    0      1585  536    0 MIX     3    5  534  535
    9    9    2    1    4    0    0    2    1    1      3157  539    0 MIX     8    2  537  538
    9   10    1    1    2    2    1    2    1    0       810    1    1 MIX     1  540
    9   11    1    1    8    5    4    2    1    0      1144    2    1 MIX     2    5    6    3  541  542  543  544
    9   12    1    1    8    3    6    2    1    0       904  548    0 MIX     7    4    6    1  545  546  547  548
    9   13    2    1    4    0    0    2    1    1      1433    1    1 MIX     3    2  549  550
    9   14    2    1    4    0    0    1    1    0      2247   15    1 MIX     4    1  551  552
    9   15    2    1    8    0    0    1    1    0      1387  557    0 MIX     5    3    1    6  553  554  555  556
    9   16    2    1    8    0    0    2    1    1       964    3    1 MIX     1    8    6    4  558  559  560  561
    9   17    2    1    2    0    0    1    1    0      1521    9    1 MIX     8  562
    9   18    2    1    4    0    0    2    1    1       828    4    1 MIX     6    7  563  564
    9   19    2    1    2    0    0    2    1    1      2446    4    1 MIX     1  565
    9   20    2    1    2    0    0    1    1    0      1502  567    0 MIX     6  566
    9   21    1    1    2    2    1    2    1    0       965  568    0 MIX     4  568
    9   22    1    1    4    3    2    1    1    1      1187    3    1 MIX     4    3  569  570
    9   23    1    1    2    2    1    1    1    1       951  571    0 MIX     1  571
    9   24    2    1    2    0    0    2    1    1      2113  573    0 MIX     1  572
