    1    1    1    1    4    1    4    2    0    1      6514    2    1 MIX2     2    4    9   10
    1    2    1    1    4    2    3    1    0    0      2229    4    1 MIX2     3    4   11   12
    1    3    1    1    4    1    4    1    0    0      2196   14    0 MIX2     4    3   13   14
    1    4    2    1    4    0    0    2    1    1      1492    1    1 MIX2     2    4   15   16
    1    5    1    1    2    2    1    1    1    1      2859   17    0 MIX2     1   17
    1    6    2    1    8    0    0    2    1    1      1770   22    0 MIX2     2    1    4    3   18   19   20   21
    1    7    1    1    4    3    2    1    1    1      1419   24    0 MIX2     2    3   23   24
    1    8    2    1    8    0    0    2    0    0      1488   29    0 MIX2     2    4    3    1   25   26   27   28
    1    9    2    1    4    0    0    2    0    0      1309   32    0 MIX2     2    3   30   31
    1   10    1    1    8    3    6    1    1    1      1052   35    0 MIX2     1    2    3    4   33   34   35   36
    1   11    2    1    8    0    0    2    0    0      1381   41    0 MIX2     1    3    4    2   37   38   39   40
    1   12    1    1    2    1    2    1    1    1      1057    2    1 MIX2     2   42
    1   13    2    1    4    0    0    2    0    0      1790   45    0 MIX2     4    1   43   44
    1   14    1    1    8    6    3    1    1    1      5048    4    1 MIX2     4    3    2    1   46   47   48   49
    1   15    1    1    2    1    2    1    0    0      1698   50    0 MIX2     4   50
    1   16    2    1    4    0    0    2    1    1      2647    1    1 MIX2     3    4   51   52
    1   17    2    1    8    0    0    2    0    0      1838   57    0 MIX2     4    1    3    2   53   54   55   56
    1   18    1    1    2    2    1    1    1    1      1928    2    1 MIX2     2   58
    1   19    2    1    4    0    0    1    1    0      4963    5    1 MIX2     1    4   59   60
    1   20    2    1    8    0    0    2    1    1      1021   65    0 MIX2     2    1    4    3   61   62   63   64
    1   21    1    1    2    2    1    1    1    1      1143   66    0 MIX2     3   66
    1   22    1    1    8    4    5    1    1    1       940   68    0 MIX2     4    2    3    1   67   68   69   70
    1   23    1    1    2    1    2    1    1    1       777   71    0 MIX2     3   71
    1   24    2    1    8    0    0    1    0    1      1371    3    1 MIX2     2    3    4    1   72   73   74   75
    2    1    2    1    2    0    0    2    0    0      2930    5    1 MIX2     3   76
    2    2    1    1    4    4    1    1    0    0      1205    2    1 MIX2     2    3   77   78
    2    3    2    1    8    0    0    2    0    0      2328    7    1 MIX2     1    2    3    4   79   80   81   82
    2    4    1    1    4    1    4    1    1    1      1283   84    0 MIX2     1    2   83   84
    2    5    1    1    4    1    4    1    0    0      2248    1    1 MIX2     1    3   85   86
    2    6    1    1    8    1    8    1    0    0      1678    3    1 MIX2     3    1    4    2   87   88   89   90
    2    7    1    1    8    3    6    2    0    1       941   92    0 MIX2     4    1    2    3   91   92   93   94
    2    8    1    1    2    2    1    1    1    1       475    2    1 MIX2     2   95
    2    9    1    1    4    1    4    1    0    0       912    2    1 MIX2     2    3   96   97
    2   10    1    1    4    1    4    1    1    1      1013   99    0 MIX2     1    2   98   99
    2   11    2    1    4    0    0    2    0    0      1267  102    0 MIX2     1    4  100  101
    2   12    2    1    8    0    0    2    1    1      1474  107    0 MIX2     1    2    4    3  103  104  105  106
    2   13    1    1    4    1    4    1    0    0     20848    4    1 MIX2     1    4  108  109
    2   14    1    1    2    2    1    1    0    0     16594    4    1 MIX2     4  110
    2   15    2    1    2    0    0    1    0    1      1310    3    1 MIX2     1  111
    2   16    1    1    4    1    4    1    0    0      1027    2    1 MIX2     1    2  112  113
    2   17    1    1    4    1    4    1    0    0      3250  114    0 MIX2     1    3  114  115
    2   18    2    1    4    0    0    2    1    1      1560  118    0 MIX2     2    3  116  117
    2   19    1    1    8    1    8    1    0    0      2426  121    0 MIX2     3    2    4    1  119  120  121  122
    2   20    1    1    8    8    1    1    1    1      1611  125    0 MIX2     3    4    2    1  123  124  125  126
    2   21    2    1    2    0    0    2    1    1      1342  128    0 MIX2     1  127
    2   22    1    1    4    4    1    1    0    0      1122    4    1 MIX2     1    4  129  130
    2   23    1    1    2    2    1    1    1    1      1192    4    1 MIX2     4  131
    2   24    1    1    4    3    2    1    1    1      1905    4    1 MIX2     4    2  132  133
    3    1    1    1    8    5    4    1    0    0      2213  135    0 MIX2     4    1    2    3  134  135  136  137
    3    2    2    1    4    0    0    2    1    1      1301    3    1 MIX2     1    2  138  139
    3    3    1    1    2    1    2    1    1    1      3348    3    1 MIX2     3  140
    3    4    2    1    8    0    0    1    1    0      1424    6    1 MIX2     1    4    3    2  141  142  143  144
    3    5    1    1    8    7    2    2    0    1      2794    3    1 MIX2     4    2    1    3  145  146  147  148
    3    6    2    1    8    0    0    1    1    0      1948    6    1 MIX2     4    2    1    3  149  150  151  152
    3    7    1    1    4    1    4    1    0    0      1174    2    1 MIX2     2    3  153  154
    3    8    2    1    4    0    0    2    1    1      1263  157    0 MIX2     2    3  155  156
    3    9    1    1    8    6    3    1    1    1      1389  160    0 MIX2     4    1    3    2  158  159  160  161
    3   10    1    1    8    8    1    1    1    1      3202    4    1 MIX2     4    2    1    3  162  163  164  165
    3   11    1    1    4    2    3    1    0    0      1369  166    0 MIX2     2    4  166  167
    3   12    1    1    4    3    2    1    1    1      1050  168    0 MIX2     2    1  168  169
    3   13    1    1    2    2    1    1    1    1      1027    4    1 MIX2     4  170
    3   14    1    1    8    2    7    1    1    1      1389    3    1 MIX2     1    3    4    2  171  172  173  174
    3   15    1    1    8    1    8    1    0    0      1224    1    1 MIX2     4    3    2    1  175  176  177  178
    3   16    2    1    2    0    0    2    0    0      1162    6    1 MIX2     2  179
    3   17    1    1    4    2    3    1    0    0      1045  181    0 MIX2     1    4  180  181
    3   18    2    1    8    0    0    1    0    1       780  186    0 MIX2     4    1    2    3  182  183  184  185
    3   19    2    1    8    0    0    2    1    1      1453  191    0 MIX2     4    2    1    3  187  188  189  190
    3   20    1    1    4    4    1    1    1    1      1227  193    0 MIX2     4    3  192  193
    3   21    1    1    8    2    7    1    0    0      1821    4    1 MIX2     4    3    1    2  194  195  196  197
    3   22    1    1    8    7    2    1    0    0      1414    1    1 MIX2     3    1    2    4  198  199  200  201
    3   23    2    1    4    0    0    2    0    0      1925    7    1 MIX2     4    1  202  203
    3   24    1    1    4    2    3    2    1    0      1409    3    1 MIX2     2    3  204  205
    4    1    1    1    2    2    1    1    1    1      1029    1    1 MIX2     1  206
    4    2    1    1    8    5    4    1    0    0      5596    1    1 MIX2     4    3    2    1  207  208  209  210
    4    3    2    1    8    0    0    2    0    0      2638    5    1 MIX2     4    2    1    3  211  212  213  214
    4    4    2    1    4    0    0    2    0    0      2221  217    0 MIX2     2    4  215  216
    4    5    1    1    8    6    3    1    1    1      1302  221    0 MIX2     1    4    2    3  218  219  220  221
    4    6    2    1    4    0    0    2    0    0      2615    5    1 MIX2     3    2  222  223
    4    7    1    1    2    1    2    1    0    0       819  224    0 MIX2     2  224
    4    8    1    1    4    3    2    1    0    0       698  225    0 MIX2     3    4  225  226
    4    9    2    1    2    0    0    2    1    1      1681    2    1 MIX2     2  227
    4   10    2    1    8    0    0    2    1    1      2542  232    0 MIX2     1    3    4    2  228  229  230  231
    4   11    1    1    2    1    2    1    0    0      1660    4    1 MIX2     4  233
    4   12    1    1    8    7    2    1    1    1      1451    1    1 MIX2     2    1    3    4  234  235  236  237
    4   13    2    1    2    0    0    2    1    1      1397  239    0 MIX2     1  238
    4   14    2    1    8    0    0    2    1    1      1597    2    1 MIX2     2    1    4    3  240  241  242  243
    4   15    1    1    4    4    1    1    0    0      1172    3    1 MIX2     2    3  244  245
    4   16    1    1    2    2    1    1    1    1      1929    1    1 MIX2     1  246
    4   17    2    1    8    0    0    2    0    0      1309  251    0 MIX2     4    2    1    3  247  248  249  250
    4   18    1    1    2    2    1    1    1    1      1325  252    0 MIX2     4  252
    4   19    1    1    2    1    2    1    0    0      3419    2    1 MIX2     2  253
    4   20    1    1    2    2    1    1    1    1      1590    1    1 MIX2     1  254
    4   21    2    1    8    0    0    2    0    0      1926  259    0 MIX2     1    2    4    3  255  256  257  258
    4   22    2    1    4    0    0    2    0    0      1137  262    0 MIX2     4    1  260  261
    4   23    2    1    2    0    0    2    1    1      1847    1    1 MIX2     1  263
    4   24    1    1    2    2    1    1    0    0      1632    3    1 MIX2     3  264
    5    1    2    1    2    0    0    2    1    1      3525    2    1 MIX2     2  265
    5    2    1    1    8    5    4    1    1    1      1529  267    0 MIX2     2    1    4    3  266  267  268  269
    5    3    2    1    2    0    0    2    1    1      1407  271    0 MIX2     2  270
    5    4    1    1    4    3    2    1    0    0      3678  272    0 MIX2     2    4  272  273
    5    5    1    1    2    1    2    1    0    0      1695  274    0 MIX2     2  274
    5    6    2    1    2    0    0    2    0    0      4031    7    1 MIX2     3  275
    5    7    2    1    4    0    0    2    0    0      2102  278    0 MIX2     1    2  276  277
    5    8    2    1    2    0    0    2    1    1      1333    1    1 MIX2     2  279
    5    9    1    1    4    1    4    1    0    0      1624    2    1 MIX2     2    1  280  281
    5   10    1    1    4    4    1    1    0    0      3664    3    1 MIX2     3    4  282  283
    5   11    1    1    2    2    1    1    0    0      1345    1    1 MIX2     1  284
    5   12    2    1    8    0    0    2    0    0      1454  289    0 MIX2     1    2    4    3  285  286  287  288
    5   13    2    1    2    0    0    2    0    0      2918  291    0 MIX2     3  290
    5   14    1    1    8    6    3    2    1    0      1251  293    0 MIX2     3    4    2    1  292  293  294  295
    5   15    2    1    4    0    0    2    0    0      1817    5    1 MIX2     4    3  296  297
    5   16    2    1    2    0    0    2    0    0      1188  299    0 MIX2     2  298
    5   17    2    1    2    0    0    2    1    1      1336  301    0 MIX2     4  300
    5   18    2    1    8    0    0    2    1    1      1971    2    1 MIX2     1    4    3    2  302  303  304  305
    5   19    1    1    2    1    2    1    0    0      3096    4    1 MIX2     4  306
    5   20    1    1    4    4    1    2    0    1      3764    4    1 MIX2     2    4  307  308
    5   21    2    1    2    0    0    2    1    1      2447  310    0 MIX2     1  309
    5   22    2    1    4    0    0    2    1    1      9252  313    0 MIX2     3    4  311  312
    5   23    2    1    8    0    0    1    1    0      1028    7    1 MIX2     4    3    1    2  314  315  316  317
    5   24    2    1    4    0    0    2    1    1       850  320    0 MIX2     1    3  318  319
    6    1    1    1    2    2    1    1    1    1      2454    1    1 MIX2     1  321
    6    2    2    1    4    0    0    1    0    1      1388    1    1 MIX2     1    4  322  323
    6    3    2    1    2    0    0    2    1    1      1689  325    0 MIX2     1  324
    6    4    1    1    4    4    1    1    0    0      1052  326    0 MIX2     4    2  326  327
    6    5    2    1    4    0    0    2    0    0      1434  330    0 MIX2     2    4  328  329
    6    6    2    1    2    0    0    2    0    0      1009  332    0 MIX2     2  331
    6    7    1    1    2    2    1    1    0    0      1004    3    1 MIX2     3  333
    6    8    1    1    2    2    1    1    1    1      3862    3    1 MIX2     3  334
    6    9    1    1    4    4    1    1    1    1      2773  336    0 MIX2     2    1  335  336
    6   10    1    1    8    5    4    1    1    1      1400    4    1 MIX2     4    1    2    3  337  338  339  340
    6   11    1    1    8    8    1    1    0    0      1104    3    1 MIX2     2    3    1    4  341  342  343  344
    6   12    1    1    4    3    2    1    1    1      1933  346    0 MIX2     3    2  345  346
    6   13    2    1    4    0    0    2    1    1      1480    1    1 MIX2     1    4  347  348
    6   14    2    1    4    0    0    2    0    0      2037    8    1 MIX2     1    3  349  350
    6   15    2    1    8    0    0    2    1    1      2661  355    0 MIX2     3    2    4    1  351  352  353  354
    6   16    2    1    2    0    0    2    0    0      1789  357    0 MIX2     4  356
    6   17    1    1    8    5    4    1    1    1      1351  358    0 MIX2     2    3    1    4  358  359  360  361
    6   18    2    1    8    0    0    2    0    0      1520  366    0 MIX2     2    1    3    4  362  363  364  365
    6   19    2    1    4    0    0    1    1    0      1180    7    1 MIX2     4    3  367  368
    6   20    1    1    8    4    5    1    0    0      3869    4    1 MIX2     1    4    2    3  369  370  371  372
    6   21    2    1    4    0    0    1    0    1      1435    3    1 MIX2     4    1  373  374
    6   22    2    1    8    0    0    2    1    1      1120  379    0 MIX2     2    3    4    1  375  376  377  378
    6   23    2    1    2    0    0    2    1    1      1590  381    0 MIX2     2  380
    6   24    1    1    4    3    2    1    1    1      1135    1    1 MIX2     2    1  382  383
    7    1    1    1    4    2    3    1    1    1      1482    2    1 MIX2     4    2  384  385
    7    2    2    1    8    0    0    2    0    0      1632    7    1 MIX2     1    2    4    3  386  387  388  389
    7    3    2    1    8    0    0    2    1    1      1680    3    1 MIX2     1    2    4    3  390  391  392  393
    7    4    1    1    2    1    2    1    0    0      1486  394    0 MIX2     4  394
    7    5    2    1    2    0    0    2    0    0      8102    6    1 MIX2     3  395
    7    6    1    1    4    3    2    1    1    1      1258  397    0 MIX2     2    1  396  397
    7    7    1    1    8    3    6    1    0    0      2169    1    1 MIX2     3    1    4    2  398  399  400  401
    7    8    1    1    8    4    5    1    0    0      2196  404    0 MIX2     4    3    1    2  402  403  404  405
    7    9    2    1    4    0    0    2    1    1      1573  408    0 MIX2     1    3  406  407
    7   10    1    1    2    2    1    1    0    0      2265    3    1 MIX2     3  409
    7   11    1    1    2    1    2    1    1    1      1170    2    1 MIX2     2  410
    7   12    2    1    4    0    0    1    0    1      1611    4    1 MIX2     4    2  411  412
    7   13    1    1    4    3    2    1    0    0      2403  413    0 MIX2     1    4  413  414
    7   14    2    1    8    0    0    1    0    1      4197    1    1 MIX2     1    2    3    4  415  416  417  418
    7   15    1    1    2    1    2    1    0    0      1585    1    1 MIX2     1  419
    7   16    2    1    4    0    0    1    1    0      1177  422    0 MIX2     3    1  420  421
    7   17    2    1    8    0    0    2    0    0      6556    8    1 MIX2     3    4    2    1  423  424  425  426
    7   18    1    1    2    2    1    1    0    0      1786  427    0 MIX2     2  427
    7   19    1    1    8    1    8    1    0    0      2689    4    1 MIX2     3    2    1    4  428  429  430  431
    7   20    1    1    8    3    6    2    0    1      2199    4    1 MIX2     2    3    4    1  432  433  434  435
    7   21    2    1    2    0    0    2    1    1      6050    2    1 MIX2     1  436
    7   22    2    1    4    0    0    2    1    1      1887  439    0 MIX2     2    4  437  438
    7   23    2    1    4    0    0    2    1    1      1356  442    0 MIX2     3    2  440  441
    7   24    2    1    8    0    0    2    0    0      2694  447    0 MIX2     1    3    2    4  443  444  445  446
    8    1    1    1    8    2    7    1    0    0      2479    1    1 MIX2     2    1    3    4  448  449  450  451
    8    2    1    1    8    5    4    2    0    1      1663  455    0 MIX2     2    1    4    3  452  453  454  455
    8    3    2    1    2    0    0    2    1    1      1279    4    1 MIX2     1  456
    8    4    1    1    4    4    1    1    1    1      4068  457    0 MIX2     2    3  457  458
    8    5    1    1    2    1    2    1    0    0       949  459    0 MIX2     2  459
    8    6    2    1    8    0    0    2    1    1      1551  464    0 MIX2     1    3    4    2  460  461  462  463
    8    7    2    1    2    0    0    2    0    0      1091  466    0 MIX2     1  465
    8    8    1    1    4    2    3    1    0    0      1263    4    1 MIX2     4    1  467  468
    8    9    2    1    2    0    0    2    1    1      3440  470    0 MIX2     1  469
    8   10    2    1    4    0    0    2    0    0      2830  473    0 MIX2     2    3  471  472
    8   11    1    1    4    1    4    1    0    0      1796    2    1 MIX2     2    3  474  475
    8   12    2    1    8    0    0    2    0    0      1662  480    0 MIX2     2    1    4    3  476  477  478  479
    8   13    1    1    8    3    6    1    1    1      1052  482    0 MIX2     1    2    4    3  481  482  483  484
    8   14    1    1    4    3    2    1    0    0      1018    4    1 MIX2     4    2  485  486
    8   15    1    1    2    1    2    1    0    0       932    3    1 MIX2     3  487
    8   16    1    1    2    1    2    2    0    1      1218    1    1 MIX2     1  488
    8   17    2    1    8    0    0    1    1    0      4116    5    1 MIX2     3    1    4    2  489  490  491  492
    8   18    2    1    2    0    0    1    1    0      3411    7    1 MIX2     2  493
    8   19    1    1    8    6    3    2    0    1      6347    2    1 MIX2     3    1    2    4  494  495  496  497
    8   20    2    1    8    0    0    1    0    1      5374  502    0 MIX2     2    1    3    4  498  499  500  501
    8   21    1    1    8    6    3    2    0    1      2841    3    1 MIX2     4    2    1    3  503  504  505  506
    8   22    1    1    2    1    2    2    1    0      1067    3    1 MIX2     3  507
    8   23    1    1    4    4    1    1    0    0      1592  509    0 MIX2     4    1  508  509
    8   24    2    1    8    0    0    2    0    0      1802    5    1 MIX2     2    1    3    4  510  511  512  513
    9    1    1    1    4    1    4    1    1    1      3059    4    1 MIX2     4    1  514  515
    9    2    2    1    8    0    0    2    1    1      1771  520    0 MIX2     2    1    3    4  516  517  518  519
    9    3    1    1    4    4    1    1    1    1      3548  522    0 MIX2     3    1  521  522
    9    4    1    1    2    1    2    1    1    1      2130    2    1 MIX2     2  523
    9    5    1    1    2    2    1    1    1    1      1920  524    0 MIX2     2  524
    9    6    1    1    2    1    2    2    1    0      4279    1    1 MIX2     1  525
    9    7    1    1    4    1    4    1    0    0      2453    1    1 MIX2     2    1  526  527
    9    8    2    1    8    0    0    1    1    0      1987    6    1 MIX2     2    1    4    3  528  529  530  531
    9    9    1    1    8    4    5    2    0    1      2662  535    0 MIX2     2    1    3    4  532  533  534  535
    9   10    2    1    2    0    0    2    1    1      1488    3    1 MIX2     4  536
    9   11    2    1    8    0    0    2    0    0      4022    7    1 MIX2     4    1    3    2  537  538  539  540
    9   12    1    1    8    2    7    2    0    1      3687    1    1 MIX2     1    4    2    3  541  542  543  544
    9   13    2    1    2    0    0    2    0    0      1398  546    0 MIX2     1  545
    9   14    1    1    8    6    3    2    1    0      4848  549    0 MIX2     2    1    4    3  547  548  549  550
    9   15    1    1    8    8    1    2    1    0      1039    3    1 MIX2     1    3    2    4  551  552  553  554
    9   16    2    1    2    0    0    2    1    1      2040    1    1 MIX2     4  555
    9   17    1    1    2    1    2    1    1    1      8969    4    1 MIX2     4  556
    9   18    2    1    4    0    0    1    0    1      2043    2    1 MIX2     2    3  557  558
    9   19    2    1    8    0    0    2    0    0      1532  563    0 MIX2     1    4    3    2  559  560  561  562
    9   20    1    1    4    1    4    1    1    1      1911    1    1 MIX2     2    1  564  565
    9   21    2    1    8    0    0    2    1    1      5692  570    0 MIX2     4    1    3    2  566  567  568  569
    9   22    1    1    2    1    2    2    1    0      1900    2    1 MIX2     2  571
    9   23    2    1    4    0    0    2    1    1     10712    4    1 MIX2     4    1  572  573
    9   24    2    1    8    0    0    2    1    1      1533    3    1 MIX2     3    2    4    1  574  575  576  577
