    1    1    1    1    2    1    2    1    1    1       361   16    1 CMat    16   13
    1    2    2    1    2    0    0    1    0    1       343   19    0 CMat    17   18
    1    3    2    1    2    0    0    1    0    1       246    5    1 CMat    16   15
    1    4    2    1    2    0    0    2    0    0       329   22    0 CMat    20   21
    1    5    1    1    8    3    6    1    1    1       442   16    1 CMat    12   11   16   13   14   15    9   10
    1    6    1    1    8    6    3    1    1    1       300   28    0 CMat    23   24   25   26   27   28   29   30
    1    7    1    1    4    3    2    1    1    1       690   10    1 CMat    11   14   10   13
    1    8    1    1    8    4    5    2    1    0       476   34    0 CMat    31   32   33   34   35   36   37   38
    1    9    1    1    4    1    4    1    1    1       307   12    1 CMat    12   11   14    9
    1   10    2    1    4    0    0    2    0    0       457   43    0 CMat    39   40   41   42
    1   11    1    1    2    1    2    2    1    0       299    6    1 CMat     6    8
    1   12    2    1    8    0    0    1    0    1       332   52    0 CMat    44   45   46   47   48   49   50   51
    1   13    2    1    8    0    0    2    0    0       324   12    1 CMat     1    7    6    8    4    5    3    2
    1   14    2    1    2    0    0    2    0    0       348   55    0 CMat    53   54
    1   15    2    1    4    0    0    2    0    0       352   14    1 CMat     1    5    4    3
    1   17    2    1    8    0    0    2    0    0       338   72    0 CMat    64   65   66   67   68   69   70   71
    1   18    2    1    2    0    0    2    0    0       434   10    1 CMat     6    3
    1   19    1    1    8    8    1    2    1    0      2013   80    0 CMat    73   74   75   76   77   78   79   80
    1   20    1    1    4    2    3    1    1    1       383    9    1 CMat    15    9   14   16
    1   21    2    1    4    0    0    1    0    1       346   85    0 CMat    81   82   83   84
    1   22    1    1    8    7    2    2    1    0       378    2    1 CMat     1    5    7    3    8    6    2    4
    1   23    1    1    2    1    2    1    1    1       392   86    0 CMat    86   87
    1   24    2    1    8    0    0    1    0    1       399    3    1 CMat     9   13   10   11   12   16   14   15
    2    1    1    1    2    2    1    1    1    1      2541   11    1 CMat    13   11
    2    2    1    1    4    1    4    2    1    0       674   88    0 CMat    88   89   90   91
    2    3    2    1    8    0    0    2    0    0       357   11    1 CMat     3    1    8    7    6    5    4    2
    2    4    1    1    4    2    3    2    1    0       674   93    0 CMat    92   93   94   95
    2    5    2    1    8    0    0    2    0    0       429    9    1 CMat     7    4    8    5    6    1    2    3
    2    6    1    1    4    2    3    2    1    0       326   97    0 CMat    96   97   98   99
    2    7    1    1    8    7    2    2    1    0       271    4    1 CMat     6    1    7    5    2    3    4    8
    2    8    2    1    2    0    0    2    0    0       425  102    0 CMat   100  101
    2    9    1    1    4    1    4    2    1    0       394    2    1 CMat     2    5    3    4
    2   10    2    1    2    0    0    2    0    0       709  105    0 CMat   103  104
    2   11    1    1    8    8    1    2    1    0       487    2    1 CMat     7    5    4    8    1    3    6    2
    2   12    1    1    4    3    2    2    1    0       469  108    0 CMat   106  107  108  109
    2   13    2    1    4    0    0    1    0    1       741    5    1 CMat    15   10   16    9
    2   14    1    1    2    1    2    1    1    1       540  110    0 CMat   110  111
    2   15    2    1    8    0    0    2    0    0       405    9    1 CMat     4    7    1    5    3    8    6    2
    2   16    1    1    4    1    4    2    1    0       709  112    0 CMat   112  113  114  115
    2   17    1    1    2    2    1    1    1    1       414   11    1 CMat    16   11
    2   18    1    1    4    4    1    2    1    0       407  119    0 CMat   116  117  118  119
    2   19    2    1    2    0    0    2    0    0      2916   12    1 CMat     5    7
    2   20    2    1    8    0    0    1    0    1       484  128    0 CMat   120  121  122  123  124  125  126  127
    2   21    2    1    2    0    0    2    0    0       390    9    1 CMat     3    2
    2   22    1    1    4    2    3    2    1    0       785  130    0 CMat   129  130  131  132
    2   23    2    1    4    0    0    2    0    0      6892   10    1 CMat     1    7    8    6
    2   24    1    1    2    2    1    1    1    1       806  134    0 CMat   133  134
    3    1    2    1    2    0    0    2    0    0       555   10    1 CMat     7    3
    3    2    1    1    4    1    4    1    1    1       503  135    0 CMat   135  136  137  138
    3    3    2    1    4    0    0    2    0    0      2446   16    1 CMat     7    2    4    8
    3    4    1    1    8    1    8    2    1    0       626  139    0 CMat   139  140  141  142  143  144  145  146
    3    5    1    1    8    4    5    1    0    0      1615    5    1 CMat     3    6    8    5    7    4    2    1
    3    6    1    1    8    3    6    1    1    1       754  149    0 CMat   147  148  149  150  151  152  153  154
    3    7    1    1    2    2    1    1    1    1     16321   10    1 CMat    14   10
    3    8    1    1    2    1    2    2    1    0       755  155    0 CMat   155  156
    3    9    2    1    2    0    0    1    0    1      4410    7    1 CMat    16   13
    3   10    2    1    2    0    0    2    0    0      1855  159    0 CMat   157  158
    3   11    2    1    8    0    0    1    0    1      3930    8    1 CMat    16   14   13    9   10   11   15   12
    3   12    2    1    8    0    0    2    1    1      2418  168    0 CMat   160  161  162  163  164  165  166  167
    3   13    2    1    4    0    0    2    1    1      1021    1    1 CMat    13   11   14   16
    3   14    2    1    4    0    0    1    1    0       662  173    0 CMat   169  170  171  172
    3   15    1    1    8    8    1    1    0    0       825    2    1 CMat     5    4    1    8    7    3    6    2
    3   16    1    1    4    3    2    2    0    1      1218  176    0 CMat   174  175  176  177
    3   17    2    1    2    0    0    2    0    0      2910   13    1 CMat     1    5
    3   18    2    1    4    0    0    1    1    0       660  182    0 CMat   178  179  180  181
    3   19    2    1    4    0    0    1    1    0       613   15    1 CMat     7    1    3    6
    3   20    1    1    2    1    2    1    1    1       929  183    0 CMat   183  184
    3   21    1    1    2    2    1    1    0    0      1082    7    1 CMat     8    7
    3   22    1    1    2    2    1    2    1    0      1467  186    0 CMat   185  186
    3   23    1    1    2    2    1    2    1    0      1093    3    1 CMat     6    3
    3   24    1    1    4    2    3    1    1    1      1356  188    0 CMat   187  188  189  190
    4    1    2    1    8    0    0    1    1    0      1044   13    1 CMat     1    3    5    7    6    8    2    4
    4    2    1    1    2    2    1    1    1    1       871  192    0 CMat   191  192
    4    3    2    1    8    0    0    1    0    1      2346    5    1 CMat    10   16   13    9   12   11   14   15
    4    4    1    1    4    1    4    1    1    1      1279  193    0 CMat   193  194  195  196
    4    5    2    1    2    0    0    1    1    0       793    9    1 CMat     8    4
    4    6    1    1    4    4    1    1    1    1       844  200    0 CMat   197  198  199  200
    4    7    1    1    8    7    2    1    1    1       649   13    1 CMat    16   11   14   10   12    9   13   15
    4    8    2    1    2    0    0    2    1    1      1227  203    0 CMat   201  202
    4    9    1    1    2    2    1    1    1    1       735   12    1 CMat    13   12
    4   10    1    1    2    2    1    1    1    1       606  205    0 CMat   204  205
    4   11    1    1    4    4    1    2    1    0       800    7    1 CMat     3    2    5    7
    4   12    1    1    4    2    3    1    1    1       930  207    0 CMat   206  207  208  209
    4   13    2    1    4    0    0    2    0    0      1064   12    1 CMat     7    1    4    6
    4   14    2    1    2    0    0    1    0    1       946  212    0 CMat   210  211
    4   15    2    1    2    0    0    1    1    0      2393   13    1 CMat     3    6
    4   16    1    1    4    3    2    1    1    1      1124  215    0 CMat   213  214  215  216
    4   17    1    1    2    1    2    2    1    0       948    8    1 CMat     8    4
    4   18    1    1    2    1    2    2    1    0       690  217    0 CMat   217  218
    4   19    2    1    2    0    0    1    0    1      2955    3    1 CMat    11   12
    4   20    2    1    4    0    0    1    1    0       863  223    0 CMat   219  220  221  222
    4   21    1    1    4    2    3    1    1    1      3647   11    1 CMat    13   11   10   12
    4   22    1    1    8    8    1    2    1    0       970  231    0 CMat   224  225  226  227  228  229  230  231
    4   23    2    1    2    0    0    1    1    0      1648   15    1 CMat     7    1
    4   24    2    1    8    0    0    1    1    0       905  240    0 CMat   232  233  234  235  236  237  238  239
    5    1    2    1    4    0    0    1    1    0       661   10    1 CMat     7    5    3    4
    5    2    2    1    4    0    0    2    1    1       660  245    0 CMat   241  242  243  244
    5    3    2    1    2    0    0    1    0    1       975    5    1 CMat    12   13
    5    4    2    1    4    0    0    2    1    1      1146  250    0 CMat   246  247  248  249
    5    5    1    1    8    8    1    2    1    0      1058    5    1 CMat     8    6    1    4    2    3    7    5
    5    6    2    1    8    0    0    1    1    0      2101  259    0 CMat   251  252  253  254  255  256  257  258
    5    7    2    1    4    0    0    2    0    0      2068   13    1 CMat     4    1    2    8
    5    8    1    1    8    3    6    2    1    0       956  262    0 CMat   260  261  262  263  264  265  266  267
    5    9    2    1    4    0    0    2    1    1      1440    3    1 CMat    11   13   14   12
    5   10    2    1    4    0    0    2    1    1       985  272    0 CMat   268  269  270  271
    5   11    2    1    2    0    0    2    1    1      1502    7    1 CMat    11   14
    5   12    1    1    8    8    1    2    1    0       855  280    0 CMat   273  274  275  276  277  278  279  280
    5   13    1    1    8    2    7    2    0    1       947   13    1 CMat    14   13   12   15   10    9   16   11
    5   14    2    1    8    0    0    2    1    1       810  289    0 CMat   281  282  283  284  285  286  287  288
    5   15    1    1    2    1    2    2    1    0       791    3    1 CMat     3    1
    5   16    1    1    4    2    3    2    1    0       834  291    0 CMat   290  291  292  293
    5   17    2    1    4    0    0    1    1    0      1539   14    1 CMat     5    4    2    7
    5   18    1    1    4    4    1    2    0    1       647  297    0 CMat   294  295  296  297
    5   19    2    1    2    0    0    1    1    0      1866   10    1 CMat     5    1
    5   20    1    1    4    3    2    1    1    1      1218  300    0 CMat   298  299  300  301
    5   21    2    1    8    0    0    1    0    1      1279    3    1 CMat    12   15   16   11    9   14   13   10
    5   22    2    1    4    0    0    1    1    0      2998  306    0 CMat   302  303  304  305
    5   23    1    1    8    1    8    2    1    0      1396    7    1 CMat     7    4    6    3    8    5    2    1
    5   24    1    1    4    1    4    1    1    1      1110  307    0 CMat   307  308  309  310
    6    1    1    1    8    6    3    2    1    0      1163    6    1 CMat     4    5    2    3    7    6    8    1
    6    2    2    1    8    0    0    2    1    1      1146  319    0 CMat   311  312  313  314  315  316  317  318
    6    3    1    1    4    2    3    1    1    1      1079   12    1 CMat     9   12   16   13
    6    4    1    1    4    4    1    1    1    1       879  323    0 CMat   320  321  322  323
    6    5    2    1    2    0    0    2    0    0      3177   14    1 CMat     2    6
    6    6    1    1    4    2    3    2    1    0      1188  325    0 CMat   324  325  326  327
    6    7    1    1    4    3    2    2    1    0       775    7    1 CMat     6    8    7    2
    6    8    2    1    4    0    0    1    1    0      1538  332    0 CMat   328  329  330  331
    6    9    2    1    8    0    0    1    1    0      1194   15    1 CMat     6    1    8    5    3    7    4    2
    6   10    2    1    2    0    0    1    0    1       960  335    0 CMat   333  334
    6   11    2    1    8    0    0    1    1    0      2143   11    1 CMat     8    5    1    7    4    2    6    3
    6   12    2    1    8    0    0    2    1    1      1743  344    0 CMat   336  337  338  339  340  341  342  343
    6   13    1    1    8    1    8    1    1    1      1776   14    1 CMat    14   11   15   13   16    9   10   12
    6   14    1    1    2    1    2    2    1    0      1230  345    0 CMat   345  346
    6   15    1    1    8    3    6    1    1    1      1843   10    1 CMat    13    9   10   16   14   15   12   11
    6   16    2    1    2    0    0    2    0    0      1830  349    0 CMat   347  348
    6   17    1    1    2    1    2    1    1    1      1457   12    1 CMat    12   16
    6   18    1    1    4    2    3    1    1    1      1769  351    0 CMat   350  351  352  353
    6   19    2    1    8    0    0    2    1    1      1744    3    1 CMat    16   15    9   11   14   12   10   13
    6   20    1    1    2    1    2    2    1    0      1552  354    0 CMat   354  355
    6   21    1    1    2    1    2    2    1    0      1375    3    1 CMat     3    4
    6   22    1    1    4    3    2    2    1    0      1402  358    0 CMat   356  357  358  359
    6   23    1    1    2    2    1    2    1    0      1119    3    1 CMat     5    3
    6   24    2    1    4    0    0    2    1    1      1476  364    0 CMat   360  361  362  363
    7    1    1    1    8    5    4    1    1    1      1778   14    1 CMat    11   12   10    9   14   16   15   13
    7    2    1    1    8    2    7    2    1    0      1785  366    0 CMat   365  366  367  368  369  370  371  372
    7    3    1    1    2    1    2    1    1    1      1558   12    1 CMat    12   15
    7    4    2    1    2    0    0    2    1    1      1054  375    0 CMat   373  374
    7    5    1    1    2    2    1    2    1    0      1128    5    1 CMat     7    5
    7    6    1    1    8    3    6    2    0    1      1081  378    0 CMat   376  377  378  379  380  381  382  383
    7    7    1    1    8    2    7    2    1    0      1491    3    1 CMat     4    3    6    2    7    5    8    1
    7    8    2    1    8    0    0    1    1    0      3893  392    0 CMat   384  385  386  387  388  389  390  391
    7    9    2    1    8    0    0    1    1    0      1600   13    1 CMat     6    2    3    1    7    5    8    4
    7   10    2    1    4    0    0    1    1    0      2242  397    0 CMat   393  394  395  396
    7   11    2    1    4    0    0    1    1    0      1563   12    1 CMat     5    8    7    6
    7   12    1    1    8    1    8    2    1    0      1314  398    0 CMat   398  399  400  401  402  403  404  405
    7   13    1    1    2    2    1    1    1    1       930   10    1 CMat    13   10
    7   14    1    1    8    5    4    2    1    0       874  410    0 CMat   406  407  408  409  410  411  412  413
    7   15    1    1    2    1    2    1    1    1       740   10    1 CMat    10   12
    7   16    1    1    2    1    2    1    1    1       724  414    0 CMat   414  415
    7   17    1    1    2    1    2    1    1    1       556   14    1 CMat    14   15
    7   18    1    1    8    5    4    1    1    1      1291  420    0 CMat   416  417  418  419  420  421  422  423
    7   19    2    1    8    0    0    2    0    0      1046   13    1 CMat     5    3    6    7    1    8    2    4
    7   20    1    1    2    1    2    2    1    0      3849  424    0 CMat   424  425
    7   21    2    1    2    0    0    1    1    0       924   14    1 CMat     7    2
    7   22    2    1    8    0    0    2    1    1       973  434    0 CMat   426  427  428  429  430  431  432  433
    7   23    2    1    8    0    0    2    1    1      3396    4    1 CMat    14   16   11    9   10   13   12   15
    7   24    1    1    8    1    8    1    1    1      1313  435    0 CMat   435  436  437  438  439  440  441  442
    8    1    2    1    2    0    0    2    1    1      1642    7    1 CMat    15   13
    8    2    2    1    8    0    0    2    1    1      1045  451    0 CMat   443  444  445  446  447  448  449  450
    8    3    1    1    2    1    2    1    1    1       800   11    1 CMat    11   10
    8    4    1    1    4    2    3    1    1    1      1218  453    0 CMat   452  453  454  455
    8    5    2    1    4    0    0    2    1    1      1372    2    1 CMat    12   15   13   14
    8    6    1    1    2    2    1    2    1    0       594  457    0 CMat   456  457
    8    7    2    1    4    0    0    2    1    1      1421    2    1 CMat    13   15   12    9
    8    8    2    1    2    0    0    1    1    0       881  460    0 CMat   458  459
    8    9    2    1    8    0    0    2    1    1      2108    6    1 CMat    14   12   16   15   10   11   13    9
    8   10    1    1    2    2    1    2    1    0       813  462    0 CMat   461  462
    8   11    2    1    8    0    0    2    1    1      1602    1    1 CMat     9   11   12   10   14   15   13   16
    8   12    1    1    4    1    4    2    1    0      1325  463    0 CMat   463  464  465  466
    8   13    2    1    8    0    0    1    1    0      2085   10    1 CMat     8    6    3    1    4    5    7    2
    8   14    2    1    2    0    0    1    1    0      2711  469    0 CMat   467  468
    8   15    1    1    8    2    7    1    1    1      1409   13    1 CMat    10   13   15   16   12    9   14   11
    8   16    2    1    2    0    0    1    1    0      1981  472    0 CMat   470  471
    8   17    1    1    4    1    4    2    1    0      1512    4    1 CMat     4    7    5    3
    8   18    2    1    8    0    0    1    1    0      1641  481    0 CMat   473  474  475  476  477  478  479  480
    8   19    1    1    8    5    4    1    1    1      2685    9    1 CMat    13   11   14   12    9   15   16   10
    8   20    2    1    4    0    0    2    1    1      1652  486    0 CMat   482  483  484  485
    8   21    2    1    8    0    0    2    1    1      1736    4    1 CMat    11   13   14   10   12   15    9   16
    8   22    1    1    8    1    8    2    1    0      1681  487    0 CMat   487  488  489  490  491  492  493  494
    8   23    2    1    4    0    0    1    1    0      1471   13    1 CMat     3    8    2    5
    8   24    1    1    2    1    2    2    1    0      1426  495    0 CMat   495  496
    9    1    2    1    4    0    0    2    1    1      1284    2    1 CMat    11   16   15    9
    9    2    2    1    2    0    0    2    1    1      2292  499    0 CMat   497  498
    9    3    1    1    4    3    2    1    1    1      1332   16    1 CMat    13   10   16   15
    9    4    1    1    2    2    1    2    1    0      1427  501    0 CMat   500  501
    9    5    1    1    4    4    1    2    1    0      1389    5    1 CMat     6    4    2    5
    9    6    1    1    2    1    2    2    1    0      1235  502    0 CMat   502  503
    9    7    2    1    2    0    0    1    1    0      2454    9    1 CMat     7    1
    9    8    2    1    2    0    0    1    1    0      3080  506    0 CMat   504  505
    9    9    2    1    4    0    0    1    1    0      2391   15    1 CMat     3    1    4    2
    9   10    1    1    8    3    6    1    1    1      2187  509    0 CMat   507  508  509  510  511  512  513  514
    9   11    2    1    8    0    0    2    1    1      1553    6    1 CMat     9   13   10   11   12   16   15   14
    9   12    1    1    4    2    3    1    1    1      1765  516    0 CMat   515  516  517  518
    9   13    1    1    4    2    3    1    1    1      1281   15    1 CMat    13   15   11   12
    9   14    2    1    8    0    0    2    1    1      3723  527    0 CMat   519  520  521  522  523  524  525  526
    9   15    2    1    2    0    0    2    1    1      2403    2    1 CMat    11   14
    9   16    1    1    8    1    8    2    0    1      1606  528    0 CMat   528  529  530  531  532  533  534  535
    9   17    1    1    2    2    1    2    1    0      1723    5    1 CMat     7    5
    9   18    2    1    8    0    0    1    1    0      2514  544    0 CMat   536  537  538  539  540  541  542  543
    9   19    1    1    8    3    6    2    1    0      1579    5    1 CMat     7    3    5    1    4    2    8    6
    9   20    1    1    2    1    2    2    1    0      1385  545    0 CMat   545  546
    9   21    2    1    8    0    0    2    1    1      2024    3    1 CMat    14   15   10   16   13    9   11   12
    9   22    2    1    2    0    0    1    1    0      4555  549    0 CMat   547  548
    9   23    2    1    2    0    0    2    0    0      1442    9    1 CMat     8    2
    9   24    1    1    4    1    4    2    1    0       707  550    0 CMat   550  551  552  553
