    1    1    2    1    2    0    0    2    0    0      6018   16    1 CMat     2    4
    1    2    1    1    2    1    2    2    1    0      1536   17    0 CMat    17   18
    1    3    2    1    8    0    0    1    0    1      2890    1    1 CMat    12   11   15   16   10    9   14   13
    1    4    2    1    2    0    0    1    1    0      2528   21    0 CMat    19   20
    1    5    1    1    4    1    4    1    0    0      1974    5    1 CMat     5    7    8    1
    1    6    1    1    2    2    1    2    1    0      1617   23    0 CMat    22   23
    1    7    1    1    2    1    2    2    1    0      1127    7    1 CMat     7    5
    1    8    2    1    8    0    0    1    1    0      1175   32    0 CMat    24   25   26   27   28   29   30   31
    1    9    2    1    8    0    0    2    1    1      1768    5    1 CMat    13   16   15   11   14    9   10   12
    1   10    1    1    8    7    2    2    1    0      1403   39    0 CMat    33   34   35   36   37   38   39   40
    1   11    1    1    8    7    2    1    1    1      1172   11    1 CMat    14   15   13    9   12   16   11   10
    1   12    2    1    8    0    0    1    1    0      1647   49    0 CMat    41   42   43   44   45   46   47   48
    1   13    1    1    8    7    2    1    1    1       935   14    1 CMat    13   12   11   16   10   15   14    9
    1   14    1    1    8    4    5    1    1    1      1651   53    0 CMat    50   51   52   53   54   55   56   57
    1   15    2    1    2    0    0    2    1    1      2995    2    1 CMat    16   11
    1   16    2    1    2    0    0    1    1    0      3158   60    0 CMat    58   59
    1   17    1    1    8    2    7    2    1    0      1553    8    1 CMat     5    8    3    2    6    4    1    7
    1   18    2    1    2    0    0    2    1    1      3476   63    0 CMat    61   62
    1   19    1    1    8    5    4    1    1    1      1453   15    1 CMat    13   16   12   11   15   10   14    9
    1   20    2    1    4    0    0    2    0    0      1072   68    0 CMat    64   65   66   67
    1   21    1    1    4    4    1    1    1    1      2955   13    1 CMat    15   11    9   13
    1   22    1    1    2    2    1    2    1    0      1462   70    0 CMat    69   70
    1   23    1    1    2    2    1    2    1    0       889    8    1 CMat     2    8
    1   24    1    1    8    8    1    1    1    1      1126   78    0 CMat    71   72   73   74   75   76   77   78
    2    1    2    1    8    0    0    2    1    1      1626    1    1 CMat    13   12    9   11   10   16   15   14
    2    2    1    1    8    1    8    1    0    0      2552   79    0 CMat    79   80   81   82   83   84   85   86
    2    3    2    1    8    0    0    2    1    1      2134    3    1 CMat    13   10   14   12   15    9   11   16
    2    4    2    1    2    0    0    1    1    0      2798   89    0 CMat    87   88
    2    5    1    1    2    1    2    2    0    1      1566   16    1 CMat    16   12
    2    6    1    1    8    4    5    2    1    0      1871   93    0 CMat    90   91   92   93   94   95   96   97
    2    7    1    1    4    2    3    2    1    0      1165    4    1 CMat     3    4    7    5
    2    8    1    1    8    3    6    1    1    1      2957  100    0 CMat    98   99  100  101  102  103  104  105
    2    9    2    1    8    0    0    2    1    1      1552    7    1 CMat    10   12   15   14   16    9   13   11
    2   10    2    1    8    0    0    1    1    0      1630  114    0 CMat   106  107  108  109  110  111  112  113
    2   11    1    1    2    1    2    2    1    0      1380    8    1 CMat     8    6
    2   12    2    1    4    0    0    2    1    1      1380  119    0 CMat   115  116  117  118
    2   13    1    1    4    2    3    2    0    1      1053   15    1 CMat    13   15   16   14
    2   14    2    1    2    0    0    1    0    1      2213  122    0 CMat   120  121
    2   15    2    1    8    0    0    2    0    0      1043   12    1 CMat     5    2    7    4    8    6    1    3
    2   16    2    1    2    0    0    1    1    0      1686  125    0 CMat   123  124
    2   17    2    1    2    0    0    2    1    1      1625    6    1 CMat    11   15
    2   18    1    1    4    4    1    2    1    0      1201  129    0 CMat   126  127  128  129
    2   19    1    1    8    6    3    1    1    1      1218   14    1 CMat    15   16   11    9   10   14   12   13
    2   20    2    1    4    0    0    2    1    1      1010  134    0 CMat   130  131  132  133
    2   21    2    1    4    0    0    2    0    0      2144   16    1 CMat     3    4    6    1
    2   22    1    1    2    2    1    1    1    1      1301  136    0 CMat   135  136
    2   23    2    1    8    0    0    1    0    1      2459    7    1 CMat    12    9   11   14   16   15   10   13
    2   24    1    1    4    1    4    1    1    1      1694  137    0 CMat   137  138  139  140
    3    1    2    1    4    0    0    1    1    0      1653    9    1 CMat     6    1    5    7
    3    2    2    1    2    0    0    2    1    1      1861  143    0 CMat   141  142
    3    3    2    1    4    0    0    1    1    0      1485   13    1 CMat     8    5    1    4
    3    4    1    1    4    2    3    2    1    0      1491  145    0 CMat   144  145  146  147
    3    5    2    1    4    0    0    2    1    1      1363    8    1 CMat     9   12   10   16
    3    6    1    1    2    2    1    2    0    1      3249  149    0 CMat   148  149
    3    7    2    1    4    0    0    1    1    0      2991   15    1 CMat     6    7    4    8
    3    8    2    1    8    0    0    2    1    1      1069  158    0 CMat   150  151  152  153  154  155  156  157
    3    9    2    1    2    0    0    1    1    0      2626   14    1 CMat     8    1
    3   10    2    1    8    0    0    2    1    1      3013  167    0 CMat   159  160  161  162  163  164  165  166
    3   11    2    1    4    0    0    1    1    0      1094   16    1 CMat     4    8    1    6
    3   12    2    1    4    0    0    2    1    1      1182  172    0 CMat   168  169  170  171
    3   13    1    1    8    8    1    2    1    0      1660    7    1 CMat     8    3    4    2    6    1    5    7
    3   14    1    1    8    6    3    1    0    0      2538  178    0 CMat   173  174  175  176  177  178  179  180
    3   15    1    1    8    7    2    2    1    0      1016    6    1 CMat     2    1    3    7    4    5    6    8
    3   16    2    1    2    0    0    1    1    0      3208  183    0 CMat   181  182
    3   17    2    1    2    0    0    1    0    1      1256    3    1 CMat     9   16
    3   18    1    1    8    7    2    2    1    0      1566  190    0 CMat   184  185  186  187  188  189  190  191
    3   19    1    1    8    3    6    2    1    0      1353    4    1 CMat     5    2    4    6    7    8    1    3
    3   20    2    1    2    0    0    1    1    0      1693  194    0 CMat   192  193
    3   21    1    1    2    2    1    2    1    0       992    3    1 CMat     4    3
    3   22    2    1    4    0    0    2    1    1      4306  199    0 CMat   195  196  197  198
    3   23    1    1    2    1    2    2    1    0       819    8    1 CMat     8    3
    3   24    2    1    4    0    0    2    1    1      1126  204    0 CMat   200  201  202  203
    4    1    2    1    8    0    0    2    1    1      3103    2    1 CMat    12   11   16   10   13   14    9   15
    4    2    1    1    4    1    4    2    0    1      1599  205    0 CMat   205  206  207  208
    4    3    1    1    4    1    4    2    1    0      1095    5    1 CMat     5    7    6    1
    4    4    1    1    4    4    1    2    1    0      1512  212    0 CMat   209  210  211  212
    4    5    2    1    8    0    0    2    0    0      1766   11    1 CMat     7    5    1    3    6    8    4    2
    4    6    1    1    4    3    2    2    1    0      1238  215    0 CMat   213  214  215  216
    4    7    2    1    2    0    0    2    1    1      1889    1    1 CMat    14   15
    4    8    2    1    2    0    0    1    1    0      1065  219    0 CMat   217  218
    4    9    1    1    2    2    1    2    0    1       767   14    1 CMat    12   14
    4   10    2    1    2    0    0    2    0    0      1071  222    0 CMat   220  221
    4   11    2    1    2    0    0    1    1    0      1781   15    1 CMat     3    6
    4   12    1    1    2    2    1    1    1    1      1184  224    0 CMat   223  224
    4   13    2    1    2    0    0    2    1    1      1648    1    1 CMat    14   15
    4   14    2    1    4    0    0    2    1    1       934  229    0 CMat   225  226  227  228
    4   15    1    1    8    2    7    2    1    0      1121    8    1 CMat     2    8    3    6    4    1    7    5
    4   16    2    1    2    0    0    1    1    0      1377  232    0 CMat   230  231
    4   17    1    1    8    5    4    1    1    1      1572   16    1 CMat    15   12   11    9   16   14   10   13
    4   18    2    1    4    0    0    2    1    1      1420  237    0 CMat   233  234  235  236
    4   19    2    1    2    0    0    1    1    0      3050   10    1 CMat     1    2
    4   20    1    1    2    2    1    2    1    0       962  239    0 CMat   238  239
    4   21    2    1    8    0    0    1    1    0      2579   11    1 CMat     4    8    7    6    1    3    2    5
    4   22    1    1    8    3    6    1    1    1      1372  242    0 CMat   240  241  242  243  244  245  246  247
    4   23    1    1    2    2    1    1    1    1       943   11    1 CMat    16   11
    4   24    1    1    8    8    1    2    1    0      1039  255    0 CMat   248  249  250  251  252  253  254  255
    5    1    1    1    8    3    6    2    0    1      1125   11    1 CMat    15   12   11   14    9   10   16   13
    5    2    1    1    2    1    2    2    1    0       877  256    0 CMat   256  257
    5    3    1    1    4    3    2    1    1    1      1027    9    1 CMat    10   16    9   12
    5    4    2    1    2    0    0    1    1    0      1001  260    0 CMat   258  259
    5    5    1    1    2    2    1    1    1    1       881   14    1 CMat    13   14
    5    6    1    1    8    1    8    2    1    0      3124  261    0 CMat   261  262  263  264  265  266  267  268
    5    7    1    1    8    7    2    2    1    0      1093    2    1 CMat     5    3    7    6    4    8    2    1
    5    8    1    1    2    1    2    1    1    1      1109  269    0 CMat   269  270
    5    9    1    1    4    1    4    1    1    1       904   14    1 CMat    14   16   11   15
    5   10    1    1    8    2    7    2    1    0      1510  272    0 CMat   271  272  273  274  275  276  277  278
    5   11    1    1    2    2    1    1    1    1       883   16    1 CMat    13   16
    5   12    1    1    8    3    6    2    1    0      1148  281    0 CMat   279  280  281  282  283  284  285  286
    5   13    1    1    2    1    2    1    1    1       770   14    1 CMat    14   16
    5   14    2    1    8    0    0    2    1    1      1359  295    0 CMat   287  288  289  290  291  292  293  294
    5   15    1    1    8    2    7    2    1    0      1043    7    1 CMat     4    7    8    3    2    1    6    5
    5   16    2    1    2    0    0    2    1    1      2190  298    0 CMat   296  297
    5   17    2    1    8    0    0    1    0    1      1219    2    1 CMat    13   11   14   10   12   16   15    9
    5   18    2    1    4    0    0    2    1    1      1380  303    0 CMat   299  300  301  302
    5   19    1    1    4    3    2    1    1    1       911   12    1 CMat     9   13   12   11
    5   20    1    1    2    2    1    1    1    1       884  305    0 CMat   304  305
    5   21    2    1    8    0    0    1    1    0      1973   16    1 CMat     1    7    4    6    5    3    8    2
    5   22    1    1    8    2    7    2    1    0      1168  307    0 CMat   306  307  308  309  310  311  312  313
    5   23    2    1    8    0    0    1    0    1      1147    8    1 CMat     9   14   11   10   16   15   12   13
    5   24    2    1    8    0    0    2    1    1      1724  322    0 CMat   314  315  316  317  318  319  320  321
    6    1    2    1    8    0    0    2    0    0      1557    9    1 CMat     3    1    4    8    7    2    5    6
    6    2    2    1    2    0    0    1    1    0       768  325    0 CMat   323  324
    6    3    2    1    4    0    0    2    1    1      1197    3    1 CMat    15    9   12   11
    6    4    2    1    4    0    0    2    1    1       886  330    0 CMat   326  327  328  329
    6    5    1    1    2    2    1    2    1    0       905    7    1 CMat     5    7
    6    6    2    1    4    0    0    1    1    0      1948  335    0 CMat   331  332  333  334
    6    7    2    1    4    0    0    1    1    0      1223   14    1 CMat     3    6    5    2
    6    8    1    1    4    1    4    1    1    1      1324  336    0 CMat   336  337  338  339
    6    9    2    1    2    0    0    1    1    0      1221   11    1 CMat     5    6
    6   10    1    1    2    2    1    2    1    0       981  341    0 CMat   340  341
    6   11    2    1    4    0    0    1    1    0      1389   11    1 CMat     5    8    6    7
    6   12    2    1    8    0    0    1    1    0       891  350    0 CMat   342  343  344  345  346  347  348  349
    6   13    1    1    8    2    7    2    0    1      1406   13    1 CMat    15   13   12   10   14   16   11    9
    6   14    2    1    4    0    0    1    1    0       793  355    0 CMat   351  352  353  354
    6   15    2    1    4    0    0    2    1    1       876    8    1 CMat     9   11   16   12
    6   16    1    1    8    6    3    2    1    0      1183  361    0 CMat   356  357  358  359  360  361  362  363
    6   17    2    1    2    0    0    2    1    1      1594    3    1 CMat    15   13
    6   18    1    1    2    2    1    1    1    1       760  365    0 CMat   364  365
    6   19    1    1    8    3    6    1    1    1       896   15    1 CMat    16   11   15   14   13   10    9   12
    6   20    2    1    8    0    0    1    1    0       948  374    0 CMat   366  367  368  369  370  371  372  373
    6   21    2    1    4    0    0    2    1    1      1241    6    1 CMat    11   10   13   14
    6   22    2    1    2    0    0    1    1    0      1162  377    0 CMat   375  376
    6   23    1    1    4    2    3    1    1    1      1226   15    1 CMat     9   15   10   11
    6   24    1    1    2    2    1    2    1    0       877  379    0 CMat   378  379
    7    1    2    1    4    0    0    2    1    1      1155    5    1 CMat    12   10    9   14
    7    2    2    1    4    0    0    1    1    0       843  384    0 CMat   380  381  382  383
    7    3    1    1    4    4    1    1    1    1       841   14    1 CMat    16    9   10   14
    7    4    2    1    4    0    0    2    1    1      1887  389    0 CMat   385  386  387  388
    7    5    1    1    4    2    3    1    1    1       988   16    1 CMat    11   16   10   12
    7    6    2    1    8    0    0    1    1    0       967  398    0 CMat   390  391  392  393  394  395  396  397
    7    7    2    1    4    0    0    2    1    1       848    6    1 CMat    16   14   10    9
    7    8    1    1    2    2    1    2    1    0       856  400    0 CMat   399  400
    7    9    2    1    8    0    0    2    0    0      1219   11    1 CMat     1    3    2    4    6    7    5    8
    7   10    2    1    2    0    0    2    1    1      1203  403    0 CMat   401  402
    7   11    2    1    2    0    0    1    1    0      1540    9    1 CMat     5    3
    7   12    1    1    2    1    2    2    1    0       977  404    0 CMat   404  405
    7   13    2    1    2    0    0    1    1    0       884   13    1 CMat     6    7
    7   14    2    1    2    0    0    2    1    1       762  408    0 CMat   406  407
    7   15    1    1    8    4    5    1    0    0      2101    1    1 CMat     5    3    6    1    8    2    4    7
    7   16    1    1    8    2    7    2    1    0      1099  410    0 CMat   409  410  411  412  413  414  415  416
    7   17    2    1    8    0    0    2    1    1      1670    8    1 CMat    11   14   16   13   15   10    9   12
    7   18    1    1    2    2    1    1    1    1       857  418    0 CMat   417  418
    7   19    2    1    2    0    0    2    1    1      1479    2    1 CMat    16   12
    7   20    2    1    4    0    0    2    1    1      1039  423    0 CMat   419  420  421  422
    7   21    2    1    2    0    0    2    1    1      1058    7    1 CMat     9   11
    7   22    2    1    4    0    0    1    1    0       880  428    0 CMat   424  425  426  427
    7   23    2    1    2    0    0    2    1    1      1200    3    1 CMat    10   11
    7   24    1    1    8    7    2    2    1    0      1675  435    0 CMat   429  430  431  432  433  434  435  436
    8    1    2    1    2    0    0    1    1    0      1475    9    1 CMat     5    3
    8    2    1    1    2    1    2    1    1    1      1110  437    0 CMat   437  438
    8    3    1    1    2    1    2    1    1    1       775   10    1 CMat    10   13
    8    4    2    1    4    0    0    2    1    1       706  443    0 CMat   439  440  441  442
    8    5    2    1    4    0    0    2    1    1       821    3    1 CMat    11   10   13    9
    8    6    2    1    8    0    0    1    1    0      2789  452    0 CMat   444  445  446  447  448  449  450  451
    8    7    2    1    4    0    0    1    1    0       984   11    1 CMat     1    4    3    6
    8    8    2    1    8    0    0    1    1    0       705  461    0 CMat   453  454  455  456  457  458  459  460
    8    9    1    1    2    2    1    1    1    1       798   16    1 CMat    13   16
    8   10    2    1    2    0    0    1    1    0       732  464    0 CMat   462  463
    8   11    1    1    8    6    3    1    1    1       924   14    1 CMat    15   13    9   11   16   14   10   12
    8   12    2    1    8    0    0    2    1    1       858  473    0 CMat   465  466  467  468  469  470  471  472
    8   13    2    1    2    0    0    1    1    0       725   13    1 CMat     6    3
    8   14    2    1    4    0    0    2    1    1      1261  478    0 CMat   474  475  476  477
    8   15    1    1    8    2    7    2    1    0      1161    8    1 CMat     1    8    4    6    5    3    2    7
    8   16    1    1    4    1    4    2    1    0      1196  479    0 CMat   479  480  481  482
    8   17    2    1    4    0    0    1    1    0      1055   16    1 CMat     7    8    4    1
    8   18    1    1    2    1    2    1    1    1       954  483    0 CMat   483  484
    8   19    2    1    8    0    0    2    1    1      1240    3    1 CMat    10   14   16   15   13   11   12    9
    8   20    2    1    4    0    0    1    1    0       693  489    0 CMat   485  486  487  488
    8   21    1    1    2    2    1    2    1    0       803    4    1 CMat     5    4
    8   22    1    1    4    4    1    2    1    0       758  493    0 CMat   490  491  492  493
    8   23    1    1    4    3    2    2    1    0       630    7    1 CMat     2    3    7    4
    8   24    2    1    8    0    0    1    1    0       815  502    0 CMat   494  495  496  497  498  499  500  501
    9    1    2    1    2    0    0    1    1    0       823   11    1 CMat     1    3
    9    2    1    1    2    2    1    2    1    0       778  504    0 CMat   503  504
    9    3    1    1    2    1    2    2    1    0       744    5    1 CMat     5    3
    9    4    2    1    2    0    0    2    1    1       864  507    0 CMat   505  506
    9    5    1    1    2    2    1    2    1    0       621    2    1 CMat     8    2
    9    6    2    1    2    0    0    2    1    1       720  510    0 CMat   508  509
    9    7    2    1    4    0    0    1    1    0      1894   11    1 CMat     1    8    2    7
    9    8    2    1    8    0    0    1    1    0       975  519    0 CMat   511  512  513  514  515  516  517  518
    9    9    1    1    8    8    1    1    1    1       884   12    1 CMat     9   13   15   14   16   11   10   12
    9   10    2    1    2    0    0    1    1    0       802  522    0 CMat   520  521
    9   11    1    1    8    3    6    1    1    1       850   11    1 CMat    13    9   11   12   15   14   10   16
    9   12    1    1    2    1    2    2    1    0       947  523    0 CMat   523  524
    9   13    1    1    2    2    1    2    1    0      2080    2    1 CMat     1    2
    9   14    1    1    2    2    1    2    1    0       678  526    0 CMat   525  526
    9   15    1    1    2    1    2    2    1    0       577    7    1 CMat     7    4
    9   16    2    1    2    0    0    2    1    1       817  529    0 CMat   527  528
    9   17    2    1    4    0    0    1    1    0       777   11    1 CMat     1    5    4    3
    9   18    1    1    8    2    7    1    1    1       983  531    0 CMat   530  531  532  533  534  535  536  537
    9   19    2    1    2    0    0    2    1    1       890    8    1 CMat    12   16
    9   20    2    1    8    0    0    1    1    0       936  546    0 CMat   538  539  540  541  542  543  544  545
    9   21    2    1    2    0    0    1    1    0       675   16    1 CMat     3    4
    9   22    1    1    4    3    2    1    1    1       827  549    0 CMat   547  548  549  550
    9   23    2    1    2    0    0    2    1    1       881    4    1 CMat    11   15
    9   24    2    1    4    0    0    1    1    0      2564  555    0 CMat   551  552  553  554
