    1    1    2    1    4    0    0    2    1    1      2336    4    1 CMat    16   10    9   13
    1    2    2    1    4    0    0    2    1    1      1162   21    0 CMat    17   18   19   20
    1    3    1    1    8    4    5    1    1    1      1230   10    1 CMat    16    9   15   10   13   14   12   11
    1    4    2    1    2    0    0    1    1    0      1792   24    0 CMat    22   23
    1    5    2    1    2    0    0    2    1    1       828    4    1 CMat    13   12
    1    6    2    1    8    0    0    1    1    0      1197   33    0 CMat    25   26   27   28   29   30   31   32
    1    7    2    1    4    0    0    2    1    1      1029    4    1 CMat    15   16   14    9
    1    8    2    1    8    0    0    2    1    1       922   42    0 CMat    34   35   36   37   38   39   40   41
    1    9    1    1    8    3    6    2    1    0       948    2    1 CMat     7    4    2    5    1    3    6    8
    1   10    1    1    2    2    1    1    1    1       930   44    0 CMat    43   44
    1   11    2    1    4    0    0    1    1    0       917   11    1 CMat     1    3    8    6
    1   12    2    1    4    0    0    2    1    1       856   49    0 CMat    45   46   47   48
    1   13    1    1    8    2    7    2    1    0       937    4    1 CMat     8    4    5    7    2    3    6    1
    1   14    1    1    4    3    2    2    1    0      1001   52    0 CMat    50   51   52   53
    1   15    1    1    2    2    1    2    1    0       773    8    1 CMat     4    8
    1   16    2    1    2    0    0    1    1    0       922   56    0 CMat    54   55
    1   17    2    1    8    0    0    2    1    1      1272    4    1 CMat     9   16   12   14   15   11   10   13
    1   18    1    1    2    2    1    2    1    0       777   58    0 CMat    57   58
    1   19    1    1    2    2    1    1    1    1       797   13    1 CMat    16   13
    1   20    1    1    2    1    2    1    1    1       705   59    0 CMat    59   60
    1   21    2    1    8    0    0    2    1    1      1256    3    1 CMat    13   15   12   16    9   11   14   10
    1   22    2    1    4    0    0    1    1    0       926   65    0 CMat    61   62   63   64
    1   23    2    1    8    0    0    1    1    0      1194   10    1 CMat     6    3    8    5    7    4    2    1
    1   24    1    1    4    3    2    2    1    0       834   68    0 CMat    66   67   68   69
    2    1    2    1    4    0    0    2    1    1       859    1    1 CMat     9   10   15   11
    2    2    1    1    4    2    3    2    1    0       802   71    0 CMat    70   71   72   73
    2    3    2    1    8    0    0    1    1    0       852   10    1 CMat     7    8    6    3    2    1    4    5
    2    4    2    1    8    0    0    2    1    1      1040   82    0 CMat    74   75   76   77   78   79   80   81
    2    5    1    1    2    1    2    1    1    1       714   14    1 CMat    14   11
    2    6    2    1    4    0    0    1    1    0       788   87    0 CMat    83   84   85   86
    2    7    1    1    8    6    3    1    1    1       984   14    1 CMat     9   16   15   10   12   14   13   11
    2    8    1    1    8    1    8    1    1    1       928   88    0 CMat    88   89   90   91   92   93   94   95
    2    9    2    1    8    0    0    1    1    0      1084    9    1 CMat     6    7    4    8    1    2    5    3
    2   10    1    1    8    6    3    2    0    1      2835  101    0 CMat    96   97   98   99  100  101  102  103
    2   11    1    1    4    3    2    1    1    1       570   10    1 CMat    12   15   10   14
    2   12    1    1    4    4    1    2    1    0       667  107    0 CMat   104  105  106  107
    2   13    1    1    2    1    2    2    1    0       628    8    1 CMat     8    6
    2   14    1    1    8    2    7    2    1    0       924  109    0 CMat   108  109  110  111  112  113  114  115
    2   15    1    1    8    7    2    1    1    1       843   14    1 CMat    12   15    9   10   16   11   14   13
    2   16    2    1    4    0    0    1    1    0       785  120    0 CMat   116  117  118  119
    2   17    1    1    8    5    4    1    1    1       725   14    1 CMat    16   13   10   11   14    9   12   15
    2   18    2    1    4    0    0    1    1    0       911  125    0 CMat   121  122  123  124
    2   19    1    1    8    6    3    2    1    0       764    6    1 CMat     7    2    3    8    4    6    5    1
    2   20    1    1    4    3    2    1    1    1       646  128    0 CMat   126  127  128  129
    2   21    1    1    2    1    2    2    1    0       527    6    1 CMat     6    1
    2   22    1    1    2    2    1    2    1    0       716  131    0 CMat   130  131
    2   23    1    1    8    6    3    2    1    0       817    7    1 CMat     1    6    2    8    5    7    4    3
    2   24    2    1    4    0    0    1    1    0       842  136    0 CMat   132  133  134  135
    3    1    1    1    8    4    5    1    1    1       734   16    1 CMat    14   13   15   16   12   11   10    9
    3    2    2    1    2    0    0    2    1    1       885  139    0 CMat   137  138
    3    3    2    1    2    0    0    2    1    1       788    2    1 CMat    12    9
    3    4    1    1    4    1    4    1    1    1      1549  140    0 CMat   140  141  142  143
    3    5    2    1    8    0    0    2    1    1      1858    6    1 CMat    11    9   15   12   16   14   10   13
    3    6    2    1    8    0    0    1    1    0       763  152    0 CMat   144  145  146  147  148  149  150  151
    3    7    1    1    4    3    2    2    1    0       564    2    1 CMat     6    1    2    7
    3    8    2    1    8    0    0    2    1    1       686  161    0 CMat   153  154  155  156  157  158  159  160
    3    9    2    1    8    0    0    1    0    1       838    8    1 CMat     9   10   12   16   14   13   15   11
    3   10    1    1    8    7    2    2    1    0       632  168    0 CMat   162  163  164  165  166  167  168  169
    3   11    1    1    2    2    1    1    1    1       643   12    1 CMat    13   12
    3   12    1    1    8    6    3    1    1    1       762  175    0 CMat   170  171  172  173  174  175  176  177
    3   13    2    1    2    0    0    2    1    1       702    8    1 CMat     9   16
    3   14    1    1    2    1    2    2    1    0       580  178    0 CMat   178  179
    3   15    2    1    4    0    0    2    1    1       758    1    1 CMat     9   14   15   13
    3   16    2    1    4    0    0    2    1    1       785  184    0 CMat   180  181  182  183
    3   17    2    1    2    0    0    1    1    0       581   10    1 CMat     1    4
    3   18    2    1    8    0    0    2    1    1       798  193    0 CMat   185  186  187  188  189  190  191  192
    3   19    1    1    2    1    2    1    1    1       706   13    1 CMat    13   10
    3   20    2    1    2    0    0    1    1    0       666  196    0 CMat   194  195
    3   21    2    1    8    0    0    1    1    0       738   16    1 CMat     3    8    1    5    7    2    6    4
    3   22    1    1    8    2    7    1    1    1       806  198    0 CMat   197  198  199  200  201  202  203  204
    3   23    1    1    8    2    7    2    1    0       664    5    1 CMat     2    5    1    8    7    3    6    4
    3   24    2    1    4    0    0    1    1    0       726  209    0 CMat   205  206  207  208
    4    1    2    1    8    0    0    2    0    0      1245   15    1 CMat     7    8    1    4    6    3    2    5
    4    2    1    1    8    4    5    2    1    0       750  213    0 CMat   210  211  212  213  214  215  216  217
    4    3    1    1    4    2    3    1    1    1       665   13    1 CMat    16   13   15   11
    4    4    1    1    4    2    3    1    1    1       595  219    0 CMat   218  219  220  221
    4    5    1    1    8    1    8    1    1    1       734   16    1 CMat    16   15   12   13    9   14   10   11
    4    6    1    1    2    2    1    1    1    1       643  223    0 CMat   222  223
    4    7    1    1    8    3    6    2    1    0       604    2    1 CMat     1    7    2    4    3    8    6    5
    4    8    1    1    2    2    1    1    1    1       710  225    0 CMat   224  225
    4    9    1    1    4    4    1    1    1    1       706   13    1 CMat    12   16   11   13
    4   10    1    1    2    1    2    1    1    1       650  226    0 CMat   226  227
    4   11    2    1    8    0    0    2    1    1       723    7    1 CMat    15   12   13   16    9   10   14   11
    4   12    2    1    4    0    0    1    1    0       798  232    0 CMat   228  229  230  231
    4   13    2    1    8    0    0    1    1    0       784    9    1 CMat     8    6    1    2    7    5    3    4
    4   14    2    1    4    0    0    1    1    0       872  237    0 CMat   233  234  235  236
    4   15    1    1    8    5    4    1    1    1       665    9    1 CMat    14   15   13   16    9   11   12   10
    4   16    2    1    4    0    0    2    1    1       791  242    0 CMat   238  239  240  241
    4   17    1    1    8    4    5    2    1    0       634    7    1 CMat     5    8    4    7    2    6    3    1
    4   18    1    1    2    1    2    1    1    1       724  243    0 CMat   243  244
    4   19    2    1    8    0    0    2    1    1      2827    8    1 CMat    15   10   14   11    9   16   13   12
    4   20    1    1    4    3    2    1    1    1       671  247    0 CMat   245  246  247  248
    4   21    1    1    4    2    3    2    1    0       717    6    1 CMat     8    6    5    3
    4   22    2    1    2    0    0    1    1    0       643  251    0 CMat   249  250
    4   23    2    1    2    0    0    1    1    0       684   12    1 CMat     5    8
    4   24    2    1    8    0    0    1    1    0      1041  260    0 CMat   252  253  254  255  256  257  258  259
    5    1    2    1    8    0    0    1    1    0      1130   12    1 CMat     8    4    3    5    1    7    6    2
    5    2    1    1    8    8    1    2    1    0       543  268    0 CMat   261  262  263  264  265  266  267  268
    5    3    1    1    4    2    3    1    1    1       658    9    1 CMat    16    9   14   15
    5    4    1    1    2    1    2    1    1    1       620  269    0 CMat   269  270
    5    5    2    1    8    0    0    2    1    1       870    3    1 CMat    12   10   13   11   15   16   14    9
    5    6    2    1    2    0    0    2    1    1       694  273    0 CMat   271  272
    5    7    1    1    8    6    3    2    1    0       652    4    1 CMat     8    6    2    7    1    4    3    5
    5    8    2    1    2    0    0    2    1    1       677  276    0 CMat   274  275
    5    9    1    1    8    3    6    2    1    0       668    6    1 CMat     5    8    6    7    2    4    1    3
    5   10    2    1    8    0    0    2    1    1       976  285    0 CMat   277  278  279  280  281  282  283  284
    5   11    1    1    2    2    1    1    1    1       717   12    1 CMat    10   12
    5   12    2    1    8    0    0    1    1    0      2337  294    0 CMat   286  287  288  289  290  291  292  293
    5   13    2    1    2    0    0    1    1    0      1031   15    1 CMat     6    5
    5   14    2    1    4    0    0    2    1    1       951  299    0 CMat   295  296  297  298
    5   15    1    1    2    1    2    2    1    0       612    5    1 CMat     5    4
    5   16    1    1    4    3    2    1    1    1       754  302    0 CMat   300  301  302  303
    5   17    1    1    2    1    2    1    1    1       536    9    1 CMat     9   10
    5   18    2    1    4    0    0    2    1    1       715  308    0 CMat   304  305  306  307
    5   19    1    1    8    8    1    1    1    1       578   10    1 CMat    16   13   12   11   14   15    9   10
    5   20    2    1    2    0    0    1    1    0       669  311    0 CMat   309  310
    5   21    1    1    8    4    5    1    1    1       709   16    1 CMat    15    9   11   16   13   10   12   14
    5   22    1    1    8    6    3    1    1    1       716  317    0 CMat   312  313  314  315  316  317  318  319
    5   23    1    1    8    6    3    1    1    1       738   16    1 CMat    14    9   15   13   12   16   10   11
    5   24    1    1    8    3    6    1    1    1       836  322    0 CMat   320  321  322  323  324  325  326  327
    6    1    2    1    2    0    0    2    1    1       746    5    1 CMat    10   14
    6    2    1    1    8    8    1    2    1    0       541  335    0 CMat   328  329  330  331  332  333  334  335
    6    3    1    1    8    5    4    1    1    1       635   14    1 CMat    16   10   12   13   14   15    9   11
    6    4    2    1    4    0    0    1    1    0       810  340    0 CMat   336  337  338  339
    6    5    1    1    8    1    8    2    1    0       620    3    1 CMat     3    7    5    6    1    2    8    4
    6    6    2    1    4    0    0    2    1    1       682  345    0 CMat   341  342  343  344
    6    7    2    1    8    0    0    1    1    0       673    9    1 CMat     7    3    1    8    2    6    5    4
    6    8    2    1    2    0    0    1    1    0       618  348    0 CMat   346  347
    6    9    1    1    8    1    8    1    1    1       613    9    1 CMat     9   14   16   11   10   12   15   13
    6   10    2    1    8    0    0    2    1    1       846  357    0 CMat   349  350  351  352  353  354  355  356
    6   11    1    1    8    8    1    2    1    0       782    4    1 CMat     5    2    6    3    1    8    7    4
    6   12    1    1    2    2    1    2    1    0       562  359    0 CMat   358  359
    6   13    2    1    8    0    0    2    1    1       783    3    1 CMat    13   15   14   10   12    9   11   16
    6   14    2    1    8    0    0    2    1    1       881  368    0 CMat   360  361  362  363  364  365  366  367
    6   15    1    1    8    1    8    1    1    1       721   10    1 CMat    10    9   15   16   11   12   13   14
    6   16    1    1    8    7    2    2    1    0       819  375    0 CMat   369  370  371  372  373  374  375  376
    6   17    1    1    4    2    3    1    1    1       747   10    1 CMat    11   10    9   14
    6   18    1    1    2    2    1    1    1    1       593  378    0 CMat   377  378
    6   19    2    1    4    0    0    2    1    1       723    2    1 CMat    16   15   11   13
    6   20    2    1    2    0    0    2    1    1       634  381    0 CMat   379  380
    6   21    2    1    4    0    0    2    1    1       745    3    1 CMat    13   12    9   16
    6   22    1    1    2    2    1    1    1    1       719  383    0 CMat   382  383
    6   23    2    1    8    0    0    2    1    1       933    8    1 CMat    15   12   13   16   14   11   10    9
    6   24    1    1    4    4    1    2    1    0       585  387    0 CMat   384  385  386  387
    7    1    1    1    8    4    5    2    1    0       571    3    1 CMat     8    6    1    3    4    7    5    2
    7    2    1    1    8    8    1    2    1    0       614  395    0 CMat   388  389  390  391  392  393  394  395
    7    3    2    1    4    0    0    2    1    1       759    1    1 CMat    16    9   12   10
    7    4    2    1    8    0    0    2    1    1       747  404    0 CMat   396  397  398  399  400  401  402  403
    7    5    1    1    4    4    1    1    1    1       630   14    1 CMat    12   13   10   14
    7    6    2    1    8    0    0    1    1    0       865  413    0 CMat   405  406  407  408  409  410  411  412
    7    7    1    1    8    4    5    2    1    0       609    3    1 CMat     6    4    8    3    5    2    7    1
    7    8    2    1    2    0    0    1    1    0       555  416    0 CMat   414  415
    7    9    2    1    8    0    0    2    1    1       648    7    1 CMat    15   13   10    9   14   16   11   12
    7   10    2    1    2    0    0    2    1    1       561  419    0 CMat   417  418
    7   11    1    1    4    4    1    1    1    1       691   15    1 CMat    16   10   14   15
    7   12    1    1    4    1    4    1    1    1       832  420    0 CMat   420  421  422  423
    7   13    1    1    4    3    2    2    1    0       760    5    1 CMat     3    7    5    6
    7   14    1    1    8    5    4    1    1    1       712  428    0 CMat   424  425  426  427  428  429  430  431
    7   15    2    1    8    0    0    1    1    0       814   16    1 CMat     6    8    5    3    1    7    2    4
    7   16    2    1    4    0    0    1    1    0       646  436    0 CMat   432  433  434  435
    7   17    1    1    8    4    5    2    1    0       655    2    1 CMat     8    4    1    2    6    7    5    3
    7   18    2    1    2    0    0    1    1    0       648  439    0 CMat   437  438
    7   19    2    1    8    0    0    1    1    0       799   15    1 CMat     2    1    8    3    5    4    7    6
    7   20    1    1    4    1    4    2    1    0       772  440    0 CMat   440  441  442  443
    7   21    1    1    8    5    4    2    1    0       807    8    1 CMat     1    2    4    6    8    3    7    5
    7   22    2    1    2    0    0    2    1    1       586  446    0 CMat   444  445
    7   23    2    1    8    0    0    2    1    1      1110    4    1 CMat    12    9   13   10   14   11   15   16
    7   24    1    1    2    2    1    2    1    0       700  448    0 CMat   447  448
    8    1    2    1    8    0    0    1    1    0       659   12    1 CMat     4    7    1    5    3    8    2    6
    8    2    2    1    4    0    0    2    1    1      1022  453    0 CMat   449  450  451  452
    8    3    2    1    2    0    0    2    1    1       617    3    1 CMat    10    9
    8    4    1    1    2    1    2    2    1    0       595  454    0 CMat   454  455
    8    5    1    1    4    4    1    2    1    0       628    5    1 CMat     3    2    8    5
    8    6    1    1    8    3    6    1    1    1       765  458    0 CMat   456  457  458  459  460  461  462  463
    8    7    1    1    8    3    6    2    1    0       624    3    1 CMat     4    5    3    8    2    6    7    1
    8    8    2    1    4    0    0    1    1    0       847  468    0 CMat   464  465  466  467
    8    9    1    1    8    8    1    1    1    1       656   11    1 CMat     9   12   15   10   16   14   13   11
    8   10    2    1    4    0    0    1    1    0       734  473    0 CMat   469  470  471  472
    8   11    2    1    2    0    0    1    1    0       708   14    1 CMat     8    1
    8   12    1    1    8    1    8    1    1    1       730  474    0 CMat   474  475  476  477  478  479  480  481
    8   13    2    1    8    0    0    1    1    0       831    9    1 CMat     6    4    7    5    1    2    8    3
    8   14    2    1    8    0    0    2    1    1       910  490    0 CMat   482  483  484  485  486  487  488  489
    8   15    2    1    2    0    0    1    1    0       637   12    1 CMat     4    6
    8   16    1    1    4    1    4    2    1    0       649  491    0 CMat   491  492  493  494
    8   17    1    1    4    3    2    2    1    0       599    5    1 CMat     2    1    5    6
    8   18    1    1    4    4    1    1    1    1       646  498    0 CMat   495  496  497  498
    8   19    1    1    8    7    2    2    1    0       559    7    1 CMat     6    1    4    2    3    5    7    8
    8   20    2    1    2    0    0    2    1    1       620  501    0 CMat   499  500
    8   21    2    1    4    0    0    1    1    0       747   15    1 CMat     5    7    8    4
    8   22    2    1    2    0    0    1    1    0       576  504    0 CMat   502  503
    8   23    2    1    2    0    0    2    1    1       653    7    1 CMat    11   15
    8   24    2    1    4    0    0    1    1    0       603  509    0 CMat   505  506  507  508
    9    1    2    1    8    0    0    2    1    1       621    2    1 CMat    11   12   16    9   14   13   10   15
    9    2    2    1    4    0    0    2    1    1       603  514    0 CMat   510  511  512  513
    9    3    2    1    2    0    0    1    1    0       582   12    1 CMat     8    1
    9    4    2    1    8    0    0    2    1    1       703  523    0 CMat   515  516  517  518  519  520  521  522
    9    5    2    1    2    0    0    1    1    0       598   13    1 CMat     3    8
    9    6    1    1    4    1    4    2    1    0       660  524    0 CMat   524  525  526  527
    9    7    2    1    2    0    0    2    1    1       572    4    1 CMat    12   14
    9    8    1    1    8    2    7    2    1    0       757  529    0 CMat   528  529  530  531  532  533  534  535
    9    9    1    1    4    2    3    1    1    1       752   14    1 CMat     9   14   11   16
    9   10    1    1    8    3    6    2    1    0       756  538    0 CMat   536  537  538  539  540  541  542  543
    9   11    1    1    2    2    1    2    1    0       569    2    1 CMat     8    2
    9   12    1    1    2    2    1    2    1    0       679  545    0 CMat   544  545
    9   13    2    1    8    0    0    1    1    0       750   14    1 CMat     1    6    4    7    2    8    3    5
    9   14    1    1    4    4    1    2    1    0       519  549    0 CMat   546  547  548  549
    9   15    2    1    8    0    0    2    1    1       886    8    1 CMat    10   13    9   12   15   11   16   14
    9   16    1    1    8    1    8    2    1    0       692  550    0 CMat   550  551  552  553  554  555  556  557
    9   17    2    1    2    0    0    1    1    0       621   13    1 CMat     2    3
    9   18    2    1    4    0    0    2    1    1       669  562    0 CMat   558  559  560  561
    9   19    1    1    4    1    4    1    1    1       715   15    1 CMat    15   11   10   12
    9   20    2    1    4    0    0    1    1    0       854  567    0 CMat   563  564  565  566
    9   21    2    1    4    0    0    2    1    1       733    1    1 CMat    12   16   11   15
    9   22    2    1    8    0    0    2    1    1       659  576    0 CMat   568  569  570  571  572  573  574  575
    9   23    1    1    2    2    1    2    1    0       588    3    1 CMat     6    3
    9   24    2    1    8    0    0    1    1    0       647  585    0 CMat   577  578  579  580  581  582  583  584
