    1    1    2    1    4    0    0    2    0    0     12984   14    1 CMat     5    7    1    3
    1    2    2    1    4    0    0    1    1    0       663   21    0 CMat    17   18   19   20
    1    3    1    1    2    2    1    2    0    1      2847    7    1 CMat    10   15
    1    4    1    1    2    1    2    1    1    1       720   22    0 CMat    22   23
    1    5    2    1    2    0    0    1    1    0      5094   11    1 CMat     5    8
    1    6    2    1    4    0    0    1    1    0      1073   28    0 CMat    24   25   26   27
    1    7    2    1    8    0    0    2    1    1      2425   15    1 CMat    13    9   12   10   11   16   15   14
    1    8    2    1    4    0    0    1    1    0      1999   33    0 CMat    29   30   31   32
    1    9    1    1    8    6    3    1    1    1      1427    3    1 CMat     9   13   10   16   14   11   15   12
    1   10    2    1    8    0    0    1    0    1      1177   42    0 CMat    34   35   36   37   38   39   40   41
    1   11    2    1    2    0    0    1    1    0      3630   14    1 CMat     2    4
    1   12    2    1    8    0    0    2    1    1      1116   51    0 CMat    43   44   45   46   47   48   49   50
    1   13    2    1    4    0    0    2    1    1      1128   10    1 CMat    12   15   14   13
    1   14    1    1    8    4    5    1    1    1      1019   55    0 CMat    52   53   54   55   56   57   58   59
    1   15    1    1    2    1    2    2    1    0       758    6    1 CMat     6    7
    1   16    2    1    8    0    0    1    1    0       968   68    0 CMat    60   61   62   63   64   65   66   67
    1   17    1    1    8    5    4    2    1    0       917    1    1 CMat     8    7    5    4    1    3    2    6
    1   18    2    1    8    0    0    2    1    1      1472   77    0 CMat    69   70   71   72   73   74   75   76
    1   19    2    1    4    0    0    2    1    1       862    9    1 CMat    12   14   16   11
    1   20    1    1    4    3    2    2    0    1      1524   80    0 CMat    78   79   80   81
    1   21    2    1    2    0    0    2    1    1       779   15    1 CMat    12   16
    1   22    2    1    4    0    0    2    1    1      1156   86    0 CMat    82   83   84   85
    1   23    1    1    8    4    5    1    1    1      2010    6    1 CMat     9   15   10   14   11   13   12   16
    1   24    2    1    2    0    0    1    0    1      1660   89    0 CMat    87   88
    2    1    1    1    8    1    8    1    1    1      1208    5    1 CMat    13   14    9   11   16   12   10   15
    2    2    1    1    2    2    1    2    1    0      1083   91    0 CMat    90   91
    2    3    2    1    8    0    0    1    1    0      4339    9    1 CMat     5    2    3    1    4    6    8    7
    2    4    2    1    2    0    0    2    1    1      1816   94    0 CMat    92   93
    2    5    2    1    4    0    0    1    1    0      3241   11    1 CMat     7    2    6    3
    2    6    1    1    4    3    2    1    1    1       910   97    0 CMat    95   96   97   98
    2    7    2    1    4    0    0    1    1    0       659   12    1 CMat     7    1    8    4
    2    8    2    1    4    0    0    2    1    1      1265  103    0 CMat    99  100  101  102
    2    9    1    1    4    3    2    2    1    0       711    6    1 CMat     3    8    6    4
    2   10    2    1    8    0    0    1    1    0       572  112    0 CMat   104  105  106  107  108  109  110  111
    2   11    2    1    4    0    0    1    1    0       750   14    1 CMat     3    5    2    4
    2   12    2    1    8    0    0    1    1    0       798  121    0 CMat   113  114  115  116  117  118  119  120
    2   13    1    1    8    2    7    1    0    0       770    2    1 CMat     3    2    6    4    8    7    1    5
    2   14    2    1    2    0    0    2    1    1      1174  124    0 CMat   122  123
    2   15    1    1    2    2    1    2    0    1       844    5    1 CMat    12   13
    2   16    1    1    2    1    2    1    1    1       765  125    0 CMat   125  126
    2   17    1    1    4    3    2    1    1    1       840    2    1 CMat    15   12   10    9
    2   18    1    1    8    7    2    1    1    1       790  133    0 CMat   127  128  129  130  131  132  133  134
    2   19    2    1    2    0    0    1    1    0       650   13    1 CMat     5    8
    2   20    1    1    2    2    1    2    1    0       708  136    0 CMat   135  136
    2   21    2    1    8    0    0    1    1    0       572   13    1 CMat     6    8    5    4    1    7    2    3
    2   22    1    1    2    1    2    2    1    0       696  137    0 CMat   137  138
    2   23    2    1    2    0    0    1    1    0      1040   13    1 CMat     2    1
    2   24    1    1    8    2    7    2    1    0       920  140    0 CMat   139  140  141  142  143  144  145  146
    3    1    2    1    2    0    0    2    1    1      1336   10    1 CMat    16   13
    3    2    2    1    4    0    0    2    1    1       858  151    0 CMat   147  148  149  150
    3    3    2    1    2    0    0    2    1    1      1036   15    1 CMat    16   14
    3    4    1    1    4    1    4    2    1    0       730  152    0 CMat   152  153  154  155
    3    5    1    1    8    6    3    1    1    1      1248    3    1 CMat    12    9   13   10   16   11   14   15
    3    6    1    1    4    4    1    1    1    1       982  159    0 CMat   156  157  158  159
    3    7    1    1    2    2    1    1    1    1       579    6    1 CMat    16   14
    3    8    2    1    4    0    0    2    1    1      1041  164    0 CMat   160  161  162  163
    3    9    1    1    8    3    6    1    1    1       796    6    1 CMat    16   13   14   11   12    9   15   10
    3   10    2    1    2    0    0    2    1    1       608  167    0 CMat   165  166
    3   11    1    1    2    2    1    2    1    0       588    8    1 CMat     3    8
    3   12    1    1    8    8    1    2    1    0       997  175    0 CMat   168  169  170  171  172  173  174  175
    3   13    1    1    8    5    4    1    1    1       673    7    1 CMat    14   13   12   11   15   16    9   10
    3   14    2    1    2    0    0    1    1    0       729  178    0 CMat   176  177
    3   15    1    1    2    2    1    2    1    0      1616    1    1 CMat     4    1
    3   16    2    1    8    0    0    2    1    1      1122  187    0 CMat   179  180  181  182  183  184  185  186
    3   17    1    1    2    1    2    1    1    1      1081    2    1 CMat    10   12
    3   18    2    1    4    0    0    1    1    0       918  192    0 CMat   188  189  190  191
    3   19    1    1    8    1    8    1    1    1       885    5    1 CMat    13   15   12   10    9   14   16   11
    3   20    1    1    2    1    2    1    1    1      1733  193    0 CMat   193  194
    3   21    1    1    2    2    1    2    1    0       643    5    1 CMat     3    5
    3   22    1    1    2    1    2    2    1    0      1085  195    0 CMat   195  196
    3   23    1    1    4    4    1    1    1    1       683    3    1 CMat    13   10   12   11
    3   24    2    1    4    0    0    2    1    1       872  201    0 CMat   197  198  199  200
    4    1    1    1    8    5    4    2    1    0       593    6    1 CMat     4    7    3    8    6    2    5    1
    4    2    1    1    8    6    3    2    1    0       585  207    0 CMat   202  203  204  205  206  207  208  209
    4    3    2    1    8    0    0    1    1    0       853   14    1 CMat     3    1    5    7    8    6    2    4
    4    4    1    1    2    1    2    1    1    1       582  210    0 CMat   210  211
    4    5    1    1    4    3    2    1    1    1      1848    4    1 CMat     9   14   12   16
    4    6    1    1    8    3    6    2    1    0       797  214    0 CMat   212  213  214  215  216  217  218  219
    4    7    2    1    8    0    0    1    1    0       785   13    1 CMat     3    4    2    8    5    7    6    1
    4    8    2    1    8    0    0    1    1    0       834  228    0 CMat   220  221  222  223  224  225  226  227
    4    9    2    1    8    0    0    1    1    0       756   11    1 CMat     4    6    5    8    3    2    7    1
    4   10    1    1    2    2    1    2    1    0       713  230    0 CMat   229  230
    4   11    2    1    8    0    0    2    1    1      1359   11    1 CMat    12   13   14   16   15    9   10   11
    4   12    1    1    8    3    6    2    1    0      1336  233    0 CMat   231  232  233  234  235  236  237  238
    4   13    1    1    2    1    2    2    1    0       583    3    1 CMat     3    7
    4   14    2    1    2    0    0    2    1    1      1043  241    0 CMat   239  240
    4   15    1    1    8    1    8    1    0    0       766    1    1 CMat     1    2    3    7    4    8    6    5
    4   16    1    1    8    3    6    1    1    1       735  244    0 CMat   242  243  244  245  246  247  248  249
    4   17    2    1    8    0    0    1    1    0       758   12    1 CMat     8    5    1    6    4    2    3    7
    4   18    2    1    8    0    0    2    1    1      1113  258    0 CMat   250  251  252  253  254  255  256  257
    4   19    1    1    8    6    3    1    1    1       976    2    1 CMat    14   16    9   15   13   10   12   11
    4   20    2    1    2    0    0    1    1    0       861  261    0 CMat   259  260
    4   21    1    1    8    4    5    1    1    1       606    8    1 CMat    14   10   12   16   11   13    9   15
    4   22    1    1    4    1    4    1    1    1       766  262    0 CMat   262  263  264  265
    4   23    2    1    4    0    0    2    1    1      1880   14    1 CMat    12   13   11   16
    4   24    1    1    8    3    6    1    1    1       941  268    0 CMat   266  267  268  269  270  271  272  273
    5    1    2    1    4    0    0    1    1    0       809   10    1 CMat     2    5    3    4
    5    2    2    1    2    0    0    1    1    0      1179  276    0 CMat   274  275
    5    3    2    1    8    0    0    1    0    1      2752   15    1 CMat    16    9   13   10   11   15   14   12
    5    4    2    1    2    0    0    1    1    0      1140  279    0 CMat   277  278
    5    5    2    1    2    0    0    2    1    1      1003    9    1 CMat     9   10
    5    6    1    1    8    1    8    1    1    1       947  280    0 CMat   280  281  282  283  284  285  286  287
    5    7    2    1    8    0    0    1    0    1      1425   13    1 CMat     9   13   14   10   12   15   11   16
    5    8    1    1    8    3    6    1    1    1      1063  290    0 CMat   288  289  290  291  292  293  294  295
    5    9    2    1    4    0    0    1    1    0       838   12    1 CMat     1    7    2    4
    5   10    1    1    2    1    2    1    0    0      1127  296    0 CMat   296  297
    5   11    1    1    8    6    3    1    1    1       926    5    1 CMat     9   16   10   15   14   13   12   11
    5   12    1    1    4    2    3    1    1    1       736  299    0 CMat   298  299  300  301
    5   13    2    1    8    0    0    2    1    1      1334   11    1 CMat     9   14   10   12   16   13   11   15
    5   14    1    1    4    4    1    1    1    1       824  305    0 CMat   302  303  304  305
    5   15    1    1    4    2    3    2    1    0      1024    2    1 CMat     6    2    8    1
    5   16    2    1    8    0    0    2    1    1       743  314    0 CMat   306  307  308  309  310  311  312  313
    5   17    2    1    2    0    0    1    1    0       990   12    1 CMat     6    2
    5   18    1    1    8    6    3    2    1    0       904  320    0 CMat   315  316  317  318  319  320  321  322
    5   19    2    1    2    0    0    1    1    0       984   12    1 CMat     8    7
    5   20    1    1    2    2    1    1    1    1       835  324    0 CMat   323  324
    5   21    1    1    8    3    6    1    1    1      1909    5    1 CMat    15   14   13   12    9   10   16   11
    5   22    1    1    4    4    1    2    1    0       995  328    0 CMat   325  326  327  328
    5   23    1    1    2    2    1    2    1    0       543    2    1 CMat     3    2
    5   24    1    1    4    2    3    2    1    0       833  330    0 CMat   329  330  331  332
    6    1    2    1    4    0    0    1    1    0      1301   11    1 CMat     2    1    6    8
    6    2    1    1    8    3    6    2    1    0      1311  335    0 CMat   333  334  335  336  337  338  339  340
    6    3    2    1    4    0    0    2    1    1      1396   14    1 CMat    10   14   15   11
    6    4    2    1    8    0    0    1    1    0      1820  349    0 CMat   341  342  343  344  345  346  347  348
    6    5    1    1    4    1    4    1    1    1      1548    8    1 CMat    16   14   10   11
    6    6    2    1    8    0    0    2    1    1      1294  358    0 CMat   350  351  352  353  354  355  356  357
    6    7    2    1    8    0    0    1    0    1      2462   15    1 CMat    11   10   14    9   12   13   16   15
    6    8    2    1    4    0    0    2    1    1      1364  363    0 CMat   359  360  361  362
    6    9    2    1    2    0    0    1    1    0      1521   15    1 CMat     4    3
    6   10    1    1    2    1    2    1    1    1      1671  364    0 CMat   364  365
    6   11    2    1    4    0    0    2    1    1      1293   16    1 CMat    15   12   14   16
    6   12    2    1    8    0    0    2    1    1      1355  374    0 CMat   366  367  368  369  370  371  372  373
    6   13    1    1    4    3    2    2    0    1      4318    7    1 CMat    12   13   15    9
    6   14    2    1    8    0    0    2    0    0      1185  383    0 CMat   375  376  377  378  379  380  381  382
    6   15    1    1    8    6    3    2    1    0      1029    6    1 CMat     1    3    2    5    7    6    4    8
    6   16    2    1    8    0    0    1    0    1      2093  392    0 CMat   384  385  386  387  388  389  390  391
    6   17    2    1    8    0    0    2    1    1      1646   12    1 CMat    13   10   11   15   14    9   16   12
    6   18    2    1    4    0    0    1    1    0      2100  397    0 CMat   393  394  395  396
    6   19    2    1    2    0    0    1    1    0      1284   16    1 CMat     4    3
    6   20    2    1    4    0    0    2    1    1      1190  402    0 CMat   398  399  400  401
    6   21    2    1    8    0    0    1    1    0      1339   11    1 CMat     1    3    6    4    7    8    5    2
    6   22    1    1    8    5    4    2    1    0      1942  407    0 CMat   403  404  405  406  407  408  409  410
    6   23    2    1    2    0    0    1    1    0      1100   16    1 CMat     2    8
    6   24    1    1    4    3    2    2    0    1      1593  413    0 CMat   411  412  413  414
    7    1    2    1    8    0    0    2    1    1      1802    9    1 CMat    16   14   10   11   13   15   12    9
    7    2    2    1    4    0    0    2    1    1       617  419    0 CMat   415  416  417  418
    7    3    2    1    2    0    0    2    1    1       821   14    1 CMat    16   11
    7    4    1    1    8    7    2    1    1    1      1075  426    0 CMat   420  421  422  423  424  425  426  427
    7    5    1    1    2    2    1    2    1    0       572    6    1 CMat     1    6
    7    6    1    1    8    8    1    2    1    0       629  435    0 CMat   428  429  430  431  432  433  434  435
    7    7    2    1    2    0    0    2    1    1      1617    9    1 CMat    13   10
    7    8    2    1    4    0    0    2    0    0      1223  440    0 CMat   436  437  438  439
    7    9    2    1    8    0    0    2    1    1       554   10    1 CMat    14    9   10   11   13   16   15   12
    7   10    2    1    8    0    0    1    1    0       979  449    0 CMat   441  442  443  444  445  446  447  448
    7   11    2    1    8    0    0    2    1    1       576   10    1 CMat    13   10   15    9   11   14   12   16
    7   12    1    1    8    5    4    1    1    1       778  454    0 CMat   450  451  452  453  454  455  456  457
    7   13    2    1    4    0    0    1    1    0      1620   14    1 CMat     4    2    3    6
    7   14    1    1    8    4    5    1    1    1       803  461    0 CMat   458  459  460  461  462  463  464  465
    7   15    1    1    4    3    2    1    1    1       988    8    1 CMat    15   14   16   12
    7   16    2    1    4    0    0    2    0    0       924  470    0 CMat   466  467  468  469
    7   17    2    1    2    0    0    2    1    1      1755   15    1 CMat     9   13
    7   18    1    1    8    8    1    2    1    0      1189  478    0 CMat   471  472  473  474  475  476  477  478
    7   19    2    1    2    0    0    2    1    1      1978   15    1 CMat     9   16
    7   20    1    1    2    1    2    2    1    0      1519  479    0 CMat   479  480
    7   21    2    1    4    0    0    2    1    1      1100   14    1 CMat    12   13   15   14
    7   22    1    1    8    4    5    2    1    0      1297  484    0 CMat   481  482  483  484  485  486  487  488
    7   23    1    1    8    5    4    1    1    1      1185    2    1 CMat    14   11    9   12   10   15   16   13
    7   24    1    1    8    3    6    2    0    1      1409  491    0 CMat   489  490  491  492  493  494  495  496
    8    1    2    1    8    0    0    2    1    1       993   11    1 CMat    15   12   10    9   16   11   13   14
    8    2    1    1    4    3    2    1    1    1      1024  499    0 CMat   497  498  499  500
    8    3    1    1    4    4    1    1    1    1      1041    1    1 CMat    11   16   15    9
    8    4    2    1    8    0    0    2    1    1      1176  509    0 CMat   501  502  503  504  505  506  507  508
    8    5    2    1    4    0    0    2    1    1      1459   13    1 CMat    11   10   13    9
    8    6    1    1    2    1    2    2    1    0       875  510    0 CMat   510  511
    8    7    1    1    4    4    1    2    1    0      1602    3    1 CMat     7    4    1    3
    8    8    1    1    2    2    1    1    1    1      1427  513    0 CMat   512  513
    8    9    1    1    2    1    2    2    1    0       639    8    1 CMat     8    2
    8   10    1    1    2    2    1    1    1    1       409  515    0 CMat   514  515
    8   11    1    1    8    4    5    2    1    0       732    5    1 CMat     8    4    2    5    7    1    3    6
    8   12    1    1    8    1    8    2    0    1      1823  516    0 CMat   516  517  518  519  520  521  522  523
    8   13    1    1    8    8    1    2    1    0       842    4    1 CMat     5    2    8    1    6    7    3    4
    8   14    1    1    8    8    1    2    1    0       602  531    0 CMat   524  525  526  527  528  529  530  531
    8   15    2    1    4    0    0    1    1    0       699   10    1 CMat     7    8    2    4
    8   16    2    1    4    0    0    1    1    0      1334  536    0 CMat   532  533  534  535
    8   17    1    1    8    6    3    2    1    0       885    8    1 CMat     7    1    4    6    5    8    2    3
    8   18    1    1    8    8    1    2    1    0       464  544    0 CMat   537  538  539  540  541  542  543  544
    8   19    2    1    2    0    0    1    1    0       881   13    1 CMat     1    3
    8   20    2    1    4    0    0    1    1    0       997  549    0 CMat   545  546  547  548
    8   21    2    1    2    0    0    1    1    0       497   13    1 CMat     3    8
    8   22    1    1    8    7    2    2    1    0       636  556    0 CMat   550  551  552  553  554  555  556  557
    8   23    2    1    4    0    0    1    1    0      1020   15    1 CMat     3    5    7    2
    8   24    1    1    2    2    1    1    1    1       742  559    0 CMat   558  559
    9    1    2    1    8    0    0    2    1    1       870   11    1 CMat    15   11   10   16   14    9   13   12
    9    2    1    1    8    2    7    2    1    0       578  561    0 CMat   560  561  562  563  564  565  566  567
    9    3    1    1    2    2    1    2    1    0       432    6    1 CMat     3    6
    9    4    2    1    2    0    0    2    1    1      1294  570    0 CMat   568  569
    9    5    2    1    8    0    0    2    1    1       958   13    1 CMat    13   15   14    9   10   16   12   11
    9    6    1    1    8    5    4    1    1    1       711  575    0 CMat   571  572  573  574  575  576  577  578
    9    7    2    1    2    0    0    2    1    1      1807   11    1 CMat    14   13
    9    8    2    1    2    0    0    1    1    0       746  581    0 CMat   579  580
    9    9    2    1    8    0    0    2    1    1       768   13    1 CMat    13    9   16   12   14   11   10   15
    9   10    1    1    8    6    3    1    1    1       928  587    0 CMat   582  583  584  585  586  587  588  589
    9   11    2    1    2    0    0    2    1    1       559   10    1 CMat    10   13
    9   12    1    1    2    1    2    1    1    1       557  590    0 CMat   590  591
    9   13    1    1    4    1    4    2    1    0      1297    7    1 CMat     7    5    4    2
    9   14    2    1    4    0    0    2    1    1       738  596    0 CMat   592  593  594  595
    9   15    1    1    2    2    1    2    1    0       569    6    1 CMat     1    6
    9   16    1    1    8    6    3    2    1    0       740  602    0 CMat   597  598  599  600  601  602  603  604
    9   17    1    1    8    7    2    1    1    1      1258    8    1 CMat    10   13   11   14    9   12   16   15
    9   18    1    1    8    2    7    2    1    0       615  606    0 CMat   605  606  607  608  609  610  611  612
    9   19    1    1    4    1    4    2    1    0       584    1    1 CMat     1    8    6    2
    9   20    1    1    8    4    5    1    1    1       591  616    0 CMat   613  614  615  616  617  618  619  620
    9   21    2    1    8    0    0    2    1    1       523   11    1 CMat    15   11    9   16   13   10   14   12
    9   22    1    1    4    1    4    1    1    1       782  621    0 CMat   621  622  623  624
    9   23    2    1    8    0    0    2    1    1       946   13    1 CMat    12   10   15   11   14   13    9   16
    9   24    2    1    4    0    0    2    1    1       932  629    0 CMat   625  626  627  628
