    1    1    1    1    8    1    8    2    1    0       801    3    1 CMat     3    6    7    4    1    5    8    2
    1    2    1    1    2    2    1    1    0    0       565   18    0 CMat    17   18
    1    3    2    1    8    0    0    1    1    0       738   14    1 CMat     1    3    5    4    6    8    2    7
    1    4    1    1    4    2    3    2    1    0       636   20    0 CMat    19   20   21   22
    1    5    2    1    8    0    0    2    1    1       997    2    1 CMat    11   15   10   12   13   16   14    9
    1    6    1    1    2    2    1    1    1    1       912   24    0 CMat    23   24
    1    7    2    1    2    0    0    2    1    1       655    3    1 CMat     9   11
    1    8    1    1    2    2    1    2    1    0       634   26    0 CMat    25   26
    1    9    2    1    4    0    0    2    1    1       649    5    1 CMat    16   12    9   14
    1   10    1    1    8    3    6    2    1    0       623   29    0 CMat    27   28   29   30   31   32   33   34
    1   11    1    1    8    4    5    2    1    0       650    6    1 CMat     5    7    1    6    8    3    2    4
    1   12    1    1    4    2    3    2    1    0       792   36    0 CMat    35   36   37   38
    1   13    2    1    2    0    0    2    1    1       460    5    1 CMat    11    9
    1   14    1    1    2    1    2    2    1    0       702   39    0 CMat    39   40
    1   15    1    1    4    2    3    2    1    0       523    1    1 CMat     5    1    2    8
    1   16    1    1    4    4    1    2    1    0       445   44    0 CMat    41   42   43   44
    1   17    2    1    8    0    0    1    1    0       623   10    1 CMat     6    3    1    7    5    8    2    4
    1   18    2    1    8    0    0    2    1    1       568   53    0 CMat    45   46   47   48   49   50   51   52
    1   19    1    1    4    4    1    1    1    1       650   12    1 CMat    13   16   10   12
    1   20    1    1    4    4    1    1    1    1       406   57    0 CMat    54   55   56   57
    1   21    1    1    8    5    4    1    1    1       442   10    1 CMat     9   13   12   16   10   11   15   14
    1   22    1    1    2    1    2    1    1    1       460   58    0 CMat    58   59
    1   23    1    1    2    2    1    2    1    0       510    2    1 CMat     6    2
    1   24    1    1    4    3    2    2    1    0       497   62    0 CMat    60   61   62   63
    2    1    2    1    4    0    0    1    1    0       496   11    1 CMat     1    5    3    7
    2    2    2    1    4    0    0    2    1    1       612   68    0 CMat    64   65   66   67
    2    3    2    1    2    0    0    2    1    1       480    5    1 CMat    13   16
    2    4    2    1    4    0    0    2    1    1       644   73    0 CMat    69   70   71   72
    2    5    2    1    2    0    0    1    1    0       734   11    1 CMat     4    5
    2    6    1    1    2    2    1    2    1    0       437   75    0 CMat    74   75
    2    7    1    1    2    2    1    1    1    1       439    9    1 CMat    13    9
    2    8    2    1    4    0    0    1    1    0       590   80    0 CMat    76   77   78   79
    2    9    2    1    2    0    0    1    1    0       490   10    1 CMat     5    6
    2   10    2    1    4    0    0    2    1    1       463   85    0 CMat    81   82   83   84
    2   11    2    1    4    0    0    1    1    0       453   15    1 CMat     7    1    4    8
    2   12    1    1    4    3    2    1    1    1       411   88    0 CMat    86   87   88   89
    2   13    2    1    2    0    0    1    1    0       511   16    1 CMat     3    8
    2   14    1    1    2    2    1    1    1    1       431   91    0 CMat    90   91
    2   15    1    1    4    2    3    1    1    1       599   16    1 CMat    10   16    9   14
    2   16    2    1    4    0    0    1    1    0       454   96    0 CMat    92   93   94   95
    2   17    2    1    2    0    0    1    1    0       471   12    1 CMat     5    1
    2   18    2    1    8    0    0    2    1    1       533  105    0 CMat    97   98   99  100  101  102  103  104
    2   19    2    1    4    0    0    1    1    0       616   12    1 CMat     2    8    6    7
    2   20    2    1    8    0    0    1    1    0       593  114    0 CMat   106  107  108  109  110  111  112  113
    2   21    2    1    8    0    0    2    1    1       781    7    1 CMat    14   11   13   12    9   10   15   16
    2   22    2    1    4    0    0    1    1    0       534  119    0 CMat   115  116  117  118
    2   23    2    1    8    0    0    1    1    0       532   10    1 CMat     7    2    3    8    5    6    1    4
    2   24    1    1    2    2    1    2    1    0       579  121    0 CMat   120  121
    3    1    1    1    2    2    1    2    1    0       904    6    1 CMat     5    6
    3    2    1    1    8    6    3    1    1    1       372  127    0 CMat   122  123  124  125  126  127  128  129
    3    3    2    1    4    0    0    1    1    0       607   13    1 CMat     5    4    6    3
    3    4    1    1    2    2    1    2    1    0       425  131    0 CMat   130  131
    3    5    2    1    4    0    0    2    1    1       594    4    1 CMat    13   14   16   10
    3    6    1    1    4    4    1    2    1    0       546  135    0 CMat   132  133  134  135
    3    7    1    1    2    1    2    1    1    1       512   14    1 CMat    14   16
    3    8    2    1    4    0    0    1    1    0       420  140    0 CMat   136  137  138  139
    3    9    1    1    2    1    2    2    1    0       455    1    1 CMat     1    6
    3   10    1    1    4    1    4    1    1    1       860  141    0 CMat   141  142  143  144
    3   11    2    1    4    0    0    1    1    0       484   15    1 CMat     7    6    5    2
    3   12    1    1    4    1    4    1    1    1       615  145    0 CMat   145  146  147  148
    3   13    1    1    4    2    3    1    1    1       551   11    1 CMat    14   11   12   13
    3   14    2    1    8    0    0    2    1    1       544  157    0 CMat   149  150  151  152  153  154  155  156
    3   15    2    1    8    0    0    2    1    1       702    5    1 CMat    11   14   13   16    9   15   12   10
    3   16    2    1    2    0    0    1    1    0       501  160    0 CMat   158  159
    3   17    2    1    2    0    0    1    1    0       469   12    1 CMat     1    3
    3   18    1    1    4    1    4    1    1    1       714  161    0 CMat   161  162  163  164
    3   19    2    1    2    0    0    1    1    0       497   13    1 CMat     1    5
    3   20    2    1    4    0    0    1    1    0       564  169    0 CMat   165  166  167  168
    3   21    1    1    2    1    2    1    1    1       593   10    1 CMat    10   12
    3   22    2    1    8    0    0    2    1    1       507  178    0 CMat   170  171  172  173  174  175  176  177
    3   23    2    1    8    0    0    2    1    1       618    7    1 CMat     9   11   14   13   16   15   10   12
    3   24    1    1    2    1    2    2    1    0       757  179    0 CMat   179  180
    4    1    2    1    8    0    0    2    1    1       549    5    1 CMat    11   12   14    9   15   16   13   10
    4    2    1    1    4    4    1    2    1    0       471  184    0 CMat   181  182  183  184
    4    3    2    1    2    0    0    1    1    0       519   15    1 CMat     5    2
    4    4    2    1    8    0    0    2    1    1       645  193    0 CMat   185  186  187  188  189  190  191  192
    4    5    2    1    8    0    0    2    1    1       527    6    1 CMat    15   11   14   12   10   13    9   16
    4    6    2    1    2    0    0    2    1    1       525  196    0 CMat   194  195
    4    7    1    1    8    6    3    2    1    0       540    3    1 CMat     7    1    2    4    6    3    5    8
    4    8    1    1    8    6    3    1    1    1       759  202    0 CMat   197  198  199  200  201  202  203  204
    4    9    2    1    2    0    0    1    1    0       477   14    1 CMat     1    8
    4   10    2    1    2    0    0    2    1    1       669  207    0 CMat   205  206
    4   11    2    1    4    0    0    1    1    0       572   11    1 CMat     5    2    4    7
    4   12    1    1    2    1    2    2    1    0       424  208    0 CMat   208  209
    4   13    2    1    8    0    0    2    1    1       523    7    1 CMat     9   12   13   15   10   16   14   11
    4   14    2    1    4    0    0    2    1    1       495  214    0 CMat   210  211  212  213
    4   15    2    1    8    0    0    2    1    1       927    4    1 CMat    15   12   11    9   10   14   16   13
    4   16    1    1    2    1    2    1    0    0       543  215    0 CMat   215  216
    4   17    2    1    8    0    0    2    1    1      1021    4    1 CMat    12   14    9   10   16   15   13   11
    4   18    2    1    8    0    0    1    1    0       740  225    0 CMat   217  218  219  220  221  222  223  224
    4   19    2    1    4    0    0    1    1    0       624   12    1 CMat     5    8    1    4
    4   20    1    1    8    6    3    1    1    1      1176  231    0 CMat   226  227  228  229  230  231  232  233
    4   21    2    1    4    0    0    1    0    1       803    1    1 CMat    10   14   15   16
    4   22    2    1    2    0    0    2    1    1       646  236    0 CMat   234  235
    4   23    2    1    2    0    0    2    1    1      1104    7    1 CMat    13   16
    4   24    2    1    8    0    0    2    1    1       565  245    0 CMat   237  238  239  240  241  242  243  244
    5    1    2    1    2    0    0    1    1    0       484   12    1 CMat     8    2
    5    2    2    1    4    0    0    2    1    1       472  250    0 CMat   246  247  248  249
    5    3    2    1    8    0    0    2    1    1       537    7    1 CMat    16    9   14   15   11   13   10   12
    5    4    1    1    8    3    6    1    1    1       739  253    0 CMat   251  252  253  254  255  256  257  258
    5    5    2    1    8    0    0    2    1    1       793    5    1 CMat    15   13   10   14   11   12    9   16
    5    6    1    1    8    5    4    1    1    1       731  263    0 CMat   259  260  261  262  263  264  265  266
    5    7    1    1    2    1    2    1    1    1       593   14    1 CMat    14   11
    5    8    2    1    4    0    0    2    1    1       544  271    0 CMat   267  268  269  270
    5    9    2    1    4    0    0    2    1    1       516    7    1 CMat     9   13   15   14
    5   10    1    1    8    8    1    1    1    1       416  279    0 CMat   272  273  274  275  276  277  278  279
    5   11    1    1    4    2    3    1    1    1       633   12    1 CMat    13   12   10    9
    5   12    1    1    2    1    2    1    1    1       707  280    0 CMat   280  281
    5   13    2    1    2    0    0    1    1    0       474   15    1 CMat     6    4
    5   14    2    1    4    0    0    1    1    0       574  286    0 CMat   282  283  284  285
    5   15    2    1    8    0    0    1    1    0       715   13    1 CMat     3    8    7    4    1    6    5    2
    5   16    2    1    8    0    0    1    1    0       608  295    0 CMat   287  288  289  290  291  292  293  294
    5   17    2    1    4    0    0    1    1    0       929   13    1 CMat     8    3    4    2
    5   18    2    1    8    0    0    2    1    1       669  304    0 CMat   296  297  298  299  300  301  302  303
    5   19    2    1    8    0    0    2    1    1       678    8    1 CMat    15   14   11    9   16   13   12   10
    5   20    2    1    4    0    0    1    1    0       659  309    0 CMat   305  306  307  308
    5   21    1    1    8    6    3    1    1    1       493   16    1 CMat    11   15    9   12   13   16   14   10
    5   22    2    1    2    0    0    2    1    1       476  312    0 CMat   310  311
    5   23    1    1    8    7    2    2    1    0       717    3    1 CMat     4    8    1    5    7    6    3    2
    5   24    1    1    8    6    3    1    1    1       543  318    0 CMat   313  314  315  316  317  318  319  320
    6    1    2    1    4    0    0    1    1    0       561   12    1 CMat     7    2    5    6
    6    2    2    1    2    0    0    2    1    1       478  323    0 CMat   321  322
    6    3    1    1    2    1    2    1    1    1       416   10    1 CMat    10    9
    6    4    1    1    4    4    1    2    1    0       471  327    0 CMat   324  325  326  327
    6    5    1    1    2    1    2    2    1    0       425    7    1 CMat     7    1
    6    6    1    1    2    2    1    1    1    1       411  329    0 CMat   328  329
    6    7    1    1    4    1    4    1    1    1       596   13    1 CMat    13   16   12   10
    6    8    1    1    8    8    1    1    1    1       413  337    0 CMat   330  331  332  333  334  335  336  337
    6    9    1    1    2    1    2    1    1    1       464   14    1 CMat    14   15
    6   10    1    1    8    2    7    2    1    0       719  339    0 CMat   338  339  340  341  342  343  344  345
    6   11    1    1    2    2    1    1    1    1       390   11    1 CMat     9   11
    6   12    1    1    8    4    5    1    1    1       553  349    0 CMat   346  347  348  349  350  351  352  353
    6   13    2    1    2    0    0    1    1    0       454   16    1 CMat     6    5
    6   14    2    1    8    0    0    1    1    0       709  362    0 CMat   354  355  356  357  358  359  360  361
    6   15    2    1    4    0    0    2    1    1       914    6    1 CMat    12   16   13   15
    6   16    1    1    2    2    1    1    1    1       401  364    0 CMat   363  364
    6   17    1    1    8    1    8    2    1    0       549    6    1 CMat     6    2    1    7    5    3    4    8
    6   18    1    1    4    4    1    1    1    1       373  368    0 CMat   365  366  367  368
    6   19    2    1    8    0    0    1    1    0       794   16    1 CMat     1    8    7    5    4    3    2    6
    6   20    1    1    4    2    3    1    1    1       627  370    0 CMat   369  370  371  372
    6   21    1    1    2    2    1    1    1    1       350   12    1 CMat    13   12
    6   22    2    1    8    0    0    2    1    1       545  381    0 CMat   373  374  375  376  377  378  379  380
    6   23    1    1    2    1    2    1    1    1       624   13    1 CMat    13    9
    6   24    1    1    2    2    1    2    1    0       442  383    0 CMat   382  383
    7    1    2    1    2    0    0    1    1    0       694   11    1 CMat     3    8
    7    2    2    1    4    0    0    2    1    1       515  388    0 CMat   384  385  386  387
    7    3    1    1    4    1    4    2    1    0       583    1    1 CMat     1    7    2    3
    7    4    2    1    4    0    0    1    1    0       521  393    0 CMat   389  390  391  392
    7    5    1    1    8    3    6    1    1    1       472   15    1 CMat     9   14   15   16   12   10   11   13
    7    6    2    1    2    0    0    2    1    1       855  396    0 CMat   394  395
    7    7    1    1    4    3    2    2    1    0       351    6    1 CMat     1    3    6    8
    7    8    2    1    8    0    0    2    1    1       500  405    0 CMat   397  398  399  400  401  402  403  404
    7    9    1    1    8    3    6    1    1    1       532   11    1 CMat    10   15   11   16    9   13   12   14
    7   10    2    1    4    0    0    2    1    1       486  410    0 CMat   406  407  408  409
    7   11    2    1    2    0    0    1    1    0       438    9    1 CMat     1    6
    7   12    2    1    4    0    0    1    1    0       524  415    0 CMat   411  412  413  414
    7   13    2    1    8    0    0    2    1    1       636    2    1 CMat    13   16   11    9   14   10   15   12
    7   14    2    1    8    0    0    2    1    1       611  424    0 CMat   416  417  418  419  420  421  422  423
    7   15    1    1    4    1    4    1    1    1       756   14    1 CMat    14   11   12   10
    7   16    2    1    8    0    0    2    1    1       456  433    0 CMat   425  426  427  428  429  430  431  432
    7   17    1    1    2    2    1    2    1    0       426    3    1 CMat     2    3
    7   18    2    1    2    0    0    1    1    0       460  436    0 CMat   434  435
    7   19    2    1    4    0    0    2    1    1       515    8    1 CMat    16   15   14    9
    7   20    2    1    2    0    0    2    1    1       482  439    0 CMat   437  438
    7   21    1    1    8    7    2    1    1    1       514   12    1 CMat     9   10   13   14   15   16   12   11
    7   22    1    1    4    2    3    1    1    1       613  441    0 CMat   440  441  442  443
    7   23    2    1    2    0    0    1    1    0       704   10    1 CMat     8    4
    7   24    2    1    4    0    0    2    1    1       573  448    0 CMat   444  445  446  447
    8    1    2    1    4    0    0    2    1    1       858    4    1 CMat    11   14   15   12
    8    2    1    1    4    1    4    2    1    0       640  449    0 CMat   449  450  451  452
    8    3    1    1    4    2    3    1    1    1       560    9    1 CMat    15    9   13   14
    8    4    2    1    4    0    0    2    1    1       657  457    0 CMat   453  454  455  456
    8    5    1    1    4    4    1    1    1    1       528   13    1 CMat    15   11   12   13
    8    6    1    1    2    1    2    1    1    1       575  458    0 CMat   458  459
    8    7    1    1    4    2    3    1    1    1       529   15    1 CMat    10   15   11   14
    8    8    2    1    8    0    0    1    1    0       557  468    0 CMat   460  461  462  463  464  465  466  467
    8    9    2    1    8    0    0    1    1    0       650   10    1 CMat     3    6    1    4    2    7    8    5
    8   10    2    1    2    0    0    2    1    1       500  471    0 CMat   469  470
    8   11    2    1    2    0    0    1    1    0       484   15    1 CMat     7    6
    8   12    2    1    2    0    0    2    1    1       595  474    0 CMat   472  473
    8   13    1    1    4    3    2    2    1    0       565    8    1 CMat     2    6    8    4
    8   14    2    1    4    0    0    2    1    1       438  479    0 CMat   475  476  477  478
    8   15    2    1    8    0    0    1    1    0       456   10    1 CMat     6    3    7    1    2    4    8    5
    8   16    2    1    4    0    0    1    1    0       621  484    0 CMat   480  481  482  483
    8   17    2    1    4    0    0    2    1    1       557    2    1 CMat     9   13   12   10
    8   18    1    1    4    1    4    1    1    1       735  485    0 CMat   485  486  487  488
    8   19    1    1    2    1    2    2    1    0       438    6    1 CMat     6    8
    8   20    2    1    4    0    0    2    1    1       587  493    0 CMat   489  490  491  492
    8   21    2    1    2    0    0    2    1    1       504    6    1 CMat    15   10
    8   22    1    1    2    1    2    2    1    0       615  494    0 CMat   494  495
    8   23    2    1    4    0    0    2    1    1       824    8    1 CMat    15   10   14   12
    8   24    2    1    8    0    0    1    1    0       440  504    0 CMat   496  497  498  499  500  501  502  503
    9    1    1    1    8    1    8    2    1    0       490    8    1 CMat     8    7    1    3    5    4    2    6
    9    2    2    1    4    0    0    2    1    1       607  509    0 CMat   505  506  507  508
    9    3    1    1    4    4    1    2    1    0       672    6    1 CMat     1    4    2    6
    9    4    2    1    2    0    0    2    1    1       488  512    0 CMat   510  511
    9    5    2    1    8    0    0    1    1    0       488   15    1 CMat     6    5    8    3    2    1    7    4
    9    6    1    1    4    1    4    1    1    1       908  513    0 CMat   513  514  515  516
    9    7    2    1    4    0    0    2    1    1       450    6    1 CMat    13   10   14   12
    9    8    2    1    8    0    0    2    1    1       637  525    0 CMat   517  518  519  520  521  522  523  524
    9    9    1    1    8    3    6    1    1    1       536    9    1 CMat    16   11    9   13   10   12   15   14
    9   10    2    1    8    0    0    2    1    1       549  534    0 CMat   526  527  528  529  530  531  532  533
    9   11    2    1    2    0    0    2    1    1       403    7    1 CMat     9   13
    9   12    1    1    2    1    2    2    1    0       711  535    0 CMat   535  536
    9   13    2    1    8    0    0    2    1    1       703    6    1 CMat    12   13   14   11   16    9   10   15
    9   14    1    1    4    3    2    1    1    1       491  539    0 CMat   537  538  539  540
    9   15    1    1    8    7    2    1    0    0      1035    5    1 CMat     8    3    4    7    6    2    5    1
    9   16    1    1    8    3    6    2    1    0       930  543    0 CMat   541  542  543  544  545  546  547  548
    9   17    2    1    4    0    0    2    1    1       614    5    1 CMat    10    9   13   14
    9   18    2    1    4    0    0    2    1    1       548  553    0 CMat   549  550  551  552
    9   19    1    1    2    2    1    2    1    0       434    8    1 CMat     7    8
    9   20    2    1    8    0    0    1    1    0       704  562    0 CMat   554  555  556  557  558  559  560  561
    9   21    1    1    2    2    1    1    1    1       408   10    1 CMat    11   10
    9   22    2    1    4    0    0    1    1    0       480  567    0 CMat   563  564  565  566
    9   23    1    1    8    2    7    1    1    1       560   14    1 CMat    16   14   13   15   10    9   11   12
    9   24    2    1    2    0    0    1    1    0       460  570    0 CMat   568  569
