    1    1    2    1    4    0    0    1    0    1     11462    3    1 CMat    11   15   14   10
    1    2    2    1    2    0    0    2    1    1      4269   19    0 CMat    17   18
    1    3    1    1    8    6    3    1    1    1      3667   13    1 CMat    15   16    9   14   11   13   12   10
    1    4    2    1    4    0    0    1    1    0      3303   24    0 CMat    20   21   22   23
    1    5    1    1    4    3    2    1    0    0      2843    3    1 CMat     7    8    3    2
    1    6    2    1    4    0    0    2    1    1      2337   29    0 CMat    25   26   27   28
    1    7    1    1    8    4    5    2    1    0      2823    3    1 CMat     2    4    7    3    6    8    1    5
    1    8    2    1    8    0    0    1    1    0      3062   38    0 CMat    30   31   32   33   34   35   36   37
    1    9    2    1    8    0    0    2    1    1      2112    5    1 CMat    10   15    9   11   14   16   12   13
    1   10    1    1    2    2    1    2    1    0      3087   40    0 CMat    39   40
    1   11    2    1    2    0    0    1    1    0      1943   10    1 CMat     5    6
    1   12    1    1    4    4    1    2    1    0      1682   44    0 CMat    41   42   43   44
    1   13    2    1    8    0    0    2    1    1      2241    5    1 CMat    13   10   11   16   14   12   15    9
    1   14    2    1    8    0    0    1    1    0      1370   53    0 CMat    45   46   47   48   49   50   51   52
    1   15    1    1    8    4    5    1    1    1      1767   15    1 CMat    10   13    9   15   14   16   11   12
    1   16    1    1    2    2    1    2    1    0      1204   55    0 CMat    54   55
    1   17    1    1    2    1    2    2    0    1      1352   10    1 CMat    10   15
    1   18    2    1    4    0    0    1    1    0      1417   60    0 CMat    56   57   58   59
    1   19    1    1    2    1    2    1    1    1       964   16    1 CMat    16   15
    1   20    1    1    8    4    5    2    0    1      1436   64    0 CMat    61   62   63   64   65   66   67   68
    1   21    1    1    2    2    1    2    1    0      1047    3    1 CMat     4    3
    1   22    2    1    8    0    0    1    0    1      2028   77    0 CMat    69   70   71   72   73   74   75   76
    1   23    1    1    4    3    2    2    1    0      1525    7    1 CMat     1    5    7    3
    1   24    2    1    4    0    0    2    1    1      1342   82    0 CMat    78   79   80   81
    2    1    1    1    4    4    1    1    1    1      1275   10    1 CMat    16   11   13   10
    2    2    2    1    8    0    0    2    1    1      1799   91    0 CMat    83   84   85   86   87   88   89   90
    2    3    1    1    4    4    1    1    1    1      1032   13    1 CMat    15   14   12   13
    2    4    2    1    8    0    0    2    1    1      1165  100    0 CMat    92   93   94   95   96   97   98   99
    2    5    1    1    4    2    3    1    1    1      2200    9    1 CMat    11    9   16   10
    2    6    1    1    4    2    3    2    1    0      1702  102    0 CMat   101  102  103  104
    2    7    2    1    4    0    0    2    1    1      1324    2    1 CMat    11   16    9   10
    2    8    2    1    8    0    0    1    1    0      1287  113    0 CMat   105  106  107  108  109  110  111  112
    2    9    2    1    4    0    0    2    1    1      1021    7    1 CMat    11   12   15   16
    2   10    1    1    8    7    2    1    1    1      1284  120    0 CMat   114  115  116  117  118  119  120  121
    2   11    2    1    8    0    0    1    1    0      1300   10    1 CMat     4    7    6    5    8    2    1    3
    2   12    2    1    4    0    0    1    1    0      2999  126    0 CMat   122  123  124  125
    2   13    1    1    2    1    2    1    1    1      1347   10    1 CMat    10   12
    2   14    1    1    2    2    1    1    1    1      1617  128    0 CMat   127  128
    2   15    1    1    8    8    1    2    1    0      1492    5    1 CMat     4    8    7    6    1    3    2    5
    2   16    1    1    4    4    1    2    1    0       976  132    0 CMat   129  130  131  132
    2   17    1    1    2    1    2    2    1    0       973    4    1 CMat     4    1
    2   18    2    1    8    0    0    2    1    1      1253  141    0 CMat   133  134  135  136  137  138  139  140
    2   19    2    1    8    0    0    2    1    1      1159    7    1 CMat    10   11   16   13   15   12    9   14
    2   20    2    1    2    0    0    1    1    0      1915  144    0 CMat   142  143
    2   21    1    1    2    2    1    2    1    0      1042    3    1 CMat     4    3
    2   22    1    1    2    2    1    1    1    1      1084  146    0 CMat   145  146
    2   23    2    1    8    0    0    1    1    0      1637   12    1 CMat     6    8    7    5    3    1    4    2
    2   24    2    1    4    0    0    2    1    1       986  151    0 CMat   147  148  149  150
    3    1    1    1    8    2    7    1    1    1      1163   12    1 CMat     9   12   11   13   16   10   14   15
    3    2    2    1    4    0    0    2    1    1      1971  156    0 CMat   152  153  154  155
    3    3    2    1    8    0    0    2    1    1      1592    1    1 CMat    11   16   15   14   13   10   12    9
    3    4    2    1    4    0    0    1    1    0      1167  161    0 CMat   157  158  159  160
    3    5    2    1    8    0    0    2    1    1      1749    5    1 CMat     9   15   14   10   13   16   12   11
    3    6    1    1    2    1    2    2    1    0      2786  162    0 CMat   162  163
    3    7    2    1    2    0    0    2    1    1       807    7    1 CMat     9   16
    3    8    2    1    4    0    0    2    1    1      1613  168    0 CMat   164  165  166  167
    3    9    1    1    2    2    1    2    1    0      1072    8    1 CMat     6    8
    3   10    2    1    4    0    0    1    1    0      1229  173    0 CMat   169  170  171  172
    3   11    2    1    8    0    0    1    1    0      1952   12    1 CMat     8    2    5    3    6    7    1    4
    3   12    1    1    4    1    4    2    1    0      1434  174    0 CMat   174  175  176  177
    3   13    1    1    4    3    2    2    1    0      1162    1    1 CMat     7    6    1    5
    3   14    1    1    2    2    1    2    1    0       879  179    0 CMat   178  179
    3   15    2    1    2    0    0    2    1    1      1312    2    1 CMat    13    9
    3   16    1    1    2    2    1    1    1    1      1056  181    0 CMat   180  181
    3   17    1    1    4    3    2    2    1    0      1087    3    1 CMat     5    6    3    1
    3   18    1    1    4    3    2    1    1    1      1084  184    0 CMat   182  183  184  185
    3   19    1    1    8    1    8    2    1    0      1140    6    1 CMat     6    5    2    4    8    7    1    3
    3   20    2    1    2    0    0    1    1    0       888  188    0 CMat   186  187
    3   21    1    1    4    2    3    2    1    0      3262    4    1 CMat     2    4    6    5
    3   22    1    1    8    4    5    2    1    0      1468  192    0 CMat   189  190  191  192  193  194  195  196
    3   23    2    1    8    0    0    2    1    1      1461    3    1 CMat     9   14   11   15   10   16   13   12
    3   24    2    1    2    0    0    2    1    1      1485  199    0 CMat   197  198
    4    1    2    1    4    0    0    2    1    1      1133    5    1 CMat    15   12   14   16
    4    2    1    1    2    1    2    1    1    1       882  200    0 CMat   200  201
    4    3    1    1    2    2    1    2    1    0       755    5    1 CMat     7    5
    4    4    2    1    4    0    0    1    1    0       955  206    0 CMat   202  203  204  205
    4    5    2    1    4    0    0    1    1    0      3038   11    1 CMat     6    5    7    8
    4    6    2    1    8    0    0    1    1    0      2598  215    0 CMat   207  208  209  210  211  212  213  214
    4    7    2    1    8    0    0    2    1    1      1090    4    1 CMat    12   14   16   10    9   13   15   11
    4    8    1    1    4    1    4    1    1    1      1869  216    0 CMat   216  217  218  219
    4    9    1    1    2    1    2    2    1    0      1174    2    1 CMat     2    7
    4   10    2    1    2    0    0    2    1    1       843  222    0 CMat   220  221
    4   11    2    1    2    0    0    1    1    0       990   16    1 CMat     6    2
    4   12    1    1    4    3    2    2    1    0       909  225    0 CMat   223  224  225  226
    4   13    1    1    4    1    4    1    1    1      1091   15    1 CMat    15   16    9   10
    4   14    2    1    2    0    0    2    1    1       729  229    0 CMat   227  228
    4   15    2    1    8    0    0    2    0    0      1856   10    1 CMat     3    5    6    7    1    2    4    8
    4   16    1    1    8    3    6    1    1    1      1367  232    0 CMat   230  231  232  233  234  235  236  237
    4   17    1    1    4    4    1    1    1    1      1209   13    1 CMat    15   12   11   13
    4   18    2    1    8    0    0    2    1    1      1017  246    0 CMat   238  239  240  241  242  243  244  245
    4   19    1    1    4    4    1    1    1    1      1050   11    1 CMat    14   16   13   11
    4   20    2    1    8    0    0    1    1    0      1487  255    0 CMat   247  248  249  250  251  252  253  254
    4   21    1    1    2    2    1    1    1    1      1352   16    1 CMat    11   16
    4   22    2    1    4    0    0    2    1    1      1146  260    0 CMat   256  257  258  259
    4   23    1    1    4    3    2    2    1    0      1366    3    1 CMat     1    2    3    5
    4   24    1    1    2    1    2    2    1    0      1249  261    0 CMat   261  262
    5    1    1    1    4    1    4    1    1    1      1013   13    1 CMat    13   14    9   11
    5    2    2    1    8    0    0    1    1    0      1564  271    0 CMat   263  264  265  266  267  268  269  270
    5    3    2    1    4    0    0    1    0    1      2199    1    1 CMat    12   11   16   10
    5    4    2    1    8    0    0    2    1    1      1213  280    0 CMat   272  273  274  275  276  277  278  279
    5    5    2    1    8    0    0    2    0    0      2416   15    1 CMat     6    7    1    3    4    8    5    2
    5    6    1    1    4    2    3    2    1    0      1383  282    0 CMat   281  282  283  284
    5    7    1    1    4    3    2    2    1    0       937    6    1 CMat     7    4    6    2
    5    8    1    1    2    1    2    2    1    0      1047  285    0 CMat   285  286
    5    9    1    1    2    1    2    2    1    0       705    4    1 CMat     4    1
    5   10    2    1    8    0    0    1    1    0      1143  295    0 CMat   287  288  289  290  291  292  293  294
    5   11    2    1    8    0    0    1    1    0      1261   13    1 CMat     4    8    7    5    3    1    6    2
    5   12    1    1    4    3    2    1    1    1      1380  298    0 CMat   296  297  298  299
    5   13    2    1    8    0    0    2    1    1       849    5    1 CMat     9   15   16   13   11   10   12   14
    5   14    1    1    2    1    2    1    1    1       979  300    0 CMat   300  301
    5   15    2    1    8    0    0    2    0    0      2640   13    1 CMat     4    1    6    8    3    2    5    7
    5   16    2    1    8    0    0    1    1    0       870  310    0 CMat   302  303  304  305  306  307  308  309
    5   17    2    1    8    0    0    2    1    1      1095    1    1 CMat    16   12   11   15    9   10   14   13
    5   18    1    1    8    7    2    2    1    0       923  317    0 CMat   311  312  313  314  315  316  317  318
    5   19    2    1    2    0    0    2    1    1       938    6    1 CMat    16   11
    5   20    2    1    2    0    0    1    1    0       791  321    0 CMat   319  320
    5   21    1    1    2    2    1    1    1    1      1723   13    1 CMat     9   13
    5   22    2    1    8    0    0    1    1    0       837  330    0 CMat   322  323  324  325  326  327  328  329
    5   23    1    1    8    7    2    2    1    0       904    6    1 CMat     4    2    3    5    8    7    6    1
    5   24    2    1    2    0    0    2    1    1       694  333    0 CMat   331  332
    6    1    1    1    4    4    1    1    1    1       790   14    1 CMat    10   13   12   14
    6    2    2    1    2    0    0    2    1    1       570  336    0 CMat   334  335
    6    3    1    1    4    3    2    2    1    0      1452    1    1 CMat     4    3    1    7
    6    4    2    1    4    0    0    2    1    1       634  341    0 CMat   337  338  339  340
    6    5    1    1    2    2    1    1    1    1       741   15    1 CMat    11   15
    6    6    1    1    4    3    2    1    1    1       782  344    0 CMat   342  343  344  345
    6    7    1    1    2    1    2    2    1    0       738    3    1 CMat     3    6
    6    8    2    1    2    0    0    2    1    1       535  348    0 CMat   346  347
    6    9    1    1    8    7    2    2    1    0       885    3    1 CMat     4    6    8    7    5    2    3    1
    6   10    2    1    8    0    0    2    1    1       754  357    0 CMat   349  350  351  352  353  354  355  356
    6   11    1    1    2    2    1    1    1    1       648   11    1 CMat    15   11
    6   12    1    1    2    2    1    1    1    1       577  359    0 CMat   358  359
    6   13    2    1    8    0    0    2    1    1       846    8    1 CMat    11   12   15   16   10   14   13    9
    6   14    1    1    2    1    2    2    1    0       639  360    0 CMat   360  361
    6   15    1    1    2    1    2    2    1    0       570    8    1 CMat     8    7
    6   16    2    1    8    0    0    1    1    0       835  370    0 CMat   362  363  364  365  366  367  368  369
    6   17    2    1    4    0    0    1    1    0       971   13    1 CMat     4    8    6    2
    6   18    2    1    2    0    0    2    1    1       680  373    0 CMat   371  372
    6   19    1    1    4    3    2    2    1    0       773    6    1 CMat     3    7    6    1
    6   20    1    1    4    3    2    1    1    1       701  376    0 CMat   374  375  376  377
    6   21    2    1    4    0    0    1    1    0      1770   11    1 CMat     4    5    6    8
    6   22    1    1    4    4    1    2    1    0       748  381    0 CMat   378  379  380  381
    6   23    2    1    2    0    0    2    1    1       770    2    1 CMat    10   15
    6   24    2    1    4    0    0    2    1    1       619  386    0 CMat   382  383  384  385
    7    1    2    1    4    0    0    1    1    0       759   14    1 CMat     4    1    5    2
    7    2    2    1    2    0    0    1    1    0       715  389    0 CMat   387  388
    7    3    1    1    8    6    3    1    1    1       978   13    1 CMat    15   14   16   12   10   13   11    9
    7    4    2    1    2    0    0    2    1    1       526  392    0 CMat   390  391
    7    5    2    1    4    0    0    2    1    1       707    5    1 CMat    10   14    9   12
    7    6    2    1    4    0    0    1    1    0       541  397    0 CMat   393  394  395  396
    7    7    1    1    8    7    2    2    1    0      1179    8    1 CMat     4    1    6    2    5    7    8    3
    7    8    1    1    4    1    4    2    1    0       724  398    0 CMat   398  399  400  401
    7    9    2    1    2    0    0    1    1    0      1803   11    1 CMat     6    4
    7   10    2    1    8    0    0    2    1    1       530  410    0 CMat   402  403  404  405  406  407  408  409
    7   11    1    1    2    1    2    2    1    0       769    4    1 CMat     4    8
    7   12    1    1    2    1    2    1    1    1       884  411    0 CMat   411  412
    7   13    2    1    2    0    0    2    1    1       581    5    1 CMat    12    9
    7   14    1    1    2    2    1    2    1    0       513  414    0 CMat   413  414
    7   15    1    1    8    5    4    2    1    0       736    7    1 CMat     3    1    4    2    7    8    5    6
    7   16    2    1    4    0    0    2    1    1       794  419    0 CMat   415  416  417  418
    7   17    1    1    4    2    3    2    1    0       724    6    1 CMat     2    6    5    3
    7   18    2    1    4    0    0    2    1    1       670  424    0 CMat   420  421  422  423
    7   19    2    1    4    0    0    2    1    1      2413    3    1 CMat    10   11   13    9
    7   20    1    1    4    1    4    2    1    0       772  425    0 CMat   425  426  427  428
    7   21    2    1    4    0    0    2    1    1      1726    6    1 CMat     9   12   13   11
    7   22    2    1    2    0    0    2    1    1       588  431    0 CMat   429  430
    7   23    2    1    8    0    0    1    0    1      1224    6    1 CMat    15   16   14   12   13   10   11    9
    7   24    2    1    8    0    0    2    1    1      2614  440    0 CMat   432  433  434  435  436  437  438  439
    8    1    2    1    8    0    0    1    1    0      1071   13    1 CMat     7    1    4    5    3    6    2    8
    8    2    2    1    4    0    0    1    1    0       605  445    0 CMat   441  442  443  444
    8    3    1    1    2    2    1    1    1    1      1896   10    1 CMat    16   10
    8    4    2    1    2    0    0    1    1    0       479  448    0 CMat   446  447
    8    5    2    1    8    0    0    2    1    1       751    3    1 CMat    10   16   11   14   13   12   15    9
    8    6    1    1    4    2    3    1    1    1      1481  450    0 CMat   449  450  451  452
    8    7    1    1    4    3    2    2    1    0       662    6    1 CMat     3    5    6    4
    8    8    1    1    8    4    5    2    1    0       619  456    0 CMat   453  454  455  456  457  458  459  460
    8    9    1    1    4    3    2    1    1    1       940   13    1 CMat    15   16   13   10
    8   10    1    1    4    4    1    2    1    0       542  464    0 CMat   461  462  463  464
    8   11    1    1    4    3    2    2    1    0       754    8    1 CMat     2    6    8    5
    8   12    1    1    8    4    5    1    1    1       947  468    0 CMat   465  466  467  468  469  470  471  472
    8   13    2    1    8    0    0    1    1    0      1649   10    1 CMat     4    1    6    7    3    5    8    2
    8   14    1    1    4    3    2    1    1    1       695  475    0 CMat   473  474  475  476
    8   15    1    1    4    4    1    1    1    1       453   15    1 CMat    10   12   11   15
    8   16    1    1    2    2    1    2    1    0      1062  478    0 CMat   477  478
    8   17    1    1    8    6    3    1    1    1       720   14    1 CMat    11   13   10   15   12   14    9   16
    8   18    2    1    4    0    0    2    1    1       570  483    0 CMat   479  480  481  482
    8   19    1    1    2    1    2    2    1    0       551    4    1 CMat     4    2
    8   20    1    1    2    2    1    2    1    0       420  485    0 CMat   484  485
    8   21    1    1    2    2    1    1    1    1       535   16    1 CMat    12   16
    8   22    2    1    4    0    0    2    1    1       537  490    0 CMat   486  487  488  489
    8   23    1    1    8    2    7    1    1    1       712   11    1 CMat    13   11   10   12    9   14   15   16
    8   24    1    1    4    4    1    1    1    1       691  494    0 CMat   491  492  493  494
    9    1    1    1    8    3    6    1    0    0       966    1    1 CMat     6    7    1    2    5    8    3    4
    9    2    1    1    4    1    4    1    0    0      1510  495    0 CMat   495  496  497  498
    9    3    2    1    4    0    0    1    1    0       787   11    1 CMat     1    4    3    7
    9    4    2    1    8    0    0    1    1    0       612  507    0 CMat   499  500  501  502  503  504  505  506
    9    5    1    1    4    2    3    1    1    1       709    9    1 CMat    16    9   12   14
    9    6    2    1    4    0    0    1    1    0       799  512    0 CMat   508  509  510  511
    9    7    1    1    2    1    2    2    1    0       723    2    1 CMat     2    6
    9    8    1    1    4    1    4    1    1    1       653  513    0 CMat   513  514  515  516
    9    9    2    1    4    0    0    1    1    0       540   16    1 CMat     3    5    7    1
    9   10    1    1    8    7    2    2    1    0       742  523    0 CMat   517  518  519  520  521  522  523  524
    9   11    1    1    2    2    1    2    1    0       525    7    1 CMat     5    7
    9   12    2    1    2    0    0    2    1    1       507  527    0 CMat   525  526
    9   13    2    1    2    0    0    1    1    0       667   12    1 CMat     6    7
    9   14    1    1    2    1    2    2    1    0       531  528    0 CMat   528  529
    9   15    2    1    8    0    0    1    0    1       946    6    1 CMat    13   16   11   10   14   12   15    9
    9   16    2    1    8    0    0    2    1    1       589  538    0 CMat   530  531  532  533  534  535  536  537
    9   17    1    1    4    1    4    2    1    0       559    4    1 CMat     4    8    3    2
    9   18    1    1    4    4    1    2    1    0       512  542    0 CMat   539  540  541  542
    9   19    1    1    4    3    2    2    1    0       661    7    1 CMat     1    6    7    5
    9   20    1    1    2    1    2    2    1    0       494  543    0 CMat   543  544
    9   21    2    1    2    0    0    2    1    1      4399    1    1 CMat    13   10
    9   22    1    1    4    1    4    2    1    0      1047  545    0 CMat   545  546  547  548
    9   23    1    1    2    2    1    1    1    1       897   10    1 CMat    16   10
    9   24    1    1    4    4    1    2    1    0       421  552    0 CMat   549  550  551  552
