    1    1    2    1    2    0    0    2    0    0       465   16    1 CMat     2    4
    1    2    2    1    8    0    0    1    0    1       477   25    0 CMat    17   18   19   20   21   22   23   24
    1    3    1    1    4    3    2    2    1    0       466    8    1 CMat     4    3    8    2
    1    4    1    1    2    2    1    1    1    1       450   27    0 CMat    26   27
    1    5    2    1    8    0    0    2    0    0       513   14    1 CMat     5    6    8    1    2    7    4    3
    1    6    1    1    2    2    1    2    1    0       609   29    0 CMat    28   29
    1    7    2    1    4    0    0    1    0    1       481    1    1 CMat    11   12   13   16
    1    8    2    1    2    0    0    1    0    1       383   32    0 CMat    30   31
    1    9    1    1    8    3    6    2    1    0       628    3    1 CMat     5    1    3    2    4    6    7    8
    1   10    2    1    4    0    0    2    0    0       402   37    0 CMat    33   34   35   36
    1   11    2    1    4    0    0    2    0    0       428   12    1 CMat     5    1    3    2
    1   12    2    1    4    0    0    1    0    1       481   42    0 CMat    38   39   40   41
    1   13    1    1    4    4    1    1    1    1       390    9    1 CMat    12   10   14    9
    1   14    2    1    2    0    0    1    0    1       631   45    0 CMat    43   44
    1   15    1    1    2    2    1    1    1    1       402   10    1 CMat     9   10
    1   16    1    1    8    6    3    1    1    1       416   51    0 CMat    46   47   48   49   50   51   52   53
    1   17    1    1    4    2    3    1    1    1       713   11    1 CMat     9   11   13   10
    1   18    1    1    8    2    7    1    1    1       412   55    0 CMat    54   55   56   57   58   59   60   61
    1   19    1    1    2    1    2    2    1    0       384    2    1 CMat     2    1
    1   20    1    1    4    3    2    2    1    0       535   64    0 CMat    62   63   64   65
    1   21    2    1    8    0    0    1    0    1       485    3    1 CMat    14   11   13   12   10    9   15   16
    1   22    2    1    4    0    0    1    0    1       729   70    0 CMat    66   67   68   69
    1   23    2    1    2    0    0    1    0    1       400    8    1 CMat    11   10
    1   24    2    1    2    0    0    1    0    1       450   73    0 CMat    71   72
    2    1    2    1    2    0    0    2    0    0       418   11    1 CMat     3    7
    2    2    1    1    8    7    2    2    1    0       404   80    0 CMat    74   75   76   77   78   79   80   81
    2    3    1    1    8    3    6    1    1    1       472   13    1 CMat    14   10   13   16   12    9   11   15
    2    4    1    1    8    1    8    1    1    1       517   82    0 CMat    82   83   84   85   86   87   88   89
    2    5    1    1    2    2    1    1    1    1       468   11    1 CMat    12   11
    2    6    2    1    4    0    0    2    0    0       616   94    0 CMat    90   91   92   93
    2    7    2    1    4    0    0    2    0    0       521   15    1 CMat     2    6    8    3
    2    8    2    1    8    0    0    1    0    1       340  103    0 CMat    95   96   97   98   99  100  101  102
    2    9    1    1    4    1    4    2    1    0       464    2    1 CMat     2    6    3    1
    2   10    1    1    4    3    2    1    1    1       597  106    0 CMat   104  105  106  107
    2   11    2    1    4    0    0    2    0    0       470   16    1 CMat     8    7    3    2
    2   12    1    1    4    2    3    2    1    0       603  109    0 CMat   108  109  110  111
    2   13    2    1    2    0    0    1    0    1       423    3    1 CMat    12   10
    2   14    1    1    2    1    2    1    1    1       409  112    0 CMat   112  113
    2   15    1    1    2    2    1    2    1    0       477    1    1 CMat     2    1
    2   16    1    1    2    1    2    1    1    1       589  114    0 CMat   114  115
    2   17    1    1    8    1    8    1    1    1       522   13    1 CMat    13   14    9   11   12   10   16   15
    2   18    1    1    8    4    5    2    1    0       421  119    0 CMat   116  117  118  119  120  121  122  123
    2   19    1    1    2    1    2    1    1    1       392   12    1 CMat    12   15
    2   20    1    1    2    1    2    1    1    1       507  124    0 CMat   124  125
    2   21    2    1    2    0    0    1    0    1       555    5    1 CMat    16   10
    2   22    2    1    8    0    0    2    0    0       452  134    0 CMat   126  127  128  129  130  131  132  133
    2   23    1    1    2    1    2    1    1    1       438   16    1 CMat    16    9
    2   24    1    1    2    2    1    1    1    1       568  136    0 CMat   135  136
    3    1    1    1    8    6    3    2    1    0       483    3    1 CMat     1    5    6    4    2    3    7    8
    3    2    2    1    4    0    0    1    0    1       615  141    0 CMat   137  138  139  140
    3    3    2    1    2    0    0    1    0    1       626    6    1 CMat    11    9
    3    4    1    1    2    1    2    1    1    1       412  142    0 CMat   142  143
    3    5    1    1    4    4    1    1    1    1       597   14    1 CMat    11   15   10   14
    3    6    1    1    2    2    1    1    1    1       385  145    0 CMat   144  145
    3    7    1    1    4    1    4    1    1    1       347   13    1 CMat    13   10   11   15
    3    8    1    1    4    4    1    1    1    1       386  149    0 CMat   146  147  148  149
    3    9    2    1    2    0    0    1    0    1       359    1    1 CMat    15   13
    3   10    1    1    2    1    2    2    1    0       443  150    0 CMat   150  151
    3   11    1    1    8    1    8    1    1    1       494   12    1 CMat    12   13   15   14   16    9   11   10
    3   12    2    1    4    0    0    2    0    0       369  156    0 CMat   152  153  154  155
    3   13    2    1    2    0    0    2    0    0       359   14    1 CMat     2    6
    3   14    2    1    8    0    0    2    0    0       409  165    0 CMat   157  158  159  160  161  162  163  164
    3   15    1    1    2    2    1    1    1    1       349   10    1 CMat     9   10
    3   16    2    1    8    0    0    2    0    0       670  174    0 CMat   166  167  168  169  170  171  172  173
    3   17    1    1    4    4    1    1    1    1       380   16    1 CMat    10   14   15   16
    3   18    2    1    8    0    0    1    0    1       412  183    0 CMat   175  176  177  178  179  180  181  182
    3   19    1    1    4    3    2    2    1    0       438    7    1 CMat     8    2    7    1
    3   20    1    1    2    1    2    1    1    1       328  184    0 CMat   184  185
    3   21    1    1    2    2    1    1    1    1       399   13    1 CMat    14   13
    3   22    1    1    2    2    1    2    1    0       322  187    0 CMat   186  187
    3   23    1    1    2    2    1    1    1    1       314   12    1 CMat    10   12
    3   24    2    1    2    0    0    1    0    1       400  190    0 CMat   188  189
    4    1    1    1    8    4    5    2    1    0       509    1    1 CMat     3    5    7    1    8    2    6    4
    4    2    2    1    4    0    0    2    0    0       465  195    0 CMat   191  192  193  194
    4    3    2    1    2    0    0    2    0    0       433   15    1 CMat     6    8
    4    4    1    1    8    4    5    1    1    1       496  199    0 CMat   196  197  198  199  200  201  202  203
    4    5    2    1    8    0    0    1    0    1       368    3    1 CMat    16   10   14   12   15    9   11   13
    4    6    1    1    8    7    2    1    1    1       322  210    0 CMat   204  205  206  207  208  209  210  211
    4    7    2    1    4    0    0    2    0    0       367   11    1 CMat     6    4    3    7
    4    8    1    1    2    2    1    2    1    0       355  213    0 CMat   212  213
    4    9    1    1    4    1    4    1    1    1       462   16    1 CMat    16   12   10   15
    4   10    1    1    4    2    3    1    1    1       308  215    0 CMat   214  215  216  217
    4   11    1    1    2    2    1    2    1    0       428    6    1 CMat     2    6
    4   12    2    1    8    0    0    1    0    1       346  226    0 CMat   218  219  220  221  222  223  224  225
    4   13    1    1    4    2    3    1    1    1       405   11    1 CMat    15   11   16   10
    4   14    2    1    8    0    0    1    0    1       469  235    0 CMat   227  228  229  230  231  232  233  234
    4   15    2    1    2    0    0    2    0    0       438   10    1 CMat     4    8
    4   16    2    1    8    0    0    1    0    1       421  244    0 CMat   236  237  238  239  240  241  242  243
    4   17    1    1    8    7    2    2    1    0       456    7    1 CMat     1    6    5    2    8    3    7    4
    4   18    1    1    4    4    1    2    1    0       557  248    0 CMat   245  246  247  248
    4   19    2    1    2    0    0    1    0    1       603    4    1 CMat    10   15
    4   20    1    1    4    3    2    2    1    0       395  251    0 CMat   249  250  251  252
    4   21    1    1    4    1    4    1    1    1       372   15    1 CMat    15   13   16   10
    4   22    2    1    2    0    0    1    0    1       456  255    0 CMat   253  254
    4   23    1    1    4    2    3    1    1    1       399   13    1 CMat    10   13   16   15
    4   24    2    1    4    0    0    1    0    1       341  260    0 CMat   256  257  258  259
    5    1    1    1    8    4    5    2    1    0       373    5    1 CMat     6    7    8    5    3    4    1    2
    5    2    1    1    4    2    3    1    1    1       493  262    0 CMat   261  262  263  264
    5    3    2    1    2    0    0    2    0    0       414   15    1 CMat     3    2
    5    4    1    1    4    2    3    1    1    1       404  266    0 CMat   265  266  267  268
    5    5    2    1    2    0    0    2    0    0       312   16    1 CMat     4    7
    5    6    1    1    2    1    2    2    1    0      1007  269    0 CMat   269  270
    5    7    1    1    8    7    2    1    1    1       667   15    1 CMat    13   12   10   11    9   16   15   14
    5    8    1    1    2    1    2    2    1    0      1107  271    0 CMat   271  272
    5    9    1    1    2    2    1    2    1    0       683    7    1 CMat     5    7
    5   10    1    1    8    7    2    1    0    0      1119  279    0 CMat   273  274  275  276  277  278  279  280
    5   11    2    1    8    0    0    1    1    0      1127    9    1 CMat     1    5    4    8    3    6    2    7
    5   12    1    1    8    8    1    1    1    1       539  288    0 CMat   281  282  283  284  285  286  287  288
    5   13    1    1    2    1    2    2    1    0      1274    7    1 CMat     7    8
    5   14    2    1    4    0    0    1    1    0       958  293    0 CMat   289  290  291  292
    5   15    1    1    2    2    1    1    1    1       428   14    1 CMat    10   14
    5   16    1    1    4    2    3    1    1    1      1042  295    0 CMat   294  295  296  297
    5   17    1    1    2    1    2    2    1    0       477    7    1 CMat     7    8
    5   18    1    1    8    1    8    2    1    0       796  298    0 CMat   298  299  300  301  302  303  304  305
    5   19    1    1    4    4    1    1    1    1       422   13    1 CMat    11   14   12   13
    5   20    1    1    4    3    2    2    0    1      1132  308    0 CMat   306  307  308  309
    5   21    1    1    4    3    2    1    1    1       568    9    1 CMat    15   11    9   16
    5   22    2    1    4    0    0    2    1    1      1111  314    0 CMat   310  311  312  313
    5   23    2    1    4    0    0    2    0    0      1269   11    1 CMat     1    2    4    3
    5   24    2    1    8    0    0    2    1    1       963  323    0 CMat   315  316  317  318  319  320  321  322
    6    1    2    1    4    0    0    1    1    0       900   13    1 CMat     8    6    3    2
    6    2    2    1    2    0    0    1    1    0       818  326    0 CMat   324  325
    6    3    2    1    8    0    0    2    1    1       854    1    1 CMat    13   12   11   15    9   16   10   14
    6    4    2    1    2    0    0    1    1    0       934  329    0 CMat   327  328
    6    5    2    1    2    0    0    1    1    0       885   14    1 CMat     2    4
    6    6    2    1    2    0    0    2    1    1       948  332    0 CMat   330  331
    6    7    2    1    2    0    0    2    1    1      1090    2    1 CMat    12   13
    6    8    2    1    4    0    0    1    1    0       765  337    0 CMat   333  334  335  336
    6    9    2    1    8    0    0    1    1    0       738   16    1 CMat     7    2    6    8    5    4    1    3
    6   10    1    1    4    4    1    2    1    0       620  341    0 CMat   338  339  340  341
    6   11    2    1    4    0    0    2    0    0       989   11    1 CMat     6    2    8    7
    6   12    1    1    4    2    3    1    1    1       829  343    0 CMat   342  343  344  345
    6   13    2    1    4    0    0    1    1    0       789   15    1 CMat     7    6    3    2
    6   14    2    1    8    0    0    2    1    1       902  354    0 CMat   346  347  348  349  350  351  352  353
    6   15    1    1    2    1    2    1    1    1       502   15    1 CMat    15   11
    6   16    1    1    2    2    1    2    1    0       596  356    0 CMat   355  356
    6   17    1    1    4    3    2    1    1    1       534   14    1 CMat    15   13   14    9
    6   18    2    1    4    0    0    2    1    1      1031  361    0 CMat   357  358  359  360
    6   19    2    1    2    0    0    1    1    0       946   15    1 CMat     2    3
    6   20    2    1    8    0    0    1    0    1       571  370    0 CMat   362  363  364  365  366  367  368  369
    6   21    2    1    8    0    0    1    0    1       792    6    1 CMat    15   10   12   14   13    9   11   16
    6   22    1    1    2    2    1    1    1    1       524  372    0 CMat   371  372
    6   23    1    1    4    1    4    1    1    1       544    9    1 CMat     9   13   10   12
    6   24    1    1    4    4    1    2    1    0       434  376    0 CMat   373  374  375  376
    7    1    2    1    8    0    0    2    1    1      1046    7    1 CMat    11   16   15   14   12   13   10    9
    7    2    1    1    4    4    1    1    1    1       516  380    0 CMat   377  378  379  380
    7    3    2    1    8    0    0    1    1    0      1075   13    1 CMat     8    3    2    4    1    7    5    6
    7    4    2    1    4    0    0    1    0    1       415  385    0 CMat   381  382  383  384
    7    5    1    1    4    2    3    2    1    0       903    7    1 CMat     3    7    5    4
    7    6    1    1    2    1    2    2    1    0       615  386    0 CMat   386  387
    7    7    2    1    2    0    0    1    1    0       866   10    1 CMat     4    2
    7    8    1    1    2    2    1    2    1    0       658  389    0 CMat   388  389
    7    9    2    1    4    0    0    2    1    1       897    2    1 CMat    10    9   16   13
    7   10    1    1    4    2    3    2    1    0       756  391    0 CMat   390  391  392  393
    7   11    2    1    8    0    0    2    1    1      1914    1    1 CMat    16   13   15   12   14   11   10    9
    7   12    1    1    8    6    3    1    0    0       812  399    0 CMat   394  395  396  397  398  399  400  401
    7   13    1    1    8    7    2    1    1    1       608    9    1 CMat    11   16   13   14   12   15    9   10
    7   14    2    1    4    0    0    2    1    1      1023  406    0 CMat   402  403  404  405
    7   15    2    1    4    0    0    1    0    1       560    4    1 CMat    16   15   11   12
    7   16    1    1    2    2    1    1    1    1       684  408    0 CMat   407  408
    7   17    2    1    8    0    0    1    1    0       901   15    1 CMat     3    8    6    2    7    1    5    4
    7   18    2    1    8    0    0    1    1    0      1279  417    0 CMat   409  410  411  412  413  414  415  416
    7   19    1    1    4    2    3    1    1    1       550    9    1 CMat    12    9   10   11
    7   20    1    1    8    7    2    2    1    0       672  424    0 CMat   418  419  420  421  422  423  424  425
    7   21    2    1    8    0    0    2    0    0       681   11    1 CMat     5    7    3    4    8    2    6    1
    7   22    1    1    8    8    1    2    1    0      1213  433    0 CMat   426  427  428  429  430  431  432  433
    7   23    2    1    4    0    0    2    0    0      1318   16    1 CMat     3    1    6    7
    7   24    2    1    2    0    0    2    0    0       483  436    0 CMat   434  435
    8    1    2    1    8    0    0    1    0    1       413    8    1 CMat    14   13   15   10   16   11    9   12
    8    2    1    1    2    1    2    2    1    0       480  437    0 CMat   437  438
    8    3    1    1    4    4    1    1    1    1       517   11    1 CMat    14   10   15   11
    8    4    2    1    2    0    0    2    1    1       820  441    0 CMat   439  440
    8    5    2    1    8    0    0    2    0    0       664   11    1 CMat     3    1    4    8    5    2    7    6
    8    6    2    1    4    0    0    1    0    1       436  446    0 CMat   442  443  444  445
    8    7    2    1    8    0    0    1    1    0       950   12    1 CMat     7    4    2    6    1    3    8    5
    8    8    2    1    2    0    0    2    0    0       627  449    0 CMat   447  448
    8    9    2    1    2    0    0    1    0    1       446    6    1 CMat     9   16
    8   10    1    1    2    1    2    1    1    1       655  450    0 CMat   450  451
    8   11    1    1    2    2    1    1    1    1       409   10    1 CMat    15   10
    8   12    1    1    2    2    1    1    1    1       317  453    0 CMat   452  453
    8   13    2    1    2    0    0    1    0    1       388    4    1 CMat    16   10
    8   14    1    1    8    8    1    1    1    1       405  461    0 CMat   454  455  456  457  458  459  460  461
    8   15    2    1    4    0    0    2    1    1       878    1    1 CMat    13   15   16   10
    8   16    2    1    4    0    0    1    0    1       547  466    0 CMat   462  463  464  465
    8   17    1    1    2    2    1    2    1    0       417    2    1 CMat     1    2
    8   18    1    1    2    1    2    1    1    1       708  467    0 CMat   467  468
    8   19    2    1    8    0    0    2    1    1       764    2    1 CMat    11   10   12   15    9   16   14   13
    8   20    2    1    4    0    0    1    1    0       724  473    0 CMat   469  470  471  472
    8   21    1    1    4    2    3    2    1    0       801    1    1 CMat     5    1    3    4
    8   22    2    1    4    0    0    2    0    0       617  478    0 CMat   474  475  476  477
    8   23    1    1    2    1    2    1    1    1       564   15    1 CMat    15   11
    8   24    1    1    4    1    4    1    1    1       741  479    0 CMat   479  480  481  482
    9    1    1    1    4    3    2    1    1    1       446   15    1 CMat     9   11   15   14
    9    2    2    1    4    0    0    1    0    1       404  487    0 CMat   483  484  485  486
    9    3    2    1    2    0    0    2    0    0       504   15    1 CMat     7    8
    9    4    2    1    2    0    0    2    1    1       950  490    0 CMat   488  489
    9    5    2    1    2    0    0    1    0    1       660    7    1 CMat    15   13
    9    6    1    1    2    2    1    2    1    0       525  492    0 CMat   491  492
    9    7    2    1    2    0    0    2    1    1       765    5    1 CMat     9   13
    9    8    1    1    2    1    2    1    1    1       465  493    0 CMat   493  494
    9    9    2    1    8    0    0    1    1    0      1410    9    1 CMat     7    4    3    6    2    5    1    8
    9   10    2    1    4    0    0    2    1    1      1378  499    0 CMat   495  496  497  498
    9   11    2    1    8    0    0    2    0    0       591   16    1 CMat     2    4    1    5    7    6    8    3
    9   12    2    1    2    0    0    1    0    1       458  502    0 CMat   500  501
    9   13    2    1    2    0    0    1    0    1       492    7    1 CMat    16   14
    9   14    1    1    8    8    1    2    1    0       472  510    0 CMat   503  504  505  506  507  508  509  510
    9   15    1    1    8    4    5    1    1    1       345   11    1 CMat    16   13   12   11   10   15    9   14
    9   16    1    1    4    2    3    2    1    0       465  512    0 CMat   511  512  513  514
    9   17    2    1    4    0    0    1    0    1       664    5    1 CMat    10   11   16    9
    9   18    1    1    4    3    2    1    1    1       436  517    0 CMat   515  516  517  518
    9   19    1    1    2    1    2    1    1    1       471    9    1 CMat     9   16
    9   20    1    1    2    2    1    2    1    0       439  520    0 CMat   519  520
    9   21    2    1    8    0    0    2    0    0       665   11    1 CMat     8    3    4    7    2    6    5    1
    9   22    2    1    2    0    0    2    0    0       433  523    0 CMat   521  522
    9   23    2    1    8    0    0    2    0    0       547   15    1 CMat     3    4    5    6    8    2    1    7
    9   24    1    1    8    8    1    1    1    1       445  531    0 CMat   524  525  526  527  528  529  530  531
