    1    1    2    1    4    0    0    2    1    1      1274    1    1 CMat     9   16   11   15
    1    2    2    1    4    0    0    2    1    1       484   21    0 CMat    17   18   19   20
    1    3    2    1    8    0    0    2    1    1       576    2    1 CMat     9   14   15   13   12   11   10   16
    1    4    1    1    4    3    2    1    1    1       751   24    0 CMat    22   23   24   25
    1    5    2    1    8    0    0    2    1    1       662    4    1 CMat    10   15   14   11    9   12   13   16
    1    6    1    1    4    3    2    2    1    0       890   28    0 CMat    26   27   28   29
    1    7    1    1    4    4    1    1    1    1       465   16    1 CMat    10   12   13   16
    1    8    2    1    4    0    0    2    1    1       518   34    0 CMat    30   31   32   33
    1    9    2    1    8    0    0    1    1    0       555    9    1 CMat     8    2    6    4    1    3    5    7
    1   10    1    1    4    3    2    2    1    0       564   37    0 CMat    35   36   37   38
    1   11    2    1    4    0    0    2    1    1       528    7    1 CMat    12    9   11   13
    1   12    2    1    4    0    0    1    1    0       690   43    0 CMat    39   40   41   42
    1   13    1    1    8    2    7    2    1    0       509    4    1 CMat     2    4    1    3    8    5    6    7
    1   14    2    1    8    0    0    1    1    0       502   52    0 CMat    44   45   46   47   48   49   50   51
    1   15    1    1    2    1    2    1    1    1       767   15    1 CMat    15    9
    1   16    2    1    4    0    0    1    1    0       488   57    0 CMat    53   54   55   56
    1   17    2    1    2    0    0    2    1    1       609    6    1 CMat     9   13
    1   18    1    1    8    6    3    1    1    1       544   63    0 CMat    58   59   60   61   62   63   64   65
    1   19    2    1    8    0    0    2    0    0       672   12    1 CMat     3    6    8    2    1    5    7    4
    1   20    2    1    2    0    0    1    1    0       391   68    0 CMat    66   67
    1   21    2    1    4    0    0    2    1    1       514    4    1 CMat    13   15    9   10
    1   22    2    1    8    0    0    2    1    1       723   77    0 CMat    69   70   71   72   73   74   75   76
    1   23    1    1    4    2    3    1    1    1      1032   14    1 CMat    12   14    9   13
    1   24    2    1    4    0    0    2    1    1       646   82    0 CMat    78   79   80   81
    2    1    1    1    8    7    2    1    1    1       538   12    1 CMat    16   14   11   10   15    9   12   13
    2    2    1    1    8    6    3    2    1    0       525   88    0 CMat    83   84   85   86   87   88   89   90
    2    3    1    1    4    3    2    2    1    0      1114    3    1 CMat     1    6    3    8
    2    4    2    1    4    0    0    2    1    1       604   95    0 CMat    91   92   93   94
    2    5    2    1    2    0    0    2    1    1       888    1    1 CMat    10   15
    2    6    1    1    8    5    4    1    1    1       493  100    0 CMat    96   97   98   99  100  101  102  103
    2    7    2    1    4    0    0    1    1    0       788   14    1 CMat     1    7    5    2
    2    8    2    1    2    0    0    2    1    1       719  106    0 CMat   104  105
    2    9    2    1    8    0    0    1    1    0       704   15    1 CMat     7    2    1    4    8    3    5    6
    2   10    1    1    8    5    4    2    1    0       595  111    0 CMat   107  108  109  110  111  112  113  114
    2   11    2    1    8    0    0    2    1    1       593    4    1 CMat    11   15    9   13   10   16   12   14
    2   12    2    1    8    0    0    1    1    0       536  123    0 CMat   115  116  117  118  119  120  121  122
    2   13    2    1    8    0    0    2    1    1       672    8    1 CMat     9   15   10   13   16   11   14   12
    2   14    2    1    4    0    0    2    1    1       533  128    0 CMat   124  125  126  127
    2   15    1    1    8    7    2    1    1    1       565    9    1 CMat    13   10   14   15   12   11    9   16
    2   16    2    1    4    0    0    1    1    0       548  133    0 CMat   129  130  131  132
    2   17    2    1    4    0    0    1    1    0       521   15    1 CMat     7    6    5    3
    2   18    2    1    2    0    0    1    1    0       399  136    0 CMat   134  135
    2   19    1    1    8    1    8    1    1    1       588    9    1 CMat     9   12   16   15   13   10   14   11
    2   20    1    1    8    7    2    2    1    0       837  143    0 CMat   137  138  139  140  141  142  143  144
    2   21    2    1    2    0    0    2    1    1       417    5    1 CMat    16    9
    2   22    2    1    8    0    0    2    1    1       623  153    0 CMat   145  146  147  148  149  150  151  152
    2   23    2    1    4    0    0    2    1    1       481    4    1 CMat    16   13   15   10
    2   24    1    1    8    7    2    1    1    1       566  160    0 CMat   154  155  156  157  158  159  160  161
    3    1    1    1    8    4    5    1    1    1       595   11    1 CMat    14   12   15   11   16   13   10    9
    3    2    1    1    8    2    7    2    1    0       570  163    0 CMat   162  163  164  165  166  167  168  169
    3    3    1    1    8    7    2    2    1    0       473    5    1 CMat     2    4    8    1    3    6    5    7
    3    4    1    1    2    1    2    1    0    0       545  170    0 CMat   170  171
    3    5    2    1    8    0    0    1    1    0       793   16    1 CMat     6    8    5    3    2    1    4    7
    3    6    2    1    4    0    0    2    1    1       673  176    0 CMat   172  173  174  175
    3    7    2    1    2    0    0    1    1    0       563   11    1 CMat     4    8
    3    8    2    1    4    0    0    1    1    0       588  181    0 CMat   177  178  179  180
    3    9    2    1    4    0    0    2    1    1       535    4    1 CMat    10   13    9   11
    3   10    2    1    4    0    0    1    1    0       512  186    0 CMat   182  183  184  185
    3   11    2    1    2    0    0    1    1    0       449   10    1 CMat     7    4
    3   12    2    1    2    0    0    1    1    0       434  189    0 CMat   187  188
    3   13    1    1    4    1    4    1    1    1       771   10    1 CMat    10   13    9   15
    3   14    2    1    4    0    0    1    1    0       523  194    0 CMat   190  191  192  193
    3   15    1    1    2    1    2    1    1    1       619   14    1 CMat    14   16
    3   16    2    1    8    0    0    1    0    1      1018  203    0 CMat   195  196  197  198  199  200  201  202
    3   17    2    1    2    0    0    2    1    1       526    3    1 CMat    12   11
    3   18    1    1    4    4    1    2    1    0       784  207    0 CMat   204  205  206  207
    3   19    1    1    8    5    4    2    1    0       631    6    1 CMat     3    5    4    2    6    8    7    1
    3   20    1    1    2    1    2    2    1    0       608  208    0 CMat   208  209
    3   21    1    1    8    1    8    2    1    0       750    4    1 CMat     4    6    5    8    1    7    3    2
    3   22    1    1    2    2    1    1    1    1       594  211    0 CMat   210  211
    3   23    1    1    8    7    2    1    1    1       537   11    1 CMat    16   12   14   10   13   15   11    9
    3   24    1    1    8    3    6    1    1    1       600  214    0 CMat   212  213  214  215  216  217  218  219
    4    1    1    1    4    4    1    1    1    1       533   12    1 CMat    15    9   10   12
    4    2    1    1    2    1    2    2    1    0       483  220    0 CMat   220  221
    4    3    2    1    2    0    0    1    1    0       556   15    1 CMat     8    4
    4    4    1    1    8    3    6    2    1    0       494  224    0 CMat   222  223  224  225  226  227  228  229
    4    5    1    1    2    2    1    1    1    1       568   11    1 CMat    10   11
    4    6    2    1    2    0    0    2    1    1       586  232    0 CMat   230  231
    4    7    2    1    2    0    0    2    1    1       488    6    1 CMat     9   14
    4    8    2    1    8    0    0    2    1    1       859  241    0 CMat   233  234  235  236  237  238  239  240
    4    9    1    1    8    2    7    1    1    1       663   14    1 CMat    10   14   13   12    9   16   11   15
    4   10    2    1    4    0    0    1    1    0       708  246    0 CMat   242  243  244  245
    4   11    1    1    4    2    3    1    0    0       858    3    1 CMat     8    3    4    7
    4   12    2    1    2    0    0    1    1    0       499  249    0 CMat   247  248
    4   13    1    1    8    7    2    2    1    0       556    2    1 CMat     6    1    5    8    4    7    2    3
    4   14    2    1    8    0    0    1    1    0       621  258    0 CMat   250  251  252  253  254  255  256  257
    4   15    1    1    4    4    1    1    1    1       599   12    1 CMat    10    9   15   12
    4   16    2    1    8    0    0    1    1    0       572  267    0 CMat   259  260  261  262  263  264  265  266
    4   17    2    1    2    0    0    1    1    0       794   10    1 CMat     1    4
    4   18    2    1    4    0    0    1    1    0       625  272    0 CMat   268  269  270  271
    4   19    2    1    2    0    0    1    1    0       517   11    1 CMat     6    4
    4   20    2    1    4    0    0    1    1    0       543  277    0 CMat   273  274  275  276
    4   21    2    1    2    0    0    2    1    1       375    4    1 CMat     9   13
    4   22    2    1    2    0    0    2    1    1       412  280    0 CMat   278  279
    4   23    2    1    8    0    0    2    1    1       633    3    1 CMat     9   12   13   16   10   15   14   11
    4   24    2    1    4    0    0    2    1    1       439  285    0 CMat   281  282  283  284
    5    1    2    1    8    0    0    1    1    0       479   13    1 CMat     2    4    7    5    3    1    8    6
    5    2    2    1    4    0    0    1    1    0       451  290    0 CMat   286  287  288  289
    5    3    2    1    4    0    0    2    1    1       707    2    1 CMat    16   10    9   14
    5    4    2    1    4    0    0    2    1    1       454  295    0 CMat   291  292  293  294
    5    5    2    1    4    0    0    2    1    1       407    8    1 CMat    14    9   13   12
    5    6    1    1    4    1    4    2    1    0       670  296    0 CMat   296  297  298  299
    5    7    1    1    4    4    1    1    1    1       566   14    1 CMat    10   13   12   14
    5    8    2    1    4    0    0    1    1    0       460  304    0 CMat   300  301  302  303
    5    9    1    1    2    1    2    1    1    1       638   11    1 CMat    11   10
    5   10    1    1    4    3    2    1    1    1       485  307    0 CMat   305  306  307  308
    5   11    1    1    4    1    4    1    1    1       684   13    1 CMat    13   12   16   14
    5   12    2    1    8    0    0    1    1    0      1191  317    0 CMat   309  310  311  312  313  314  315  316
    5   13    2    1    8    0    0    2    1    1       670    1    1 CMat    12   13   16    9   10   11   15   14
    5   14    2    1    4    0    0    2    1    1       785  322    0 CMat   318  319  320  321
    5   15    2    1    8    0    0    2    1    1       647    2    1 CMat    10    9   16   14   11   13   12   15
    5   16    1    1    2    1    2    2    1    0       521  323    0 CMat   323  324
    5   17    1    1    8    8    1    1    1    1       426   12    1 CMat    10   11   14    9   15   16   13   12
    5   18    2    1    8    0    0    2    1    1       543  333    0 CMat   325  326  327  328  329  330  331  332
    5   19    1    1    4    2    3    2    0    1       644   12    1 CMat    16   12   13   10
    5   20    2    1    2    0    0    1    1    0       564  336    0 CMat   334  335
    5   21    2    1    4    0    0    1    1    0       680   16    1 CMat     5    1    6    8
    5   22    2    1    8    0    0    2    1    1       517  345    0 CMat   337  338  339  340  341  342  343  344
    5   23    2    1    8    0    0    1    1    0       830   15    1 CMat     1    2    3    7    5    4    8    6
    5   24    2    1    8    0    0    2    1    1       458  354    0 CMat   346  347  348  349  350  351  352  353
    6    1    1    1    8    2    7    2    1    0       597    8    1 CMat     1    8    5    2    7    6    3    4
    6    2    2    1    8    0    0    2    1    1       468  363    0 CMat   355  356  357  358  359  360  361  362
    6    3    2    1    2    0    0    2    1    1      1078    3    1 CMat    14   15
    6    4    2    1    4    0    0    2    1    1       442  368    0 CMat   364  365  366  367
    6    5    1    1    4    2    3    2    1    0       682    2    1 CMat     7    2    6    3
    6    6    1    1    4    3    2    1    1    1       654  371    0 CMat   369  370  371  372
    6    7    1    1    8    6    3    1    1    1       690   14    1 CMat    12   11   16   15   10   14    9   13
    6    8    1    1    2    1    2    1    1    1      1058  373    0 CMat   373  374
    6    9    1    1    8    2    7    2    1    0       438    5    1 CMat     2    5    4    7    8    6    1    3
    6   10    1    1    4    3    2    2    1    0       636  377    0 CMat   375  376  377  378
    6   11    2    1    4    0    0    2    1    1       685    1    1 CMat    15   10   13   16
    6   12    1    1    2    1    2    2    1    0       444  379    0 CMat   379  380
    6   13    1    1    4    1    4    1    1    1       637   16    1 CMat    16   11   13   10
    6   14    2    1    8    0    0    2    1    1       539  389    0 CMat   381  382  383  384  385  386  387  388
    6   15    1    1    2    2    1    2    1    0       458    4    1 CMat     2    4
    6   16    2    1    8    0    0    1    1    0       791  398    0 CMat   390  391  392  393  394  395  396  397
    6   17    1    1    8    4    5    2    1    0       885    3    1 CMat     5    6    8    3    1    7    4    2
    6   18    1    1    8    8    1    2    1    0       497  406    0 CMat   399  400  401  402  403  404  405  406
    6   19    1    1    2    2    1    1    1    1       466   16    1 CMat    10   16
    6   20    1    1    4    2    3    1    1    1       607  408    0 CMat   407  408  409  410
    6   21    1    1    8    7    2    1    1    1       701   10    1 CMat    12   16    9   14   13   11   10   15
    6   22    1    1    4    3    2    1    1    1       544  413    0 CMat   411  412  413  414
    6   23    2    1    4    0    0    1    1    0       957   12    1 CMat     4    2    3    5
    6   24    2    1    4    0    0    2    1    1       812  419    0 CMat   415  416  417  418
    7    1    2    1    8    0    0    2    1    1       605    3    1 CMat    10   16   14   12   13   11   15    9
    7    2    1    1    2    1    2    1    1    1       800  420    0 CMat   420  421
    7    3    1    1    2    2    1    2    1    0       845    8    1 CMat     4    8
    7    4    2    1    4    0    0    1    1    0       673  426    0 CMat   422  423  424  425
    7    5    2    1    2    0    0    2    1    1       435    5    1 CMat     9   12
    7    6    1    1    4    1    4    2    1    0       545  427    0 CMat   427  428  429  430
    7    7    1    1    8    1    8    2    1    0       577    5    1 CMat     5    2    6    8    4    7    3    1
    7    8    2    1    4    0    0    1    1    0       497  435    0 CMat   431  432  433  434
    7    9    2    1    2    0    0    1    1    0       442   12    1 CMat     8    5
    7   10    1    1    8    4    5    1    1    1       631  439    0 CMat   436  437  438  439  440  441  442  443
    7   11    2    1    2    0    0    1    1    0       763   15    1 CMat     8    1
    7   12    2    1    8    0    0    1    1    0       460  452    0 CMat   444  445  446  447  448  449  450  451
    7   13    1    1    2    2    1    2    1    0       623    8    1 CMat     6    8
    7   14    1    1    4    2    3    2    1    0       612  454    0 CMat   453  454  455  456
    7   15    1    1    8    2    7    2    0    1      1098    9    1 CMat    12    9   15   13   14   11   16   10
    7   16    2    1    4    0    0    2    1    1       492  461    0 CMat   457  458  459  460
    7   17    1    1    8    7    2    2    1    0       759    5    1 CMat     3    6    7    1    2    8    5    4
    7   18    2    1    4    0    0    1    1    0       662  466    0 CMat   462  463  464  465
    7   19    2    1    4    0    0    2    1    1       526    6    1 CMat    13   16   10   15
    7   20    1    1    4    3    2    1    1    1       465  469    0 CMat   467  468  469  470
    7   21    2    1    2    0    0    1    1    0       443   14    1 CMat     6    3
    7   22    1    1    4    3    2    2    1    0       914  473    0 CMat   471  472  473  474
    7   23    1    1    4    3    2    1    1    1       695   15    1 CMat    14   13   15   12
    7   24    2    1    8    0    0    2    1    1       571  483    0 CMat   475  476  477  478  479  480  481  482
    8    1    2    1    4    0    0    1    1    0       391    9    1 CMat     7    5    2    3
    8    2    2    1    2    0    0    2    1    1       425  486    0 CMat   484  485
    8    3    1    1    8    8    1    2    1    0       758    8    1 CMat     7    5    4    3    6    1    2    8
    8    4    1    1    4    1    4    2    1    0       511  487    0 CMat   487  488  489  490
    8    5    1    1    8    4    5    1    1    1       465    9    1 CMat    13   10   14    9   15   16   12   11
    8    6    2    1    4    0    0    1    1    0       548  495    0 CMat   491  492  493  494
    8    7    2    1    2    0    0    2    1    1       443    6    1 CMat    15   13
    8    8    1    1    8    3    6    2    0    1       648  498    0 CMat   496  497  498  499  500  501  502  503
    8    9    1    1    8    4    5    2    0    1      1028   16    1 CMat    10   14   15   16   13   11    9   12
    8   10    1    1    4    4    1    1    1    1       610  507    0 CMat   504  505  506  507
    8   11    2    1    4    0    0    1    1    0       509   11    1 CMat     1    3    4    7
    8   12    1    1    8    8    1    2    1    0       655  515    0 CMat   508  509  510  511  512  513  514  515
    8   13    1    1    4    3    2    2    1    0       679    6    1 CMat     3    1    6    5
    8   14    1    1    8    4    5    2    1    0       628  519    0 CMat   516  517  518  519  520  521  522  523
    8   15    2    1    8    0    0    2    1    1       617    3    1 CMat    14   11    9   12   10   13   15   16
    8   16    2    1    4    0    0    2    1    1       470  528    0 CMat   524  525  526  527
    8   17    1    1    4    4    1    2    1    0       686    8    1 CMat     2    5    7    8
    8   18    1    1    8    8    1    2    1    0       523  536    0 CMat   529  530  531  532  533  534  535  536
    8   19    1    1    4    4    1    2    1    0       353    8    1 CMat     7    5    2    8
    8   20    1    1    4    4    1    1    1    1       569  540    0 CMat   537  538  539  540
    8   21    1    1    2    1    2    1    1    1      1192   13    1 CMat    13   10
    8   22    1    1    2    2    1    2    1    0       772  542    0 CMat   541  542
    8   23    1    1    4    3    2    1    1    1      1072   15    1 CMat    14   12   15   16
    8   24    2    1    2    0    0    1    1    0       592  545    0 CMat   543  544
    9    1    1    1    4    3    2    2    0    1      1216   16    1 CMat    14    9   16   11
    9    2    1    1    8    3    6    1    1    1      1710  548    0 CMat   546  547  548  549  550  551  552  553
    9    3    2    1    4    0    0    1    1    0       477   14    1 CMat     4    5    7    8
    9    4    1    1    8    5    4    2    1    0       617  558    0 CMat   554  555  556  557  558  559  560  561
    9    5    2    1    2    0    0    1    1    0       469   11    1 CMat     7    2
    9    6    2    1    2    0    0    1    1    0       477  564    0 CMat   562  563
    9    7    2    1    8    0    0    2    0    0       800   15    1 CMat     8    4    2    5    1    7    3    6
    9    8    1    1    2    1    2    2    1    0       587  565    0 CMat   565  566
    9    9    1    1    4    1    4    2    1    0       654    5    1 CMat     5    3    4    2
    9   10    1    1    4    4    1    1    1    1       508  570    0 CMat   567  568  569  570
    9   11    1    1    8    6    3    2    1    0       629    4    1 CMat     6    7    5    2    8    4    3    1
    9   12    1    1    4    3    2    1    1    1       548  573    0 CMat   571  572  573  574
    9   13    1    1    8    1    8    2    1    0       852    7    1 CMat     7    2    4    8    1    3    5    6
    9   14    1    1    8    6    3    1    1    1       378  580    0 CMat   575  576  577  578  579  580  581  582
    9   15    1    1    4    4    1    2    1    0       446    1    1 CMat     7    2    4    1
    9   16    2    1    4    0    0    2    1    1       627  587    0 CMat   583  584  585  586
    9   17    1    1    4    4    1    2    1    0       349    2    1 CMat     8    4    1    2
    9   18    1    1    2    1    2    1    1    1       514  588    0 CMat   588  589
    9   19    1    1    2    1    2    1    0    0       826    8    1 CMat     8    7
    9   20    1    1    8    3    6    1    1    1       602  592    0 CMat   590  591  592  593  594  595  596  597
    9   21    2    1    4    0    0    1    1    0       532   11    1 CMat     2    6    1    4
    9   22    2    1    4    0    0    1    1    0       421  602    0 CMat   598  599  600  601
    9   23    2    1    4    0    0    2    1    1       791    6    1 CMat    11   15   13   16
    9   24    2    1    4    0    0    1    1    0       447  607    0 CMat   603  604  605  606
