    1    1    1    1    4    1    4    2    1    0      2883    6    1 CMat     6    5    7    2
    1    2    2    1    4    0    0    2    1    1      2940   21    0 CMat    17   18   19   20
    1    3    2    1    8    0    0    2    1    1      2126    8    1 CMat    16    9   14   10   11   13   15   12
    1    4    1    1    2    2    1    2    1    0      1648   23    0 CMat    22   23
    1    5    1    1    2    1    2    1    1    1      1467   15    1 CMat    15   11
    1    6    1    1    4    3    2    1    1    1      1208   26    0 CMat    24   25   26   27
    1    7    2    1    2    0    0    1    1    0      1627   15    1 CMat     7    6
    1    8    2    1    8    0    0    2    1    1      1102   36    0 CMat    28   29   30   31   32   33   34   35
    1    9    2    1    4    0    0    2    1    1      1665    5    1 CMat    15    9   12   10
    1   10    1    1    8    7    2    1    1    1      1127   43    0 CMat    37   38   39   40   41   42   43   44
    1   11    2    1    8    0    0    2    1    1       853    1    1 CMat    16   11   15   12   13   14    9   10
    1   12    1    1    4    1    4    2    1    0      1053   45    0 CMat    45   46   47   48
    1   13    1    1    4    3    2    1    1    1      1000    9    1 CMat    12   15    9   13
    1   14    2    1    2    0    0    1    1    0      1238   51    0 CMat    49   50
    1   15    2    1    8    0    0    2    0    0      1049   15    1 CMat     7    1    8    2    6    4    5    3
    1   16    1    1    2    2    1    2    1    0      1242   53    0 CMat    52   53
    1   17    1    1    4    3    2    1    1    1      1018   15    1 CMat    10   14   15    9
    1   18    2    1    4    0    0    1    1    0      1146   58    0 CMat    54   55   56   57
    1   19    1    1    2    2    1    1    1    1       914   13    1 CMat    12   13
    1   20    2    1    2    0    0    2    1    1      1373   61    0 CMat    59   60
    1   21    2    1    4    0    0    1    1    0      1189   15    1 CMat     5    1    8    3
    1   22    1    1    2    2    1    2    1    0      1070   63    0 CMat    62   63
    1   23    1    1    4    4    1    1    1    1       652   11    1 CMat    15    9   13   11
    1   24    2    1    2    0    0    1    1    0      1284   66    0 CMat    64   65
    2    1    1    1    4    4    1    2    1    0      1031    7    1 CMat     8    4    1    7
    2    2    1    1    8    7    2    1    1    1      1058   73    0 CMat    67   68   69   70   71   72   73   74
    2    3    2    1    4    0    0    2    1    1      1262    6    1 CMat    10   16    9   15
    2    4    2    1    2    0    0    2    1    1      1176   77    0 CMat    75   76
    2    5    1    1    8    7    2    2    1    0       996    7    1 CMat     1    6    4    2    3    5    7    8
    2    6    2    1    8    0    0    2    1    1      1175   86    0 CMat    78   79   80   81   82   83   84   85
    2    7    1    1    8    6    3    2    1    0       994    6    1 CMat     2    1    8    7    3    6    4    5
    2    8    2    1    2    0    0    2    1    1       882   89    0 CMat    87   88
    2    9    1    1    8    7    2    1    1    1      1043   10    1 CMat    16   15    9   12   11   14   10   13
    2   10    2    1    8    0    0    1    1    0      1195   98    0 CMat    90   91   92   93   94   95   96   97
    2   11    2    1    4    0    0    2    1    1      1950    6    1 CMat     9   12   10   14
    2   12    2    1    4    0    0    2    1    1      1058  103    0 CMat    99  100  101  102
    2   13    2    1    2    0    0    1    1    0       708   16    1 CMat     1    8
    2   14    2    1    2    0    0    1    1    0       695  106    0 CMat   104  105
    2   15    1    1    8    3    6    2    1    0      1333    5    1 CMat     3    7    5    1    2    4    8    6
    2   16    2    1    2    0    0    1    1    0       595  109    0 CMat   107  108
    2   17    2    1    2    0    0    2    1    1       712    2    1 CMat    15    9
    2   18    1    1    2    1    2    2    1    0       753  110    0 CMat   110  111
    2   19    2    1    2    0    0    1    1    0       553   10    1 CMat     8    4
    2   20    2    1    8    0    0    1    1    0       622  120    0 CMat   112  113  114  115  116  117  118  119
    2   21    1    1    8    6    3    2    1    0       890    3    1 CMat     5    6    1    2    8    3    4    7
    2   22    1    1    8    6    3    2    1    0      1119  126    0 CMat   121  122  123  124  125  126  127  128
    2   23    1    1    2    2    1    1    1    1       691   11    1 CMat    16   11
    2   24    1    1    2    1    2    1    1    1      1122  129    0 CMat   129  130
    3    1    1    1    4    1    4    1    1    1       979   11    1 CMat    11   16   15   14
    3    2    1    1    2    1    2    1    1    1       932  131    0 CMat   131  132
    3    3    1    1    2    2    1    1    1    1       638   10    1 CMat    16   10
    3    4    2    1    8    0    0    1    1    0      1015  141    0 CMat   133  134  135  136  137  138  139  140
    3    5    1    1    8    3    6    1    1    1       915   15    1 CMat     9   10   15   14   11   13   12   16
    3    6    1    1    2    2    1    2    1    0       963  143    0 CMat   142  143
    3    7    1    1    4    3    2    2    1    0       888    7    1 CMat     5    4    7    8
    3    8    2    1    4    0    0    1    1    0       614  148    0 CMat   144  145  146  147
    3    9    1    1    2    2    1    1    1    1       515   11    1 CMat    16   11
    3   10    2    1    8    0    0    2    1    1       687  157    0 CMat   149  150  151  152  153  154  155  156
    3   11    2    1    4    0    0    2    1    1       748    2    1 CMat    16   12   11   14
    3   12    1    1    4    2    3    2    1    0       813  159    0 CMat   158  159  160  161
    3   13    2    1    4    0    0    1    1    0       583   14    1 CMat     6    7    1    2
    3   14    2    1    2    0    0    2    1    1       531  164    0 CMat   162  163
    3   15    2    1    4    0    0    1    1    0       614   11    1 CMat     4    1    6    2
    3   16    1    1    2    2    1    2    1    0       747  166    0 CMat   165  166
    3   17    1    1    2    2    1    1    1    1       595    9    1 CMat    14    9
    3   18    2    1    2    0    0    1    1    0       604  169    0 CMat   167  168
    3   19    1    1    4    4    1    2    1    0      1196    3    1 CMat     1    7    6    3
    3   20    1    1    8    4    5    2    1    0      1884  173    0 CMat   170  171  172  173  174  175  176  177
    3   21    1    1    4    2    3    2    1    0      1117    1    1 CMat     2    1    8    6
    3   22    2    1    2    0    0    1    1    0       840  180    0 CMat   178  179
    3   23    2    1    4    0    0    1    1    0       520   14    1 CMat     7    6    8    4
    3   24    2    1    2    0    0    2    1    1       563  183    0 CMat   181  182
    4    1    1    1    2    1    2    2    1    0       660    1    1 CMat     1    4
    4    2    1    1    4    2    3    2    1    0      1334  185    0 CMat   184  185  186  187
    4    3    2    1    8    0    0    1    1    0       802   10    1 CMat     3    5    8    7    4    1    2    6
    4    4    1    1    2    2    1    1    1    1       690  189    0 CMat   188  189
    4    5    1    1    8    5    4    1    0    0      1005    5    1 CMat     6    1    3    4    5    2    8    7
    4    6    2    1    8    0    0    2    0    0      1723  198    0 CMat   190  191  192  193  194  195  196  197
    4    7    2    1    4    0    0    2    1    1      1707    3    1 CMat    11   14    9   13
    4    8    2    1    2    0    0    1    1    0       561  201    0 CMat   199  200
    4    9    2    1    8    0    0    2    1    1      1300    1    1 CMat    11   16   10   13   12   14   15    9
    4   10    1    1    2    2    1    1    1    1       799  203    0 CMat   202  203
    4   11    1    1    2    2    1    2    1    0       834    3    1 CMat     2    3
    4   12    2    1    2    0    0    2    1    1       647  206    0 CMat   204  205
    4   13    1    1    8    5    4    1    1    1      1179   12    1 CMat    13   16   11   10   12    9   14   15
    4   14    1    1    8    1    8    2    1    0      1219  207    0 CMat   207  208  209  210  211  212  213  214
    4   15    1    1    2    1    2    2    1    0       745    5    1 CMat     5    4
    4   16    1    1    4    4    1    2    1    0       751  218    0 CMat   215  216  217  218
    4   17    1    1    2    2    1    1    1    1       503   11    1 CMat    16   11
    4   18    2    1    2    0    0    1    1    0       596  221    0 CMat   219  220
    4   19    1    1    8    8    1    2    1    0       826    2    1 CMat     4    5    1    3    8    7    6    2
    4   20    2    1    2    0    0    2    1    1       805  224    0 CMat   222  223
    4   21    1    1    8    8    1    1    1    1       646   10    1 CMat    15   16   13   11   14   12    9   10
    4   22    1    1    4    2    3    2    1    0       867  226    0 CMat   225  226  227  228
    4   23    1    1    8    8    1    2    1    0       932    2    1 CMat     6    5    3    7    1    8    4    2
    4   24    2    1    4    0    0    2    1    1       716  233    0 CMat   229  230  231  232
    5    1    1    1    2    1    2    1    1    1      1058   16    1 CMat    16   14
    5    2    2    1    4    0    0    1    1    0       746  238    0 CMat   234  235  236  237
    5    3    2    1    4    0    0    2    1    1      1256    1    1 CMat    15   10    9   12
    5    4    2    1    8    0    0    2    1    1      1419  247    0 CMat   239  240  241  242  243  244  245  246
    5    5    2    1    8    0    0    1    1    0      1113   13    1 CMat     8    2    6    7    3    1    5    4
    5    6    1    1    2    2    1    1    1    1       761  249    0 CMat   248  249
    5    7    2    1    4    0    0    1    1    0       791   16    1 CMat     2    7    1    5
    5    8    2    1    4    0    0    2    1    1       663  254    0 CMat   250  251  252  253
    5    9    1    1    8    1    8    1    1    1       858   13    1 CMat    13   15   12   11   14   10   16    9
    5   10    1    1    8    6    3    1    1    1       734  260    0 CMat   255  256  257  258  259  260  261  262
    5   11    1    1    4    2    3    2    1    0       969    3    1 CMat     1    3    5    8
    5   12    2    1    8    0    0    1    1    0       801  271    0 CMat   263  264  265  266  267  268  269  270
    5   13    1    1    2    1    2    1    1    1       516   14    1 CMat    14    9
    5   14    1    1    2    2    1    2    1    0       970  273    0 CMat   272  273
    5   15    1    1    4    2    3    2    1    0       930    3    1 CMat     1    3    6    5
    5   16    1    1    2    2    1    2    1    0       751  275    0 CMat   274  275
    5   17    2    1    8    0    0    1    1    0       886   15    1 CMat     7    3    5    8    4    6    2    1
    5   18    1    1    2    1    2    2    1    0       854  276    0 CMat   276  277
    5   19    2    1    2    0    0    2    1    1       803    6    1 CMat     9   15
    5   20    2    1    4    0    0    1    1    0       809  282    0 CMat   278  279  280  281
    5   21    1    1    4    2    3    1    1    1       769   11    1 CMat    14   11    9   15
    5   22    1    1    4    1    4    2    1    0       961  283    0 CMat   283  284  285  286
    5   23    1    1    2    2    1    1    1    1       546   10    1 CMat    16   10
    5   24    2    1    4    0    0    1    1    0       746  291    0 CMat   287  288  289  290
    6    1    1    1    4    4    1    2    1    0       936    7    1 CMat     6    4    5    7
    6    2    2    1    8    0    0    2    1    1       820  300    0 CMat   292  293  294  295  296  297  298  299
    6    3    2    1    4    0    0    1    0    1      2670    6    1 CMat    11   13   10   16
    6    4    2    1    4    0    0    2    1    1       735  305    0 CMat   301  302  303  304
    6    5    1    1    8    1    8    1    1    1       661   14    1 CMat    14    9   12   15   10   16   13   11
    6    6    2    1    4    0    0    2    1    1       522  310    0 CMat   306  307  308  309
    6    7    1    1    4    4    1    1    1    1       539   10    1 CMat    12   13   16   10
    6    8    1    1    2    2    1    1    1    1       477  312    0 CMat   311  312
    6    9    2    1    4    0    0    2    1    1      1091    6    1 CMat    15   12    9   16
    6   10    1    1    2    1    2    1    1    1      1041  313    0 CMat   313  314
    6   11    1    1    2    1    2    1    1    1       817   12    1 CMat    12   13
    6   12    1    1    4    3    2    2    1    0       959  317    0 CMat   315  316  317  318
    6   13    1    1    4    1    4    2    1    0       996    2    1 CMat     2    6    3    8
    6   14    2    1    4    0    0    2    1    1       581  323    0 CMat   319  320  321  322
    6   15    1    1    2    2    1    1    1    1      1018   13    1 CMat    11   13
    6   16    2    1    2    0    0    1    1    0      1141  326    0 CMat   324  325
    6   17    1    1    4    1    4    1    1    1       654   13    1 CMat    13   15   16   14
    6   18    1    1    2    2    1    2    1    0      1299  328    0 CMat   327  328
    6   19    2    1    8    0    0    2    0    0      1273    9    1 CMat     8    1    7    5    6    4    2    3
    6   20    1    1    4    1    4    2    1    0       954  329    0 CMat   329  330  331  332
    6   21    1    1    4    4    1    2    1    0       799    5    1 CMat     2    4    3    5
    6   22    2    1    2    0    0    1    1    0       695  335    0 CMat   333  334
    6   23    2    1    8    0    0    2    1    1       997    1    1 CMat    14   11   13   12    9   10   15   16
    6   24    2    1    4    0    0    2    1    1       563  340    0 CMat   336  337  338  339
    7    1    2    1    2    0    0    1    1    0       478   12    1 CMat     3    4
    7    2    1    1    8    7    2    1    1    1       657  347    0 CMat   341  342  343  344  345  346  347  348
    7    3    2    1    8    0    0    2    1    1      1029    4    1 CMat    16    9   13   12   15   11   10   14
    7    4    2    1    8    0    0    1    1    0       595  357    0 CMat   349  350  351  352  353  354  355  356
    7    5    2    1    4    0    0    1    1    0      1232    9    1 CMat     6    8    1    7
    7    6    1    1    2    2    1    2    1    0       883  359    0 CMat   358  359
    7    7    2    1    4    0    0    1    1    0       713   15    1 CMat     4    6    1    3
    7    8    2    1    4    0    0    2    1    1       561  364    0 CMat   360  361  362  363
    7    9    2    1    2    0    0    2    1    1       580    1    1 CMat    12   11
    7   10    2    1    4    0    0    2    1    1       514  369    0 CMat   365  366  367  368
    7   11    2    1    4    0    0    2    1    1       655    6    1 CMat    10   15   12   16
    7   12    1    1    4    4    1    1    1    1       552  373    0 CMat   370  371  372  373
    7   13    2    1    8    0    0    2    1    1       870    4    1 CMat    10   16   11   13    9   14   12   15
    7   14    1    1    2    1    2    2    1    0       654  374    0 CMat   374  375
    7   15    2    1    2    0    0    1    1    0       609   16    1 CMat     7    3
    7   16    1    1    2    1    2    2    1    0       686  376    0 CMat   376  377
    7   17    1    1    4    4    1    1    1    1       543   13    1 CMat    11    9   14   13
    7   18    1    1    2    1    2    2    1    0       660  378    0 CMat   378  379
    7   19    2    1    8    0    0    2    1    1      1223    2    1 CMat    14    9   12   10   13   15   16   11
    7   20    2    1    8    0    0    1    1    0       720  388    0 CMat   380  381  382  383  384  385  386  387
    7   21    2    1    2    0    0    1    1    0       515   11    1 CMat     7    6
    7   22    1    1    4    3    2    1    1    1       619  391    0 CMat   389  390  391  392
    7   23    1    1    2    2    1    1    1    1       614   13    1 CMat    11   13
    7   24    1    1    2    2    1    2    1    0       718  394    0 CMat   393  394
    8    1    1    1    8    6    3    2    1    0       786    3    1 CMat     2    6    4    8    5    3    7    1
    8    2    1    1    2    2    1    1    1    1       517  396    0 CMat   395  396
    8    3    2    1    2    0    0    2    1    1       698    6    1 CMat    12   14
    8    4    1    1    4    3    2    2    1    0       803  399    0 CMat   397  398  399  400
    8    5    2    1    4    0    0    2    1    1      1243    3    1 CMat    10   14   16   12
    8    6    1    1    4    3    2    2    1    0      1001  403    0 CMat   401  402  403  404
    8    7    1    1    4    3    2    1    1    1       873    9    1 CMat    16   14    9   15
    8    8    1    1    4    3    2    1    1    1       604  407    0 CMat   405  406  407  408
    8    9    2    1    2    0    0    1    1    0       503   16    1 CMat     1    8
    8   10    2    1    4    0    0    2    1    1       586  413    0 CMat   409  410  411  412
    8   11    2    1    4    0    0    2    1    1       984    3    1 CMat    12   14   10   15
    8   12    1    1    8    8    1    1    1    1       576  421    0 CMat   414  415  416  417  418  419  420  421
    8   13    1    1    4    2    3    1    1    1       683   10    1 CMat    13   10   15    9
    8   14    1    1    8    1    8    2    1    0      1019  422    0 CMat   422  423  424  425  426  427  428  429
    8   15    1    1    8    5    4    1    1    1      2569   11    1 CMat     9   12   16   14   11   13   15   10
    8   16    1    1    4    4    1    2    1    0       980  433    0 CMat   430  431  432  433
    8   17    1    1    8    8    1    1    1    1       634    9    1 CMat    10   12   15   13   16   11   14    9
    8   18    2    1    4    0    0    2    1    1       715  438    0 CMat   434  435  436  437
    8   19    1    1    8    2    7    2    1    0       843    3    1 CMat     5    3    6    8    7    4    1    2
    8   20    1    1    8    6    3    1    1    1       759  444    0 CMat   439  440  441  442  443  444  445  446
    8   21    2    1    4    0    0    2    1    1       788    4    1 CMat    13   12   16   15
    8   22    2    1    4    0    0    2    1    1       636  451    0 CMat   447  448  449  450
    8   23    2    1    4    0    0    2    1    1       591    7    1 CMat    15   16   13   12
    8   24    1    1    8    8    1    1    1    1       528  459    0 CMat   452  453  454  455  456  457  458  459
    9    1    1    1    8    4    5    2    1    0      1200    8    1 CMat     6    4    2    8    7    1    3    5
    9    2    1    1    2    2    1    2    1    0       633  461    0 CMat   460  461
    9    3    2    1    4    0    0    2    1    1      1020    4    1 CMat    16   15    9   13
    9    4    1    1    4    1    4    2    1    0      1177  462    0 CMat   462  463  464  465
    9    5    2    1    8    0    0    2    1    1      1205    6    1 CMat     9   12   15   13   10   16   14   11
    9    6    1    1    4    4    1    2    1    0       864  469    0 CMat   466  467  468  469
    9    7    2    1    2    0    0    1    1    0       509   16    1 CMat     4    1
    9    8    1    1    4    1    4    2    1    0       763  470    0 CMat   470  471  472  473
    9    9    2    1    2    0    0    1    1    0       486   12    1 CMat     5    3
    9   10    1    1    8    2    7    2    1    0       884  475    0 CMat   474  475  476  477  478  479  480  481
    9   11    1    1    4    2    3    2    1    0       793    4    1 CMat     3    4    6    7
    9   12    1    1    8    5    4    2    1    0       725  486    0 CMat   482  483  484  485  486  487  488  489
    9   13    2    1    8    0    0    2    1    1       904    5    1 CMat     9   14   10   15   11   13   16   12
    9   14    2    1    2    0    0    2    1    1       621  492    0 CMat   490  491
    9   15    1    1    4    1    4    1    1    1       785   14    1 CMat    14   15   13   11
    9   16    2    1    4    0    0    1    1    0       769  497    0 CMat   493  494  495  496
    9   17    1    1    2    1    2    2    1    0      1321    7    1 CMat     7    4
    9   18    1    1    8    6    3    2    1    0      1095  503    0 CMat   498  499  500  501  502  503  504  505
    9   19    1    1    8    3    6    1    1    1       917   14    1 CMat    13   16   14   10   15    9   12   11
    9   20    1    1    2    2    1    2    1    0       933  507    0 CMat   506  507
    9   21    2    1    4    0    0    2    1    1       920    7    1 CMat    13   16   11   15
    9   22    1    1    4    2    3    2    1    0       819  509    0 CMat   508  509  510  511
    9   23    2    1    2    0    0    1    1    0       534   16    1 CMat     6    5
    9   24    1    1    2    2    1    2    1    0       689  513    0 CMat   512  513
