    1    1    1    1    4    1    4    1    1    1      2061    1    1 CMat     9   11   12   13
    1    2    1    1    4    4    1    2    1    0       975   20    0 CMat    17   18   19   20
    1    3    2    1    8    0    0    1    1    0      1310   16    1 CMat     7    6    8    3    1    5    4    2
    1    4    2    1    8    0    0    2    1    1      1282   29    0 CMat    21   22   23   24   25   26   27   28
    1    5    2    1    8    0    0    2    1    1      2239   15    1 CMat    15   13   14   16   11    9   12   10
    1    6    1    1    8    1    8    1    1    1      1153   30    0 CMat    30   31   32   33   34   35   36   37
    1    7    1    1    2    1    2    1    1    1      1399    2    1 CMat    10   13
    1    8    1    1    2    2    1    1    1    1       657   39    0 CMat    38   39
    1    9    2    1    8    0    0    2    1    1       650    9    1 CMat     9   11   16   15   13   14   10   12
    1   10    2    1    4    0    0    2    1    1       918   44    0 CMat    40   41   42   43
    1   11    2    1    4    0    0    1    1    0       890   15    1 CMat     8    3    4    1
    1   12    1    1    4    3    2    1    1    1       828   47    0 CMat    45   46   47   48
    1   13    1    1    8    2    7    2    1    0       846    4    1 CMat     8    4    3    6    7    5    1    2
    1   14    2    1    4    0    0    1    1    0       689   53    0 CMat    49   50   51   52
    1   15    1    1    2    1    2    1    1    1       666    6    1 CMat    14   11
    1   16    1    1    8    8    1    2    1    0       827   61    0 CMat    54   55   56   57   58   59   60   61
    1   17    1    1    8    2    7    1    1    1       686    3    1 CMat    13   11   15    9   10   14   16   12
    1   18    1    1    4    1    4    2    1    0       727   62    0 CMat    62   63   64   65
    1   19    1    1    4    4    1    2    1    0       483    2    1 CMat     1    3    5    2
    1   20    1    1    8    7    2    1    0    0       782   72    0 CMat    66   67   68   69   70   71   72   73
    1   21    1    1    4    3    2    1    1    1      1095    4    1 CMat     9   16   12   10
    1   22    2    1    8    0    0    2    1    1      1046   82    0 CMat    74   75   76   77   78   79   80   81
    1   23    2    1    4    0    0    2    1    1      1125   11    1 CMat    16   12   15    9
    1   24    2    1    8    0    0    2    1    1       771   91    0 CMat    83   84   85   86   87   88   89   90
    2    1    2    1    8    0    0    2    1    1       661   16    1 CMat    10   12   15   11    9   14   13   16
    2    2    1    1    2    2    1    1    1    1       654   93    0 CMat    92   93
    2    3    2    1    4    0    0    2    0    0      1021   14    1 CMat     1    2    3    8
    2    4    2    1    4    0    0    2    1    1       761   98    0 CMat    94   95   96   97
    2    5    2    1    2    0    0    1    1    0       814   13    1 CMat     6    8
    2    6    2    1    4    0    0    1    1    0       642  103    0 CMat    99  100  101  102
    2    7    2    1    8    0    0    1    1    0       780   15    1 CMat     2    1    4    5    7    3    8    6
    2    8    2    1    2    0    0    1    1    0       591  106    0 CMat   104  105
    2    9    1    1    4    4    1    2    1    0       705    4    1 CMat     8    2    6    4
    2   10    1    1    4    2    3    2    1    0       811  108    0 CMat   107  108  109  110
    2   11    2    1    4    0    0    1    1    0       643    9    1 CMat     6    5    7    8
    2   12    1    1    2    2    1    2    1    0       604  112    0 CMat   111  112
    2   13    2    1    8    0    0    2    1    1       920   14    1 CMat    10   11   16   15   12    9   14   13
    2   14    2    1    4    0    0    1    0    1       744  117    0 CMat   113  114  115  116
    2   15    1    1    8    1    8    1    1    1       686    7    1 CMat    15   10   14    9   13   12   11   16
    2   16    1    1    2    1    2    1    1    1       516  118    0 CMat   118  119
    2   17    2    1    4    0    0    1    1    0      1000   11    1 CMat     5    3    6    7
    2   18    2    1    8    0    0    1    1    0       717  128    0 CMat   120  121  122  123  124  125  126  127
    2   19    1    1    8    4    5    1    1    1       820    6    1 CMat    10   16   15   14   11   12   13    9
    2   20    1    1    8    8    1    1    1    1       528  136    0 CMat   129  130  131  132  133  134  135  136
    2   21    2    1    4    0    0    1    1    0       708   13    1 CMat     1    4    5    6
    2   22    2    1    8    0    0    2    1    1       755  145    0 CMat   137  138  139  140  141  142  143  144
    2   23    1    1    2    2    1    2    1    0       521    2    1 CMat     7    2
    2   24    2    1    2    0    0    1    1    0       549  148    0 CMat   146  147
    3    1    2    1    8    0    0    1    1    0       745   12    1 CMat     1    2    7    4    3    5    6    8
    3    2    1    1    2    1    2    2    1    0       894  149    0 CMat   149  150
    3    3    2    1    8    0    0    2    1    1      1406   13    1 CMat    10   14    9   15   12   11   13   16
    3    4    2    1    2    0    0    1    0    1      1095  153    0 CMat   151  152
    3    5    1    1    2    2    1    1    1    1       639    4    1 CMat    10   12
    3    6    1    1    4    2    3    2    1    0       987  155    0 CMat   154  155  156  157
    3    7    1    1    8    1    8    1    0    0      1224    4    1 CMat     4    7    8    2    6    3    5    1
    3    8    1    1    4    4    1    2    1    0       525  161    0 CMat   158  159  160  161
    3    9    2    1    4    0    0    2    1    1       722   10    1 CMat    13   11   15    9
    3   10    2    1    2    0    0    2    1    1      1270  164    0 CMat   162  163
    3   11    2    1    2    0    0    2    1    1      1383   12    1 CMat    15   13
    3   12    1    1    8    8    1    2    1    0       764  172    0 CMat   165  166  167  168  169  170  171  172
    3   13    2    1    2    0    0    1    1    0       641   14    1 CMat     2    6
    3   14    2    1    2    0    0    1    1    0       584  175    0 CMat   173  174
    3   15    2    1    8    0    0    2    1    1      1268   10    1 CMat     9   11   16   14   10   12   13   15
    3   16    2    1    4    0    0    1    1    0       725  180    0 CMat   176  177  178  179
    3   17    1    1    8    3    6    1    1    1       796    2    1 CMat    12   11   10   16   14    9   13   15
    3   18    1    1    4    2    3    1    1    1       546  182    0 CMat   181  182  183  184
    3   19    1    1    4    1    4    2    1    0      1029    6    1 CMat     6    1    8    2
    3   20    2    1    4    0    0    2    1    1       624  189    0 CMat   185  186  187  188
    3   21    2    1    8    0    0    1    1    0      1435   13    1 CMat     6    8    2    7    1    4    3    5
    3   22    2    1    2    0    0    2    1    1       595  192    0 CMat   190  191
    3   23    1    1    8    8    1    1    1    1       670    7    1 CMat    16   13    9   10   12   14   11   15
    3   24    1    1    8    3    6    2    0    1      1758  195    0 CMat   193  194  195  196  197  198  199  200
    4    1    1    1    4    1    4    2    1    0       596    8    1 CMat     8    5    7    1
    4    2    1    1    8    2    7    2    1    0       906  202    0 CMat   201  202  203  204  205  206  207  208
    4    3    1    1    4    1    4    1    1    1       687    8    1 CMat    16   15   12   11
    4    4    2    1    2    0    0    1    1    0       533  211    0 CMat   209  210
    4    5    1    1    8    8    1    2    1    0       531    7    1 CMat     2    6    4    3    5    1    8    7
    4    6    1    1    4    4    1    2    1    0       515  215    0 CMat   212  213  214  215
    4    7    2    1    8    0    0    2    1    1       802   10    1 CMat     9   14   15   13   12   11   16   10
    4    8    1    1    4    2    3    2    1    0       727  217    0 CMat   216  217  218  219
    4    9    2    1    4    0    0    2    1    1       691   12    1 CMat    12   10   11    9
    4   10    1    1    4    1    4    2    1    0       572  220    0 CMat   220  221  222  223
    4   11    2    1    2    0    0    1    1    0       505   14    1 CMat     8    3
    4   12    2    1    2    0    0    1    1    0       406  226    0 CMat   224  225
    4   13    2    1    4    0    0    2    1    1       528   14    1 CMat    14   12    9   15
    4   14    1    1    2    1    2    1    1    1       620  227    0 CMat   227  228
    4   15    2    1    4    0    0    1    1    0       589   13    1 CMat     3    7    2    8
    4   16    2    1    2    0    0    1    1    0       470  231    0 CMat   229  230
    4   17    1    1    8    8    1    2    1    0       872    1    1 CMat     6    7    5    8    2    3    4    1
    4   18    1    1    4    4    1    1    1    1       490  235    0 CMat   232  233  234  235
    4   19    1    1    8    5    4    2    0    1      2042    5    1 CMat    10   11   14   16   13    9   15   12
    4   20    2    1    4    0    0    2    1    1       621  240    0 CMat   236  237  238  239
    4   21    2    1    2    0    0    1    1    0       616    9    1 CMat     5    8
    4   22    1    1    8    3    6    2    1    0       669  243    0 CMat   241  242  243  244  245  246  247  248
    4   23    2    1    8    0    0    2    1    1       710   10    1 CMat    13   16   14   11    9   10   12   15
    4   24    1    1    4    2    3    1    1    1       751  250    0 CMat   249  250  251  252
    5    1    1    1    8    1    8    1    1    1       529    5    1 CMat    13   11   15   10   12   14    9   16
    5    2    1    1    8    5    4    1    1    1       582  257    0 CMat   253  254  255  256  257  258  259  260
    5    3    2    1    4    0    0    1    1    0       536   11    1 CMat     8    1    3    5
    5    4    2    1    8    0    0    1    1    0      1055  269    0 CMat   261  262  263  264  265  266  267  268
    5    5    1    1    8    2    7    1    1    1       584    3    1 CMat     9   11   13   14   12   15   16   10
    5    6    1    1    2    1    2    2    1    0       739  270    0 CMat   270  271
    5    7    2    1    2    0    0    2    1    1       601   10    1 CMat    16   10
    5    8    2    1    8    0    0    2    1    1       702  280    0 CMat   272  273  274  275  276  277  278  279
    5    9    1    1    2    1    2    2    1    0       742    3    1 CMat     3    7
    5   10    1    1    2    2    1    2    1    0       443  282    0 CMat   281  282
    5   11    2    1    8    0    0    1    1    0       717   12    1 CMat     4    8    3    5    7    2    6    1
    5   12    1    1    2    2    1    2    1    0       497  284    0 CMat   283  284
    5   13    2    1    4    0    0    1    1    0       935   11    1 CMat     7    2    1    6
    5   14    2    1    8    0    0    1    1    0       605  293    0 CMat   285  286  287  288  289  290  291  292
    5   15    2    1    8    0    0    2    1    1       745   16    1 CMat    11    9   10   14   15   16   13   12
    5   16    2    1    2    0    0    2    1    1       508  296    0 CMat   294  295
    5   17    1    1    4    1    4    1    1    1       753    2    1 CMat    10   14   13   11
    5   18    1    1    2    2    1    1    1    1       453  298    0 CMat   297  298
    5   19    1    1    4    3    2    1    1    1       572    8    1 CMat    15   11   16   10
    5   20    1    1    4    2    3    1    1    1       539  300    0 CMat   299  300  301  302
    5   21    1    1    8    5    4    2    1    0       665    7    1 CMat     1    6    3    4    7    5    2    8
    5   22    2    1    4    0    0    2    1    1      1730  307    0 CMat   303  304  305  306
    5   23    1    1    4    1    4    2    1    0       774    2    1 CMat     2    6    4    3
    5   24    2    1    2    0    0    2    1    1       664  310    0 CMat   308  309
    6    1    1    1    4    3    2    2    1    0       617    1    1 CMat     3    8    1    2
    6    2    2    1    8    0    0    1    1    0       620  319    0 CMat   311  312  313  314  315  316  317  318
    6    3    1    1    4    4    1    2    1    0       765    4    1 CMat     7    1    5    4
    6    4    1    1    8    1    8    1    1    1       746  320    0 CMat   320  321  322  323  324  325  326  327
    6    5    1    1    2    1    2    1    1    1       448    4    1 CMat    12   11
    6    6    1    1    2    1    2    1    1    1       464  328    0 CMat   328  329
    6    7    2    1    8    0    0    1    1    0       689    9    1 CMat     7    3    8    5    6    2    1    4
    6    8    2    1    8    0    0    2    1    1       688  338    0 CMat   330  331  332  333  334  335  336  337
    6    9    2    1    8    0    0    1    1    0      1032   12    1 CMat     1    2    8    7    5    3    4    6
    6   10    2    1    4    0    0    1    1    0       548  343    0 CMat   339  340  341  342
    6   11    1    1    8    4    5    1    1    1       722    6    1 CMat    10   11   16   14   15   13    9   12
    6   12    2    1    2    0    0    2    1    1       534  346    0 CMat   344  345
    6   13    1    1    4    4    1    1    1    1       602    2    1 CMat    14   16   11   10
    6   14    1    1    8    1    8    1    1    1       735  347    0 CMat   347  348  349  350  351  352  353  354
    6   15    2    1    2    0    0    1    1    0       518   11    1 CMat     1    8
    6   16    2    1    4    0    0    1    1    0       517  359    0 CMat   355  356  357  358
    6   17    1    1    4    3    2    2    1    0       570    3    1 CMat     2    8    3    4
    6   18    1    1    2    1    2    2    1    0       516  360    0 CMat   360  361
    6   19    1    1    2    2    1    1    1    1       500    1    1 CMat    11    9
    6   20    1    1    8    5    4    1    1    1       714  366    0 CMat   362  363  364  365  366  367  368  369
    6   21    2    1    8    0    0    2    1    1      1105   11    1 CMat    13   11   16   12    9   14   15   10
    6   22    1    1    8    7    2    1    1    1       755  376    0 CMat   370  371  372  373  374  375  376  377
    6   23    1    1    4    4    1    2    1    0       814    6    1 CMat     1    2    3    6
    6   24    2    1    2    0    0    2    1    1       607  380    0 CMat   378  379
    7    1    2    1    2    0    0    1    1    0       384   14    1 CMat     5    2
    7    2    2    1    2    0    0    1    1    0       450  383    0 CMat   381  382
    7    3    1    1    4    4    1    1    1    1       697    2    1 CMat    13   14   16   10
    7    4    2    1    4    0    0    2    1    1       850  388    0 CMat   384  385  386  387
    7    5    2    1    4    0    0    2    1    1       489   16    1 CMat    10   12    9   13
    7    6    1    1    4    2    3    2    1    0       875  390    0 CMat   389  390  391  392
    7    7    1    1    8    7    2    1    1    1       812    1    1 CMat    11   13   15   14   10   12    9   16
    7    8    2    1    4    0    0    1    1    0       561  397    0 CMat   393  394  395  396
    7    9    1    1    2    2    1    2    1    0       510    5    1 CMat     6    5
    7   10    2    1    8    0    0    1    1    0       517  406    0 CMat   398  399  400  401  402  403  404  405
    7   11    1    1    4    1    4    2    1    0       650    4    1 CMat     4    1    2    3
    7   12    2    1    8    0    0    1    1    0      1486  415    0 CMat   407  408  409  410  411  412  413  414
    7   13    1    1    2    1    2    1    1    1       614    6    1 CMat    14   13
    7   14    1    1    8    4    5    2    1    0       957  419    0 CMat   416  417  418  419  420  421  422  423
    7   15    2    1    2    0    0    1    1    0       539   13    1 CMat     1    6
    7   16    2    1    4    0    0    2    1    1       588  428    0 CMat   424  425  426  427
    7   17    1    1    4    3    2    1    1    1       622    7    1 CMat    14   10   15   12
    7   18    1    1    4    4    1    2    1    0       698  432    0 CMat   429  430  431  432
    7   19    2    1    4    0    0    2    1    1       679   15    1 CMat    15    9   10   16
    7   20    1    1    2    1    2    1    1    1       413  433    0 CMat   433  434
    7   21    1    1    4    3    2    1    1    1       550    3    1 CMat    16   15   11    9
    7   22    2    1    8    0    0    1    1    0       589  443    0 CMat   435  436  437  438  439  440  441  442
    7   23    1    1    4    2    3    2    1    0       895    7    1 CMat     2    7    6    3
    7   24    1    1    8    1    8    2    1    0      1064  444    0 CMat   444  445  446  447  448  449  450  451
    8    1    1    1    8    2    7    2    1    0      1004    2    1 CMat     5    2    6    7    8    4    3    1
    8    2    1    1    4    3    2    1    1    1       554  454    0 CMat   452  453  454  455
    8    3    2    1    8    0    0    1    1    0      1272   12    1 CMat     7    3    2    1    6    4    5    8
    8    4    1    1    2    1    2    1    1    1       520  456    0 CMat   456  457
    8    5    2    1    8    0    0    2    1    1      1159   13    1 CMat    14   10    9   12   13   15   11   16
    8    6    1    1    4    4    1    2    1    0       510  461    0 CMat   458  459  460  461
    8    7    1    1    4    4    1    1    1    1       419    4    1 CMat    13   14   11   12
    8    8    2    1    2    0    0    1    1    0       468  464    0 CMat   462  463
    8    9    2    1    2    0    0    1    1    0       534   16    1 CMat     6    5
    8   10    1    1    8    7    2    2    1    0       539  471    0 CMat   465  466  467  468  469  470  471  472
    8   11    1    1    2    1    2    2    1    0       650    2    1 CMat     2    8
    8   12    1    1    8    6    3    2    1    0       444  478    0 CMat   473  474  475  476  477  478  479  480
    8   13    2    1    8    0    0    2    1    1       733   15    1 CMat    12   15   13   14    9   10   11   16
    8   14    1    1    2    1    2    1    1    1       592  481    0 CMat   481  482
    8   15    1    1    4    2    3    2    1    0       945    6    1 CMat     1    6    8    5
    8   16    2    1    4    0    0    1    1    0       512  487    0 CMat   483  484  485  486
    8   17    2    1    2    0    0    1    1    0       431   12    1 CMat     8    4
    8   18    2    1    4    0    0    2    1    1       595  492    0 CMat   488  489  490  491
    8   19    1    1    8    5    4    1    1    1      1182    2    1 CMat    15   11   13   16   10   12    9   14
    8   20    2    1    4    0    0    2    1    1       562  497    0 CMat   493  494  495  496
    8   21    1    1    2    1    2    1    1    1       559    5    1 CMat    13    9
    8   22    1    1    8    8    1    2    1    0       420  505    0 CMat   498  499  500  501  502  503  504  505
    8   23    1    1    4    2    3    1    1    1       541    1    1 CMat    13    9   11   10
    8   24    2    1    4    0    0    1    1    0       765  510    0 CMat   506  507  508  509
    9    1    2    1    2    0    0    2    1    1      2942   13    1 CMat    15   16
    9    2    1    1    2    2    1    2    1    0       539  512    0 CMat   511  512
    9    3    2    1    4    0    0    1    1    0       590   16    1 CMat     6    1    3    2
    9    4    2    1    2    0    0    1    1    0       552  515    0 CMat   513  514
    9    5    1    1    8    8    1    2    1    0       614    7    1 CMat     3    2    8    4    1    6    5    7
    9    6    2    1    2    0    0    1    1    0       556  518    0 CMat   516  517
    9    7    1    1    8    2    7    2    1    0       730    7    1 CMat     4    7    8    6    5    2    1    3
    9    8    2    1    2    0    0    2    1    1       701  521    0 CMat   519  520
    9    9    1    1    2    2    1    2    1    0       645    5    1 CMat     3    5
    9   10    2    1    8    0    0    2    1    1       580  530    0 CMat   522  523  524  525  526  527  528  529
    9   11    1    1    8    3    6    2    1    0       864    1    1 CMat     7    5    1    3    8    2    6    4
    9   12    1    1    8    7    2    1    1    1       761  537    0 CMat   531  532  533  534  535  536  537  538
    9   13    1    1    4    4    1    1    1    1       532    3    1 CMat    15    9   12   11
    9   14    1    1    4    1    4    2    1    0       789  539    0 CMat   539  540  541  542
    9   15    2    1    2    0    0    1    1    0       649   15    1 CMat     1    3
    9   16    2    1    4    0    0    1    1    0       451  547    0 CMat   543  544  545  546
    9   17    1    1    8    5    4    2    1    0       965    6    1 CMat     8    2    7    4    6    3    1    5
    9   18    2    1    4    0    0    2    1    1       580  552    0 CMat   548  549  550  551
    9   19    2    1    2    0    0    1    1    0       464   14    1 CMat     3    6
    9   20    1    1    2    2    1    1    1    1       431  554    0 CMat   553  554
    9   21    2    1    2    0    0    1    1    0       498   13    1 CMat     2    6
    9   22    2    1    2    0    0    2    1    1       478  557    0 CMat   555  556
    9   23    1    1    4    3    2    1    1    1       580    7    1 CMat    13   12   15   14
    9   24    2    1    4    0    0    1    1    0       449  562    0 CMat   558  559  560  561
