    1    1    2    1    4    0    0    2    1    1      3702    6    1 CMat    10   13   15   12
    1    2    1    1    8    2    7    2    1    0      1479   18    0 CMat    17   18   19   20   21   22   23   24
    1    3    2    1    8    0    0    2    1    1      1385    1    1 CMat    11   14   16    9   15   13   12   10
    1    4    1    1    4    2    3    1    1    1       981   26    0 CMat    25   26   27   28
    1    5    1    1    2    1    2    1    1    1      1345   14    1 CMat    14   10
    1    6    1    1    8    4    5    2    1    0      1002   32    0 CMat    29   30   31   32   33   34   35   36
    1    7    1    1    2    1    2    1    1    1       742   13    1 CMat    13   12
    1    8    2    1    2    0    0    2    1    1       890   39    0 CMat    37   38
    1    9    2    1    4    0    0    2    1    1       784    7    1 CMat    13   10   16   11
    1   10    2    1    4    0    0    2    1    1       661   44    0 CMat    40   41   42   43
    1   11    1    1    4    1    4    1    1    1      1075   11    1 CMat    11   16   10   13
    1   12    1    1    2    2    1    1    1    1       553   46    0 CMat    45   46
    1   13    1    1    4    3    2    1    1    1       620   11    1 CMat    14   12   11   15
    1   14    1    1    4    3    2    1    1    1       935   49    0 CMat    47   48   49   50
    1   15    1    1    8    8    1    1    1    1       468   13    1 CMat    16   15    9   11   12   14   10   13
    1   16    2    1    8    0    0    1    1    0       635   59    0 CMat    51   52   53   54   55   56   57   58
    1   17    2    1    4    0    0    2    1    1       571    3    1 CMat    13   16   10   14
    1   18    1    1    4    2    3    2    1    0       730   61    0 CMat    60   61   62   63
    1   19    2    1    8    0    0    2    1    1       576    3    1 CMat    10   13   14   16   11   15   12    9
    1   20    2    1    2    0    0    2    1    1      1496   66    0 CMat    64   65
    1   21    1    1    4    1    4    1    1    1       709   10    1 CMat    10   13   14   11
    1   22    2    1    4    0    0    2    1    1       463   71    0 CMat    67   68   69   70
    1   23    2    1    8    0    0    1    1    0       894   12    1 CMat     2    6    7    5    8    1    4    3
    1   24    1    1    8    1    8    2    1    0       835   72    0 CMat    72   73   74   75   76   77   78   79
    2    1    2    1    8    0    0    2    1    1       564    7    1 CMat    13   11   14   15   12   10    9   16
    2    2    2    1    2    0    0    1    1    0      3181   82    0 CMat    80   81
    2    3    2    1    4    0    0    1    1    0       726   16    1 CMat     4    5    1    2
    2    4    1    1    8    5    4    2    1    0      1317   87    0 CMat    83   84   85   86   87   88   89   90
    2    5    2    1    8    0    0    2    1    1       579    3    1 CMat    11   13   16   10   12   15   14    9
    2    6    1    1    4    4    1    1    0    0       529   94    0 CMat    91   92   93   94
    2    7    2    1    2    0    0    1    1    0      1551   16    1 CMat     6    5
    2    8    1    1    4    2    3    2    0    1      2102   96    0 CMat    95   96   97   98
    2    9    2    1    2    0    0    2    1    1       630    3    1 CMat    10   14
    2   10    2    1    4    0    0    2    1    1       589  103    0 CMat    99  100  101  102
    2   11    2    1    4    0    0    1    1    0       959   11    1 CMat     7    6    8    2
    2   12    1    1    8    8    1    2    1    0      1074  111    0 CMat   104  105  106  107  108  109  110  111
    2   13    1    1    4    2    3    1    1    1      1201   11    1 CMat    12   11    9   13
    2   14    2    1    2    0    0    2    1    1      2096  114    0 CMat   112  113
    2   15    1    1    2    2    1    2    1    0      1135    7    1 CMat     2    7
    2   16    1    1    2    1    2    2    1    0       661  115    0 CMat   115  116
    2   17    2    1    2    0    0    2    1    1       622    3    1 CMat     9   11
    2   18    2    1    8    0    0    1    1    0      1041  125    0 CMat   117  118  119  120  121  122  123  124
    2   19    1    1    8    5    4    2    1    0       907    4    1 CMat     6    1    8    7    4    3    5    2
    2   20    2    1    4    0    0    2    1    1       652  130    0 CMat   126  127  128  129
    2   21    1    1    8    1    8    2    1    0       901    3    1 CMat     3    8    1    2    5    6    7    4
    2   22    2    1    8    0    0    2    1    1       587  139    0 CMat   131  132  133  134  135  136  137  138
    2   23    1    1    2    2    1    2    1    0       567    6    1 CMat     2    6
    2   24    1    1    8    1    8    2    0    1       603  140    0 CMat   140  141  142  143  144  145  146  147
    3    1    2    1    2    0    0    2    1    1       545    7    1 CMat    13    9
    3    2    1    1    2    1    2    1    0    0      1693  148    0 CMat   148  149
    3    3    2    1    2    0    0    1    1    0       748   10    1 CMat     2    8
    3    4    2    1    4    0    0    2    1    1       531  154    0 CMat   150  151  152  153
    3    5    1    1    2    1    2    1    1    1       913   14    1 CMat    14   15
    3    6    2    1    2    0    0    1    1    0       893  157    0 CMat   155  156
    3    7    1    1    2    1    2    1    1    1      1020    9    1 CMat     9   15
    3    8    2    1    4    0    0    1    1    0       762  162    0 CMat   158  159  160  161
    3    9    2    1    2    0    0    1    1    0       575   15    1 CMat     1    6
    3   10    1    1    2    2    1    1    1    1       794  164    0 CMat   163  164
    3   11    1    1    4    3    2    1    1    1       788   16    1 CMat    10   15   16   14
    3   12    2    1    4    0    0    2    1    1       535  169    0 CMat   165  166  167  168
    3   13    1    1    8    7    2    1    1    1      1189   15    1 CMat    16   11   13   12   14   10   15    9
    3   14    2    1    4    0    0    2    1    1       539  174    0 CMat   170  171  172  173
    3   15    2    1    8    0    0    2    1    1      4793    4    1 CMat    14    9   12   11   15   10   13   16
    3   16    1    1    4    1    4    2    1    0      1278  175    0 CMat   175  176  177  178
    3   17    2    1    2    0    0    2    1    1       686    1    1 CMat    11   10
    3   18    2    1    8    0    0    2    1    1       832  187    0 CMat   179  180  181  182  183  184  185  186
    3   19    2    1    8    0    0    2    1    1       658    1    1 CMat    15    9   11   16   13   12   14   10
    3   20    1    1    2    1    2    1    1    1       762  188    0 CMat   188  189
    3   21    2    1    4    0    0    2    1    1       565    1    1 CMat    15   14   12   10
    3   22    1    1    8    6    3    2    1    0       936  195    0 CMat   190  191  192  193  194  195  196  197
    3   23    1    1    2    1    2    1    1    1       918    9    1 CMat     9   15
    3   24    2    1    2    0    0    1    1    0      3489  200    0 CMat   198  199
    4    1    1    1    4    4    1    2    1    0       579    6    1 CMat     1    5    4    6
    4    2    2    1    2    0    0    2    1    1      1117  203    0 CMat   201  202
    4    3    1    1    4    3    2    1    1    1      1033   11    1 CMat    10   16   11    9
    4    4    1    1    2    1    2    2    1    0       578  204    0 CMat   204  205
    4    5    2    1    2    0    0    2    0    0      1167   10    1 CMat     7    4
    4    6    2    1    8    0    0    1    1    0       857  214    0 CMat   206  207  208  209  210  211  212  213
    4    7    1    1    4    1    4    2    1    0       608    7    1 CMat     7    4    6    8
    4    8    2    1    4    0    0    1    1    0       557  219    0 CMat   215  216  217  218
    4    9    2    1    4    0    0    2    1    1       688    5    1 CMat    10    9   12   14
    4   10    1    1    4    1    4    2    1    0       666  220    0 CMat   220  221  222  223
    4   11    2    1    4    0    0    2    1    1       633    2    1 CMat     9   16   12   10
    4   12    2    1    2    0    0    2    1    1       563  226    0 CMat   224  225
    4   13    1    1    8    1    8    1    1    1       768   16    1 CMat    16    9   11   13   14   12   10   15
    4   14    1    1    8    3    6    2    0    1       606  229    0 CMat   227  228  229  230  231  232  233  234
    4   15    2    1    8    0    0    2    1    1       650    6    1 CMat    14   11   16   12   10   13   15    9
    4   16    1    1    4    4    1    1    1    1       518  238    0 CMat   235  236  237  238
    4   17    1    1    8    1    8    1    1    1       596    9    1 CMat     9   16   11   12   14   10   15   13
    4   18    1    1    2    2    1    1    1    1       462  240    0 CMat   239  240
    4   19    2    1    4    0    0    1    1    0       613   16    1 CMat     4    8    1    3
    4   20    1    1    8    8    1    2    1    0       613  248    0 CMat   241  242  243  244  245  246  247  248
    4   21    2    1    8    0    0    1    1    0       672   10    1 CMat     3    8    4    2    5    1    7    6
    4   22    2    1    4    0    0    2    1    1       583  253    0 CMat   249  250  251  252
    4   23    2    1    4    0    0    2    1    1       456    4    1 CMat    10    9   16   15
    4   24    2    1    2    0    0    1    1    0       710  256    0 CMat   254  255
    5    1    1    1    8    5    4    1    1    1       450    9    1 CMat    12   11   10   13    9   14   15   16
    5    2    1    1    2    1    2    1    1    1       433  257    0 CMat   257  258
    5    3    1    1    2    1    2    2    1    0       468    3    1 CMat     3    5
    5    4    2    1    4    0    0    1    1    0       564  263    0 CMat   259  260  261  262
    5    5    1    1    2    1    2    2    1    0       449    3    1 CMat     3    4
    5    6    1    1    2    1    2    1    1    1       719  264    0 CMat   264  265
    5    7    1    1    4    2    3    2    1    0       636    8    1 CMat     7    8    4    5
    5    8    2    1    8    0    0    1    1    0       685  274    0 CMat   266  267  268  269  270  271  272  273
    5    9    2    1    2    0    0    1    1    0       438   15    1 CMat     2    7
    5   10    2    1    2    0    0    1    1    0       997  277    0 CMat   275  276
    5   11    2    1    4    0    0    1    1    0       502    9    1 CMat     5    1    4    8
    5   12    1    1    8    7    2    2    1    0       545  284    0 CMat   278  279  280  281  282  283  284  285
    5   13    2    1    2    0    0    1    1    0       478    9    1 CMat     5    6
    5   14    2    1    8    0    0    1    1    0       594  294    0 CMat   286  287  288  289  290  291  292  293
    5   15    2    1    4    0    0    2    1    1       867    5    1 CMat    13   16   15   10
    5   16    1    1    8    1    8    2    1    0       537  295    0 CMat   295  296  297  298  299  300  301  302
    5   17    2    1    8    0    0    2    1    1       648    2    1 CMat    11   15   16   14   13   10   12    9
    5   18    2    1    4    0    0    1    1    0       612  307    0 CMat   303  304  305  306
    5   19    1    1    8    1    8    2    1    0       591    7    1 CMat     7    8    4    2    5    6    1    3
    5   20    1    1    2    2    1    1    1    1       409  309    0 CMat   308  309
    5   21    1    1    2    2    1    1    1    1       413   11    1 CMat    15   11
    5   22    2    1    2    0    0    1    1    0       667  312    0 CMat   310  311
    5   23    1    1    4    3    2    2    1    0       474    3    1 CMat     6    1    3    4
    5   24    2    1    8    0    0    2    1    1       931  321    0 CMat   313  314  315  316  317  318  319  320
    6    1    1    1    4    4    1    1    1    1       583   15    1 CMat    14   10    9   15
    6    2    2    1    2    0    0    2    1    1       433  324    0 CMat   322  323
    6    3    1    1    4    1    4    2    1    0       857    4    1 CMat     4    2    1    7
    6    4    2    1    2    0    0    1    1    0       504  327    0 CMat   325  326
    6    5    2    1    4    0    0    1    1    0       478   16    1 CMat     7    1    2    5
    6    6    1    1    2    2    1    1    1    1       365  329    0 CMat   328  329
    6    7    1    1    4    3    2    1    1    1       935   12    1 CMat    10   15   12   14
    6    8    1    1    4    1    4    1    0    0       552  330    0 CMat   330  331  332  333
    6    9    1    1    4    3    2    2    1    0       603    1    1 CMat     8    6    1    5
    6   10    1    1    8    5    4    2    1    0       704  338    0 CMat   334  335  336  337  338  339  340  341
    6   11    1    1    8    3    6    1    1    1       792   12    1 CMat    16   11   12   14    9   15   13   10
    6   12    2    1    8    0    0    2    1    1       654  350    0 CMat   342  343  344  345  346  347  348  349
    6   13    1    1    4    1    4    1    1    1       701   10    1 CMat    10   11   13   14
    6   14    1    1    2    1    2    2    1    0       499  351    0 CMat   351  352
    6   15    2    1    8    0    0    1    1    0      1138   11    1 CMat     1    4    5    2    6    8    7    3
    6   16    2    1    4    0    0    1    1    0      1450  357    0 CMat   353  354  355  356
    6   17    1    1    2    2    1    2    1    0       451    1    1 CMat     7    1
    6   18    1    1    8    4    5    2    1    0       751  361    0 CMat   358  359  360  361  362  363  364  365
    6   19    2    1    8    0    0    1    1    0       677   15    1 CMat     7    5    8    6    1    3    2    4
    6   20    1    1    8    5    4    2    1    0      1092  370    0 CMat   366  367  368  369  370  371  372  373
    6   21    1    1    2    2    1    2    1    0       333    2    1 CMat     3    2
    6   22    1    1    4    2    3    1    1    1       949  375    0 CMat   374  375  376  377
    6   23    2    1    2    0    0    1    1    0       707   14    1 CMat     8    2
    6   24    2    1    4    0    0    1    1    0       923  382    0 CMat   378  379  380  381
    7    1    1    1    2    1    2    2    1    0       525    6    1 CMat     6    4
    7    2    1    1    8    7    2    1    1    1       597  389    0 CMat   383  384  385  386  387  388  389  390
    7    3    2    1    4    0    0    1    1    0       630   16    1 CMat     8    1    7    4
    7    4    2    1    2    0    0    1    1    0       957  393    0 CMat   391  392
    7    5    2    1    4    0    0    1    1    0       576    9    1 CMat     4    6    1    2
    7    6    2    1    2    0    0    2    1    1       554  396    0 CMat   394  395
    7    7    1    1    4    3    2    2    1    0       637    6    1 CMat     4    8    6    1
    7    8    1    1    8    2    7    2    1    0       654  398    0 CMat   397  398  399  400  401  402  403  404
    7    9    2    1    8    0    0    2    1    1      1336    2    1 CMat    10   16   14   11    9   12   13   15
    7   10    2    1    2    0    0    1    1    0      2947  407    0 CMat   405  406
    7   11    1    1    8    3    6    2    0    1      1728   16    1 CMat    12   13   16   10    9   15   14   11
    7   12    2    1    8    0    0    2    1    1       595  416    0 CMat   408  409  410  411  412  413  414  415
    7   13    1    1    8    4    5    1    1    1       910   16    1 CMat     9   14   15   16   13   10   12   11
    7   14    1    1    2    2    1    2    1    0       653  418    0 CMat   417  418
    7   15    2    1    2    0    0    2    1    1       662    8    1 CMat    15   11
    7   16    1    1    8    4    5    2    1    0       743  422    0 CMat   419  420  421  422  423  424  425  426
    7   17    2    1    4    0    0    2    1    1       545    8    1 CMat     9   12   15   16
    7   18    2    1    2    0    0    1    1    0       555  429    0 CMat   427  428
    7   19    2    1    8    0    0    1    1    0      1272   16    1 CMat     5    1    6    8    3    4    7    2
    7   20    2    1    2    0    0    2    1    1       470  432    0 CMat   430  431
    7   21    1    1    4    4    1    1    1    1       715   15    1 CMat    12   14   11   15
    7   22    1    1    4    3    2    1    1    1       805  435    0 CMat   433  434  435  436
    7   23    1    1    4    3    2    2    1    0       686    6    1 CMat     7    4    6    2
    7   24    2    1    8    0    0    2    1    1       621  445    0 CMat   437  438  439  440  441  442  443  444
    8    1    1    1    8    7    2    1    1    1       483   14    1 CMat    15   10   13    9   11   12   14   16
    8    2    2    1    4    0    0    2    1    1       535  450    0 CMat   446  447  448  449
    8    3    1    1    4    3    2    2    0    1      2154   11    1 CMat    16    9   11   12
    8    4    1    1    8    2    7    2    1    0       673  452    0 CMat   451  452  453  454  455  456  457  458
    8    5    2    1    4    0    0    2    1    1       592    2    1 CMat    14   16   11   10
    8    6    1    1    2    2    1    2    1    0       427  460    0 CMat   459  460
    8    7    1    1    4    1    4    2    1    0       451    5    1 CMat     5    2    7    4
    8    8    2    1    4    0    0    1    1    0       631  465    0 CMat   461  462  463  464
    8    9    1    1    8    3    6    2    1    0       545    4    1 CMat     1    5    4    2    8    7    3    6
    8   10    2    1    2    0    0    1    1    0      3020  468    0 CMat   466  467
    8   11    1    1    2    2    1    1    1    1       471   10    1 CMat    13   10
    8   12    1    1    4    2    3    2    1    0      1707  470    0 CMat   469  470  471  472
    8   13    1    1    2    2    1    2    1    0       379    2    1 CMat     8    2
    8   14    1    1    2    1    2    1    1    1       477  473    0 CMat   473  474
    8   15    1    1    2    1    2    2    1    0       429    5    1 CMat     5    1
    8   16    2    1    4    0    0    1    1    0       510  479    0 CMat   475  476  477  478
    8   17    2    1    4    0    0    2    1    1       499    4    1 CMat    16   14   11    9
    8   18    2    1    4    0    0    2    1    1       594  484    0 CMat   480  481  482  483
    8   19    1    1    4    4    1    1    1    1       564   12    1 CMat    16   13   14   12
    8   20    1    1    8    4    5    2    1    0       746  488    0 CMat   485  486  487  488  489  490  491  492
    8   21    1    1    8    3    6    2    0    1       575   10    1 CMat    14   12   10    9   16   13   11   15
    8   22    2    1    8    0    0    1    1    0       738  501    0 CMat   493  494  495  496  497  498  499  500
    8   23    1    1    8    2    7    2    1    0       633    5    1 CMat     1    5    2    7    6    8    3    4
    8   24    1    1    4    3    2    2    1    0       677  504    0 CMat   502  503  504  505
    9    1    2    1    2    0    0    1    1    0       486   15    1 CMat     7    1
    9    2    1    1    8    2    7    1    1    1       923  507    0 CMat   506  507  508  509  510  511  512  513
    9    3    2    1    2    0    0    2    1    1       569    2    1 CMat     9   15
    9    4    1    1    2    1    2    2    1    0       739  514    0 CMat   514  515
    9    5    2    1    4    0    0    1    1    0       687   16    1 CMat     2    8    4    6
    9    6    1    1    8    4    5    2    1    0       796  519    0 CMat   516  517  518  519  520  521  522  523
    9    7    2    1    2    0    0    1    1    0      4448   15    1 CMat     1    2
    9    8    2    1    2    0    0    1    1    0       559  526    0 CMat   524  525
    9    9    1    1    4    1    4    1    1    1       914   16    1 CMat    16   14   15    9
    9   10    2    1    2    0    0    1    1    0       638  529    0 CMat   527  528
    9   11    2    1    2    0    0    1    1    0       601   14    1 CMat     6    2
    9   12    1    1    4    3    2    2    1    0       488  532    0 CMat   530  531  532  533
    9   13    1    1    2    2    1    1    1    1       680   10    1 CMat    12   10
    9   14    1    1    4    2    3    1    1    1       627  535    0 CMat   534  535  536  537
    9   15    2    1    4    0    0    2    1    1       739    6    1 CMat     9   11   12   14
    9   16    2    1    2    0    0    1    1    0      2582  540    0 CMat   538  539
    9   17    2    1    2    0    0    2    1    1       402    3    1 CMat    10   14
    9   18    2    1    2    0    0    2    1    1       593  543    0 CMat   541  542
    9   19    2    1    4    0    0    1    1    0       803   15    1 CMat     6    1    7    5
    9   20    2    1    8    0    0    2    1    1       524  552    0 CMat   544  545  546  547  548  549  550  551
    9   21    1    1    2    1    2    1    1    1       651   11    1 CMat    11    9
    9   22    1    1    2    1    2    1    1    1       434  553    0 CMat   553  554
    9   23    2    1    2    0    0    2    1    1      1060    7    1 CMat    12   13
    9   24    2    1    4    0    0    1    1    0       828  559    0 CMat   555  556  557  558
