    1    1    2    1    4    0    0    2    1    1      3702   14    1 CMat     9   10   15   14
    1    2    2    1    2    0    0    1    1    0      1691   19    0 CMat    17   18
    1    3    2    1    2    0    0    2    1    1       897   10    1 CMat    10   16
    1    4    2    1    4    0    0    1    1    0      1466   24    0 CMat    20   21   22   23
    1    5    2    1    4    0    0    1    1    0      1757   15    1 CMat     4    6    3    5
    1    6    1    1    4    2    3    1    1    1      1188   26    0 CMat    25   26   27   28
    1    7    2    1    4    0    0    2    1    1       674   15    1 CMat    13   12   11    9
    1    8    1    1    4    4    1    2    1    0       853   32    0 CMat    29   30   31   32
    1    9    2    1    4    0    0    2    1    1       700    9    1 CMat    10    9   15   11
    1   10    1    1    8    6    3    1    1    1       936   38    0 CMat    33   34   35   36   37   38   39   40
    1   11    1    1    8    7    2    1    1    1       911    3    1 CMat    10   15   16   12    9   14   11   13
    1   12    1    1    4    3    2    1    1    1       776   43    0 CMat    41   42   43   44
    1   13    2    1    8    0    0    2    1    1       614   13    1 CMat    15    9   14   10   12   16   13   11
    1   14    1    1    8    1    8    1    1    1       804   45    0 CMat    45   46   47   48   49   50   51   52
    1   15    2    1    2    0    0    2    1    1      1535   16    1 CMat    15   11
    1   16    2    1    4    0    0    2    1    1       614   57    0 CMat    53   54   55   56
    1   17    2    1    4    0    0    2    1    1       695    9    1 CMat    13    9   10   12
    1   18    1    1    2    2    1    1    1    1       789   59    0 CMat    58   59
    1   19    1    1    2    2    1    1    1    1       818    8    1 CMat    14   16
    1   20    1    1    4    4    1    2    1    0       838   63    0 CMat    60   61   62   63
    1   21    1    1    2    1    2    2    1    0       649    1    1 CMat     1    8
    1   22    2    1    2    0    0    2    1    1       830   66    0 CMat    64   65
    1   23    1    1    8    6    3    2    1    0       833    2    1 CMat     8    7    4    6    5    2    3    1
    1   24    1    1    8    6    3    2    1    0       687   72    0 CMat    67   68   69   70   71   72   73   74
    2    1    2    1    2    0    0    2    1    1      1214   15    1 CMat    13    9
    2    2    1    1    4    1    4    2    1    0       827   75    0 CMat    75   76   77   78
    2    3    1    1    4    1    4    1    1    1       755    5    1 CMat    13   11   14   10
    2    4    1    1    8    5    4    1    1    1      1036   83    0 CMat    79   80   81   82   83   84   85   86
    2    5    2    1    8    0    0    1    1    0       741   12    1 CMat     5    6    1    3    8    7    4    2
    2    6    2    1    2    0    0    2    1    1       753   89    0 CMat    87   88
    2    7    2    1    8    0    0    1    1    0      1087   13    1 CMat     6    7    5    8    1    2    3    4
    2    8    2    1    8    0    0    2    1    1       873   98    0 CMat    90   91   92   93   94   95   96   97
    2    9    2    1    2    0    0    2    1    1       946   16    1 CMat    14   11
    2   10    2    1    2    0    0    2    1    1       486  101    0 CMat    99  100
    2   11    1    1    4    1    4    1    1    1       884    7    1 CMat    15    9   13   11
    2   12    1    1    2    2    1    2    1    0       850  103    0 CMat   102  103
    2   13    1    1    4    3    2    2    1    0       922    7    1 CMat     8    1    7    5
    2   14    1    1    2    2    1    1    1    1       830  105    0 CMat   104  105
    2   15    2    1    8    0    0    1    1    0       890   13    1 CMat     5    6    3    2    4    8    7    1
    2   16    2    1    8    0    0    1    1    0       689  114    0 CMat   106  107  108  109  110  111  112  113
    2   17    2    1    4    0    0    1    1    0       695   13    1 CMat     6    5    8    2
    2   18    1    1    2    1    2    1    1    1       766  115    0 CMat   115  116
    2   19    1    1    2    1    2    2    1    0       691    5    1 CMat     5    8
    2   20    1    1    4    2    3    2    1    0       910  118    0 CMat   117  118  119  120
    2   21    1    1    2    1    2    2    1    0       509    6    1 CMat     6    8
    2   22    2    1    4    0    0    2    1    1       703  125    0 CMat   121  122  123  124
    2   23    2    1    8    0    0    1    1    0       447   13    1 CMat     6    2    7    5    3    4    8    1
    2   24    1    1    2    1    2    2    1    0       833  126    0 CMat   126  127
    3    1    2    1    8    0    0    2    1    1       681    9    1 CMat    14   15   13    9   16   12   11   10
    3    2    2    1    8    0    0    2    1    1       498  136    0 CMat   128  129  130  131  132  133  134  135
    3    3    2    1    8    0    0    2    1    1       858   16    1 CMat    13   14   11   12   10   15    9   16
    3    4    1    1    2    2    1    2    1    0       850  138    0 CMat   137  138
    3    5    1    1    2    2    1    2    1    0       604    1    1 CMat     8    1
    3    6    1    1    2    1    2    1    1    1      1206  139    0 CMat   139  140
    3    7    1    1    8    8    1    2    1    0       851    4    1 CMat     6    2    5    3    8    1    7    4
    3    8    1    1    8    4    5    2    1    0      1221  144    0 CMat   141  142  143  144  145  146  147  148
    3    9    2    1    4    0    0    1    1    0       629   15    1 CMat     2    5    6    7
    3   10    2    1    2    0    0    1    1    0       750  151    0 CMat   149  150
    3   11    1    1    8    2    7    2    0    1      1492    7    1 CMat    12   15    9   13   10   16   11   14
    3   12    1    1    8    4    5    2    1    0       934  155    0 CMat   152  153  154  155  156  157  158  159
    3   13    1    1    4    4    1    2    1    0       786    4    1 CMat     6    2    7    4
    3   14    2    1    4    0    0    2    1    1       679  164    0 CMat   160  161  162  163
    3   15    1    1    2    1    2    2    0    1       608    4    1 CMat    12   14
    3   16    1    1    2    2    1    1    1    1       587  166    0 CMat   165  166
    3   17    1    1    4    2    3    1    0    0      1085    1    1 CMat     6    1    3    2
    3   18    2    1    2    0    0    2    1    1      1051  169    0 CMat   167  168
    3   19    2    1    2    0    0    2    1    1       941   11    1 CMat    11   14
    3   20    2    1    2    0    0    2    1    1      1345  172    0 CMat   170  171
    3   21    1    1    8    2    7    1    1    1      1776    2    1 CMat    11   10   12   16    9   14   13   15
    3   22    1    1    8    3    6    2    1    0      1317  175    0 CMat   173  174  175  176  177  178  179  180
    3   23    1    1    2    2    1    2    1    0      1037    2    1 CMat     5    2
    3   24    1    1    4    3    2    2    1    0       689  183    0 CMat   181  182  183  184
    4    1    1    1    8    2    7    2    1    0       559    8    1 CMat     5    8    1    7    4    3    6    2
    4    2    2    1    4    0    0    2    1    1       591  189    0 CMat   185  186  187  188
    4    3    1    1    4    2    3    2    1    0       985    6    1 CMat     5    6    1    7
    4    4    2    1    2    0    0    1    1    0       778  192    0 CMat   190  191
    4    5    1    1    2    1    2    1    1    1       808    3    1 CMat    11   13
    4    6    2    1    4    0    0    1    1    0       732  197    0 CMat   193  194  195  196
    4    7    1    1    4    1    4    2    1    0       825    1    1 CMat     1    2    4    8
    4    8    1    1    2    2    1    1    1    1       754  199    0 CMat   198  199
    4    9    1    1    4    1    4    2    1    0       766    2    1 CMat     2    4    3    8
    4   10    2    1    8    0    0    1    1    0       652  208    0 CMat   200  201  202  203  204  205  206  207
    4   11    1    1    4    1    4    1    1    1       419    1    1 CMat     9   16   12   13
    4   12    2    1    4    0    0    1    1    0       567  213    0 CMat   209  210  211  212
    4   13    2    1    4    0    0    1    1    0       849   11    1 CMat     2    8    4    5
    4   14    1    1    8    8    1    1    1    1       753  221    0 CMat   214  215  216  217  218  219  220  221
    4   15    1    1    4    4    1    1    1    1       765    4    1 CMat    15   11   16   12
    4   16    1    1    2    1    2    2    1    0       929  222    0 CMat   222  223
    4   17    1    1    8    2    7    2    1    0       744    5    1 CMat     7    5    4    3    2    1    6    8
    4   18    2    1    8    0    0    1    1    0       442  232    0 CMat   224  225  226  227  228  229  230  231
    4   19    1    1    2    2    1    2    1    0       716    1    1 CMat     4    1
    4   20    1    1    2    1    2    2    1    0       674  233    0 CMat   233  234
    4   21    2    1    8    0    0    2    1    1       835   13    1 CMat    13   14   12   16   15    9   10   11
    4   22    2    1    8    0    0    2    1    1       470  243    0 CMat   235  236  237  238  239  240  241  242
    4   23    2    1    4    0    0    2    1    1       429   10    1 CMat    10   13    9   15
    4   24    2    1    8    0    0    2    1    1       921  252    0 CMat   244  245  246  247  248  249  250  251
    5    1    1    1    8    2    7    2    1    0       984    2    1 CMat     3    2    7    8    4    5    6    1
    5    2    1    1    2    2    1    1    1    1       731  254    0 CMat   253  254
    5    3    1    1    4    2    3    1    1    1       631    8    1 CMat    15   16   11   14
    5    4    1    1    4    1    4    1    1    1       741  255    0 CMat   255  256  257  258
    5    5    2    1    8    0    0    2    1    1       620   13    1 CMat    16   12    9   13   10   14   15   11
    5    6    1    1    8    1    8    2    1    0       888  259    0 CMat   259  260  261  262  263  264  265  266
    5    7    2    1    8    0    0    2    1    1       817   12    1 CMat    10   15   16    9   11   13   12   14
    5    8    1    1    4    3    2    1    1    1       950  269    0 CMat   267  268  269  270
    5    9    2    1    2    0    0    1    1    0       772    9    1 CMat     7    5
    5   10    2    1    4    0    0    1    1    0      1314  275    0 CMat   271  272  273  274
    5   11    2    1    8    0    0    2    1    1       818   13    1 CMat    14   11   12   13    9   15   16   10
    5   12    1    1    2    2    1    1    1    1       812  277    0 CMat   276  277
    5   13    1    1    4    4    1    2    1    0       701    6    1 CMat     2    3    4    6
    5   14    2    1    8    0    0    2    0    0      1301  286    0 CMat   278  279  280  281  282  283  284  285
    5   15    2    1    4    0    0    1    1    0      2282   11    1 CMat     4    1    2    7
    5   16    2    1    4    0    0    1    1    0       717  291    0 CMat   287  288  289  290
    5   17    2    1    2    0    0    2    1    1       557   16    1 CMat    12   11
    5   18    1    1    4    3    2    2    1    0      1197  294    0 CMat   292  293  294  295
    5   19    1    1    8    2    7    2    1    0       714    4    1 CMat     8    4    3    1    5    6    2    7
    5   20    1    1    2    1    2    2    1    0       656  296    0 CMat   296  297
    5   21    2    1    8    0    0    1    1    0       938   10    1 CMat     4    3    1    7    5    2    8    6
    5   22    2    1    4    0    0    2    1    1       899  302    0 CMat   298  299  300  301
    5   23    2    1    4    0    0    2    0    0      2048   10    1 CMat     3    8    7    2
    5   24    1    1    2    1    2    1    1    1       761  303    0 CMat   303  304
    6    1    2    1    8    0    0    2    1    1       702   15    1 CMat     9   16   10   15   13   14   11   12
    6    2    2    1    8    0    0    1    1    0       703  313    0 CMat   305  306  307  308  309  310  311  312
    6    3    1    1    8    2    7    2    1    0      2295    8    1 CMat     2    8    6    5    3    7    1    4
    6    4    2    1    8    0    0    1    1    0       747  322    0 CMat   314  315  316  317  318  319  320  321
    6    5    1    1    2    1    2    2    1    0       778    8    1 CMat     8    3
    6    6    1    1    2    2    1    2    1    0       477  324    0 CMat   323  324
    6    7    1    1    2    1    2    1    1    1       567    5    1 CMat    13   15
    6    8    1    1    2    1    2    2    1    0       642  325    0 CMat   325  326
    6    9    2    1    4    0    0    1    1    0      1050   16    1 CMat     2    4    6    8
    6   10    2    1    8    0    0    1    1    0       542  335    0 CMat   327  328  329  330  331  332  333  334
    6   11    2    1    8    0    0    2    1    1       677   10    1 CMat    10    9   13   11   15   14   16   12
    6   12    1    1    8    6    3    2    1    0      1264  341    0 CMat   336  337  338  339  340  341  342  343
    6   13    1    1    4    2    3    2    1    0       687    3    1 CMat     4    3    1    6
    6   14    1    1    2    1    2    2    1    0       485  344    0 CMat   344  345
    6   15    1    1    8    7    2    2    1    0       686    1    1 CMat     5    8    6    7    3    2    1    4
    6   16    1    1    4    4    1    1    1    1       681  349    0 CMat   346  347  348  349
    6   17    1    1    8    3    6    2    1    0       578    5    1 CMat     2    6    5    3    8    4    1    7
    6   18    1    1    2    2    1    2    1    0       414  351    0 CMat   350  351
    6   19    2    1    8    0    0    2    1    1       785   13    1 CMat     9   16   11   14   15   12   13   10
    6   20    1    1    4    2    3    2    1    0       568  353    0 CMat   352  353  354  355
    6   21    1    1    2    1    2    1    1    1       518    1    1 CMat     9   11
    6   22    1    1    8    7    2    2    1    0       935  362    0 CMat   356  357  358  359  360  361  362  363
    6   23    2    1    2    0    0    2    1    1       830   11    1 CMat    13   12
    6   24    1    1    4    2    3    2    1    0       764  365    0 CMat   364  365  366  367
    7    1    2    1    2    0    0    2    1    1       648   12    1 CMat    12   11
    7    2    2    1    8    0    0    2    1    1      1043  376    0 CMat   368  369  370  371  372  373  374  375
    7    3    1    1    8    3    6    2    1    0      1766    2    1 CMat     6    7    2    8    1    3    4    5
    7    4    2    1    2    0    0    2    1    1       737  379    0 CMat   377  378
    7    5    2    1    8    0    0    2    1    1       688   13    1 CMat     9   10   14   12   15   11   13   16
    7    6    2    1    2    0    0    1    1    0      1438  382    0 CMat   380  381
    7    7    2    1    4    0    0    2    1    1       503   10    1 CMat    10   14   12   16
    7    8    2    1    2    0    0    2    1    1      1124  385    0 CMat   383  384
    7    9    2    1    4    0    0    1    1    0       881   12    1 CMat     8    6    5    7
    7   10    2    1    8    0    0    2    1    1       571  394    0 CMat   386  387  388  389  390  391  392  393
    7   11    2    1    4    0    0    1    1    0      1726   14    1 CMat     2    1    7    5
    7   12    1    1    8    7    2    2    1    0      1027  401    0 CMat   395  396  397  398  399  400  401  402
    7   13    2    1    8    0    0    2    1    1       574   16    1 CMat    16    9   12   11   15   10   14   13
    7   14    1    1    4    3    2    1    1    1       942  405    0 CMat   403  404  405  406
    7   15    1    1    8    8    1    2    1    0       684    2    1 CMat     8    4    1    3    5    7    6    2
    7   16    1    1    8    1    8    1    1    1       624  407    0 CMat   407  408  409  410  411  412  413  414
    7   17    1    1    4    1    4    1    1    1       720    7    1 CMat    15    9   13   14
    7   18    2    1    8    0    0    2    1    1       903  423    0 CMat   415  416  417  418  419  420  421  422
    7   19    2    1    2    0    0    1    1    0       847   11    1 CMat     8    4
    7   20    1    1    4    2    3    2    0    1       660  425    0 CMat   424  425  426  427
    7   21    1    1    8    1    8    1    1    1       814    3    1 CMat    11   16   10   15   14   13    9   12
    7   22    1    1    2    2    1    2    1    0       743  429    0 CMat   428  429
    7   23    1    1    8    3    6    1    1    1       790    6    1 CMat     9   15   14   13   11   16   10   12
    7   24    1    1    4    3    2    1    1    1      2245  432    0 CMat   430  431  432  433
    8    1    2    1    4    0    0    1    1    0       690   12    1 CMat     2    5    8    3
    8    2    2    1    2    0    0    1    1    0       705  436    0 CMat   434  435
    8    3    2    1    4    0    0    1    1    0       502   10    1 CMat     7    6    8    2
    8    4    1    1    4    1    4    1    1    1       791  437    0 CMat   437  438  439  440
    8    5    2    1    8    0    0    2    1    1       699   10    1 CMat    16   15   10   11   13   14    9   12
    8    6    1    1    4    3    2    1    1    1       789  443    0 CMat   441  442  443  444
    8    7    2    1    8    0    0    2    1    1       602   10    1 CMat    11   13   10   16   15   14   12    9
    8    8    1    1    8    1    8    2    1    0      1007  445    0 CMat   445  446  447  448  449  450  451  452
    8    9    1    1    8    4    5    2    1    0       555    3    1 CMat     5    1    7    3    2    4    8    6
    8   10    2    1    4    0    0    2    1    1       514  457    0 CMat   453  454  455  456
    8   11    2    1    4    0    0    2    1    1       624   12    1 CMat    15   14   13    9
    8   12    1    1    8    7    2    1    1    1      1373  464    0 CMat   458  459  460  461  462  463  464  465
    8   13    1    1    4    3    2    1    1    1       616    6    1 CMat     9   10   14   15
    8   14    2    1    8    0    0    2    1    1       706  474    0 CMat   466  467  468  469  470  471  472  473
    8   15    2    1    8    0    0    1    1    0       682   14    1 CMat     2    8    7    4    5    3    6    1
    8   16    1    1    2    1    2    1    1    1       770  475    0 CMat   475  476
    8   17    1    1    8    2    7    2    1    0       559    8    1 CMat     1    8    6    4    2    3    7    5
    8   18    2    1    8    0    0    2    1    1       589  485    0 CMat   477  478  479  480  481  482  483  484
    8   19    1    1    8    7    2    2    1    0       642    4    1 CMat     3    8    6    7    5    1    4    2
    8   20    1    1    4    2    3    2    1    0      1573  487    0 CMat   486  487  488  489
    8   21    2    1    4    0    0    1    1    0       768   14    1 CMat     1    6    5    2
    8   22    1    1    4    3    2    1    1    1      1063  492    0 CMat   490  491  492  493
    8   23    1    1    2    2    1    1    1    1       473    7    1 CMat    10   15
    8   24    1    1    2    2    1    1    1    1       353  495    0 CMat   494  495
    9    1    1    1    2    1    2    2    1    0       401    7    1 CMat     7    8
    9    2    1    1    8    3    6    1    1    1       702  498    0 CMat   496  497  498  499  500  501  502  503
    9    3    2    1    2    0    0    1    1    0       758   13    1 CMat     1    6
    9    4    2    1    2    0    0    1    1    0       641  506    0 CMat   504  505
    9    5    2    1    2    0    0    1    1    0       539   11    1 CMat     2    1
    9    6    2    1    8    0    0    1    1    0       474  515    0 CMat   507  508  509  510  511  512  513  514
    9    7    1    1    2    2    1    2    1    0       595    7    1 CMat     1    7
    9    8    1    1    8    6    3    2    1    0      1595  521    0 CMat   516  517  518  519  520  521  522  523
    9    9    1    1    4    1    4    2    1    0       516    7    1 CMat     7    6    3    1
    9   10    1    1    2    1    2    2    1    0       451  524    0 CMat   524  525
    9   11    2    1    4    0    0    2    1    1       690   13    1 CMat    14   10   16   13
    9   12    1    1    2    1    2    1    1    1       745  526    0 CMat   526  527
    9   13    1    1    8    3    6    1    1    1       424    4    1 CMat    10   16   12   11   15    9   13   14
    9   14    2    1    2    0    0    2    1    1       569  530    0 CMat   528  529
    9   15    2    1    8    0    0    2    1    1       542   11    1 CMat    14   16   12    9   11   10   15   13
    9   16    2    1    2    0    0    2    1    1       513  533    0 CMat   531  532
    9   17    1    1    8    5    4    2    1    0       713    2    1 CMat     5    4    8    7    2    3    6    1
    9   18    2    1    2    0    0    1    1    0       535  536    0 CMat   534  535
    9   19    2    1    2    0    0    1    1    0       454   10    1 CMat     1    6
    9   20    2    1    2    0    0    2    1    1       421  539    0 CMat   537  538
    9   21    2    1    4    0    0    1    1    0       734   10    1 CMat     3    2    1    8
    9   22    2    1    4    0    0    2    1    1       718  544    0 CMat   540  541  542  543
    9   23    2    1    8    0    0    2    1    1       654    9    1 CMat    16    9   12   13   15   11   10   14
    9   24    2    1    8    0    0    2    1    1      1735  553    0 CMat   545  546  547  548  549  550  551  552
