    1    1    1    1    8    3    6    1    1    1       881    5    1 CMat    10   11   13   14   12    9   15   16
    1    2    1    1    2    1    2    2    1    0      2240   17    0 CMat    17   18
    1    3    1    1    8    2    7    2    1    0       885    5    1 CMat     6    5    1    4    7    8    2    3
    1    4    2    1    2    0    0    1    1    0       723   21    0 CMat    19   20
    1    5    1    1    8    7    2    1    1    1       762    5    1 CMat    10   15    9   11   16   12   13   14
    1    6    1    1    4    2    3    2    1    0       931   23    0 CMat    22   23   24   25
    1    7    2    1    4    0    0    1    1    0       727   14    1 CMat     6    5    7    4
    1    8    2    1    2    0    0    2    1    1       669   28    0 CMat    26   27
    1    9    1    1    8    1    8    2    1    0       774    5    1 CMat     5    7    6    2    1    8    3    4
    1   10    1    1    2    1    2    1    1    1       602   29    0 CMat    29   30
    1   11    1    1    4    1    4    2    1    0       571    2    1 CMat     2    8    7    5
    1   12    2    1    2    0    0    2    1    1       583   33    0 CMat    31   32
    1   13    1    1    4    4    1    2    1    0       761    3    1 CMat     4    7    6    3
    1   14    2    1    2    0    0    2    1    1       446   36    0 CMat    34   35
    1   15    2    1    2    0    0    2    1    1       560   10    1 CMat     9   10
    1   16    1    1    2    2    1    2    1    0       766   38    0 CMat    37   38
    1   17    2    1    8    0    0    1    0    1      1075   12    1 CMat    10    9   11   14   15   13   16   12
    1   18    2    1    8    0    0    2    1    1       726   47    0 CMat    39   40   41   42   43   44   45   46
    1   19    1    1    4    4    1    1    1    1       563    3    1 CMat    12   14   10   11
    1   20    2    1    2    0    0    1    1    0       527   50    0 CMat    48   49
    1   21    2    1    2    0    0    1    1    0       510   15    1 CMat     7    1
    1   22    2    1    4    0    0    1    1    0       563   55    0 CMat    51   52   53   54
    1   23    1    1    4    2    3    2    1    0       598    5    1 CMat     8    5    7    4
    1   24    2    1    2    0    0    2    1    1       577   58    0 CMat    56   57
    2    1    2    1    2    0    0    2    1    1       517   14    1 CMat    16   11
    2    2    2    1    2    0    0    2    1    1       483   61    0 CMat    59   60
    2    3    2    1    2    0    0    1    1    0       548   10    1 CMat     6    8
    2    4    1    1    8    1    8    1    1    1       810   62    0 CMat    62   63   64   65   66   67   68   69
    2    5    2    1    8    0    0    1    1    0       798   11    1 CMat     6    8    3    7    4    5    2    1
    2    6    2    1    2    0    0    1    1    0      1263   72    0 CMat    70   71
    2    7    2    1    4    0    0    1    1    0       582   14    1 CMat     8    5    7    3
    2    8    2    1    2    0    0    2    1    1       514   75    0 CMat    73   74
    2    9    2    1    4    0    0    2    1    1       758   12    1 CMat    10   16   13   14
    2   10    2    1    8    0    0    2    1    1       570   84    0 CMat    76   77   78   79   80   81   82   83
    2   11    2    1    8    0    0    2    1    1       647   14    1 CMat     9   14   11   15   12   13   10   16
    2   12    2    1    8    0    0    2    1    1       493   93    0 CMat    85   86   87   88   89   90   91   92
    2   13    1    1    2    2    1    2    1    0      1037    4    1 CMat     7    4
    2   14    1    1    4    1    4    2    1    0       749   94    0 CMat    94   95   96   97
    2   15    1    1    4    2    3    2    1    0       568    3    1 CMat     6    3    5    1
    2   16    2    1    8    0    0    2    1    1       591  106    0 CMat    98   99  100  101  102  103  104  105
    2   17    1    1    8    5    4    1    1    1       524    2    1 CMat    11   14   15   16   10   13    9   12
    2   18    2    1    2    0    0    1    1    0       937  109    0 CMat   107  108
    2   19    2    1    2    0    0    2    1    1       536   15    1 CMat    12   11
    2   20    2    1    4    0    0    2    1    1       520  114    0 CMat   110  111  112  113
    2   21    2    1    4    0    0    1    1    0       605   14    1 CMat     3    8    1    7
    2   22    1    1    4    4    1    1    1    1       636  118    0 CMat   115  116  117  118
    2   23    1    1    8    1    8    2    1    0       518    7    1 CMat     7    1    5    4    6    2    8    3
    2   24    1    1    4    4    1    1    1    1       441  122    0 CMat   119  120  121  122
    3    1    1    1    8    3    6    1    1    1       573    3    1 CMat    13   14   11   12   16    9   10   15
    3    2    1    1    4    4    1    2    1    0       462  126    0 CMat   123  124  125  126
    3    3    2    1    8    0    0    2    1    1       816    9    1 CMat    14   11   16   15   10   12    9   13
    3    4    2    1    4    0    0    2    1    1       533  131    0 CMat   127  128  129  130
    3    5    1    1    8    3    6    1    1    1       580    7    1 CMat    12   11   15   13   10    9   14   16
    3    6    2    1    2    0    0    2    1    1       494  134    0 CMat   132  133
    3    7    2    1    8    0    0    1    1    0       591    9    1 CMat     7    4    1    3    6    8    2    5
    3    8    2    1    8    0    0    2    1    1       518  143    0 CMat   135  136  137  138  139  140  141  142
    3    9    1    1    2    2    1    1    1    1       453    3    1 CMat    16   11
    3   10    2    1    8    0    0    1    1    0       594  152    0 CMat   144  145  146  147  148  149  150  151
    3   11    1    1    2    1    2    2    1    0       654    4    1 CMat     4    7
    3   12    1    1    8    3    6    2    1    0       581  155    0 CMat   153  154  155  156  157  158  159  160
    3   13    2    1    4    0    0    2    1    1       647    9    1 CMat    14    9   13   12
    3   14    2    1    4    0    0    2    0    0       900  165    0 CMat   161  162  163  164
    3   15    1    1    4    3    2    2    1    0       585    3    1 CMat     4    6    3    8
    3   16    1    1    2    2    1    2    1    0       485  167    0 CMat   166  167
    3   17    1    1    4    1    4    1    1    1       603    8    1 CMat    16    9   15   10
    3   18    2    1    2    0    0    1    1    0      1142  170    0 CMat   168  169
    3   19    2    1    4    0    0    1    1    0       578   12    1 CMat     2    7    8    1
    3   20    2    1    4    0    0    1    1    0       482  175    0 CMat   171  172  173  174
    3   21    1    1    8    8    1    2    1    0       514    6    1 CMat     8    1    4    2    5    3    7    6
    3   22    1    1    2    2    1    1    1    1       784  177    0 CMat   176  177
    3   23    2    1    2    0    0    2    1    1       484   13    1 CMat     9   10
    3   24    2    1    2    0    0    1    1    0       644  180    0 CMat   178  179
    4    1    1    1    4    4    1    1    1    1       350    2    1 CMat    15   12   16   10
    4    2    1    1    2    2    1    2    1    0       435  182    0 CMat   181  182
    4    3    1    1    2    1    2    1    1    1       550    6    1 CMat    14   13
    4    4    2    1    4    0    0    1    1    0       534  187    0 CMat   183  184  185  186
    4    5    1    1    2    2    1    2    1    0       388    7    1 CMat     4    7
    4    6    1    1    2    1    2    1    1    1       424  188    0 CMat   188  189
    4    7    2    1    4    0    0    2    1    1       560   16    1 CMat    14   11   15   12
    4    8    1    1    8    8    1    2    1    0       507  197    0 CMat   190  191  192  193  194  195  196  197
    4    9    1    1    8    7    2    1    1    1       731    8    1 CMat     9   10   14   15   13   11   16   12
    4   10    1    1    8    4    5    2    1    0       701  201    0 CMat   198  199  200  201  202  203  204  205
    4   11    2    1    8    0    0    2    1    1       773   11    1 CMat    10   12    9   13   16   14   15   11
    4   12    1    1    2    1    2    1    1    1       601  206    0 CMat   206  207
    4   13    1    1    4    3    2    1    1    1       490    3    1 CMat    13    9   11   10
    4   14    1    1    2    1    2    2    1    0       666  208    0 CMat   208  209
    4   15    1    1    2    2    1    2    1    0       531    6    1 CMat     5    6
    4   16    1    1    4    2    3    1    0    0       612  211    0 CMat   210  211  212  213
    4   17    1    1    4    2    3    2    1    0       565    6    1 CMat     3    6    1    7
    4   18    2    1    4    0    0    1    1    0       579  218    0 CMat   214  215  216  217
    4   19    2    1    8    0    0    1    0    1       672    9    1 CMat    14   10   12   13   15   11   16    9
    4   20    2    1    2    0    0    2    1    1       504  221    0 CMat   219  220
    4   21    2    1    2    0    0    1    1    0       920   14    1 CMat     6    1
    4   22    1    1    8    8    1    1    1    1       613  229    0 CMat   222  223  224  225  226  227  228  229
    4   23    2    1    4    0    0    1    1    0       629   13    1 CMat     6    5    3    2
    4   24    1    1    8    3    6    1    1    1       683  232    0 CMat   230  231  232  233  234  235  236  237
    5    1    1    1    8    3    6    1    1    1       496    7    1 CMat    11   16   15   12   10   14   13    9
    5    2    1    1    2    2    1    2    1    0       431  239    0 CMat   238  239
    5    3    1    1    8    8    1    1    1    1       386    7    1 CMat     9   13   12   11   14   10   16   15
    5    4    2    1    8    0    0    2    1    1       580  248    0 CMat   240  241  242  243  244  245  246  247
    5    5    1    1    4    3    2    2    1    0       550    2    1 CMat     5    3    2    4
    5    6    1    1    8    8    1    2    1    0       397  256    0 CMat   249  250  251  252  253  254  255  256
    5    7    2    1    4    0    0    1    1    0       583    9    1 CMat     8    1    6    5
    5    8    1    1    8    6    3    1    1    1       831  262    0 CMat   257  258  259  260  261  262  263  264
    5    9    2    1    8    0    0    2    1    1       721   16    1 CMat    11    9   13   15   14   10   12   16
    5   10    2    1    8    0    0    2    1    1       471  273    0 CMat   265  266  267  268  269  270  271  272
    5   11    2    1    2    0    0    2    1    1       585   10    1 CMat    10   14
    5   12    2    1    2    0    0    1    1    0       677  276    0 CMat   274  275
    5   13    1    1    4    3    2    2    1    0       787    6    1 CMat     1    5    6    2
    5   14    1    1    8    4    5    2    1    0       675  280    0 CMat   277  278  279  280  281  282  283  284
    5   15    1    1    8    7    2    1    1    1       509    3    1 CMat    14   12   13   10   16   15   11    9
    5   16    2    1    4    0    0    1    1    0       480  289    0 CMat   285  286  287  288
    5   17    1    1    8    6    3    1    1    1       449    3    1 CMat     9   16   15   14   10   11   12   13
    5   18    1    1    8    7    2    2    1    0       704  296    0 CMat   290  291  292  293  294  295  296  297
    5   19    1    1    4    2    3    1    1    1       525    5    1 CMat    10   13   15   12
    5   20    2    1    8    0    0    1    1    0       599  306    0 CMat   298  299  300  301  302  303  304  305
    5   21    2    1    8    0    0    1    1    0       595   11    1 CMat     4    2    3    5    6    1    7    8
    5   22    2    1    8    0    0    2    1    1       539  315    0 CMat   307  308  309  310  311  312  313  314
    5   23    2    1    4    0    0    1    1    0       447   12    1 CMat     6    4    7    8
    5   24    2    1    4    0    0    1    1    0       468  320    0 CMat   316  317  318  319
    6    1    2    1    8    0    0    1    1    0       947   16    1 CMat     6    4    8    2    1    5    3    7
    6    2    2    1    4    0    0    1    1    0       500  325    0 CMat   321  322  323  324
    6    3    2    1    4    0    0    2    1    1       826   12    1 CMat    12   13   16   11
    6    4    1    1    4    4    1    1    1    1       370  329    0 CMat   326  327  328  329
    6    5    2    1    2    0    0    1    1    0       407   16    1 CMat     8    3
    6    6    1    1    4    1    4    1    0    0       383  330    0 CMat   330  331  332  333
    6    7    1    1    8    3    6    1    1    1       531    3    1 CMat    10    9   11   16   14   15   13   12
    6    8    1    1    4    1    4    1    1    1       725  334    0 CMat   334  335  336  337
    6    9    1    1    4    2    3    2    1    0       545    4    1 CMat     8    4    6    5
    6   10    2    1    2    0    0    2    1    1       990  340    0 CMat   338  339
    6   11    2    1    8    0    0    2    0    0       763   14    1 CMat     7    1    3    6    8    2    5    4
    6   12    2    1    4    0    0    1    1    0       434  345    0 CMat   341  342  343  344
    6   13    1    1    4    1    4    1    1    1       538    7    1 CMat    15   10   12   11
    6   14    1    1    4    4    1    2    1    0       540  349    0 CMat   346  347  348  349
    6   15    2    1    4    0    0    1    1    0       784   14    1 CMat     7    3    6    8
    6   16    2    1    4    0    0    2    1    1       631  354    0 CMat   350  351  352  353
    6   17    1    1    2    1    2    1    1    1       770    7    1 CMat    15   10
    6   18    2    1    4    0    0    1    1    0       555  359    0 CMat   355  356  357  358
    6   19    1    1    2    1    2    1    1    1       632    4    1 CMat    12    9
    6   20    1    1    2    1    2    1    1    1       658  360    0 CMat   360  361
    6   21    1    1    2    2    1    2    1    0       524    4    1 CMat     5    4
    6   22    1    1    8    2    7    2    1    0       903  363    0 CMat   362  363  364  365  366  367  368  369
    6   23    1    1    4    2    3    1    1    1       444    6    1 CMat     9   14   15   12
    6   24    1    1    4    4    1    1    1    1       483  373    0 CMat   370  371  372  373
    7    1    2    1    2    0    0    2    1    1       644   15    1 CMat    11    9
    7    2    1    1    4    2    3    1    1    1       704  375    0 CMat   374  375  376  377
    7    3    2    1    4    0    0    1    1    0       717    9    1 CMat     7    6    5    1
    7    4    1    1    2    1    2    2    1    0       596  378    0 CMat   378  379
    7    5    1    1    2    1    2    1    1    1       368    7    1 CMat    15   14
    7    6    1    1    8    1    8    1    1    1       611  380    0 CMat   380  381  382  383  384  385  386  387
    7    7    2    1    8    0    0    2    1    1       751   10    1 CMat    15    9   13   16   11   14   10   12
    7    8    1    1    8    6    3    1    1    1       657  393    0 CMat   388  389  390  391  392  393  394  395
    7    9    2    1    8    0    0    1    1    0       683   16    1 CMat     3    2    4    7    6    5    8    1
    7   10    1    1    4    1    4    1    1    1       599  396    0 CMat   396  397  398  399
    7   11    2    1    8    0    0    1    0    1      1010   13    1 CMat    10   14   12   11   15   13   16    9
    7   12    1    1    8    7    2    1    1    1       602  406    0 CMat   400  401  402  403  404  405  406  407
    7   13    1    1    2    1    2    2    0    1       790    6    1 CMat    14    9
    7   14    1    1    2    1    2    1    1    1       442  408    0 CMat   408  409
    7   15    1    1    2    1    2    2    1    0       764    4    1 CMat     4    3
    7   16    1    1    2    1    2    1    1    1       384  410    0 CMat   410  411
    7   17    1    1    2    1    2    2    1    0       532    5    1 CMat     5    7
    7   18    1    1    2    2    1    1    1    1       529  413    0 CMat   412  413
    7   19    2    1    2    0    0    2    1    1       641   15    1 CMat    16   12
    7   20    2    1    4    0    0    2    1    1       494  418    0 CMat   414  415  416  417
    7   21    1    1    4    4    1    1    1    1       484    8    1 CMat    10   11   12   16
    7   22    1    1    8    7    2    2    1    0       673  425    0 CMat   419  420  421  422  423  424  425  426
    7   23    1    1    2    2    1    1    1    1       427    1    1 CMat    15    9
    7   24    1    1    8    1    8    2    1    0       699  427    0 CMat   427  428  429  430  431  432  433  434
    8    1    1    1    2    2    1    1    1    1       377    7    1 CMat    16   15
    8    2    2    1    8    0    0    2    1    1       536  443    0 CMat   435  436  437  438  439  440  441  442
    8    3    1    1    4    3    2    2    1    0       524    7    1 CMat     8    3    7    1
    8    4    2    1    2    0    0    1    1    0       458  446    0 CMat   444  445
    8    5    2    1    8    0    0    2    1    1       732   16    1 CMat    14   13   12    9   15   16   11   10
    8    6    2    1    4    0    0    2    1    1       438  451    0 CMat   447  448  449  450
    8    7    2    1    8    0    0    2    1    1       712   10    1 CMat    12    9   15   16   11   10   13   14
    8    8    2    1    4    0    0    2    1    1      1522  456    0 CMat   452  453  454  455
    8    9    1    1    8    2    7    2    1    0       537    3    1 CMat     2    3    7    8    6    1    5    4
    8   10    2    1    8    0    0    1    1    0       514  465    0 CMat   457  458  459  460  461  462  463  464
    8   11    1    1    2    1    2    1    1    1       433    1    1 CMat     9   16
    8   12    2    1    4    0    0    2    1    1       583  470    0 CMat   466  467  468  469
    8   13    1    1    4    3    2    2    1    0       697    4    1 CMat     8    1    4    5
    8   14    1    1    8    5    4    2    0    1       764  475    0 CMat   471  472  473  474  475  476  477  478
    8   15    1    1    4    3    2    2    1    0       662    1    1 CMat     4    2    1    3
    8   16    1    1    4    4    1    1    1    1       357  482    0 CMat   479  480  481  482
    8   17    1    1    8    8    1    1    1    1       427    4    1 CMat    10   16   11   14   15   13    9   12
    8   18    1    1    8    5    4    1    0    0       620  487    0 CMat   483  484  485  486  487  488  489  490
    8   19    2    1    2    0    0    1    1    0       647   12    1 CMat     2    5
    8   20    2    1    2    0    0    1    1    0       497  493    0 CMat   491  492
    8   21    2    1    8    0    0    1    1    0       897   10    1 CMat     6    8    1    7    5    3    2    4
    8   22    2    1    4    0    0    1    1    0       772  498    0 CMat   494  495  496  497
    8   23    1    1    8    7    2    2    1    0       713    4    1 CMat     3    6    7    2    1    5    4    8
    8   24    1    1    4    2    3    1    1    1       980  500    0 CMat   499  500  501  502
    9    1    1    1    8    2    7    1    1    1       460    3    1 CMat    15   11    9   10   14   12   13   16
    9    2    1    1    4    4    1    2    1    0       354  506    0 CMat   503  504  505  506
    9    3    1    1    4    1    4    2    1    0       494    4    1 CMat     4    8    3    5
    9    4    2    1    8    0    0    1    1    0       459  515    0 CMat   507  508  509  510  511  512  513  514
    9    5    2    1    8    0    0    2    1    1       653   15    1 CMat    13   11   10    9   15   16   12   14
    9    6    1    1    8    3    6    1    1    1       836  518    0 CMat   516  517  518  519  520  521  522  523
    9    7    2    1    8    0    0    2    1    1       806   14    1 CMat     9   11   14   16   13   15   10   12
    9    8    1    1    4    2    3    1    1    1       573  525    0 CMat   524  525  526  527
    9    9    1    1    4    1    4    1    1    1       558    1    1 CMat     9   14   13   11
    9   10    2    1    2    0    0    1    1    0       492  530    0 CMat   528  529
    9   11    2    1    8    0    0    1    1    0      1084   12    1 CMat     5    6    3    7    2    1    4    8
    9   12    2    1    4    0    0    2    1    1       519  535    0 CMat   531  532  533  534
    9   13    2    1    4    0    0    2    1    1       540   15    1 CMat    10   12   14   16
    9   14    2    1    2    0    0    1    1    0       409  538    0 CMat   536  537
    9   15    2    1    4    0    0    1    1    0       978   10    1 CMat     4    5    3    7
    9   16    2    1    2    0    0    2    1    1       382  541    0 CMat   539  540
    9   17    1    1    8    7    2    2    1    0       530    6    1 CMat     1    2    7    4    8    3    6    5
    9   18    1    1    8    5    4    1    1    1       638  546    0 CMat   542  543  544  545  546  547  548  549
    9   19    1    1    2    1    2    1    1    1       505    2    1 CMat    10   16
    9   20    2    1    8    0    0    1    1    0       564  558    0 CMat   550  551  552  553  554  555  556  557
    9   21    1    1    8    6    3    2    1    0       609    7    1 CMat     5    4    3    2    1    7    8    6
    9   22    2    1    2    0    0    1    1    0       540  561    0 CMat   559  560
    9   23    2    1    2    0    0    2    1    1       506   10    1 CMat    14   11
    9   24    2    1    4    0    0    1    1    0       462  566    0 CMat   562  563  564  565
