    1    1    2    1    8    0    0    2    0    0     22476    8    1 MIX2    11    2    4   10   12    9    3    1
    1    2    1    1    8    1    8    1    0    0      5879    3    1 MIX2     3   15    1   13   16   14    2    4
    1    3    1    1    4    3    2    2    1    0       947   17    0 MIX2     2    3   17   18
    1    4    1    1    8    7    2    1    1    1      1082    6    1 MIX2     7   22    8    5   19   21    6   20
    1    5    1    1    8    4    5    1    1    1      1165    7    1 MIX2    26    8   23    7   25    5    6   24
    1    6    1    1    8    4    5    2    1    0      1278    2    1 MIX2     3    4   27    2   28   30   29    1
    1    7    1    1    4    1    4    1    1    1      1282    5    1 MIX2     5    8   32   31
    1    8    1    1    8    5    4    1    1    1       765   33    0 MIX2     6   36   34    5   33    7    8   35
    1    9    1    1    4    3    2    1    1    1       773    6    1 MIX2    37   38    6    7
    1   10    1    1    2    1    2    2    1    0       697   39    0 MIX2    39    4
    1   11    2    1    8    0    0    1    1    0      1229    5    1 MIX2    43    2   42   41   40    4    3    1
    1   12    2    1    8    0    0    2    1    1       969   48    0 MIX2     6   46    8   47   44    7    5   45
    1   13    1    1    4    3    2    2    1    0       778   50    0 MIX2    49    2   50    3
    1   14    1    1    8    8    1    1    1    1       442    5    1 MIX2    51    7    6   53    8   54   52    5
    1   15    1    1    8    5    4    1    1    1       630   56    0 MIX2     6   58    7    5   56    8   55   57
    1   16    1    1    4    3    2    1    1    1       707    5    1 MIX2    60    8    5   59
    1   17    2    1    4    0    0    2    1    1       830   63    0 MIX2    62   61    7    5
    1   18    2    1    2    0    0    2    0    0       957    7    1 MIX2     1   64
    1   19    1    1    4    4    1    2    1    0       846    3    1 MIX2     4   65   66    3
    1   20    2    1    8    0    0    2    0    0       699    7    1 MIX2     4    1   70   69   67    2   68    3
    1   21    2    1    8    0    0    2    1    1      1068   75    0 MIX2     6    8   73   71   72    5    7   74
    1   22    1    1    4    3    2    1    1    1       521    5    1 MIX2     7   77    5   76
    1   23    1    1    2    1    2    1    0    0      1063   78    0 MIX2    78    2
    1   24    1    1    8    4    5    2    1    0       857    1    1 MIX2     4    2   81    1    3   80   79   82
    2    1    2    1    8    0    0    2    1    1       866   87    0 MIX2    84    5   86   85    8    6   83    7
    2    2    2    1    4    0    0    1    0    1      1029    2    1 MIX2     8   88   89    7
    2    3    2    1    8    0    0    1    1    0       747   94    0 MIX2    92    3   93   91   90    1    4    2
    2    4    2    1    4    0    0    1    1    0       658   97    0 MIX2     3   95   96    1
    2    5    1    1    4    3    2    1    1    1      1150    6    1 MIX2    98    5    6   99
    2    6    2    1    2    0    0    1    1    0      1426  101    0 MIX2     2  100
    2    7    1    1    2    2    1    2    1    0      2108  102    0 MIX2     3  102
    2    8    2    1    8    0    0    1    1    0       807    5    1 MIX2   103  106    3  105  104    4    1    2
    2    9    1    1    8    4    5    2    1    0       790  108    0 MIX2   109    3  107  108  110    4    2    1
    2   10    1    1    8    1    8    1    1    1       821  113    0 MIX2   113  114    8    6    5    7  111  112
    2   11    2    1    2    0    0    1    0    1      2055    4    1 MIX2     7  115
    2   12    2    1    2    0    0    2    1    1      1271    4    1 MIX2   116    8
    2   13    2    1    2    0    0    2    1    1      3414    3    1 MIX2   117    6
    2   14    1    1    8    7    2    1    1    1      1068    6    1 MIX2   121    8  120  118  119    7    6    5
    2   15    1    1    8    1    8    2    1    0       573    2    1 MIX2     2    3  123  122  124    4  125    1
    2   16    1    1    8    2    7    2    1    0       919  129    0 MIX2   127  129    2    3  126    4    1  128
    2   17    2    1    8    0    0    1    1    0      1153    8    1 MIX2   133  130  131    1    4    2    3  132
    2   18    1    1    2    1    2    1    1    1       709    5    1 MIX2     5  134
    2   19    1    1    4    1    4    1    1    1       847    5    1 MIX2     5  135  136    6
    2   20    1    1    4    3    2    1    1    1       436    5    1 MIX2   138    6    5  137
    2   21    1    1    8    3    6    2    1    0       544    1    1 MIX2   140  139    1    4    2    3  142  141
    2   22    2    1    4    0    0    1    0    1       720    3    1 MIX2   143  144    8    5
    2   23    2    1    8    0    0    2    0    0       690    7    1 MIX2   148  147  145    4    1    2    3  146
    2   24    1    1    2    1    2    1    0    0      1066    4    1 MIX2     4  149
    3    1    1    1    2    2    1    2    1    0       806    2    1 MIX2   150    2
    3    2    1    1    8    2    7    2    1    0       500    1    1 MIX2     2    1  151    3  153    4  154  152
    3    3    2    1    2    0    0    1    1    0       707    6    1 MIX2     1  155
    3    4    1    1    2    2    1    1    0    0       602  156    0 MIX2     2  156
    3    5    1    1    4    2    3    1    0    0      1369    4    1 MIX2   157    4    1  158
    3    6    2    1    8    0    0    2    1    1       959  163    0 MIX2     5  161  162    6    7    8  159  160
    3    7    1    1    2    2    1    2    1    0       651    4    1 MIX2   164    4
    3    8    1    1    8    2    7    2    1    0       592    4    1 MIX2     2    4    3  165  168    1  166  167
    3    9    1    1    2    1    2    2    1    0       427  169    0 MIX2   169    4
    3   10    1    1    4    3    2    1    1    1       575    5    1 MIX2     7  171    5  170
    3   11    1    1    4    3    2    2    1    0       350  173    0 MIX2   172    4  173    3
    3   12    2    1    2    0    0    1    0    1       483    2    1 MIX2   174    6
    3   13    1    1    2    1    2    1    1    1       754    7    1 MIX2     7  175
    3   14    2    1    2    0    0    1    1    0      1125  177    0 MIX2   176    2
    3   15    1    1    8    2    7    2    1    0       936    3    1 MIX2   181    3    1  178  180    2    4  179
    3   16    1    1    4    3    2    2    1    0       666  183    0 MIX2   182    1  183    2
    3   17    1    1    2    2    1    2    1    0       338    4    1 MIX2   184    4
    3   18    2    1    4    0    0    1    0    1       667    1    1 MIX2   186    5    8  185
    3   19    2    1    2    0    0    2    1    1       642  188    0 MIX2   187    6
    3   20    1    1    2    1    2    2    1    0       764    3    1 MIX2     3  189
    3   21    1    1    4    4    1    1    1    1       324    6    1 MIX2   191  190    8    6
    3   22    2    1    8    0    0    1    1    0       789    6    1 MIX2   194  195    2    1    4    3  193  192
    3   23    2    1    2    0    0    1    1    0       696    5    1 MIX2   196    4
    3   24    2    1    4    0    0    2    1    1       610  199    0 MIX2     8  197    6  198
    4    1    1    1    8    1    8    1    1    1       579  201    0 MIX2   201    7    6    8  203    5  200  202
    4    2    2    1    2    0    0    1    0    1       765  205    0 MIX2   204    7
    4    3    1    1    4    2    3    2    1    0       711    2    1 MIX2     1    2  206  207
    4    4    1    1    8    7    2    2    1    0       521    2    1 MIX2   209  211    3  208    1    4    2  210
    4    5    1    1    2    1    2    1    0    0       647  212    0 MIX2   212    2
    4    6    2    1    2    0    0    1    1    0       800  214    0 MIX2     4  213
    4    7    2    1    8    0    0    1    1    0       603  219    0 MIX2     1  217  215  218    3    2  216    4
    4    8    1    1    4    3    2    1    1    1       555  220    0 MIX2   221    7  220    6
    4    9    2    1    4    0    0    1    1    0       779  224    0 MIX2   223    4    1  222
    4   10    1    1    4    1    4    1    1    1       532  226    0 MIX2   226  225    8    7
    4   11    1    1    2    1    2    1    1    1       432    6    1 MIX2     6  227
    4   12    1    1    2    2    1    2    1    0       481  228    0 MIX2     3  228
    4   13    1    1    4    2    3    2    1    0       548    4    1 MIX2   229    4  230    2
    4   14    2    1    2    0    0    2    1    1       801  232    0 MIX2     5  231
    4   15    1    1    2    2    1    1    1    1      2259    6    1 MIX2   233    6
    4   16    1    1    2    1    2    2    1    0       715  234    0 MIX2   234    2
    4   17    1    1    4    1    4    1    1    1       469  235    0 MIX2   235    7    8  236
    4   18    2    1    8    0    0    1    0    1       543    2    1 MIX2     6    8  238  240  237    7  239    5
    4   19    1    1    4    2    3    2    1    0       560  242    0 MIX2   241  242    4    3
    4   20    2    1    4    0    0    1    1    0       847  245    0 MIX2   243  244    1    3
    4   21    1    1    2    1    2    1    0    0       769  246    0 MIX2   246    2
    4   22    2    1    2    0    0    1    1    0       517  248    0 MIX2   247    3
    4   23    1    1    4    1    4    1    1    1       536    8    1 MIX2     8  249    7  250
    4   24    2    1    2    0    0    2    1    1      1654  252    0 MIX2     7  251
    5    1    1    1    4    2    3    1    1    1       726    8    1 MIX2     5    8  254  253
    5    2    2    1    8    0    0    1    1    0       440  259    0 MIX2     4  256  257  255  258    1    3    2
    5    3    2    1    2    0    0    1    1    0       666    8    1 MIX2   260    3
    5    4    1    1    8    8    1    2    1    0       590    3    1 MIX2   262    4  264    2    1  263  261    3
    5    5    2    1    8    0    0    1    0    1       642  269    0 MIX2     6    8    5    7  267  268  266  265
    5    6    2    1    8    0    0    1    1    0       729    5    1 MIX2   272  271    2    4    3    1  273  270
    5    7    2    1    2    0    0    2    1    1       750    4    1 MIX2   274    5
    5    8    2    1    2    0    0    1    1    0       547    7    1 MIX2     2  275
    5    9    1    1    2    1    2    2    1    0       992    4    1 MIX2     4  276
    5   10    2    1    2    0    0    2    1    1       652  278    0 MIX2     7  277
    5   11    2    1    4    0    0    2    0    0       665  281    0 MIX2   280    2  279    3
    5   12    1    1    4    2    3    1    1    1       613  282    0 MIX2     5  282    7  283
    5   13    2    1    8    0    0    1    1    0       651    5    1 MIX2     2    1    3    4  287  285  284  286
    5   14    1    1    2    2    1    1    1    1       420    7    1 MIX2   288    7
    5   15    2    1    2    0    0    2    1    1       486  290    0 MIX2     7  289
    5   16    2    1    4    0    0    2    1    1       745    3    1 MIX2   291  292    8    6
    5   17    2    1    4    0    0    2    1    1       688  295    0 MIX2     5  293    6  294
    5   18    2    1    8    0    0    1    1    0       596  300    0 MIX2   296    3    4    1  299  298    2  297
    5   19    2    1    4    0    0    1    0    1       515    1    1 MIX2     5  301    7  302
    5   20    2    1    4    0    0    1    1    0       741    8    1 MIX2   303    2    3  304
    5   21    1    1    4    2    3    1    0    0       703  305    0 MIX2     1  305  306    3
    5   22    2    1    4    0    0    1    1    0       792    7    1 MIX2   308  307    2    3
    5   23    2    1    2    0    0    1    0    1      2395    1    1 MIX2   309    5
    5   24    2    1    4    0    0    1    1    0       787    8    1 MIX2     4    1  311  310
    6    1    1    1    4    3    2    1    1    1       546  313    0 MIX2     5    6  313  312
    6    2    1    1    2    1    2    2    1    0       831  314    0 MIX2   314    2
    6    3    1    1    4    3    2    2    0    1       341  315    0 MIX2     5  316  315    7
    6    4    1    1    4    2    3    2    1    0       591    4    1 MIX2     1    4  317  318
    6    5    2    1    2    0    0    2    1    1       666    3    1 MIX2   319    7
    6    6    2    1    4    0    0    2    1    1       662  322    0 MIX2     6    5  321  320
    6    7    2    1    8    0    0    2    1    1       665  327    0 MIX2   325  324  326    7    6    8  323    5
    6    8    1    1    8    4    5    1    1    1       656    8    1 MIX2   331  330    7    8  329  328    5    6
    6    9    1    1    2    2    1    1    1    1       665  332    0 MIX2     7  332
    6   10    2    1    2    0    0    1    1    0       896  334    0 MIX2   333    1
    6   11    2    1    8    0    0    1    1    0       860    7    1 MIX2     1    2    3  338    4  335  336  337
    6   12    2    1    2    0    0    1    1    0       572  340    0 MIX2     1  339
    6   13    2    1    8    0    0    1    1    0       630  345    0 MIX2     4    3  342  344    1    2  343  341
    6   14    1    1    2    1    2    1    1    1       608  346    0 MIX2   346    7
    6   15    2    1    8    0    0    1    0    1       472    3    1 MIX2     6    8  348  349  350    5    7  347
    6   16    1    1    2    1    2    2    1    0       521  351    0 MIX2   351    4
    6   17    1    1    8    7    2    2    1    0       452    1    1 MIX2   353    4  355    2  352    3    1  354
    6   18    1    1    4    2    3    1    1    1       570  357    0 MIX2   356  357    5    7
    6   19    1    1    4    4    1    2    1    0       619  359    0 MIX2     3    2  358  359
    6   20    1    1    8    5    4    1    1    1       419    7    1 MIX2   362    5  360  363    7    8    6  361
    6   21    2    1    2    0    0    2    1    1       547  365    0 MIX2     7  364
    6   22    2    1    8    0    0    2    0    0       684    7    1 MIX2   366  368    4    2  367    3    1  369
    6   23    1    1    4    4    1    1    1    1       361  370    0 MIX2     7  371    6  370
    6   24    1    1    4    4    1    2    1    0       385  373    0 MIX2     1    4  372  373
    7    1    2    1    8    0    0    2    1    1       648    1    1 MIX2     8    7  376  374    5    6  377  375
    7    2    2    1    4    0    0    2    1    1       934    3    1 MIX2     6  378  379    5
    7    3    2    1    4    0    0    1    1    0       534  382    0 MIX2     3  381  380    4
    7    4    1    1    4    3    2    1    0    0       665    1    1 MIX2   383  384    1    4
    7    5    1    1    2    1    2    1    1    1      1057    8    1 MIX2     8  385
    7    6    2    1    4    0    0    2    1    1       477  388    0 MIX2     5  386    7  387
    7    7    1    1    2    1    2    1    0    0       605    4    1 MIX2     4  389
    7    8    1    1    8    8    1    2    1    0       516  392    0 MIX2   391    1    4  390    2    3  393  392
    7    9    2    1    2    0    0    1    1    0       482    8    1 MIX2     4  394
    7   10    1    1    8    8    1    2    1    0       429  395    0 MIX2     1  396    3    2    4  397  398  395
    7   11    1    1    4    4    1    1    1    1       419  400    0 MIX2     7    5  399  400
    7   12    1    1    8    5    4    1    1    1       355    8    1 MIX2   401  404  403    7    8    6  402    5
    7   13    2    1    8    0    0    2    1    1       722    3    1 MIX2     6  408    8    7  405  407  406    5
    7   14    1    1    4    4    1    2    1    0       396  409    0 MIX2     2  410    4  409
    7   15    1    1    2    2    1    2    1    0       431  411    0 MIX2     3  411
    7   16    1    1    2    1    2    1    1    1       369  412    0 MIX2   412    6
    7   17    2    1    8    0    0    2    1    1       721    4    1 MIX2     8  416  413    5  415  414    6    7
    7   18    2    1    2    0    0    1    1    0       678    8    1 MIX2   417    4
    7   19    2    1    4    0    0    1    1    0       544  420    0 MIX2     1  418    3  419
    7   20    2    1    2    0    0    1    1    0       587  422    0 MIX2   421    2
    7   21    2    1    4    0    0    1    1    0       603  425    0 MIX2   424    4    3  423
    7   22    2    1    8    0    0    2    1    1       626  430    0 MIX2   426    5    7  429  428  427    6    8
    7   23    2    1    8    0    0    2    1    1       661  435    0 MIX2     5    8    7  434  433  431    6  432
    7   24    1    1    4    4    1    1    1    1       418  437    0 MIX2     5  436    7  437
    8    1    1    1    4    1    4    2    1    0       692    3    1 MIX2     3  438    2  439
    8    2    1    1    4    1    4    2    1    0       592  441    0 MIX2   441    1  440    3
    8    3    1    1    8    7    2    1    1    1       505    8    1 MIX2     5  445    7  442  444  443    8    6
    8    4    2    1    2    0    0    1    1    0       536  447    0 MIX2   446    4
    8    5    1    1    8    7    2    2    1    0       642    2    1 MIX2   450    1  449  448    4  451    2    3
    8    6    1    1    2    1    2    1    1    1       444    5    1 MIX2     5  452
    8    7    2    1    8    0    0    1    1    0       857    6    1 MIX2   453  454    2  455  456    1    4    3
    8    8    2    1    4    0    0    2    1    1       606  459    0 MIX2   458    8    6  457
    8    9    1    1    8    4    5    1    1    1       645  461    0 MIX2     5    8  460  461    7    6  463  462
    8   10    2    1    4    0    0    2    1    1       580    4    1 MIX2   464    5    8  465
    8   11    1    1    4    2    3    2    1    0       597    2    1 MIX2     1    2  467  466
    8   12    2    1    4    0    0    1    1    0       692    8    1 MIX2   469  468    1    4
    8   13    1    1    2    1    2    2    1    0       508    1    1 MIX2     1  470
    8   14    1    1    4    1    4    1    1    1       704    5    1 MIX2     5    6  471  472
    8   15    1    1    4    3    2    1    1    1       411    5    1 MIX2   473    7    5  474
    8   16    1    1    4    3    2    2    1    0       849  476    0 MIX2     4  475  476    2
    8   17    1    1    2    1    2    2    1    0       434  477    0 MIX2   477    1
    8   18    2    1    4    0    0    1    1    0      2072  480    0 MIX2   479    2  478    1
    8   19    1    1    4    3    2    1    1    1       589  481    0 MIX2     7  482  481    8
    8   20    1    1    4    2    3    1    1    1       476    8    1 MIX2   484    8  483    5
    8   21    1    1    8    7    2    1    1    1       489  488    0 MIX2   486    7    6  487    5    8  488  485
    8   22    2    1    8    0    0    2    1    1       792    3    1 MIX2   490    8    5  491    7  489  492    6
    8   23    2    1    8    0    0    1    1    0       696    8    1 MIX2   493  495  494    1  496    4    3    2
    8   24    2    1    2    0    0    1    1    0       830  498    0 MIX2   497    1
    9    1    1    1    2    1    2    1    1    1       457  499    0 MIX2   499    5
    9    2    1    1    2    1    2    2    1    0       538    1    1 MIX2     1  500
    9    3    2    1    2    0    0    2    1    1       791    2    1 MIX2     5  501
    9    4    1    1    4    2    3    1    1    1       623  503    0 MIX2     5  503    7  502
    9    5    1    1    4    3    2    2    1    0       669  505    0 MIX2   504    4  505    2
    9    6    2    1    4    0    0    1    1    0       827    7    1 MIX2     4    2  507  506
    9    7    1    1    4    2    3    2    1    0       608    4    1 MIX2   508    4    3  509
    9    8    2    1    8    0    0    2    1    1       808  514    0 MIX2     7  510    6    5    8  511  512  513
    9    9    1    1    8    6    3    2    1    0       456    2    1 MIX2     4  515  516    3  518    2  517    1
    9   10    2    1    2    0    0    2    1    1       810    4    1 MIX2     7  519
    9   11    2    1    4    0    0    1    0    1       655  522    0 MIX2     5  521  520    6
    9   12    1    1    4    3    2    1    1    1       780  523    0 MIX2     5  524  523    8
    9   13    1    1    4    3    2    1    1    1       644    6    1 MIX2   525  526    6    7
    9   14    1    1    8    7    2    2    1    0       795  528    0 MIX2   529    3    4  530    1  527  528    2
    9   15    2    1    2    0    0    2    1    1       765  532    0 MIX2     6  531
    9   16    1    1    8    7    2    2    1    0       767  535    0 MIX2     4  533    1    2  536  534  535    3
    9   17    1    1    2    1    2    1    1    1       548  537    0 MIX2   537    8
    9   18    1    1    2    2    1    2    1    0       577    2    1 MIX2   538    2
    9   19    2    1    8    0    0    2    1    1       649  543    0 MIX2     6  542    5  539    7  541    8  540
    9   20    1    1    8    7    2    2    1    0       624  547    0 MIX2     1    2  546    4    3  544  547  545
    9   21    1    1    2    2    1    2    1    0       506    1    1 MIX2   548    1
    9   22    1    1    2    1    2    1    1    1       442    6    1 MIX2     6  549
    9   23    2    1    8    0    0    2    1    1       567  554    0 MIX2   550  552    6  553    8  551    7    5
    9   24    2    1    4    0    0    1    1    0       599  557    0 MIX2   555    2    4  556
