    1    1    2    1    4    0    0    1    1    0      6113   11    0 MIX2     3    2    9   10
    1    2    1    1    2    2    1    2    1    0      3137    3    1 MIX2     3   12
    1    3    1    1    2    1    2    2    1    0      1143    4    1 MIX2     4   13
    1    4    2    1    2    0    0    2    1    1      1310    3    1 MIX2     4   14
    1    5    1    1    8    6    3    2    0    1       924   16    0 MIX2     3    4    1    2   15   16   17   18
    1    6    2    1    2    0    0    1    0    1      5675   20    0 MIX2     3   19
    1    7    2    1    4    0    0    1    1    0      2257   23    0 MIX2     4    3   21   22
    1    8    1    1    8    3    6    1    1    1      2042   27    0 MIX2     3    4    2    1   24   25   26   27
    1    9    2    1    8    0    0    2    1    1      7066   32    0 MIX2     4    1    2    3   28   29   30   31
    1   10    2    1    2    0    0    2    0    0      3554    6    1 MIX2     1   33
    1   11    1    1    4    3    2    1    1    1      2348   35    0 MIX2     2    4   34   35
    1   12    2    1    2    0    0    2    0    0      1441    5    1 MIX2     3   36
    1   13    1    1    2    1    2    1    1    1      4748    3    1 MIX2     3   37
    1   14    1    1    4    3    2    1    0    0      1079    2    1 MIX2     2    4   38   39
    1   15    1    1    2    2    1    1    1    1      1824   40    0 MIX2     1   40
    1   16    2    1    8    0    0    2    1    1      3035   45    0 MIX2     3    1    2    4   41   42   43   44
    1   17    1    1    2    2    1    1    1    1      1429   46    0 MIX2     4   46
    1   18    2    1    8    0    0    2    0    0      2975   51    0 MIX2     1    2    4    3   47   48   49   50
    1   19    1    1    2    1    2    1    0    0      2236    2    1 MIX2     2   52
    1   20    1    1    4    2    3    1    1    1      1867    4    1 MIX2     4    1   53   54
    1   21    2    1    8    0    0    1    0    1      2323    4    1 MIX2     2    3    1    4   55   56   57   58
    1   22    1    1    8    7    2    1    1    1      1866    2    1 MIX2     2    4    1    3   59   60   61   62
    1   23    2    1    4    0    0    2    0    0      4088    5    1 MIX2     1    3   63   64
    1   24    2    1    4    0    0    1    1    0      1533    5    1 MIX2     4    1   65   66
    2    1    1    1    2    1    2    1    1    1      2148    1    1 MIX2     1   67
    2    2    1    1    8    8    1    2    1    0      2192   69    0 MIX2     4    2    1    3   68   69   70   71
    2    3    2    1    2    0    0    1    0    1      4796    3    1 MIX2     2   72
    2    4    2    1    8    0    0    1    1    0      2800   77    0 MIX2     1    3    4    2   73   74   75   76
    2    5    2    1    2    0    0    2    1    1      7139   79    0 MIX2     4   78
    2    6    1    1    2    2    1    1    1    1      3256    2    1 MIX2     2   80
    2    7    1    1    2    1    2    1    1    1      1850    2    1 MIX2     2   81
    2    8    2    1    4    0    0    2    0    0      1480    7    1 MIX2     2    1   82   83
    2    9    1    1    8    3    6    1    0    0      1949    2    1 MIX2     2    4    1    3   84   85   86   87
    2   10    2    1    2    0    0    2    0    0      2451    8    1 MIX2     3   88
    2   11    2    1    8    0    0    2    1    1      1972   93    0 MIX2     4    3    2    1   89   90   91   92
    2   12    2    1    2    0    0    2    1    1      2041   95    0 MIX2     1   94
    2   13    2    1    4    0    0    2    1    1      1584   98    0 MIX2     1    2   96   97
    2   14    2    1    4    0    0    2    1    1      1498  101    0 MIX2     1    3   99  100
    2   15    1    1    4    3    2    2    1    0      3206  102    0 MIX2     4    2  102  103
    2   16    2    1    4    0    0    2    0    0      1694    8    1 MIX2     1    2  104  105
    2   17    1    1    2    2    1    1    1    1      4319    1    1 MIX2     1  106
    2   18    2    1    2    0    0    1    0    1      1622    1    1 MIX2     2  107
    2   19    1    1    8    1    8    2    1    0      1495  110    0 MIX2     4    1    2    3  108  109  110  111
    2   20    1    1    4    3    2    2    1    0      1380    1    1 MIX2     1    3  112  113
    2   21    2    1    2    0    0    2    1    1      3377  115    0 MIX2     2  114
    2   22    1    1    8    3    6    2    1    0      1629    3    1 MIX2     4    3    2    1  116  117  118  119
    2   23    1    1    4    2    3    1    1    1      1973    3    1 MIX2     3    4  120  121
    2   24    1    1    4    1    4    1    1    1      1407    3    1 MIX2     3    1  122  123
    3    1    1    1    4    4    1    2    1    0      1346    2    1 MIX2     1    2  124  125
    3    2    1    1    4    2    3    1    1    1      1382    1    1 MIX2     4    1  126  127
    3    3    1    1    8    5    4    1    1    1      1297    4    1 MIX2     3    2    1    4  128  129  130  131
    3    4    1    1    4    3    2    1    1    1      1334  132    0 MIX2     2    3  132  133
    3    5    1    1    8    4    5    1    1    1      1348    4    1 MIX2     4    3    1    2  134  135  136  137
    3    6    2    1    8    0    0    2    1    1      1519  142    0 MIX2     2    1    3    4  138  139  140  141
    3    7    1    1    8    1    8    1    1    1      2503    2    1 MIX2     3    2    4    1  143  144  145  146
    3    8    1    1    2    2    1    1    1    1      1479  147    0 MIX2     4  147
    3    9    1    1    2    1    2    1    1    1      1232    3    1 MIX2     3  148
    3   10    2    1    4    0    0    2    1    1      1432    2    1 MIX2     4    2  149  150
    3   11    2    1    4    0    0    2    1    1      1685  153    0 MIX2     2    1  151  152
    3   12    1    1    4    1    4    2    0    1      1659  154    0 MIX2     4    2  154  155
    3   13    2    1    2    0    0    2    1    1      1420  157    0 MIX2     1  156
    3   14    2    1    2    0    0    1    1    0      1767    8    1 MIX2     1  158
    3   15    2    1    2    0    0    2    1    1      1427    2    1 MIX2     3  159
    3   16    2    1    8    0    0    2    1    1      2013  164    0 MIX2     4    3    1    2  160  161  162  163
    3   17    1    1    8    4    5    1    1    1       832  165    0 MIX2     1    4    3    2  165  166  167  168
    3   18    1    1    2    2    1    2    1    0       578    1    1 MIX2     1  169
    3   19    2    1    2    0    0    1    1    0       735    8    1 MIX2     2  170
    3   20    1    1    4    4    1    2    1    0       731    4    1 MIX2     4    2  171  172
    3   21    2    1    8    0    0    2    1    1      1199  177    0 MIX2     3    4    2    1  173  174  175  176
    3   22    2    1    2    0    0    1    1    0       771    6    1 MIX2     2  178
    3   23    2    1    2    0    0    2    1    1       936  180    0 MIX2     3  179
    3   24    1    1    8    4    5    1    1    1      5831  182    0 MIX2     4    3    2    1  181  182  183  184
    4    1    1    1    8    5    4    1    1    1      1566  188    0 MIX2     1    2    3    4  185  186  187  188
    4    2    2    1    4    0    0    1    1    0       793  191    0 MIX2     4    1  189  190
    4    3    2    1    2    0    0    1    1    0       589  193    0 MIX2     3  192
    4    4    1    1    2    1    2    2    1    0       921  194    0 MIX2     2  194
    4    5    2    1    4    0    0    1    1    0       813    8    1 MIX2     4    2  195  196
    4    6    2    1    2    0    0    1    1    0       992    5    1 MIX2     1  197
    4    7    2    1    2    0    0    2    1    1       668  199    0 MIX2     3  198
    4    8    1    1    2    2    1    2    1    0       805  200    0 MIX2     4  200
    4    9    1    1    8    3    6    1    1    1      4038  203    0 MIX2     1    3    4    2  201  202  203  204
    4   10    1    1    2    2    1    2    1    0       903  205    0 MIX2     2  205
    4   11    2    1    2    0    0    2    1    1       838  207    0 MIX2     1  206
    4   12    2    1    2    0    0    1    1    0       920    7    1 MIX2     4  208
    4   13    2    1    8    0    0    2    1    1       775  213    0 MIX2     4    2    1    3  209  210  211  212
    4   14    1    1    4    3    2    1    1    1      1073  214    0 MIX2     2    1  214  215
    4   15    1    1    2    2    1    1    1    1       826    3    1 MIX2     3  216
    4   16    1    1    4    4    1    1    1    1       705  217    0 MIX2     3    4  217  218
    4   17    1    1    8    2    7    1    1    1       825    2    1 MIX2     2    4    3    1  219  220  221  222
    4   18    2    1    4    0    0    2    1    1      1360    3    1 MIX2     1    3  223  224
    4   19    2    1    2    0    0    2    1    1      1309  226    0 MIX2     2  225
    4   20    1    1    2    1    2    2    1    0       957    4    1 MIX2     4  227
    4   21    2    1    8    0    0    2    1    1       891    1    1 MIX2     1    3    4    2  228  229  230  231
    4   22    1    1    8    2    7    1    1    1      1209  235    0 MIX2     2    4    1    3  232  233  234  235
    4   23    1    1    2    1    2    1    1    1       957    2    1 MIX2     2  236
    4   24    2    1    4    0    0    1    1    0       943  239    0 MIX2     2    3  237  238
    5    1    2    1    2    0    0    1    1    0      5817  241    0 MIX2     4  240
    5    2    2    1    8    0    0    1    1    0      1539    7    1 MIX2     2    3    1    4  242  243  244  245
    5    3    2    1    2    0    0    1    1    0      3576  247    0 MIX2     1  246
    5    4    2    1    8    0    0    2    1    1      4796  252    0 MIX2     2    3    4    1  248  249  250  251
    5    5    1    1    4    1    4    2    1    0      1460    1    1 MIX2     1    3  253  254
    5    6    1    1    4    3    2    2    1    0      1508    2    1 MIX2     3    2  255  256
    5    7    2    1    8    0    0    1    1    0      1513  261    0 MIX2     4    1    3    2  257  258  259  260
    5    8    1    1    2    1    2    1    1    1      1711  262    0 MIX2     1  262
    5    9    2    1    2    0    0    2    1    1       703  264    0 MIX2     4  263
    5   10    1    1    2    1    2    2    1    0       598    4    1 MIX2     4  265
    5   11    2    1    2    0    0    2    1    1       769    4    1 MIX2     4  266
    5   12    1    1    4    2    3    1    1    1       811    1    1 MIX2     2    1  267  268
    5   13    1    1    8    2    7    2    1    0      1389    1    1 MIX2     4    1    2    3  269  270  271  272
    5   14    2    1    4    0    0    1    1    0       719    5    1 MIX2     1    3  273  274
    5   15    1    1    2    1    2    2    1    0       647    2    1 MIX2     2  275
    5   16    1    1    4    3    2    1    1    1       757  276    0 MIX2     4    1  276  277
    5   17    1    1    2    1    2    1    1    1       651  278    0 MIX2     4  278
    5   18    2    1    8    0    0    2    1    1       820  283    0 MIX2     3    1    4    2  279  280  281  282
    5   19    1    1    4    2    3    1    0    0      1037  285    0 MIX2     2    1  284  285
    5   20    1    1    2    2    1    2    1    0      3494  286    0 MIX2     4  286
    5   21    2    1    2    0    0    2    1    1      2398  288    0 MIX2     1  287
    5   22    2    1    2    0    0    1    1    0       834    5    1 MIX2     4  289
    5   23    2    1    4    0    0    2    1    1       778    4    1 MIX2     4    2  290  291
    5   24    2    1    8    0    0    2    1    1        63    4    1 MIX2     1    2    3    4  292  293  294  295
    6    1    1    1    4    1    4    1    1    1      1244  296    0 MIX2     3    4  296  297
    6    2    1    1    2    2    1    1    1    1       702  298    0 MIX2     3  298
    6    3    2    1    2    0    0    2    1    1      1335    4    1 MIX2     1  299
    6    4    2    1    2    0    0    2    1    1      3012  301    0 MIX2     3  300
    6    5    1    1    4    3    2    1    1    1      1252  303    0 MIX2     4    1  302  303
    6    6    1    1    8    5    4    2    1    0      1237  305    0 MIX2     1    2    3    4  304  305  306  307
    6    7    1    1    2    1    2    2    1    0      1384  308    0 MIX2     2  308
    6    8    1    1    8    3    6    1    1    1      1283    4    1 MIX2     3    4    2    1  309  310  311  312
    6    9    1    1    4    1    4    1    1    1      2681  314    0 MIX2     3    1  313  314
    6   10    1    1    8    5    4    1    1    1      1120    1    1 MIX2     4    1    3    2  315  316  317  318
    6   11    2    1    2    0    0    1    1    0      2007  320    0 MIX2     4  319
    6   12    2    1    4    0    0    2    1    1      1360    1    1 MIX2     2    3  321  322
    6   13    2    1    4    0    0    1    1    0      1185  325    0 MIX2     3    4  323  324
    6   14    1    1    8    7    2    2    0    1      1157  327    0 MIX2     3    4    2    1  326  327  328  329
    6   15    2    1    4    0    0    1    0    1      1359  332    0 MIX2     3    1  330  331
    6   16    1    1    2    2    1    1    1    1      2525  333    0 MIX2     4  333
    6   17    2    1    8    0    0    2    1    1      1467    1    1 MIX2     2    4    3    1  334  335  336  337
    6   18    2    1    8    0    0    1    1    0      3106    8    1 MIX2     1    4    3    2  338  339  340  341
    6   19    2    1    4    0    0    1    1    0      3342    5    1 MIX2     3    2  342  343
    6   20    2    1    4    0    0    1    1    0      1666  346    0 MIX2     2    3  344  345
    6   21    2    1    2    0    0    1    0    1      4402  348    0 MIX2     1  347
    6   22    2    1    2    0    0    2    1    1      4950  350    0 MIX2     1  349
    6   23    1    1    2    1    2    2    0    1     20643  351    0 MIX2     3  351
    6   24    2    1    8    0    0    2    1    1      5595    2    1 MIX2     4    1    3    2  352  353  354  355
    7    1    2    1    4    0    0    2    1    1     14770    1    1 MIX2     2    4  356  357
    7    2    1    1    4    1    4    1    1    1      2844    4    1 MIX2     1    4  358  359
    7    3    1    1    8    6    3    2    1    0      3566    4    1 MIX2     4    2    1    3  360  361  362  363
    7    4    2    1    2    0    0    2    1    1      6930  365    0 MIX2     2  364
    7    5    1    1    4    2    3    2    1    0      2117    2    1 MIX2     2    4  366  367
    7    6    2    1    2    0    0    2    1    1      4596    2    1 MIX2     2  368
    7    7    1    1    2    1    2    2    0    1      2944  369    0 MIX2     1  369
    7    8    1    1    8    2    7    1    0    0      2398  370    0 MIX2     4    2    1    3  370  371  372  373
    7    9    2    1    2    0    0    1    1    0      3569    6    1 MIX2     2  374
    7   10    2    1    8    0    0    1    1    0      6005    6    1 MIX2     3    1    4    2  375  376  377  378
    7   11    1    1    2    2    1    2    1    0      6776    2    1 MIX2     2  379
    7   12    2    1    8    0    0    2    1    1      1116    2    1 MIX2     1    4    3    2  380  381  382  383
    7   13    2    1    8    0    0    2    1    1      5839    4    1 MIX2     4    1    2    3  384  385  386  387
    7   14    1    1    2    2    1    2    0    1      8553  388    0 MIX2     3  388
    7   15    2    1    4    0    0    2    1    1      3628  391    0 MIX2     3    1  389  390
    7   16    2    1    4    0    0    1    1    0      3541    7    1 MIX2     2    1  392  393
    7   17    2    1    2    0    0    1    1    0      4139    6    1 MIX2     2  394
    7   18    2    1    4    0    0    1    1    0      2031  397    0 MIX2     4    3  395  396
    7   19    2    1    4    0    0    1    1    0      1590    8    1 MIX2     3    1  398  399
    7   20    2    1    2    0    0    2    1    1      1818    3    1 MIX2     4  400
    7   21    1    1    4    2    3    1    1    1      1306    1    1 MIX2     3    1  401  402
    7   22    1    1    4    4    1    2    0    1      3071  403    0 MIX2     1    4  403  404
    7   23    2    1    8    0    0    1    1    0      2567  409    0 MIX2     1    4    2    3  405  406  407  408
    7   24    2    1    4    0    0    2    1    1     18568    4    1 MIX2     4    2  410  411
    8    1    2    1    8    0    0    1    1    0      6068    7    1 MIX2     4    3    2    1  412  413  414  415
    8    2    2    1    2    0    0    2    1    1      3331  417    0 MIX2     1  416
    8    3    1    1    2    2    1    2    1    0      2689    4    1 MIX2     4  418
    8    4    2    1    8    0    0    2    1    1      2520  423    0 MIX2     3    1    4    2  419  420  421  422
    8    5    2    1    8    0    0    2    1    1      6326  428    0 MIX2     1    2    3    4  424  425  426  427
    8    6    1    1    4    3    2    1    1    1      3667    3    1 MIX2     4    3  429  430
    8    7    1    1    2    1    2    1    1    1      4020    1    1 MIX2     1  431
    8    8    1    1    4    3    2    1    0    0     10171  432    0 MIX2     2    3  432  433
    8    9    2    1    4    0    0    2    1    1      2221  436    0 MIX2     3    2  434  435
    8   10    1    1    4    1    4    1    0    0      9181  438    0 MIX2     1    3  437  438
    8   11    2    1    4    0    0    2    1    1      4789  441    0 MIX2     4    1  439  440
    8   12    1    1    4    1    4    1    1    1      3551    3    1 MIX2     4    3  442  443
    8   13    2    1    8    0    0    1    1    0      1012    6    1 MIX2     4    3    1    2  444  445  446  447
    8   14    1    1    2    2    1    2    1    0      2464    1    1 MIX2     1  448
    8   15    2    1    8    0    0    2    1    1      6656  453    0 MIX2     2    3    4    1  449  450  451  452
    8   16    2    1    4    0    0    1    1    0      3583  456    0 MIX2     4    3  454  455
    8   17    1    1    2    1    2    1    1    1      8674  457    0 MIX2     1  457
    8   18    1    1    8    7    2    2    0    1      5770  459    0 MIX2     3    2    1    4  458  459  460  461
    8   19    1    1    2    1    2    1    1    1      1096    1    1 MIX2     1  462
    8   20    2    1    8    0    0    1    1    0     14271    6    1 MIX2     1    4    2    3  463  464  465  466
    8   21    1    1    2    1    2    1    0    0      2776  467    0 MIX2     1  467
    8   22    1    1    2    2    1    1    1    1      7437    4    1 MIX2     4  468
    8   23    1    1    8    5    4    1    1    1      4151  469    0 MIX2     2    3    4    1  469  470  471  472
    8   24    1    1    8    8    1    2    1    0      5795    2    1 MIX2     2    1    4    3  473  474  475  476
    9    1    2    1    8    0    0    1    1    0      2978  481    0 MIX2     2    1    3    4  477  478  479  480
    9    2    1    1    8    1    8    2    0    1     23453  483    0 MIX2     3    4    2    1  482  483  484  485
    9    3    1    1    2    1    2    1    1    1      4088    2    1 MIX2     2  486
    9    4    1    1    4    1    4    2    1    0      1869    4    1 MIX2     4    3  487  488
    9    5    1    1    8    6    3    1    1    1      1092    4    1 MIX2     2    3    1    4  489  490  491  492
    9    6    1    1    8    2    7    1    0    0      6716  493    0 MIX2     3    2    1    4  493  494  495  496
    9    7    2    1    4    0    0    1    1    0      4184  499    0 MIX2     2    3  497  498
    9    8    1    1    4    4    1    1    0    0      7066  501    0 MIX2     3    4  500  501
    9    9    2    1    4    0    0    2    1    1      3416  504    0 MIX2     3    2  502  503
    9   10    1    1    4    3    2    2    1    0      6279  506    0 MIX2     1    4  505  506
    9   11    1    1    2    1    2    1    1    1       912  507    0 MIX2     4  507
    9   12    2    1    8    0    0    2    1    1     18174    2    1 MIX2     2    3    4    1  508  509  510  511
    9   13    2    1    8    0    0    2    1    1       779  516    0 MIX2     4    3    1    2  512  513  514  515
    9   14    2    1    4    0    0    2    1    1       997  519    0 MIX2     4    2  517  518
    9   15    1    1    8    2    7    1    0    0       719  523    0 MIX2     3    1    4    2  520  521  522  523
    9   16    1    1    4    2    3    2    0    1      1179  524    0 MIX2     1    3  524  525
    9   17    2    1    4    0    0    1    0    1        37    2    1 MIX2     4    1  526  527
    9   18    2    1    2    0    0    2    0    0       824  529    0 MIX2     2  528
    9   20    1    1    4    2    3    1    0    0       186    1    1 MIX2     1    4  532  533
    9   21    1    1    4    4    1    2    1    0       779  535    0 MIX2     4    2  534  535
    9   22    1    1    8    2    7    2    1    0       671  539    0 MIX2     4    1    3    2  536  537  538  539
    9   23    2    1    8    0    0    2    1    1       696  544    0 MIX2     2    3    4    1  540  541  542  543
    9   24    1    1    2    2    1    1    1    1       672  545    0 MIX2     2  545
