    1    1    2    1    8    0    0    2    1    1      6329    4    1 MIX2     2    3    1    4    9   10   11   12
    1    2    2    1    8    0    0    2    1    1      1578   17    0 MIX2     1    4    2    3   13   14   15   16
    1    3    2    1    4    0    0    2    1    1      1680    1    1 MIX2     3    1   18   19
    1    4    1    1    8    7    2    1    0    0      3212   20    0 MIX2     3    2    1    4   20   21   22   23
    1    5    2    1    4    0    0    1    1    0      8737   26    0 MIX2     4    2   24   25
    1    6    1    1    4    1    4    2    1    0      2939   27    0 MIX2     3    4   27   28
    1    7    2    1    8    0    0    2    1    1      1974    4    1 MIX2     4    3    1    2   29   30   31   32
    1    8    1    1    4    4    1    1    1    1      1295    4    1 MIX2     3    4   33   34
    1    9    2    1    4    0    0    2    1    1      1635    4    1 MIX2     1    3   35   36
    1   10    1    1    2    2    1    1    1    1      2468    1    1 MIX2     1   37
    1   11    1    1    4    2    3    1    1    1      1928    4    1 MIX2     4    3   38   39
    1   12    1    1    2    1    2    1    0    0      4748    4    1 MIX2     4   40
    1   13    1    1    8    3    6    1    1    1      1898   44    0 MIX2     1    3    4    2   41   42   43   44
    1   14    2    1    2    0    0    2    1    1      1841   46    0 MIX2     1   45
    1   15    1    1    4    4    1    2    1    0      2671   48    0 MIX2     3    1   47   48
    1   16    1    1    4    3    2    2    1    0      1051    3    1 MIX2     3    2   49   50
    1   17    1    1    2    1    2    1    1    1      1380    2    1 MIX2     2   51
    1   18    1    1    4    2    3    1    1    1      1509    2    1 MIX2     2    4   52   53
    1   19    1    1    2    2    1    2    1    0      1420   54    0 MIX2     2   54
    1   20    1    1    8    1    8    2    1    0      1475    2    1 MIX2     4    2    1    3   55   56   57   58
    1   21    2    1    2    0    0    2    1    1      2778   60    0 MIX2     3   59
    1   22    1    1    8    7    2    1    1    1      1659    2    1 MIX2     3    1    2    4   61   62   63   64
    1   23    1    1    8    2    7    2    1    0      1850    1    1 MIX2     3    1    4    2   65   66   67   68
    1   24    1    1    2    1    2    2    1    0      1235   69    0 MIX2     4   69
    2    1    1    1    2    1    2    2    1    0      1790    2    1 MIX2     2   70
    2    2    1    1    2    2    1    1    1    1      1081    3    1 MIX2     3   71
    2    3    2    1    8    0    0    1    1    0      1867   76    0 MIX2     3    4    1    2   72   73   74   75
    2    4    1    1    2    2    1    2    1    0       964    3    1 MIX2     3   77
    2    5    1    1    4    4    1    2    1    0      1156   78    0 MIX2     1    2   78   79
    2    6    1    1    4    3    2    1    1    1      1229   80    0 MIX2     3    4   80   81
    2    7    1    1    2    1    2    1    1    1      1823    3    1 MIX2     3   82
    2    8    1    1    2    1    2    2    1    0      1177    1    1 MIX2     1   83
    2    9    2    1    8    0    0    2    1    1      1704   88    0 MIX2     2    3    4    1   84   85   86   87
    2   10    1    1    4    2    3    1    1    1      2139   90    0 MIX2     1    2   89   90
    2   11    2    1    2    0    0    2    1    1      1352    1    1 MIX2     2   91
    2   12    2    1    4    0    0    2    1    1      1081   94    0 MIX2     4    2   92   93
    2   13    1    1    8    4    5    2    1    0      3007    2    1 MIX2     2    3    4    1   95   96   97   98
    2   14    1    1    2    2    1    2    1    0      1274    2    1 MIX2     2   99
    2   15    2    1    2    0    0    1    1    0      1691    8    1 MIX2     1  100
    2   16    1    1    8    3    6    1    1    1      1541    2    1 MIX2     3    1    2    4  101  102  103  104
    2   17    2    1    2    0    0    2    1    1      2298  106    0 MIX2     3  105
    2   18    1    1    8    8    1    2    1    0      1549    2    1 MIX2     2    3    4    1  107  108  109  110
    2   19    1    1    2    2    1    1    1    1      1313    3    1 MIX2     3  111
    2   20    2    1    4    0    0    2    1    1      1108    2    1 MIX2     3    1  112  113
    2   21    1    1    8    6    3    1    1    1      1417  115    0 MIX2     2    1    3    4  114  115  116  117
    2   22    2    1    4    0    0    2    1    1      1608    1    1 MIX2     4    3  118  119
    2   23    1    1    8    2    7    1    1    1      1398  121    0 MIX2     3    4    1    2  120  121  122  123
    2   24    2    1    8    0    0    1    1    0      1741  128    0 MIX2     1    3    2    4  124  125  126  127
    3    1    2    1    8    0    0    2    1    1      1566  133    0 MIX2     3    4    2    1  129  130  131  132
    3    2    2    1    4    0    0    2    1    1       951  136    0 MIX2     2    1  134  135
    3    3    2    1    8    0    0    2    0    0      2416    5    1 MIX2     4    1    3    2  137  138  139  140
    3    4    2    1    8    0    0    2    1    1      5855    2    1 MIX2     4    2    1    3  141  142  143  144
    3    5    1    1    2    2    1    1    1    1       905  145    0 MIX2     4  145
    3    6    1    1    8    2    7    1    1    1      1219    4    1 MIX2     1    3    2    4  146  147  148  149
    3    7    1    1    2    1    2    1    1    1      1094  150    0 MIX2     2  150
    3    8    1    1    8    5    4    2    1    0      1402    1    1 MIX2     4    1    2    3  151  152  153  154
    3    9    1    1    4    1    4    1    1    1      1224    1    1 MIX2     4    1  155  156
    3   10    1    1    4    1    4    1    1    1      1166  157    0 MIX2     3    2  157  158
    3   11    1    1    2    2    1    2    1    0       995  159    0 MIX2     1  159
    3   12    1    1    2    2    1    2    1    0      1342    1    1 MIX2     1  160
    3   13    2    1    2    0    0    2    1    1      2058  162    0 MIX2     4  161
    3   14    1    1    2    1    2    2    1    0      1738  163    0 MIX2     1  163
    3   15    1    1    2    1    2    2    1    0      1384    2    1 MIX2     2  164
    3   16    1    1    2    1    2    1    1    1      1380    2    1 MIX2     2  165
    3   17    2    1    8    0    0    1    1    0      1676    5    1 MIX2     3    1    4    2  166  167  168  169
    3   18    2    1    4    0    0    1    1    0      1327  172    0 MIX2     4    1  170  171
    3   19    2    1    4    0    0    2    1    1      1200    4    1 MIX2     1    4  173  174
    3   20    1    1    2    1    2    1    1    1      1171  175    0 MIX2     2  175
    3   21    1    1    2    1    2    1    1    1      1271  176    0 MIX2     1  176
    3   22    2    1    2    0    0    2    1    1      1095    3    1 MIX2     4  177
    3   23    2    1    2    0    0    1    1    0      1149  179    0 MIX2     2  178
    3   24    1    1    2    1    2    2    1    0      1106  180    0 MIX2     3  180
    4    1    2    1    2    0    0    2    1    1      1698  182    0 MIX2     1  181
    4    2    2    1    4    0    0    1    1    0      1397    5    1 MIX2     1    3  183  184
    4    3    1    1    8    7    2    2    1    0      1276    4    1 MIX2     2    3    4    1  185  186  187  188
    4    4    2    1    4    0    0    1    0    1      1712    2    1 MIX2     4    1  189  190
    4    5    2    1    2    0    0    1    1    0      1084  192    0 MIX2     3  191
    4    6    2    1    4    0    0    2    1    1       968    4    1 MIX2     3    2  193  194
    4    7    1    1    8    5    4    2    1    0      1890    3    1 MIX2     4    2    3    1  195  196  197  198
    4    8    2    1    4    0    0    1    1    0      1052  201    0 MIX2     3    4  199  200
    4    9    1    1    4    4    1    2    1    0      1322  203    0 MIX2     2    3  202  203
    4   10    1    1    2    1    2    1    1    1      2280  204    0 MIX2     2  204
    4   11    1    1    2    2    1    1    1    1      1087    4    1 MIX2     4  205
    4   12    2    1    2    0    0    1    1    0      3142    7    1 MIX2     1  206
    4   13    2    1    4    0    0    1    1    0      1248    8    1 MIX2     1    2  207  208
    4   14    1    1    8    5    4    2    1    0      1421  210    0 MIX2     3    2    4    1  209  210  211  212
    4   15    2    1    2    0    0    1    1    0       998  214    0 MIX2     2  213
    4   16    2    1    8    0    0    2    1    1      4541    1    1 MIX2     1    4    3    2  215  216  217  218
    4   17    1    1    4    1    4    1    1    1      2334    4    1 MIX2     1    4  219  220
    4   18    2    1    8    0    0    2    1    1      1263  225    0 MIX2     3    2    1    4  221  222  223  224
    4   19    1    1    2    1    2    2    1    0      2015    4    1 MIX2     4  226
    4   20    2    1    8    0    0    2    1    1      1309  231    0 MIX2     1    4    2    3  227  228  229  230
    4   21    1    1    2    2    1    2    1    0      1500    2    1 MIX2     2  232
    4   22    2    1    4    0    0    2    1    1      1127    4    1 MIX2     3    1  233  234
    4   23    2    1    8    0    0    2    1    1      1815  239    0 MIX2     1    2    3    4  235  236  237  238
    4   24    2    1    4    0    0    2    1    1      1188  242    0 MIX2     4    2  240  241
    5    1    2    1    2    0    0    1    1    0      1711  244    0 MIX2     1  243
    5    2    1    1    4    4    1    1    1    1       977  245    0 MIX2     3    4  245  246
    5    3    2    1    8    0    0    2    1    1      2313  251    0 MIX2     2    1    3    4  247  248  249  250
    5    4    2    1    4    0    0    2    1    1      1076  254    0 MIX2     2    1  252  253
    5    5    1    1    2    2    1    2    1    0      1292    3    1 MIX2     3  255
    5    6    1    1    8    1    8    1    1    1      1465    4    1 MIX2     2    3    4    1  256  257  258  259
    5    7    2    1    4    0    0    2    1    1      3924  262    0 MIX2     2    1  260  261
    5    8    1    1    8    5    4    2    1    0      1288    3    1 MIX2     3    1    4    2  263  264  265  266
    5    9    2    1    4    0    0    1    1    0      1195  269    0 MIX2     3    1  267  268
    5   10    2    1    8    0    0    1    1    0      1516    7    1 MIX2     2    4    1    3  270  271  272  273
    5   11    2    1    8    0    0    2    1    1      1406    3    1 MIX2     2    4    1    3  274  275  276  277
    5   12    2    1    8    0    0    2    0    0      1655    6    1 MIX2     2    1    3    4  278  279  280  281
    5   13    1    1    2    1    2    1    1    1      1016    4    1 MIX2     4  282
    5   14    2    1    4    0    0    2    1    1      1061  285    0 MIX2     1    4  283  284
    5   15    2    1    4    0    0    2    0    0      1762    5    1 MIX2     4    3  286  287
    5   16    1    1    8    4    5    2    1    0      1115  289    0 MIX2     4    1    3    2  288  289  290  291
    5   17    2    1    4    0    0    1    1    0      1126  294    0 MIX2     4    2  292  293
    5   18    1    1    2    1    2    1    1    1      1083  295    0 MIX2     2  295
    5   19    2    1    2    0    0    1    1    0      3458    5    1 MIX2     4  296
    5   20    2    1    8    0    0    1    1    0      4120  301    0 MIX2     3    4    2    1  297  298  299  300
    5   21    2    1    8    0    0    2    1    1      1363  306    0 MIX2     1    4    3    2  302  303  304  305
    5   22    1    1    8    2    7    2    1    0      1899  307    0 MIX2     1    4    2    3  307  308  309  310
    5   23    2    1    2    0    0    1    1    0       802  312    0 MIX2     1  311
    5   24    1    1    4    4    1    1    1    1      1352    3    1 MIX2     2    3  313  314
    6    1    2    1    4    0    0    1    1    0      1798  317    0 MIX2     4    2  315  316
    6    2    1    1    2    1    2    1    1    1      1376  318    0 MIX2     2  318
    6    3    1    1    4    2    3    2    1    0      3297    2    1 MIX2     2    3  319  320
    6    4    1    1    4    3    2    2    1    0      1219  321    0 MIX2     3    1  321  322
    6    5    2    1    2    0    0    2    1    1      1621    1    1 MIX2     3  323
    6    6    2    1    4    0    0    1    1    0      1867    8    1 MIX2     4    3  324  325
    6    7    1    1    8    1    8    2    1    0      1055    4    1 MIX2     3    1    4    2  326  327  328  329
    6    8    2    1    8    0    0    2    1    1      1301    4    1 MIX2     1    3    2    4  330  331  332  333
    6    9    2    1    4    0    0    1    1    0      1192    5    1 MIX2     4    3  334  335
    6   10    1    1    8    3    6    1    1    1      1496  336    0 MIX2     3    2    1    4  336  337  338  339
    6   11    2    1    4    0    0    2    1    1      1202    4    1 MIX2     3    2  340  341
    6   12    2    1    4    0    0    2    1    1      1384  344    0 MIX2     3    1  342  343
    6   13    2    1    2    0    0    2    1    1      1891  346    0 MIX2     2  345
    6   14    2    1    2    0    0    1    1    0      1385  348    0 MIX2     4  347
    6   15    2    1    8    0    0    2    1    1      1793  353    0 MIX2     3    4    1    2  349  350  351  352
    6   16    1    1    2    2    1    2    1    0      1595  354    0 MIX2     1  354
    6   17    2    1    2    0    0    1    1    0      1899  356    0 MIX2     1  355
    6   18    1    1    8    5    4    1    1    1      1391    2    1 MIX2     1    4    2    3  357  358  359  360
    6   19    1    1    2    1    2    2    1    0      1130    2    1 MIX2     2  361
    6   20    1    1    8    3    6    2    0    1      3051  362    0 MIX2     3    2    4    1  362  363  364  365
    6   21    1    1    2    1    2    1    1    1      1108  366    0 MIX2     4  366
    6   22    1    1    8    5    4    1    1    1      1064  369    0 MIX2     3    4    2    1  367  368  369  370
    6   23    2    1    8    0    0    1    1    0      1677    7    1 MIX2     1    3    4    2  371  372  373  374
    6   24    1    1    2    2    1    1    1    1      1389    2    1 MIX2     2  375
    7    1    2    1    2    0    0    2    1    1      1882  377    0 MIX2     1  376
    7    2    2    1    4    0    0    1    1    0      1958    7    1 MIX2     3    4  378  379
    7    3    2    1    2    0    0    2    1    1      1770  381    0 MIX2     2  380
    7    4    1    1    4    2    3    1    1    1      1850    2    1 MIX2     4    2  382  383
    7    5    1    1    4    1    4    1    1    1      1238  385    0 MIX2     1    3  384  385
    7    6    1    1    4    3    2    2    1    0      1197  386    0 MIX2     4    2  386  387
    7    7    1    1    4    2    3    2    1    0      1332    4    1 MIX2     1    4  388  389
    7    8    2    1    2    0    0    2    1    1      1776  391    0 MIX2     3  390
    7    9    2    1    4    0    0    1    1    0      1120  394    0 MIX2     3    4  392  393
    7   10    2    1    8    0    0    2    1    1      1330  399    0 MIX2     4    3    2    1  395  396  397  398
    7   11    1    1    2    2    1    2    1    0      1072  400    0 MIX2     1  400
    7   12    1    1    8    6    3    1    1    1      1797    3    1 MIX2     3    4    1    2  401  402  403  404
    7   13    1    1    4    4    1    2    1    0      1604  405    0 MIX2     2    3  405  406
    7   14    1    1    8    6    3    2    1    0      1188    3    1 MIX2     1    2    3    4  407  408  409  410
    7   15    1    1    4    4    1    1    1    1      1228    3    1 MIX2     3    2  411  412
    7   16    1    1    4    1    4    1    1    1      1394  413    0 MIX2     2    3  413  414
    7   17    1    1    8    1    8    1    1    1      1178  417    0 MIX2     3    1    4    2  415  416  417  418
    7   18    2    1    4    0    0    1    1    0      1538    7    1 MIX2     2    1  419  420
    7   19    2    1    8    0    0    2    1    1      1445  425    0 MIX2     2    1    4    3  421  422  423  424
    7   20    1    1    2    2    1    2    1    0      1182  426    0 MIX2     1  426
    7   21    2    1    8    0    0    2    1    1      1885  431    0 MIX2     1    3    4    2  427  428  429  430
    7   22    2    1    2    0    0    2    1    1      1635  433    0 MIX2     1  432
    7   23    1    1    8    3    6    2    1    0      1825  435    0 MIX2     2    3    4    1  434  435  436  437
    7   24    2    1    4    0    0    1    1    0      1616    8    1 MIX2     2    1  438  439
    8    1    1    1    4    1    4    2    1    0      1464    1    1 MIX2     1    4  440  441
    8    2    2    1    4    0    0    2    1    1      1107  444    0 MIX2     1    4  442  443
    8    3    1    1    2    1    2    2    1    0      1034    3    1 MIX2     3  445
    8    4    2    1    8    0    0    2    1    1      1220    4    1 MIX2     3    2    1    4  446  447  448  449
    8    5    1    1    8    7    2    2    1    0      1098  452    0 MIX2     4    2    1    3  450  451  452  453
    8    6    2    1    4    0    0    2    1    1      1557  456    0 MIX2     1    4  454  455
    8    7    2    1    2    0    0    1    1    0      3961    5    1 MIX2     4  457
    8    8    2    1    8    0    0    1    1    0      1449    6    1 MIX2     2    4    1    3  458  459  460  461
    8    9    2    1    2    0    0    2    1    1      1011    2    1 MIX2     1  462
    8   10    1    1    8    3    6    1    1    1      1354  466    0 MIX2     1    2    3    4  463  464  465  466
    8   11    1    1    2    2    1    1    1    1       855  467    0 MIX2     4  467
    8   12    1    1    4    4    1    2    1    0      1436  469    0 MIX2     3    2  468  469
    8   13    1    1    8    6    3    2    1    0      1314    2    1 MIX2     2    1    4    3  470  471  472  473
    8   14    1    1    8    2    7    1    1    1      1196    4    1 MIX2     2    4    3    1  474  475  476  477
    8   15    1    1    4    2    3    1    1    1       915  479    0 MIX2     3    4  478  479
    8   16    1    1    8    1    8    2    1    0      1150  481    0 MIX2     1    4    2    3  480  481  482  483
    8   17    2    1    2    0    0    1    1    0      1585  485    0 MIX2     3  484
    8   18    1    1    8    6    3    1    1    1      1106  486    0 MIX2     1    4    2    3  486  487  488  489
    8   19    2    1    8    0    0    2    1    1      1046  494    0 MIX2     2    3    1    4  490  491  492  493
    8   20    2    1    4    0    0    1    1    0      4835    6    1 MIX2     2    4  495  496
    8   21    1    1    4    3    2    2    1    0      1273    1    1 MIX2     1    2  497  498
    8   22    2    1    8    0    0    2    1    1      2325    3    1 MIX2     1    4    2    3  499  500  501  502
    8   23    1    1    2    1    2    1    1    1       842  503    0 MIX2     3  503
    8   24    2    1    8    0    0    1    1    0      1178    5    1 MIX2     3    4    2    1  504  505  506  507
    9    1    2    1    4    0    0    1    1    0      1122  510    0 MIX2     3    1  508  509
    9    2    2    1    4    0    0    1    1    0       924    5    1 MIX2     3    4  511  512
    9    3    2    1    8    0    0    2    1    1      1287    2    1 MIX2     4    3    1    2  513  514  515  516
    9    4    2    1    8    0    0    1    1    0      1170  521    0 MIX2     3    2    1    4  517  518  519  520
    9    5    2    1    4    0    0    1    1    0      2218  524    0 MIX2     4    2  522  523
    9    6    1    1    8    5    4    1    1    1      1345    3    1 MIX2     2    4    1    3  525  526  527  528
    9    7    1    1    4    4    1    2    1    0      1153  529    0 MIX2     1    3  529  530
    9    8    2    1    4    0    0    2    1    1      1082    4    1 MIX2     1    3  531  532
    9    9    1    1    2    1    2    2    1    0      1378  533    0 MIX2     3  533
    9   10    2    1    2    0    0    1    1    0       958    6    1 MIX2     2  534
    9   11    1    1    8    4    5    1    1    1      1206    2    1 MIX2     3    1    4    2  535  536  537  538
    9   12    1    1    2    2    1    2    1    0       985    4    1 MIX2     4  539
    9   13    1    1    2    1    2    1    1    1       980    3    1 MIX2     3  540
    9   14    2    1    8    0    0    2    1    1       939  545    0 MIX2     4    3    1    2  541  542  543  544
    9   15    1    1    2    2    1    1    1    1       889  546    0 MIX2     2  546
    9   16    1    1    8    7    2    1    1    1      1142    1    1 MIX2     3    1    4    2  547  548  549  550
    9   17    1    1    2    2    1    2    1    0       908  551    0 MIX2     2  551
    9   18    2    1    2    0    0    2    1    1      1466    2    1 MIX2     2  552
    9   19    1    1    2    2    1    2    1    0      1474  553    0 MIX2     2  553
    9   20    1    1    8    5    4    2    1    0      2312  557    0 MIX2     4    3    2    1  554  555  556  557
    9   21    1    1    4    1    4    1    1    1       995    3    1 MIX2     2    3  558  559
    9   22    2    1    4    0    0    2    1    1       846  562    0 MIX2     4    1  560  561
    9   23    1    1    8    7    2    1    1    1      1261  564    0 MIX2     1    3    4    2  563  564  565  566
    9   24    1    1    8    2    7    1    1    1       889  569    0 MIX2     3    4    1    2  567  568  569  570
