    1    1    2    1    4    0    0    2    1    1      4670    2    1 MIX2     8    9   10    5
    1    2    1    1    4    1    4    2    1    0      1403   11    0 MIX2    11    3   12    1
    1    3    1    1    2    1    2    2    1    0      1110    3    1 MIX2     3   13
    1    4    2    1    2    0    0    2    1    1      1292    3    1 MIX2     6   14
    1    5    2    1    8    0    0    1    1    0       938   19    0 MIX2    18   17   15   16    3    4    1    2
    1    6    2    1    8    0    0    1    0    1      1044   24    0 MIX2     5   23   22   21    6    7    8   20
    1    7    2    1    8    0    0    2    1    1       921   29    0 MIX2     8   25    5   27    7   26   28    6
    1    8    1    1    4    4    1    1    1    1       700    5    1 MIX2    30    6   31    5
    1    9    1    1    4    4    1    1    1    1       617   33    0 MIX2     6    5   32   33
    1   10    1    1    2    2    1    2    1    0      1011   34    0 MIX2     4   34
    1   11    1    1    2    2    1    2    1    0       638   35    0 MIX2     1   35
    1   12    2    1    4    0    0    2    1    1      1036   38    0 MIX2    36    7    6   37
    1   13    2    1    4    0    0    1    1    0      1002   41    0 MIX2     4   39   40    3
    1   14    1    1    8    8    1    2    1    0       979    1    1 MIX2    42    4   44   43    3    2   45    1
    1   15    1    1    2    1    2    1    1    1       832   46    0 MIX2    46    8
    1   16    2    1    8    0    0    2    0    0      1263    8    1 MIX2     1   48    3    4   47    2   50   49
    1   17    1    1    2    2    1    2    1    0       928    1    1 MIX2    51    1
    1   18    1    1    8    5    4    1    1    1       813   55    0 MIX2     7   53    8   54   55    5   52    6
    1   19    1    1    8    2    7    1    1    1      1119   58    0 MIX2    59   58    6    5    8    7   57   56
    1   20    2    1    4    0    0    2    1    1       938    3    1 MIX2     6    7   60   61
    1   21    1    1    4    1    4    2    1    0      1132   63    0 MIX2    63   62    3    2
    1   22    1    1    4    1    4    1    1    1       759   65    0 MIX2    65    5    7   64
    1   23    2    1    8    0    0    1    1    0      2298    7    1 MIX2     1    2   66    3   69   67    4   68
    1   24    2    1    8    0    0    1    1    0      1295    5    1 MIX2    71   70   73    3    4   72    2    1
    2    1    1    1    4    4    1    1    1    1       673   75    0 MIX2    74    8    7   75
    2    2    1    1    4    2    3    1    1    1       766    5    1 MIX2     8    5   76   77
    2    3    2    1    2    0    0    2    1    1       834   79    0 MIX2    78    7
    2    4    2    1    4    0    0    2    1    1      1386    4    1 MIX2    80   81    7    5
    2    5    1    1    8    1    8    2    0    1      1139   84    0 MIX2    84   85    8    6   83    7    5   82
    2    6    2    1    2    0    0    1    1    0      1208    5    1 MIX2     2   86
    2    7    1    1    2    2    1    1    1    1      1052   87    0 MIX2     6   87
    2    8    2    1    2    0    0    1    1    0      1349   89    0 MIX2    88    1
    2    9    2    1    8    0    0    1    1    0      1231   94    0 MIX2     4   93    1   90    3   92   91    2
    2   10    2    1    2    0    0    1    1    0       880   96    0 MIX2     3   95
    2   11    2    1    4    0    0    1    1    0       981    7    1 MIX2     1   97    2   98
    2   12    2    1    2    0    0    2    1    1      1153    3    1 MIX2    99    5
    2   13    2    1    2    0    0    2    1    1      1014    3    1 MIX2   100    8
    2   14    1    1    2    1    2    1    0    0      1600    3    1 MIX2     3  101
    2   15    1    1    2    2    1    2    1    0      1043  102    0 MIX2     3  102
    2   16    1    1    8    1    8    1    0    0      1067    1    1 MIX2     1  104    3    2  103  106    4  105
    2   17    1    1    2    1    2    2    1    0       691  107    0 MIX2   107    1
    2   18    2    1    2    0    0    1    1    0       747    7    1 MIX2   108    2
    2   19    1    1    4    2    3    1    1    1       837  109    0 MIX2     7  109    6  110
    2   20    1    1    8    6    3    2    1    0       885    3    1 MIX2   112  114  113    2  111    3    4    1
    2   21    2    1    8    0    0    2    0    0      1313  119    0 MIX2     2  115  116  117    4  118    3    1
    2   22    1    1    4    2    3    1    1    1      1012    8    1 MIX2   121    8    6  120
    2   23    1    1    4    3    2    2    1    0       884    2    1 MIX2     1  123    2  122
    2   24    1    1    4    3    2    1    1    1       904    8    1 MIX2     7  124    8  125
    3    1    2    1    2    0    0    1    1    0       878  127    0 MIX2   126    2
    3    2    1    1    2    1    2    1    1    1       767  128    0 MIX2   128    8
    3    3    1    1    8    5    4    1    0    0      1056    2    1 MIX2     1  131    3    4    2  129  130  132
    3    4    2    1    8    0    0    1    1    0      1016    8    1 MIX2     3    4    2  134  133  136    1  135
    3    5    1    1    8    5    4    1    1    1      2641  140    0 MIX2   138    8  139    6  140    7  137    5
    3    6    1    1    2    1    2    1    1    1       762  141    0 MIX2   141    6
    3    7    1    1    4    2    3    1    1    1       948    5    1 MIX2     6    5  143  142
    3    8    1    1    2    1    2    2    1    0      1026    4    1 MIX2     4  144
    3    9    1    1    4    2    3    1    1    1      1154    6    1 MIX2   145    6    8  146
    3   10    2    1    4    0    0    2    1    1      1052    1    1 MIX2   147    7  148    5
    3   11    1    1    4    3    2    2    1    0       810    3    1 MIX2   150    4    3  149
    3   12    2    1    2    0    0    2    1    1       781    2    1 MIX2   151    8
    3   13    2    1    2    0    0    2    1    1      1970    1    1 MIX2     7  152
    3   14    2    1    8    0    0    2    1    1      1284  157    0 MIX2   156    5    8    7  153  154    6  155
    3   15    2    1    4    0    0    1    1    0      1081    6    1 MIX2     4  158    1  159
    3   16    1    1    8    4    5    1    1    1       895    8    1 MIX2   161  162    5    8  160    7    6  163
    3   17    2    1    8    0    0    2    1    1       924  168    0 MIX2   166  164  167    8    5  165    6    7
    3   18    2    1    2    0    0    2    1    1      1035  170    0 MIX2   169    5
    3   19    1    1    2    2    1    2    1    0       853    1    1 MIX2   171    1
    3   20    1    1    8    2    7    1    1    1      1540  174    0 MIX2   172  174    6    7  175    5  173    8
    3   21    2    1    4    0    0    2    1    1       862  178    0 MIX2     7    5  176  177
    3   22    1    1    4    2    3    2    1    0       900    1    1 MIX2   179    1  180    4
    3   23    2    1    8    0    0    1    1    0      1267    8    1 MIX2     4    2  183    3    1  181  182  184
    3   24    2    1    8    0    0    2    1    1       848    2    1 MIX2     6    5  187  185    8  188  186    7
    4    1    1    1    2    1    2    1    1    1       660    7    1 MIX2     7  189
    4    2    1    1    8    3    6    2    1    0       972  193    0 MIX2     2    1  193  191  190    4    3  192
    4    3    1    1    8    4    5    2    1    0       759    3    1 MIX2   194    4    1    3  195    2  196  197
    4    4    1    1    2    1    2    1    1    1       780  198    0 MIX2   198    5
    4    5    2    1    2    0    0    2    1    1       912    2    1 MIX2   199    8
    4    6    2    1    4    0    0    2    1    1       803  202    0 MIX2   200  201    5    7
    4    7    2    1    4    0    0    1    1    0      1115    6    1 MIX2     4  203    1  204
    4    8    2    1    2    0    0    1    1    0       674  206    0 MIX2     2  205
    4    9    1    1    2    2    1    1    1    1       986    8    1 MIX2   207    8
    4   10    1    1    2    2    1    1    1    1       999  208    0 MIX2     6  208
    4   11    2    1    4    0    0    1    1    0      1207    6    1 MIX2   210    3  209    2
    4   12    1    1    8    7    2    1    1    1       905    6    1 MIX2   211  213    7  214  212    5    6    8
    4   13    2    1    4    0    0    2    1    1       748  217    0 MIX2   216    5    7  215
    4   14    1    1    2    1    2    2    1    0       769  218    0 MIX2   218    3
    4   15    2    1    8    0    0    1    1    0       739  223    0 MIX2     4  220  221  219    1  222    3    2
    4   16    2    1    4    0    0    2    1    1       717  226    0 MIX2     7  225  224    8
    4   17    2    1    8    0    0    1    1    0       799  231    0 MIX2   228    4  229  230    2  227    3    1
    4   18    2    1    8    0    0    1    1    0       721  236    0 MIX2     2  235  232    1  233  234    3    4
    4   19    1    1    8    5    4    2    0    1      2518  239    0 MIX2   237  240    5    6  239  238    7    8
    4   20    1    1    8    5    4    1    1    1      1074    5    1 MIX2   244  242    6    7    5    8  243  241
    4   21    1    1    4    3    2    1    1    1       911    8    1 MIX2   246  245    8    6
    4   22    2    1    2    0    0    2    1    1       590    2    1 MIX2     5  247
    4   23    2    1    2    0    0    1    1    0       667    7    1 MIX2     2  248
    4   24    1    1    4    2    3    1    0    0       920    1    1 MIX2     2    1  249  250
    5    1    1    1    4    3    2    2    1    0      1097  252    0 MIX2   251    3  252    2
    5    2    1    1    4    2    3    1    1    1       980  253    0 MIX2   254  253    8    7
    5    3    2    1    2    0    0    1    1    0      1488    7    1 MIX2   255    4
    5    4    2    1    8    0    0    2    1    1      1620  260    0 MIX2   259    6    5  256    8  258  257    7
    5    5    1    1    2    2    1    1    1    1       839    6    1 MIX2   261    6
    5    6    2    1    8    0    0    1    1    0      3223    5    1 MIX2   264  262    2  265    1    4    3  263
    5    7    2    1    8    0    0    1    1    0      1366    6    1 MIX2     3    2  269  267  268  266    4    1
    5    8    2    1    2    0    0    1    1    0      1411    5    1 MIX2     1  270
    5    9    1    1    8    8    1    1    1    1       941    8    1 MIX2     5  271  274    7    6  273  272    8
    5   10    2    1    2    0    0    1    1    0       875    8    1 MIX2     3  275
    5   11    1    1    4    1    4    2    1    0      1488  276    0 MIX2   276    2  277    3
    5   12    1    1    2    1    2    1    1    1       935    6    1 MIX2     6  278
    5   13    1    1    2    2    1    2    1    0      1237    2    1 MIX2   279    2
    5   14    1    1    8    8    1    1    1    1       821  283    0 MIX2     5  282    6  280    7    8  281  283
    5   15    1    1    4    1    4    1    1    1      1533    8    1 MIX2     8  284    7  285
    5   16    2    1    4    0    0    1    1    0      3319  288    0 MIX2     3  286    4  287
    5   17    1    1    4    1    4    1    1    1      1051  290    0 MIX2   290    5  289    7
    5   18    2    1    8    0    0    1    1    0      1202  295    0 MIX2   291    1  293    3  292    4  294    2
    5   19    2    1    2    0    0    1    1    0      1157    6    1 MIX2     3  296
    5   20    2    1    2    0    0    1    1    0       986  298    0 MIX2     1  297
    5   21    1    1    2    2    1    1    1    1       775  299    0 MIX2     6  299
    5   22    1    1    2    2    1    2    1    0       891    3    1 MIX2   300    3
    5   23    2    1    4    0    0    2    1    1      1919    3    1 MIX2     6    5  302  301
    5   24    1    1    8    8    1    1    1    1      1235    5    1 MIX2   303    6  305  306  304    8    7    5
    6    1    2    1    2    0    0    1    1    0      1386    7    1 MIX2     3  307
    6    2    2    1    4    0    0    1    1    0      1802  310    0 MIX2     3  308    1  309
    6    3    1    1    2    1    2    1    1    1      1734  311    0 MIX2   311    7
    6    4    2    1    8    0    0    1    1    0      1393  316    0 MIX2   312    1    4  314  313    2    3  315
    6    5    2    1    8    0    0    2    1    1       891  321    0 MIX2     8  317  320    5  318    6    7  319
    6    6    2    1    2    0    0    1    1    0       619    6    1 MIX2   322    4
    6    7    2    1    8    0    0    1    1    0      1155    8    1 MIX2     3    2  325  326    1  324  323    4
    6    8    2    1    2    0    0    1    1    0       665  328    0 MIX2   327    1
    6    9    1    1    4    4    1    1    1    1       790    8    1 MIX2   329    7  330    8
    6   10    2    1    4    0    0    1    1    0      1182  333    0 MIX2     3  332  331    1
    6   11    1    1    2    2    1    2    1    0      1010    3    1 MIX2   334    3
    6   12    2    1    2    0    0    1    1    0      2109  336    0 MIX2   335    3
    6   13    1    1    4    1    4    2    1    0      1152  338    0 MIX2   338  337    3    1
    6   14    2    1    2    0    0    2    1    1      2213  340    0 MIX2     6  339
    6   15    1    1    2    1    2    2    1    0       848    2    1 MIX2     2  341
    6   16    1    1    8    7    2    2    1    0       879  345    0 MIX2   344  342  343    4    2    1  345    3
    6   17    2    1    8    0    0    2    0    0      2143    7    1 MIX2     4    3  349  347  346    1  348    2
    6   18    1    1    2    2    1    2    1    0       701  350    0 MIX2     4  350
    6   19    2    1    4    0    0    1    1    0       905    7    1 MIX2   352    2  351    3
    6   20    2    1    4    0    0    2    1    1       844  355    0 MIX2     5  353    8  354
    6   21    1    1    8    2    7    2    1    0      1181  359    0 MIX2   356  359  358    3    1    2  357    4
    6   22    1    1    8    6    3    2    1    0       991    3    1 MIX2     4  363    2  361  360    3    1  362
    6   23    1    1    2    1    2    1    1    1      1371    5    1 MIX2     5  364
    6   24    1    1    8    3    6    2    1    0       998  367    0 MIX2     2    4  367  365  366    1  368    3
    7    1    1    1    2    1    2    2    1    0       835  369    0 MIX2   369    2
    7    2    2    1    8    0    0    1    1    0       739  374    0 MIX2   371  373    2  370    4    1  372    3
    7    3    2    1    4    0    0    1    1    0      1052  377    0 MIX2     3  375  376    2
    7    4    1    1    8    3    6    2    1    0      1251  380    0 MIX2     1    2  380  381    3    4  378  379
    7    5    1    1    4    3    2    1    0    0       840    4    1 MIX2     2  382    4  383
    7    6    1    1    2    1    2    2    1    0      1001    1    1 MIX2     1  384
    7    7    1    1    4    1    4    1    0    0      1274    3    1 MIX2     3  386  385    4
    7    8    2    1    8    0    0    1    0    1       937    3    1 MIX2   390    7  388  389    6  387    8    5
    7    9    2    1    4    0    0    1    1    0       907  393    0 MIX2   392    2  391    1
    7   10    1    1    4    3    2    2    1    0      1198  395    0 MIX2     1  394  395    3
    7   11    2    1    4    0    0    1    1    0      1141  398    0 MIX2     3  396    2  397
    7   12    2    1    4    0    0    1    1    0      1327    8    1 MIX2   400    3    1  399
    7   13    1    1    2    1    2    2    1    0      1070  401    0 MIX2   401    4
    7   14    1    1    8    2    7    2    0    1      1877    8    1 MIX2   405    8  402    6    7    5  403  404
    7   15    1    1    4    4    1    1    1    1      1010  407    0 MIX2   406    8    7  407
    7   16    1    1    4    1    4    1    1    1       962    7    1 MIX2     7  408    6  409
    7   17    2    1    4    0    0    2    1    1      1043    4    1 MIX2     6    8  411  410
    7   18    1    1    2    1    2    2    1    0       716    1    1 MIX2     1  412
    7   19    1    1    2    1    2    1    1    1      1155  413    0 MIX2   413    8
    7   20    2    1    2    0    0    1    1    0       969    8    1 MIX2     4  414
    7   21    1    1    2    1    2    2    1    0      1062    3    1 MIX2     3  415
    7   22    2    1    4    0    0    2    1    1       964    2    1 MIX2     6  416  417    5
    7   23    1    1    2    2    1    1    1    1       818    7    1 MIX2   418    7
    7   24    2    1    8    0    0    2    1    1      1106  423    0 MIX2     7    6    5  421  422  419    8  420
    8    1    1    1    2    1    2    1    1    1       691    5    1 MIX2     5  424
    8    2    2    1    2    0    0    1    1    0      1739    7    1 MIX2     3  425
    8    3    1    1    2    2    1    2    1    0      1482  426    0 MIX2     4  426
    8    4    1    1    2    1    2    1    0    0       849    3    1 MIX2     3  427
    8    5    2    1    2    0    0    1    1    0       801  429    0 MIX2     3  428
    8    6    2    1    8    0    0    1    1    0      1603  434    0 MIX2   431    4  430    3  432    1    2  433
    8    7    1    1    4    1    4    2    1    0      1259  435    0 MIX2   435    1  436    4
    8    8    2    1    2    0    0    2    1    1       940    4    1 MIX2   437    5
    8    9    2    1    2    0    0    2    1    1       762  439    0 MIX2     6  438
    8   10    1    1    2    1    2    1    1    1      1087    7    1 MIX2     7  440
    8   11    1    1    4    2    3    1    1    1       988    7    1 MIX2     6    7  442  441
    8   12    2    1    8    0    0    2    0    0      1623    5    1 MIX2     3    2  444  443    4  446  445    1
    8   13    2    1    2    0    0    2    1    1      1305    4    1 MIX2     8  447
    8   14    2    1    4    0    0    2    1    1      1261    3    1 MIX2   448    5  449    6
    8   15    2    1    2    0    0    2    1    1       781  451    0 MIX2   450    6
    8   16    2    1    8    0    0    2    1    1       575  456    0 MIX2     6  453  455    8    7  454  452    5
    8   17    2    1    2    0    0    1    1    0      1211  458    0 MIX2     1  457
    8   18    1    1    8    4    5    2    1    0      1084  459    0 MIX2   461  460    3  459    1  462    2    4
    8   19    2    1    2    0    0    1    1    0      1028  464    0 MIX2   463    2
    8   20    2    1    4    0    0    2    1    1       995    4    1 MIX2   466    7  465    6
    8   21    1    1    8    5    4    1    1    1      2862  468    0 MIX2     6    5    7  467  468  470    8  469
    8   22    1    1    2    2    1    1    1    1       687  471    0 MIX2     7  471
    8   23    1    1    2    1    2    1    1    1       664  472    0 MIX2   472    7
    8   24    2    1    8    0    0    1    1    0       974    8    1 MIX2   473  476  474  475    1    2    3    4
    9    1    2    1    2    0    0    1    1    0       565  478    0 MIX2   477    4
    9    2    2    1    2    0    0    2    1    1       625  480    0 MIX2   479    7
    9    3    1    1    8    2    7    1    0    0      1211    2    1 MIX2     4    2  484  481    3  483    1  482
    9    4    2    1    4    0    0    2    1    1       852    3    1 MIX2     6  485    5  486
    9    5    2    1    8    0    0    1    1    0      1635  491    0 MIX2     3    1    2  490  489  488  487    4
    9    6    2    1    8    0    0    2    1    1       739  496    0 MIX2     5    6  492    8    7  493  494  495
    9    7    2    1    2    0    0    1    1    0       840  498    0 MIX2     2  497
    9    8    2    1    8    0    0    1    1    0      1321  503    0 MIX2   501    3    4  502  500  499    1    2
    9    9    2    1    2    0    0    2    1    1       631    1    1 MIX2   504    5
    9   10    2    1    2    0    0    1    1    0       610    7    1 MIX2   505    1
    9   11    2    1    4    0    0    1    1    0       881  508    0 MIX2     3  507  506    4
    9   12    2    1    8    0    0    2    0    0      1038    8    1 MIX2     4  512    2  510    1    3  511  509
    9   13    2    1    4    0    0    2    1    1       829    1    1 MIX2   514  513    6    8
    9   14    1    1    2    2    1    1    1    1       799    5    1 MIX2   515    5
    9   15    1    1    4    4    1    2    1    0      1463    3    1 MIX2   516    4  517    3
    9   16    2    1    4    0    0    2    1    1       981    3    1 MIX2     6  518  519    5
    9   17    1    1    8    7    2    1    1    1       992  520    0 MIX2   521    6    5  522  523    8  520    7
    9   18    1    1    8    4    5    1    0    0      1291  527    0 MIX2     1    2  524  527  526  525    3    4
    9   19    2    1    4    0    0    2    1    1       896    3    1 MIX2     8  528    6  529
    9   20    1    1    8    2    7    2    1    0      1197  531    0 MIX2     4  531    2  533    1  530    3  532
    9   21    2    1    8    0    0    1    1    0       909  538    0 MIX2     3  535  536    1  537    4  534    2
    9   22    2    1    8    0    0    2    1    1      1306  543    0 MIX2     7  541  539  540    5  542    8    6
    9   23    2    1    4    0    0    1    1    0       686  546    0 MIX2   544  545    3    2
    9   24    2    1    4    0    0    1    1    0       713    5    1 MIX2   547    2  548    3
