    1    1    1    1    2    1    2    2    1    0      2086    9    0 MIX2     9    2
    1    2    2    1    2    0    0    1    1    0      2164    7    1 MIX2    10    1
    1    3    2    1    8    0    0    2    0    0      1258    7    1 MIX2    13   14    2    1   11   12    3    4
    1    4    2    1    8    0    0    1    0    1      3460   19    0 MIX2     5   18   15    6   16   17    8    7
    1    5    2    1    2    0    0    1    0    1      4716    4    1 MIX2     6   20
    1    6    2    1    4    0    0    1    1    0      4231    6    1 MIX2     1   22    4   21
    1    7    1    1    4    1    4    2    1    0      1860   24    0 MIX2    24    1    2   23
    1    8    2    1    2    0    0    2    1    1       764   26    0 MIX2    25    5
    1    9    2    1    4    0    0    1    0    1      3044   29    0 MIX2    27    5   28    7
    1   10    2    1    4    0    0    2    1    1      1282   32    0 MIX2    31    5    6   30
    1   11    1    1    8    7    2    1    1    1      3951    8    1 MIX2    35    7    5   36    6   34    8   33
    1   12    2    1    8    0    0    1    1    0      1665    6    1 MIX2     3    2   38    1   37    4   39   40
    1   13    1    1    2    2    1    1    1    1      2082    7    1 MIX2    41    7
    1   14    2    1    2    0    0    2    1    1      1810    4    1 MIX2    42    8
    1   15    2    1    2    0    0    2    1    1      1294    2    1 MIX2    43    6
    1   16    1    1    8    3    6    2    1    0      1674   44    0 MIX2    46    2   44    3   47    1    4   45
    1   17    2    1    8    0    0    1    1    0      1704    6    1 MIX2    49    4    2   48   50    3    1   51
    1   18    1    1    4    1    4    1    1    1      1436   53    0 MIX2    53    6   52    7
    1   19    2    1    8    0    0    2    1    1      1426   58    0 MIX2    54   55   56    7    6    5   57    8
    1   20    1    1    4    2    3    2    1    0       881    4    1 MIX2    60    4    2   59
    1   21    1    1    4    4    1    1    1    1      1222    6    1 MIX2    61   62    7    6
    1   22    1    1    8    3    6    1    1    1       839    6    1 MIX2    63   64    6    7   65    8    5   66
    1   23    1    1    8    6    3    1    1    1       774    8    1 MIX2    67   69   68   70    7    8    6    5
    1   24    1    1    2    2    1    2    1    0      1130    4    1 MIX2    71    4
    2    1    1    1    4    1    4    1    1    1       939   73    0 MIX2    73    6   72    8
    2    2    2    1    8    0    0    2    1    1       838   78    0 MIX2    77    8   74   76    5    6   75    7
    2    3    1    1    2    2    1    2    1    0       984    3    1 MIX2    79    3
    2    4    1    1    2    1    2    2    1    0       868    1    1 MIX2     1   80
    2    5    2    1    4    0    0    1    1    0      1178    5    1 MIX2     2   81   82    1
    2    6    2    1    4    0    0    2    1    1      1106   85    0 MIX2    83    8    6   84
    2    7    1    1    2    1    2    1    0    0       953   86    0 MIX2    86    2
    2    8    1    1    4    3    2    2    1    0       923    2    1 MIX2     3   87    2   88
    2    9    2    1    4    0    0    1    1    0       927    5    1 MIX2    89   90    3    1
    2   10    2    1    8    0    0    1    0    1       924    3    1 MIX2     6    8   91   92    5    7   94   93
    2   11    2    1    4    0    0    1    1    0      1198   97    0 MIX2    96    4   95    2
    2   12    2    1    2    0    0    2    1    1      1266   99    0 MIX2    98    6
    2   13    1    1    8    3    6    1    1    1      2257    6    1 MIX2     8  100    6  103    7  102    5  101
    2   14    1    1    4    3    2    2    1    0      1023    3    1 MIX2   105    4    3  104
    2   15    2    1    8    0    0    1    1    0      3224    7    1 MIX2   109    2  107    3  106  108    4    1
    2   16    2    1    2    0    0    2    1    1       939    3    1 MIX2   110    8
    2   17    1    1    8    8    1    2    1    0      1347  114    0 MIX2   113  112  111    4    2    3    1  114
    2   18    2    1    4    0    0    1    1    0       661  117    0 MIX2     1  115    4  116
    2   19    1    1    2    2    1    1    1    1      1103  118    0 MIX2     5  118
    2   20    2    1    8    0    0    1    1    0      1010  123    0 MIX2     2    3  122    4  121    1  119  120
    2   21    2    1    2    0    0    2    1    1      1260  125    0 MIX2   124    7
    2   22    2    1    2    0    0    2    0    0      1517  127    0 MIX2   126    1
    2   23    1    1    4    3    2    1    1    1      1146    6    1 MIX2   129    8    6  128
    2   24    2    1    4    0    0    2    1    1       885    1    1 MIX2   130  131    6    7
    3    1    1    1    2    2    1    2    1    0       707  132    0 MIX2     1  132
    3    2    2    1    8    0    0    1    1    0       712  137    0 MIX2   134  135  136    3  133    4    1    2
    3    3    1    1    8    7    2    1    1    1       764  141    0 MIX2   138    6  139    5    8    7  141  140
    3    4    1    1    4    1    4    2    1    0       838  143    0 MIX2   143    4    3  142
    3    5    1    1    8    7    2    1    1    1       966  146    0 MIX2     6    7    8  144  145    5  146  147
    3    6    2    1    8    0    0    2    1    1      2097    3    1 MIX2     8  150  148    7  151    5    6  149
    3    7    2    1    2    0    0    2    1    1      2113  153    0 MIX2   152    6
    3    8    2    1    8    0    0    1    1    0      1215  158    0 MIX2   155    2    1    3  157  156    4  154
    3    9    2    1    8    0    0    1    1    0      2720  163    0 MIX2     2  161  159    1  160    4  162    3
    3   10    1    1    4    2    3    2    1    0      1019    4    1 MIX2     3    4  165  164
    3   11    2    1    4    0    0    1    1    0      1211    7    1 MIX2     3  166    1  167
    3   12    1    1    4    1    4    1    1    1       787  169    0 MIX2   169    8    6  168
    3   13    1    1    2    1    2    2    1    0      1016    1    1 MIX2     1  170
    3   14    1    1    2    1    2    1    1    1       771  171    0 MIX2   171    8
    3   15    2    1    2    0    0    2    1    1       759  173    0 MIX2   172    8
    3   16    2    1    8    0    0    1    1    0       650  178    0 MIX2   176  174    1  177    2  175    3    4
    3   17    1    1    8    1    8    2    1    0       738    4    1 MIX2     4  182  179    1    3  180    2  181
    3   18    1    1    4    1    4    1    1    1       668    6    1 MIX2     6    7  184  183
    3   19    2    1    8    0    0    2    0    0       931    7    1 MIX2     1  187  188    4    2    3  185  186
    3   20    2    1    8    0    0    2    1    1      1455    1    1 MIX2   192    7  190    8  189  191    6    5
    3   21    2    1    2    0    0    2    1    1       935  194    0 MIX2     8  193
    3   22    1    1    4    2    3    1    1    1      1946  196    0 MIX2   195  196    6    5
    3   23    1    1    4    1    4    2    1    0      2245    2    1 MIX2     2  198  197    4
    3   24    2    1    8    0    0    2    1    1      1420  203    0 MIX2   200    7    8  202    5    6  201  199
    4    1    2    1    2    0    0    2    1    1      1025    1    1 MIX2   204    6
    4    2    2    1    8    0    0    2    1    1       922  209    0 MIX2     6    8    5  205  208  207    7  206
    4    3    1    1    2    1    2    2    1    0       697    2    1 MIX2     2  210
    4    4    1    1    4    3    2    2    1    0       662    1    1 MIX2     2  211    1  212
    4    5    2    1    8    0    0    2    1    1      1086  217    0 MIX2   215  213    8  216    6    5    7  214
    4    6    2    1    8    0    0    2    1    1      1060    4    1 MIX2   220  218    6    8  219    7    5  221
    4    7    1    1    4    3    2    2    1    0       850    2    1 MIX2   223    4    2  222
    4    8    1    1    2    2    1    1    0    0       708  224    0 MIX2     3  224
    4    9    1    1    8    4    5    2    1    0      1370    3    1 MIX2     2  225    4    3    1  228  227  226
    4   10    1    1    4    1    4    1    1    1      2572  230    0 MIX2   230    7  229    5
    4   11    1    1    4    1    4    1    1    1      1070  232    0 MIX2   232    6    5  231
    4   12    1    1    8    5    4    2    1    0       773    2    1 MIX2   234  233    4    3    2  235    1  236
    4   13    1    1    4    3    2    2    1    0       702    4    1 MIX2   238  237    4    3
    4   14    2    1    2    0    0    2    1    1      1399    3    1 MIX2     7  239
    4   15    2    1    2    0    0    1    1    0       834    5    1 MIX2   240    2
    4   16    2    1    8    0    0    2    1    1      4098    4    1 MIX2   241    7  243  242  244    8    6    5
    4   17    2    1    4    0    0    1    1    0      2743    8    1 MIX2     4    1  245  246
    4   18    2    1    2    0    0    2    1    1      1149  248    0 MIX2   247    7
    4   19    1    1    2    1    2    1    1    1      3315  249    0 MIX2   249    8
    4   20    2    1    2    0    0    2    1    1      1090    4    1 MIX2     8  250
    4   21    1    1    8    2    7    2    1    0       937    4    1 MIX2   251    4  253  254    1    2    3  252
    4   22    1    1    2    2    1    2    1    0       760  255    0 MIX2     3  255
    4   23    1    1    4    2    3    1    1    1      1394    5    1 MIX2   257    5    6  256
    4   24    2    1    4    0    0    2    1    1      2483    3    1 MIX2   259    6    8  258
    5    1    1    1    8    6    3    2    1    0       905  262    0 MIX2     3    4    2    1  260  262  263  261
    5    2    2    1    4    0    0    2    1    1       685  266    0 MIX2   265  264    5    8
    5    3    2    1    8    0    0    1    1    0      1444  271    0 MIX2   269  270    4    2  267    1  268    3
    5    4    1    1    2    1    2    1    1    1       958    8    1 MIX2     8  272
    5    5    2    1    2    0    0    2    1    1      2443  274    0 MIX2   273    7
    5    6    1    1    2    1    2    2    1    0      1022  275    0 MIX2   275    4
    5    7    1    1    4    3    2    1    1    1      1135  277    0 MIX2     7    5  277  276
    5    8    1    1    4    1    4    2    1    0      1785    3    1 MIX2     3  278  279    1
    5    9    1    1    8    2    7    1    1    1       996  280    0 MIX2   283  280    6  282  281    7    5    8
    5   10    2    1    8    0    0    1    1    0      1087  288    0 MIX2   287  285  286    1    3  284    4    2
    5   11    1    1    8    3    6    2    1    0       998  291    0 MIX2   292    4  291    2    3    1  290  289
    5   12    1    1    2    1    2    2    1    0      3586    3    1 MIX2     3  293
    5   13    2    1    4    0    0    1    1    0       619  296    0 MIX2     3  295  294    1
    5   14    1    1    2    2    1    2    1    0       774    4    1 MIX2   297    4
    5   15    2    1    2    0    0    2    1    1      1084    3    1 MIX2   298    5
    5   16    2    1    4    0    0    1    1    0       727  301    0 MIX2     2    1  299  300
    5   17    1    1    8    6    3    2    1    0       652    2    1 MIX2   303    1  302  304  305    2    3    4
    5   18    2    1    4    0    0    1    1    0      1114    8    1 MIX2     2  307    1  306
    5   19    2    1    8    0    0    1    1    0      1023    7    1 MIX2   309  310    1    2  311    3    4  308
    5   20    2    1    4    0    0    2    1    1       717  314    0 MIX2     6  312  313    7
    5   21    2    1    4    0    0    2    1    1      3609    1    1 MIX2   315    7    5  316
    5   22    1    1    8    3    6    1    1    1      1210  320    0 MIX2   317  319  320    8    6    7    5  318
    5   23    2    1    8    0    0    2    0    0       971    6    1 MIX2   324  321  322  323    3    4    2    1
    5   24    1    1    4    4    1    2    1    0       509    4    1 MIX2     1  326  325    4
    6    1    2    1    2    0    0    2    1    1       750  328    0 MIX2     7  327
    6    2    2    1    8    0    0    1    1    0       769  333    0 MIX2   332    4    1    3  329  331  330    2
    6    3    1    1    4    3    2    1    1    1       939    8    1 MIX2   335    7    8  334
    6    4    1    1    2    2    1    1    1    1       778    6    1 MIX2   336    6
    6    5    1    1    2    2    1    1    1    1       638    5    1 MIX2   337    5
    6    6    1    1    4    3    2    2    1    0       525    4    1 MIX2   338    2    4  339
    6    7    2    1    4    0    0    2    1    1      1458    3    1 MIX2   340    6    7  341
    6    8    1    1    4    4    1    1    1    1      1408  342    0 MIX2     8  343    5  342
    6    9    1    1    8    4    5    2    1    0      2055  347    0 MIX2   344    2  346  347    4  345    3    1
    6   10    1    1    8    5    4    1    1    1       712    6    1 MIX2   348    8  351  350    6  349    5    7
    6   11    2    1    8    0    0    1    1    0       814  356    0 MIX2   352    2  355  353  354    1    4    3
    6   12    1    1    8    2    7    1    1    1       686    5    1 MIX2   358    5  360    7  357    8    6  359
    6   13    1    1    2    1    2    2    1    0       679    1    1 MIX2     1  361
    6   14    1    1    8    4    5    1    1    1       830  362    0 MIX2     6  364  363  362  365    7    5    8
    6   15    1    1    4    4    1    2    1    0       694    3    1 MIX2   366  367    2    3
    6   16    2    1    8    0    0    1    0    1      1357    3    1 MIX2     8  370    7    6    5  369  368  371
    6   17    2    1    8    0    0    2    1    1       698    1    1 MIX2   375  374    6  373  372    7    5    8
    6   18    1    1    2    2    1    2    1    0       626  376    0 MIX2     4  376
    6   19    1    1    4    4    1    2    1    0       833    3    1 MIX2     1  378  377    3
    6   20    2    1    8    0    0    1    1    0      2561    7    1 MIX2     3    4  379    2  381    1  382  380
    6   21    2    1    8    0    0    2    1    1       621  387    0 MIX2   383  384    7  385  386    8    6    5
    6   22    1    1    8    5    4    1    1    1       854  390    0 MIX2     8  391    5    7  390    6  389  388
    6   23    1    1    4    3    2    2    1    0       828  392    0 MIX2   393    1  392    2
    6   24    1    1    2    1    2    2    1    0       527  394    0 MIX2   394    2
    7    1    1    1    4    2    3    2    1    0      1409  396    0 MIX2     4  396    1  395
    7    2    2    1    4    0    0    1    1    0       641    6    1 MIX2   397  398    2    3
    7    3    2    1    4    0    0    1    1    0       608  401    0 MIX2   399  400    1    3
    7    4    1    1    2    1    2    1    1    1       875  402    0 MIX2   402    7
    7    5    2    1    2    0    0    1    1    0       890  404    0 MIX2     4  403
    7    6    2    1    4    0    0    2    1    1       989    2    1 MIX2     5  405    6  406
    7    7    1    1    2    1    2    1    1    1       825  407    0 MIX2   407    6
    7    8    2    1    8    0    0    2    1    1      1675  412    0 MIX2   409    6    8    7  408  411    5  410
    7    9    1    1    4    2    3    1    1    1       912    6    1 MIX2     8    6  414  413
    7   10    1    1    4    1    4    2    0    1       804  416    0 MIX2   416  415    8    5
    7   11    1    1    4    4    1    2    1    0       845  418    0 MIX2     3  417    1  418
    7   12    1    1    8    6    3    2    1    0       732  419    0 MIX2     1  422    2    3  421  419    4  420
    7   13    2    1    2    0    0    2    1    1       947  424    0 MIX2     6  423
    7   14    2    1    8    0    0    1    1    0      2463  429    0 MIX2     1    2    3    4  426  427  425  428
    7   15    1    1    4    3    2    1    1    1       837    8    1 MIX2   430  431    8    7
    7   16    2    1    4    0    0    2    1    1       891    3    1 MIX2   432  433    5    8
    7   17    1    1    2    1    2    1    1    1       763  434    0 MIX2   434    6
    7   18    2    1    2    0    0    2    1    1       639  436    0 MIX2     7  435
    7   19    2    1    2    0    0    1    1    0      2359  438    0 MIX2     1  437
    7   20    2    1    2    0    0    2    1    1      1101  440    0 MIX2     5  439
    7   21    2    1    8    0    0    2    0    0       835    7    1 MIX2   444    2  441  443    1    4  442    3
    7   22    1    1    8    3    6    2    0    1      3267    5    1 MIX2   447    6    5    7  448  446    8  445
    7   23    2    1    8    0    0    2    1    1      1505  453    0 MIX2   452    7    8    6  451    5  450  449
    7   24    1    1    8    6    3    1    1    1       774  454    0 MIX2     5  457    6    7    8  454  455  456
    8    1    1    1    2    2    1    1    1    1      3923  458    0 MIX2     7  458
    8    2    1    1    8    1    8    1    1    1       681  460    0 MIX2   460  459  461    6    7  462    5    8
    8    3    2    1    8    0    0    2    1    1       591  467    0 MIX2   464    6  466  465    5    8    7  463
    8    4    2    1    2    0    0    2    1    1      1242  469    0 MIX2   468    7
    8    5    1    1    4    2    3    1    0    0      1152    1    1 MIX2   471    1  470    4
    8    6    2    1    8    0    0    2    1    1       917  476    0 MIX2   472  473  475    5    7    6    8  474
    8    7    1    1    8    5    4    2    0    1      2051  478    0 MIX2     7    6  477  479  478    8  480    5
    8    8    2    1    4    0    0    2    1    1       714    2    1 MIX2     6    8  482  481
    8    9    1    1    8    8    1    1    1    1       735  483    0 MIX2     7  486  484  485    6    8    5  483
    8   10    2    1    4    0    0    2    1    1       506  489    0 MIX2   488  487    7    6
    8   11    2    1    4    0    0    1    1    0       654    5    1 MIX2   490    1  491    4
    8   12    1    1    4    4    1    1    1    1       620    6    1 MIX2   493  492    5    6
    8   13    1    1    2    2    1    1    1    1      1047    6    1 MIX2   494    6
    8   14    2    1    4    0    0    1    0    1      3910    4    1 MIX2     8    7  495  496
    8   15    2    1    8    0    0    2    1    1       476    1    1 MIX2   500    6  498  499    8    7  497    5
    8   16    2    1    2    0    0    1    1    0       797    8    1 MIX2     4  501
    8   17    1    1    2    1    2    2    1    0      1057    1    1 MIX2     1  502
    8   18    2    1    4    0    0    1    1    0       831  505    0 MIX2     3    2  503  504
    8   19    2    1    4    0    0    2    0    0       695    6    1 MIX2     2    3  506  507
    8   20    2    1    4    0    0    1    1    0      4117  510    0 MIX2   508    3  509    2
    8   21    1    1    4    1    4    2    1    0      1289    3    1 MIX2     3  512  511    1
    8   22    1    1    2    2    1    2    1    0       969  513    0 MIX2     3  513
    8   23    2    1    4    0    0    2    0    0      3177  516    0 MIX2   515    1  514    2
    8   24    1    1    8    1    8    2    1    0       924  519    0 MIX2   519    2    1  520  518    3  517    4
    9    1    1    1    8    5    4    2    1    0      1496    1    1 MIX2   524  523    3    4    1  521  522    2
    9    2    1    1    8    6    3    1    1    1      1119  525    0 MIX2   527    5  526  528    8  525    6    7
    9    3    1    1    8    6    3    2    1    0       709    1    1 MIX2   531  530    4    3    2    1  532  529
    9    4    2    1    2    0    0    1    1    0      4221    8    1 MIX2   533    3
    9    5    2    1    2    0    0    2    1    1       568  535    0 MIX2   534    7
    9    6    2    1    2    0    0    1    1    0      3493  537    0 MIX2   536    2
    9    7    1    1    8    1    8    2    1    0       988    2    1 MIX2     2  538  541  539  540    4    3    1
    9    8    2    1    2    0    0    2    1    1       776    3    1 MIX2     6  542
    9    9    1    1    4    3    2    1    1    1       962    8    1 MIX2   544    5    8  543
    9   10    1    1    2    1    2    2    0    1      3152    6    1 MIX2     6  545
    9   11    2    1    8    0    0    1    1    0      1734  550    0 MIX2     3    2  547  548    4  546    1  549
    9   12    1    1    8    5    4    2    1    0       675    3    1 MIX2   554    4  551    1    3  553  552    2
    9   13    1    1    2    1    2    2    1    0       780  555    0 MIX2   555    4
    9   14    1    1    8    2    7    1    0    0       990    3    1 MIX2     2    3    1  556    4  559  558  557
    9   15    1    1    2    1    2    1    1    1       793  560    0 MIX2   560    7
    9   16    2    1    8    0    0    1    0    1       988    3    1 MIX2   563    7    8  561    6    5  562  564
    9   17    1    1    8    5    4    1    1    1       647  566    0 MIX2   568    7    8  565  566  567    5    6
    9   18    2    1    2    0    0    2    1    1       546    4    1 MIX2     7  569
    9   19    1    1    4    3    2    2    1    0       772  571    0 MIX2   570    4  571    2
    9   20    1    1    4    3    2    2    1    0       733    1    1 MIX2     3  573    1  572
    9   21    1    1    2    1    2    2    1    0      1747    4    1 MIX2     4  574
    9   22    1    1    4    4    1    1    1    1       421  575    0 MIX2     8    5  576  575
    9   23    2    1    8    0    0    2    0    0      1128    8    1 MIX2     4  580    2  579  578  577    3    1
    9   24    2    1    2    0    0    1    0    1      4527    1    1 MIX2     5  581
