    1    1    1    1    8    6    3    1    1    1       958    9    0 MIX2     6    5    7   12    8    9   10   11
    1    2    2    1    8    0    0    1    1    0      1123    8    1 MIX2     4   14    2    3   16   13   15    1
    1    3    2    1    4    0    0    1    1    0       574   19    0 MIX2     3   18   17    4
    1    4    1    1    4    3    2    1    1    1       888   20    0 MIX2     6    8   20   21
    1    5    2    1    8    0    0    2    1    1       881    2    1 MIX2     8   22   23    7   25   24    6    5
    1    6    1    1    8    8    1    1    1    1       657   29    0 MIX2     5   27   28    8    6   26    7   29
    1    7    1    1    8    7    2    2    1    0       745   33    0 MIX2    32    4   30   31    1    3   33    2
    1    8    2    1    8    0    0    1    1    0       720    5    1 MIX2     2    4    1    3   37   35   34   36
    1    9    1    1    4    1    4    1    0    0       549   38    0 MIX2    38   39    4    1
    1   10    1    1    8    2    7    1    0    0       851   41    0 MIX2     4   41    1    3   40    2   42   43
    1   11    1    1    8    5    4    2    0    1       787   44    0 MIX2     5    6    7   47   44   46   45    8
    1   12    2    1    4    0    0    1    1    0       765    6    1 MIX2    49    1    2   48
    1   13    2    1    4    0    0    2    1    1       912    3    1 MIX2     6    7   51   50
    1   14    1    1    8    7    2    1    1    1       825   53    0 MIX2    52    6    7   54    5   55   53    8
    1   15    1    1    2    2    1    1    1    1       732   56    0 MIX2     6   56
    1   16    2    1    8    0    0    1    1    0       929    7    1 MIX2    60    1    4   58    2   57   59    3
    1   17    1    1    4    1    4    2    0    1       686   61    0 MIX2    61   62    7    5
    1   18    2    1    4    0    0    1    1    0       515   65    0 MIX2    64   63    3    2
    1   19    2    1    4    0    0    1    1    0       664   68    0 MIX2    66    4   67    3
    1   20    1    1    8    2    7    1    1    1       616   71    0 MIX2    70   71    6   72    5    7    8   69
    1   21    1    1    4    3    2    2    1    0       498    3    1 MIX2    74    1    3   73
    1   22    2    1    4    0    0    1    1    0       574    8    1 MIX2    75    1    4   76
    1   23    2    1    2    0    0    1    1    0       483   78    0 MIX2    77    3
    1   24    1    1    8    3    6    2    1    0      1316   81    0 MIX2     4    2   81    3   80   82   79    1
    2    1    2    1    4    0    0    2    1    1       992    3    1 MIX2    84    8    5   83
    2    2    1    1    8    4    5    1    0    0       677   86    0 MIX2    87    2    1   86    4   88    3   85
    2    3    2    1    8    0    0    1    1    0       694    8    1 MIX2    92    3    4    1    2   89   90   91
    2    4    1    1    2    2    1    2    1    0       615   93    0 MIX2     1   93
    2    5    1    1    8    7    2    2    1    0       563   96    0 MIX2     2    1   97    3   95   94   96    4
    2    6    2    1    8    0    0    1    0    1       569    3    1 MIX2   101  100    6    8    5   99    7   98
    2    7    1    1    4    2    3    2    0    1      1108    8    1 MIX2     7    8  103  102
    2    8    2    1    8    0    0    2    1    1       899  108    0 MIX2     6  107  105    8  106    7    5  104
    2    9    2    1    2    0    0    2    1    1       780    1    1 MIX2   109    7
    2   10    2    1    8    0    0    2    1    1       848  114    0 MIX2     6    5  110  112  111    8  113    7
    2   11    2    1    2    0    0    1    1    0       602  116    0 MIX2     1  115
    2   12    1    1    4    4    1    2    0    1      3604    6    1 MIX2     8  118  117    6
    2   13    2    1    2    0    0    1    1    0       720  120    0 MIX2   119    2
    2   14    2    1    4    0    0    2    1    1       789    4    1 MIX2     5  121  122    6
    2   15    2    1    4    0    0    1    1    0       839  125    0 MIX2     3  123  124    2
    2   16    1    1    8    1    8    2    1    0       867    2    1 MIX2     2    1    3  129  127  128    4  126
    2   17    2    1    4    0    0    2    1    1      1353    3    1 MIX2   131    7  130    8
    2   18    1    1    2    1    2    1    1    1       743    5    1 MIX2     5  132
    2   19    1    1    2    2    1    1    1    1       526  133    0 MIX2     6  133
    2   20    1    1    8    4    5    1    1    1      1460    8    1 MIX2   137    7    5    8  134  136  135    6
    2   21    1    1    8    7    2    2    1    0       766  140    0 MIX2     1    4    3  139  138    2  140  141
    2   22    2    1    2    0    0    1    1    0       524  143    0 MIX2   142    3
    2   23    1    1    8    2    7    2    1    0       659    1    1 MIX2   146    1    3  147    2  144  145    4
    2   24    1    1    8    8    1    2    1    0       988  148    0 MIX2   150  151    1    4    3  149    2  148
    3    1    1    1    4    3    2    2    1    0       448    2    1 MIX2     3  153    2  152
    3    2    1    1    8    5    4    2    1    0       466    2    1 MIX2   156    1    3  154    2    4  157  155
    3    3    2    1    8    0    0    2    1    1       916    1    1 MIX2   160  158  159    6    8    5  161    7
    3    4    1    1    2    2    1    2    1    0       419    4    1 MIX2   162    4
    3    5    1    1    8    2    7    2    0    1      1135  164    0 MIX2     5  164  165  163    6    7    8  166
    3    6    2    1    8    0    0    2    1    1       820    4    1 MIX2   167    6    7  169  168  170    5    8
    3    7    1    1    8    7    2    1    1    1       809    6    1 MIX2   171    5  174  173    8    7    6  172
    3    8    1    1    4    1    4    1    1    1      3730  176    0 MIX2   176    5  175    8
    3    9    2    1    2    0    0    1    1    0       633    7    1 MIX2   177    4
    3   10    2    1    8    0    0    1    1    0       780  182    0 MIX2   181    1  180    4    2  179    3  178
    3   11    2    1    2    0    0    1    1    0       506  184    0 MIX2     4  183
    3   12    1    1    2    2    1    1    1    1       370    7    1 MIX2   185    7
    3   13    2    1    4    0    0    1    1    0       756  188    0 MIX2     3  186  187    1
    3   14    1    1    8    6    3    1    0    0       706  189    0 MIX2     1  191  192  190    2  189    3    4
    3   15    1    1    2    2    1    2    1    0       331    3    1 MIX2   193    3
    3   16    1    1    4    1    4    2    0    1      3244  195    0 MIX2   195    7    6  194
    3   17    2    1    4    0    0    1    1    0       595  198    0 MIX2     4  197  196    3
    3   18    1    1    2    1    2    1    1    1       768    8    1 MIX2     8  199
    3   19    1    1    4    1    4    2    1    0       410    2    1 MIX2     2  201  200    3
    3   20    2    1    2    0    0    1    1    0       646    8    1 MIX2     2  202
    3   21    2    1    2    0    0    2    1    1       641    2    1 MIX2   203    7
    3   22    2    1    4    0    0    2    1    1       881    4    1 MIX2   205    8    6  204
    3   23    1    1    2    2    1    2    1    0       354  206    0 MIX2     1  206
    3   24    1    1    8    3    6    2    1    0       567    2    1 MIX2   209    1    2    4    3  207  208  210
    4    1    2    1    2    0    0    1    1    0       571    5    1 MIX2   211    2
    4    2    1    1    8    6    3    1    1    1       583  214    0 MIX2   215    5    7  212    8  214    6  213
    4    3    2    1    2    0    0    2    1    1       660    3    1 MIX2   216    8
    4    4    2    1    2    0    0    2    1    1       758    3    1 MIX2     5  217
    4    5    2    1    4    0    0    1    1    0       585    8    1 MIX2     2  218  219    4
    4    6    2    1    2    0    0    1    1    0       613  221    0 MIX2   220    3
    4    7    2    1    4    0    0    1    1    0       614    7    1 MIX2     4    3  222  223
    4    8    2    1    2    0    0    1    1    0       570    7    1 MIX2   224    4
    4    9    2    1    8    0    0    2    1    1       534    4    1 MIX2     6    7  226    8    5  227  228  225
    4   10    1    1    8    1    8    1    1    1       685    6    1 MIX2     6    8  232  229  231    7    5  230
    4   11    2    1    4    0    0    2    1    1       587    3    1 MIX2     7  234    5  233
    4   12    2    1    2    0    0    1    1    0       623  236    0 MIX2   235    1
    4   13    2    1    2    0    0    1    1    0       651    5    1 MIX2     1  237
    4   14    2    1    2    0    0    2    1    1       549    4    1 MIX2     7  238
    4   15    1    1    2    2    1    1    1    1       603    6    1 MIX2   239    6
    4   16    2    1    8    0    0    1    1    0       821  244    0 MIX2     1  240  243  242    3  241    4    2
    4   17    2    1    4    0    0    2    1    1       742  247    0 MIX2   246  245    5    8
    4   18    2    1    4    0    0    2    1    1       730  250    0 MIX2     8    5  248  249
    4   19    1    1    2    2    1    1    1    1       400    8    1 MIX2   251    8
    4   20    1    1    2    1    2    1    1    1       781  252    0 MIX2   252    8
    4   21    2    1    8    0    0    1    1    0      3176  257    0 MIX2   256    2  255  254    4  253    1    3
    4   22    2    1    8    0    0    2    1    1       590  262    0 MIX2     8  259    5    6  258  261  260    7
    4   23    2    1    4    0    0    1    1    0       791  265    0 MIX2   264    2  263    1
    4   24    1    1    2    2    1    2    1    0       363    3    1 MIX2   266    3
    5    1    2    1    2    0    0    1    1    0       583    5    1 MIX2   267    1
    5    2    2    1    8    0    0    1    1    0       621  272    0 MIX2     1  269  270  271    3  268    4    2
    5    3    1    1    4    1    4    2    1    0       662    4    1 MIX2     4    3  274  273
    5    4    2    1    2    0    0    2    1    1       768  276    0 MIX2     7  275
    5    5    2    1    8    0    0    1    1    0       830    6    1 MIX2   278    3  277  279    1  280    4    2
    5    6    2    1    8    0    0    1    1    0       656  285    0 MIX2     4    3  282    2    1  281  284  283
    5    7    2    1    8    0    0    1    1    0       554    5    1 MIX2     1    3    2  288  286  289  287    4
    5    8    2    1    2    0    0    1    1    0       615  291    0 MIX2   290    4
    5    9    1    1    8    8    1    2    1    0       507  292    0 MIX2   294  293    3    1    2  295    4  292
    5   10    2    1    8    0    0    2    1    1       698    2    1 MIX2   298  297    8    5    6    7  299  296
    5   11    2    1    8    0    0    2    1    1       480  304    0 MIX2     6  302    8    5  300    7  301  303
    5   12    1    1    4    1    4    1    1    1       686    6    1 MIX2     6  305    7  306
    5   13    2    1    4    0    0    1    1    0       580  309    0 MIX2     2    4  308  307
    5   14    1    1    8    6    3    1    1    1       585    6    1 MIX2   311    5    7  312  310    6    8  313
    5   15    1    1    2    1    2    1    1    1       470  314    0 MIX2   314    7
    5   16    2    1    4    0    0    2    1    1      1045    1    1 MIX2     6    5  315  316
    5   17    2    1    8    0    0    1    1    0       551  321    0 MIX2     4  320    1  318  319    3  317    2
    5   18    1    1    8    6    3    1    1    1      1571  325    0 MIX2     7  323    6  322    8  325    5  324
    5   19    2    1    4    0    0    2    1    1      1005  328    0 MIX2     6    8  326  327
    5   20    1    1    2    2    1    2    1    0       370    3    1 MIX2   329    3
    5   21    1    1    2    1    2    1    1    1       535    6    1 MIX2     6  330
    5   22    2    1    2    0    0    2    1    1       798    2    1 MIX2   331    5
    5   23    1    1    2    1    2    2    1    0       539  332    0 MIX2   332    4
    5   24    1    1    8    4    5    2    0    1       506  333    0 MIX2     5    6  334  333    7    8  336  335
    6    1    1    1    8    7    2    2    1    0       726    2    1 MIX2   339    4  340    3  338  337    2    1
    6    2    2    1    2    0    0    1    1    0      1797  342    0 MIX2   341    3
    6    3    1    1    8    1    8    2    1    0       505    1    1 MIX2     1  346    3  343  344    2  345    4
    6    4    1    1    2    2    1    1    1    1      1050  347    0 MIX2     6  347
    6    5    1    1    4    3    2    1    0    0       666  348    0 MIX2   349    4  348    1
    6    6    2    1    2    0    0    2    1    1      1387    4    1 MIX2     7  350
    6    7    2    1    8    0    0    1    1    0       615  355    0 MIX2     4  354    1  353    3    2  352  351
    6    8    1    1    4    4    1    1    1    1       399  357    0 MIX2     8    5  356  357
    6    9    2    1    2    0    0    1    1    0       540    7    1 MIX2   358    1
    6   10    2    1    2    0    0    1    1    0       602    7    1 MIX2     2  359
    6   11    2    1    4    0    0    1    0    1      1547  362    0 MIX2     6  360  361    5
    6   12    2    1    4    0    0    1    1    0       534    5    1 MIX2   364  363    1    4
    6   13    2    1    4    0    0    1    1    0       739  367    0 MIX2     1  366    2  365
    6   14    2    1    2    0    0    1    1    0      1201  369    0 MIX2   368    4
    6   15    1    1    8    8    1    2    1    0       620    1    1 MIX2   372    4  370    2  371    3  373    1
    6   16    1    1    4    1    4    2    1    0       605    1    1 MIX2     1    4  375  374
    6   17    1    1    8    7    2    2    1    0       777  376    0 MIX2     2    3    1    4  378  379  376  377
    6   18    2    1    4    0    0    1    1    0       548  382    0 MIX2   380  381    3    4
    6   19    1    1    8    5    4    1    0    0       489  384    0 MIX2     1  385    2  386  384  383    4    3
    6   20    1    1    4    4    1    2    1    0       520    2    1 MIX2     1  388  387    2
    6   21    1    1    4    1    4    1    1    1      2532  390    0 MIX2   390  389    7    5
    6   22    1    1    2    1    2    1    1    1       403    8    1 MIX2     8  391
    6   23    2    1    8    0    0    2    1    1       767  396    0 MIX2   392    6    8    5  395  394  393    7
    6   24    2    1    4    0    0    1    1    0      1234    7    1 MIX2   398  397    3    1
    7    1    2    1    2    0    0    2    1    1       576    2    1 MIX2   399    7
    7    2    2    1    4    0    0    1    1    0       410  402    0 MIX2   401    4  400    2
    7    3    2    1    8    0    0    1    1    0       661    8    1 MIX2   404    4    3    1  405    2  406  403
    7    4    2    1    4    0    0    1    1    0       461  409    0 MIX2     2  407    4  408
    7    5    1    1    2    1    2    2    1    0       487    2    1 MIX2     2  410
    7    6    1    1    4    2    3    2    1    0       493    4    1 MIX2     3    4  412  411
    7    7    1    1    8    2    7    1    1    1       774  414    0 MIX2   416  414  415    5    8  413    6    7
    7    8    1    1    2    1    2    2    0    1       804  417    0 MIX2   417    5
    7    9    2    1    4    0    0    1    1    0       716  420    0 MIX2   418    1  419    3
    7   10    1    1    8    4    5    2    0    1       618  422    0 MIX2   424    5  421  422    6    7    8  423
    7   11    1    1    8    5    4    2    1    0       453    2    1 MIX2   425    4    3  427    2  426  428    1
    7   12    1    1    4    3    2    2    1    0       725    4    1 MIX2     3  430    4  429
    7   13    2    1    8    0    0    2    1    1      1075    4    1 MIX2     8  432  434    7  433    6  431    5
    7   14    1    1    2    1    2    2    1    0       349  435    0 MIX2   435    3
    7   15    2    1    8    0    0    2    1    1       642    2    1 MIX2   437    5  436    7    6  438  439    8
    7   16    2    1    2    0    0    2    1    1       646    4    1 MIX2     5  440
    7   17    1    1    8    7    2    2    1    0       793  441    0 MIX2     4    3  444    2  443    1  441  442
    7   18    2    1    4    0    0    2    1    1       595    4    1 MIX2   446    5    7  445
    7   19    1    1    2    2    1    1    1    1       440  447    0 MIX2     7  447
    7   20    2    1    2    0    0    2    0    0       265  449    0 MIX2   448    3
    7   21    1    1    2    1    2    2    1    0       635    1    1 MIX2     1  450
    7   22    1    1    2    1    2    1    0    0       662  451    0 MIX2   451    3
    7   23    1    1    2    1    2    1    1    1       400  452    0 MIX2   452    7
    7   24    2    1    8    0    0    2    1    1      1227    4    1 MIX2   456  455  454    6    8  453    5    7
    8    1    2    1    8    0    0    1    1    0       824    5    1 MIX2   458    3    4  460    2  459  457    1
    8    2    2    1    2    0    0    1    1    0       595  462    0 MIX2   461    4
    8    3    1    1    8    5    4    2    1    0       648    4    1 MIX2   464  466  465  463    4    3    1    2
    8    4    1    1    8    3    6    1    1    1       641    8    1 MIX2     7    5    8  467  470    6  469  468
    8    5    1    1    4    1    4    2    1    0      2009    3    1 MIX2     3  472    2  471
    8    6    1    1    8    2    7    2    1    0       708  473    0 MIX2     2  473    1    4  474  476  475    3
    8    7    1    1    8    7    2    2    1    0       476  480    0 MIX2     2    1  477  478    3    4  480  479
    8    8    1    1    2    1    2    1    1    1       342  481    0 MIX2   481    8
    8    9    2    1    8    0    0    2    1    1       747    4    1 MIX2     7  485  484    8  482    5    6  483
    8   10    2    1    2    0    0    2    1    1       529    3    1 MIX2   486    8
    8   11    1    1    8    2    7    2    1    0       777  489    0 MIX2   488  489    1    4    3  487  490    2
    8   12    2    1    8    0    0    1    0    1       829  495    0 MIX2     8  491    5    7    6  492  493  494
    8   13    1    1    4    2    3    1    1    1       966    6    1 MIX2   497    6    5  496
    8   14    1    1    8    2    7    2    1    0       523    2    1 MIX2   500    2  498    1  499  501    3    4
    8   15    2    1    4    0    0    1    1    0       832  504    0 MIX2     2    3  502  503
    8   16    2    1    8    0    0    1    1    0       547    5    1 MIX2   506  507    1    4    2  508  505    3
    8   17    1    1    8    4    5    1    1    1       713  509    0 MIX2     6  511    5  509    7    8  510  512
    8   18    1    1    8    3    6    1    1    1       560    8    1 MIX2   516  513    8    5    7  514  515    6
    8   19    1    1    2    2    1    2    1    0       326    3    1 MIX2   517    3
    8   20    2    1    2    0    0    1    1    0       574    7    1 MIX2     2  518
    8   21    2    1    8    0    0    1    1    0       515    8    1 MIX2     1  521    4    2    3  522  520  519
    8   22    1    1    2    2    1    1    1    1       322    7    1 MIX2   523    7
    8   23    1    1    2    2    1    1    1    1       561    7    1 MIX2   524    7
    8   24    1    1    4    2    3    2    0    1      1333  526    0 MIX2     5  526  525    6
    9    1    2    1    8    0    0    2    1    1       661  531    0 MIX2     6    5    7  528  530  527    8  529
    9    2    1    1    2    1    2    1    1    1       767  532    0 MIX2   532    8
    9    3    1    1    8    8    1    1    1    1       700  533    0 MIX2   535    8    7  534    5  536    6  533
    9    4    2    1    2    0    0    1    1    0      1892  538    0 MIX2     3  537
    9    5    1    1    8    7    2    2    1    0       837  541    0 MIX2     3    2    1  542  539  540  541    4
    9    6    1    1    8    5    4    1    1    1       615    8    1 MIX2   546    5  545  543    8    7    6  544
    9    7    1    1    8    1    8    1    1    1       530    6    1 MIX2     6  549  548    5  550    8  547    7
    9    8    1    1    8    8    1    1    1    1       368    5    1 MIX2   552  554  553    7    6    8  551    5
    9    9    1    1    4    2    3    2    1    0       707  555    0 MIX2     3  555  556    4
    9   10    1    1    2    2    1    2    1    0       379  557    0 MIX2     1  557
    9   11    1    1    4    4    1    2    1    0       526  558    0 MIX2     1  559    3  558
    9   12    2    1    2    0    0    1    1    0       541  561    0 MIX2   560    3
    9   13    2    1    8    0    0    2    1    1       739  566    0 MIX2   563  565  564  562    5    7    6    8
    9   14    1    1    2    2    1    1    1    1       417    8    1 MIX2   567    8
    9   15    1    1    2    1    2    2    1    0       901    3    1 MIX2     3  568
    9   16    1    1    2    1    2    1    1    1       741  569    0 MIX2   569    8
    9   17    2    1    8    0    0    1    1    0       619  574    0 MIX2     1  571    4  573  570    3    2  572
    9   18    2    1    4    0    0    1    1    0       556  577    0 MIX2     3  575    2  576
    9   19    2    1    8    0    0    1    1    0       866    7    1 MIX2     2  580  581    3  578  579    4    1
    9   20    1    1    4    1    4    1    0    0       737  582    0 MIX2   582    4  583    2
    9   21    2    1    8    0    0    2    1    1       936    3    1 MIX2     5    7  585  584    8  586    6  587
    9   22    2    1    4    0    0    2    1    1      1276    1    1 MIX2   588    8  589    6
    9   23    1    1    4    2    3    1    0    0       524  590    0 MIX2   591  590    3    1
    9   24    2    1    8    0    0    2    1    1       571  596    0 MIX2     6    7  592  593    5    8  595  594
