    1    1    1    1    4    1    4    2    1    0      1880   17    0 MIX    17    3   18    7
    1    2    1    1    2    2    1    1    1    1      1247   19    0 MIX    11   19
    1    3    1    1    4    2    3    2    1    0      1349    8    1 MIX     7    8   21   20
    1    4    2    1    4    0    0    1    1    0      1462   24    0 MIX    23   22    5    7
    1    5    1    1    2    1    2    2    1    0      3087    2    1 MIX     2   25
    1    6    2    1    8    0    0    1    0    1      6355    3    1 MIX    29   10    9   28   14   26   27   15
    1    7    2    1    2    0    0    1    1    0      2246   31    0 MIX    30    2
    1    8    1    1    2    1    2    1    1    1      1295   13    1 MIX    13   32
    1    9    1    1    8    5    4    1    1    1      1052   11    1 MIX    34   35   33   13   11    9   36   12
    1   10    1    1    8    3    6    1    1    1      1043   13    1 MIX    39    9   13   14   37   38   15   40
    1   11    2    1    2    0    0    2    1    1      1261   42    0 MIX    10   41
    1   12    2    1    4    0    0    2    1    1      1650   45    0 MIX    43   44   13   14
    1   13    2    1    2    0    0    1    1    0      1091   47    0 MIX    46    7
    1   14    2    1    2    0    0    2    1    1      1226   49    0 MIX    48   16
    1   15    2    1    4    0    0    1    1    0      1103   52    0 MIX    51   50    1    5
    1   16    2    1    4    0    0    1    1    0      1051   55    0 MIX    54   53    7    2
    1   17    2    1    4    0    0    1    1    0      1114   11    1 MIX    57    3   56    2
    1   18    2    1    4    0    0    2    1    1      1013   60    0 MIX    59   16   58   14
    1   19    1    1    2    1    2    2    1    0      1328    6    1 MIX     6   61
    1   20    2    1    4    0    0    2    1    1      1186   64    0 MIX    16    9   62   63
    1   21    1    1    8    2    7    2    1    0      1283   67    0 MIX    66   67    1    6   65    8   68    7
    1   22    2    1    8    0    0    1    1    0      1247   73    0 MIX    69    4   70    8    2    3   71   72
    1   23    1    1    8    3    6    1    1    1      1470   76    0 MIX    77   14   76   75   16   74   10   15
    1   24    1    1    8    4    5    2    1    0      1044   80    0 MIX    79    5    6   80   78    8   81    3
    2    1    1    1    8    1    8    1    1    1       986   83    0 MIX    83   85   84   11   10   13    9   82
    2    2    2    1    8    0    0    2    0    0       902   13    1 MIX     7   86    8    5   87   89   88    1
    2    3    2    1    2    0    0    1    1    0      1013   91    0 MIX    90    3
    2    4    1    1    8    3    6    2    1    0       957    5    1 MIX    95    6    5   94    1   93    8   92
    2    5    2    1    4    0    0    1    1    0       846   98    0 MIX     5   96   97    8
    2    6    2    1    8    0    0    1    1    0       926  103    0 MIX     7  102  100    5    3  101    4   99
    2    7    2    1    4    0    0    2    1    1      1042  106    0 MIX   104   13  105    9
    2    8    2    1    4    0    0    1    1    0       992    9    1 MIX     1  107  108    5
    2    9    1    1    2    2    1    1    1    1      1084   16    1 MIX   109   16
    2   10    1    1    4    1    4    2    1    0      1018  110    0 MIX   110    6    7  111
    2   11    1    1    2    1    2    1    1    1       772  112    0 MIX   112   15
    2   12    2    1    2    0    0    2    1    1      1049    1    1 MIX   113   12
    2   13    2    1    8    0    0    2    1    1      1375    5    1 MIX   115  116   11  117   13   10  114   16
    2   14    2    1    8    0    0    1    1    0      1482  122    0 MIX     8  121  118    4    6  120  119    3
    2   15    2    1    2    0    0    1    1    0      1041  124    0 MIX   123    4
    2   16    2    1    4    0    0    2    1    1      1136    6    1 MIX   126   11  125    9
    2   17    2    1    2    0    0    1    1    0       805   10    1 MIX     2  127
    2   18    1    1    2    1    2    2    1    0      1000  128    0 MIX   128    6
    2   19    2    1    4    0    0    1    0    1      1032    2    1 MIX    12   14  129  130
    2   20    1    1    4    1    4    2    1    0      1031    5    1 MIX     5  132    2  131
    2   21    2    1    2    0    0    2    1    1      1089    8    1 MIX   133   10
    2   22    2    1    2    0    0    1    1    0       809  135    0 MIX     5  134
    2   23    2    1    4    0    0    1    1    0       864  138    0 MIX     6  136    7  137
    2   24    2    1    4    0    0    2    1    1      1044  141    0 MIX   140   12  139   15
    3    1    2    1    8    0    0    1    1    0       882   11    1 MIX   145  143    2    8    7    5  144  142
    3    2    1    1    8    8    1    1    1    1      1344   12    1 MIX   146  147  149   15   14  148   10   12
    3    3    2    1    8    0    0    1    1    0       923  154    0 MIX   150    1    6    8  152  151  153    3
    3    4    2    1    8    0    0    2    1    1      1064    5    1 MIX    12  156   11  158    9  157  155   10
    3    5    1    1    4    1    4    2    1    0       870    4    1 MIX     4  159    3  160
    3    6    2    1    8    0    0    2    1    1      1203    3    1 MIX   164   10   15   14  162   11  163  161
    3    7    1    1    8    1    8    1    1    1      1123   11    1 MIX    11   15  167  165  168   12   14  166
    3    8    2    1    2    0    0    1    1    0       937   11    1 MIX   169    4
    3    9    2    1    2    0    0    2    1    1       791    8    1 MIX    15  170
    3   10    1    1    2    2    1    1    1    1       795   16    1 MIX   171   16
    3   11    1    1    8    7    2    2    1    0       813    8    1 MIX     2  173  175  174    5  172    8    1
    3   12    2    1    4    0    0    2    1    1       787    3    1 MIX   176   16   10  177
    3   13    2    1    2    0    0    1    1    0       792   14    1 MIX   178    3
    3   14    1    1    2    2    1    1    1    1       732   12    1 MIX   179   12
    3   15    2    1    4    0    0    1    1    0       726  182    0 MIX     5  181  180    7
    3   16    1    1    4    3    2    2    1    0       865    8    1 MIX   183    7    8  184
    3   17    1    1    8    6    3    1    1    1      1024  186    0 MIX   187   15   12   13    9  186  185  188
    3   18    1    1    8    5    4    2    1    0      1079    1    1 MIX   190    3    2  192    1  189  191    6
    3   19    1    1    4    1    4    1    1    1       884  193    0 MIX   193  194   14    9
    3   20    1    1    8    6    3    1    1    1       642  197    0 MIX   196  195    9   14  198  197   15   16
    3   21    1    1    4    1    4    1    1    1       704  200    0 MIX   200  199   11   14
    3   22    2    1    2    0    0    1    1    0       679   10    1 MIX   201    2
    3   23    2    1    2    0    0    2    1    1       912  203    0 MIX     9  202
    3   24    1    1    4    4    1    2    1    0       788    3    1 MIX     7  205  204    3
    4    1    1    1    4    2    3    1    1    1       944  207    0 MIX    10  207  206   16
    4    2    1    1    8    1    8    2    1    0       892  211    0 MIX   211    4    1    5  209  210  208    8
    4    3    1    1    8    4    5    2    1    0       923  213    0 MIX   215    8    2  213  214    6    1  212
    4    4    2    1    4    0    0    1    1    0       846   12    1 MIX     6    7  216  217
    4    5    2    1    2    0    0    1    1    0       688  219    0 MIX   218    2
    4    6    2    1    8    0    0    2    1    1      2069    2    1 MIX   220   13   15   16  222  223    9  221
    4    7    1    1    2    1    2    2    1    0       741    8    1 MIX     8  224
    4    8    2    1    2    0    0    1    1    0       636   16    1 MIX   225    5
    4    9    2    1    2    0    0    2    1    1       853  227    0 MIX    15  226
    4   10    1    1    2    2    1    2    1    0       630    5    1 MIX   228    5
    4   11    2    1    8    0    0    2    1    1       959  233    0 MIX    14  230  232  231  229   15    9   11
    4   12    2    1    8    0    0    1    1    0       762  238    0 MIX     6  237    8  235    7    1  236  234
    4   13    1    1    2    2    1    1    1    1       640  239    0 MIX    14  239
    4   14    2    1    2    0    0    2    1    1      1369  241    0 MIX    16  240
    4   15    1    1    8    7    2    2    1    0       916    6    1 MIX   242    2    7  245    5  243    6  244
    4   16    2    1    4    0    0    1    1    0       887   15    1 MIX   246    6  247    3
    4   17    2    1    8    0    0    1    1    0       978  252    0 MIX   251  250  249    7    8    6  248    5
    4   18    1    1    2    1    2    1    1    1      1631   10    1 MIX    10  253
    4   19    1    1    8    6    3    2    1    0      1055  257    0 MIX     8    1  254    5  255  257    4  256
    4   20    1    1    4    2    3    2    1    0       910  258    0 MIX   259  258    3    1
    4   21    2    1    4    0    0    2    1    1       738  262    0 MIX   260  261   10   16
    4   22    2    1    2    0    0    2    1    1       758  264    0 MIX   263   14
    4   23    1    1    2    1    2    1    1    1      1099   12    1 MIX    12  265
    4   24    2    1    8    0    0    2    1    1       913    5    1 MIX    15  267   11   13   10  268  269  266
    5    1    1    1    8    5    4    1    1    1       749    9    1 MIX    14   13   16  271    9  270  272  273
    5    2    1    1    4    2    3    2    1    0       774    6    1 MIX   275    6    5  274
    5    3    1    1    2    2    1    1    1    1       732   15    1 MIX   276   15
    5    4    1    1    8    2    7    2    1    0       768    2    1 MIX   280    2    3    4  279    7  278  277
    5    5    2    1    8    0    0    2    1    1       803  285    0 MIX    16   12  281    9   14  283  282  284
    5    6    2    1    4    0    0    1    1    0       729  288    0 MIX     3  287  286    5
    5    7    1    1    8    8    1    1    1    1       750   11    1 MIX     9  289   13  292  290   15  291   11
    5    8    2    1    2    0    0    1    1    0       755   15    1 MIX   293    3
    5    9    2    1    4    0    0    2    1    1      1037    6    1 MIX    14  294   15  295
    5   10    1    1    2    1    2    2    1    0       855  296    0 MIX   296    7
    5   11    2    1    8    0    0    2    1    1       694    5    1 MIX   297    9   15  300  298   11  299   14
    5   12    2    1    8    0    0    2    1    1       860  305    0 MIX    13  301   10  302   14  304    9  303
    5   13    1    1    4    2    3    1    1    1       930  306    0 MIX    11  306   10  307
    5   14    1    1    4    1    4    2    1    0       789    4    1 MIX     4  308  309    5
    5   15    2    1    2    0    0    2    1    1       776  311    0 MIX   310   11
    5   16    2    1    2    0    0    2    1    1       732    8    1 MIX   312    9
    5   17    2    1    8    0    0    2    1    1       719  317    0 MIX    10  316  314   11  315  313   13   15
    5   18    1    1    8    1    8    2    1    0       805  319    0 MIX   319    1  318    8    6  321  320    2
    5   19    1    1    4    2    3    2    1    0       795    3    1 MIX   323    3  322    7
    5   20    2    1    4    0    0    1    1    0       691  326    0 MIX     8    3  325  324
    5   21    2    1    4    0    0    2    1    1      1313    7    1 MIX   328   11   12  327
    5   22    1    1    4    4    1    2    1    0       804  329    0 MIX     2  330    7  329
    5   23    2    1    2    0    0    2    1    1       679    8    1 MIX   331   13
    5   24    2    1    4    0    0    2    1    1       772  334    0 MIX   332   10  333   16
    6    1    1    1    4    1    4    2    1    0       885  335    0 MIX   335    4    6  336
    6    2    2    1    8    0    0    2    1    1       930  341    0 MIX   337   13  340   10   12  339  338   15
    6    3    2    1    4    0    0    1    1    0       854   15    1 MIX   342    4  343    5
    6    4    1    1    2    1    2    2    1    0       632  344    0 MIX   344    1
    6    5    2    1    8    0    0    2    1    1       800    3    1 MIX   345   14  348  347  346   15   12   16
    6    6    1    1    2    1    2    2    1    0       707  349    0 MIX   349    7
    6    7    2    1    2    0    0    2    1    1       699    3    1 MIX    12  350
    6    8    1    1    8    8    1    1    1    1      1361   13    1 MIX   352  351   14   10  353   16  354   13
    6    9    1    1    4    1    4    2    1    0       819  356    0 MIX   356  355    8    7
    6   10    1    1    2    1    2    2    1    0       709    8    1 MIX     8  357
    6   11    1    1    8    1    8    1    1    1       907  358    0 MIX   358   12  361   11   10   13  360  359
    6   12    1    1    8    8    1    2    1    0       664  364    0 MIX   363    8    3    7  362  365    5  364
    6   13    1    1    8    4    5    1    1    1       702    9    1 MIX    15  366  367    9   10  369   12  368
    6   14    1    1    2    1    2    1    1    1       549  370    0 MIX   370   10
    6   15    2    1    2    0    0    1    1    0       707   11    1 MIX     4  371
    6   16    2    1    8    0    0    1    1    0       728  376    0 MIX     7    5    6  372    1  375  374  373
    6   17    2    1    8    0    0    1    1    0       717   16    1 MIX   377  380    4    7  378  379    8    5
    6   18    1    1    4    1    4    2    1    0       648  382    0 MIX   382    3  381    8
    6   19    2    1    8    0    0    1    1    0       719  387    0 MIX     8    1  386    7  384  385  383    3
    6   20    2    1    4    0    0    2    1    1       729  390    0 MIX   389   13  388   15
    6   21    2    1    4    0    0    1    1    0       739  393    0 MIX     1  392  391    8
    6   22    1    1    8    6    3    1    1    1       665   12    1 MIX    14   10   16  394  396   12  395  397
    6   23    2    1    2    0    0    1    1    0       626   14    1 MIX     1  398
    6   24    1    1    8    1    8    2    1    0       859    8    1 MIX     8    2  399    4  400  402    1  401
    7    1    2    1    4    0    0    2    1    1       829    7    1 MIX    10  403   13  404
    7    2    2    1    2    0    0    1    1    0       864   12    1 MIX     6  405
    7    3    1    1    4    4    1    1    1    1       613  407    0 MIX   406   11   10  407
    7    4    2    1    4    0    0    2    1    1       659  410    0 MIX   409  408   14   12
    7    5    2    1    2    0    0    1    1    0       781   11    1 MIX   411    8
    7    6    2    1    2    0    0    1    1    0       721   14    1 MIX   412    8
    7    7    1    1    2    1    2    1    1    1       696   14    1 MIX    14  413
    7    8    2    1    4    0    0    1    1    0       612  416    0 MIX   414    3    2  415
    7    9    1    1    4    4    1    2    1    0       819    6    1 MIX     4  417  418    6
    7   10    1    1    8    3    6    2    1    0       708    8    1 MIX   419    6    8    7  421  420  422    5
    7   11    1    1    2    2    1    1    1    1       763  423    0 MIX    13  423
    7   12    2    1    8    0    0    1    1    0       893   10    1 MIX     6  424    8    5  427    2  425  426
    7   13    1    1    4    2    3    1    1    1       738  428    0 MIX   429  428   10   11
    7   14    2    1    8    0    0    2    1    1       757  434    0 MIX   430    9   16  433   12   15  431  432
    7   15    1    1    2    2    1    2    1    0       762    5    1 MIX   435    5
    7   16    2    1    8    0    0    2    1    1      1005    4    1 MIX     9  438  439   13  436   11   14  437
    7   17    2    1    8    0    0    2    1    1       903    2    1 MIX    11   16  441    9  443  442   14  440
    7   18    2    1    8    0    0    1    1    0       740  448    0 MIX   445    1    3    2  444    7  447  446
    7   19    1    1    8    4    5    1    1    1       663  452    0 MIX    13  450  449  452   16    9   12  451
    7   20    1    1    4    2    3    2    1    0       805  453    0 MIX     3  453  454    8
    7   21    2    1    2    0    0    2    1    1       680  456    0 MIX    14  455
    7   22    2    1    4    0    0    1    1    0       771  459    0 MIX     3  457    7  458
    7   23    1    1    4    1    4    2    1    0       829    6    1 MIX     6  460    2  461
    7   24    1    1    2    2    1    1    1    1       639    9    1 MIX   462    9
    8    1    1    1    2    2    1    2    1    0       711  463    0 MIX     5  463
    8    2    1    1    8    6    3    2    1    0       956  465    0 MIX   466  464    2    6    7  465  467    4
    8    3    2    1    8    0    0    2    1    1       919    8    1 MIX   468   10  469   12   15  470   13  471
    8    4    2    1    8    0    0    1    1    0       723  476    0 MIX     3  474    6  475    2    4  473  472
    8    5    1    1    4    3    2    2    1    0       830    3    1 MIX     7  477    3  478
    8    6    2    1    2    0    0    1    1    0       865  480    0 MIX     6  479
    8    7    2    1    8    0    0    1    1    0       881   14    1 MIX     1  484  483    4    7  481    3  482
    8    8    2    1    2    0    0    2    1    1       609  486    0 MIX   485   13
    8    9    1    1    2    2    1    1    1    1       620  487    0 MIX    11  487
    8   10    2    1    2    0    0    2    1    1       646    2    1 MIX    14  488
    8   11    1    1    2    2    1    2    1    0       704    1    1 MIX   489    1
    8   12    1    1    2    1    2    2    1    0       744    5    1 MIX     5  490
    8   13    1    1    4    2    3    1    1    1       675   16    1 MIX    11   16  491  492
    8   14    2    1    2    0    0    1    1    0       651  494    0 MIX     7  493
    8   15    2    1    8    0    0    2    1    1       642  499    0 MIX   495  498   12   11   14    9  497  496
    8   16    2    1    8    0    0    1    1    0       937   15    1 MIX   500  501    5    2  502    8    4  503
    8   17    2    1    4    0    0    1    1    0       795  506    0 MIX   505    6    2  504
    8   18    1    1    8    1    8    1    1    1       733   13    1 MIX    13  509   16  508   10  510   11  507
    8   19    1    1    2    2    1    1    1    1       627   14    1 MIX   511   14
    8   20    2    1    8    0    0    1    1    0       859   14    1 MIX     8  514  513  512    2    7  515    4
    8   21    1    1    2    1    2    2    1    0       668  516    0 MIX   516    6
    8   22    1    1    2    1    2    1    1    1       869   14    1 MIX    14  517
    8   23    1    1    4    3    2    2    1    0       554  518    0 MIX   519    3  518    1
    8   24    2    1    2    0    0    2    1    1       694  521    0 MIX   520   14
    9    1    1    1    4    1    4    1    1    1       776   12    1 MIX    12   10  522  523
    9    2    1    1    8    4    5    1    1    1       762   12    1 MIX    13   16  524   12  525   11  527  526
    9    3    2    1    4    0    0    1    1    0       708   16    1 MIX   529  528    8    6
    9    4    2    1    2    0    0    2    1    1       778  531    0 MIX    10  530
    9    5    2    1    2    0    0    2    1    1       782    7    1 MIX     9  532
    9    6    1    1    8    3    6    1    1    1       817  533    0 MIX    15  535  533  534   11   10    9  536
    9    7    1    1    2    2    1    1    1    1       643  537    0 MIX    14  537
    9    8    2    1    2    0    0    2    1    1       685    8    1 MIX   538   10
    9    9    1    1    2    1    2    2    1    0       869    8    1 MIX     8  539
    9   10    2    1    4    0    0    1    1    0       938   11    1 MIX     8    4  541  540
    9   11    1    1    2    2    1    2    1    0       792    6    1 MIX   542    6
    9   12    2    1    8    0    0    2    1    1       665    5    1 MIX    15  545  543   10   13  544  546   14
    9   13    2    1    2    0    0    2    1    1       641  548    0 MIX    13  547
    9   14    2    1    4    0    0    2    1    1       704    8    1 MIX    13  550   16  549
    9   15    1    1    2    2    1    2    1    0       631    2    1 MIX   551    2
    9   16    1    1    2    1    2    1    1    1       641  552    0 MIX   552   15
    9   17    1    1    8    1    8    1    1    1       712   13    1 MIX    13   10  556   14   16  553  555  554
    9   18    2    1    2    0    0    2    1    1       640  558    0 MIX   557   15
    9   19    2    1    8    0    0    1    1    0       904  563    0 MIX     4  560    3    2  559    7  562  561
    9   20    1    1    2    2    1    1    1    1       631  564    0 MIX    16  564
    9   21    1    1    8    7    2    2    1    0       862  565    0 MIX   566  568    6    3  567    5  565    8
    9   22    2    1    4    0    0    2    1    1      1141    6    1 MIX   570   10   13  569
    9   23    1    1    4    1    4    2    1    0       687  571    0 MIX   571    7    8  572
    9   24    2    1    4    0    0    1    1    0       763  575    0 MIX   573  574    5    4
