    1    1    1    1    4    2    3    2    1    0      4793   10    0 MIX2     2   10    1    9
    1    2    1    1    2    2    1    1    1    1      3591   11    0 MIX2     8   11
    1    3    1    1    8    2    7    1    1    1      1861   13    0 MIX2     6   13    5    7    8   12   14   15
    1    4    1    1    8    5    4    1    1    1      1832   16    0 MIX2    17   19   18    7   16    8    6    5
    1    5    1    1    8    6    3    1    1    1      2811    8    1 MIX2    22   23    5   21    6    8    7   20
    1    6    2    1    4    0    0    1    1    0      1782   26    0 MIX2    25    2   24    3
    1    7    2    1    4    0    0    1    1    0      2025    6    1 MIX2    27    3   28    4
    1    8    1    1    4    2    3    2    1    0      2511   29    0 MIX2     2   29    3   30
    1    9    2    1    4    0    0    1    1    0      3207    5    1 MIX2    32    3   31    2
    1   10    2    1    8    0    0    2    0    0      2671    6    1 MIX2    36   35   33   34    2    4    3    1
    1   11    1    1    8    1    8    1    1    1      3208   39    0 MIX2    39    5    6    7   38    8   37   40
    1   12    2    1    4    0    0    2    1    1      1472   43    0 MIX2    41    8   42    5
    1   13    1    1    8    7    2    2    1    0      2329    1    1 MIX2     3   47   45   44    4   46    1    2
    1   14    1    1    4    1    4    2    1    0      1555   49    0 MIX2    49   48    4    2
    1   15    1    1    2    2    1    1    1    1      2068    8    1 MIX2    50    8
    1   16    1    1    8    8    1    2    1    0      1860   51    0 MIX2     2    3    4   53   52   54    1   51
    1   17    1    1    8    4    5    1    0    0      2335    1    1 MIX2    56   58   55    1    3    4    2   57
    1   18    2    1    2    0    0    1    1    0      3200   60    0 MIX2     4   59
    1   19    2    1    2    0    0    1    1    0      3178   62    0 MIX2    61    2
    1   20    1    1    4    2    3    1    1    1      2441    5    1 MIX2    63    5    8   64
    1   21    1    1    2    1    2    1    0    0      1739    1    1 MIX2     1   65
    1   22    1    1    2    2    1    1    1    1      1633   66    0 MIX2     6   66
    1   23    2    1    4    0    0    2    1    1      2646   69    0 MIX2    68    7   67    6
    1   24    1    1    8    6    3    2    1    0      1684   70    0 MIX2     3    1   72    4    2   70   71   73
    2    1    1    1    2    2    1    2    1    0      1413   74    0 MIX2     4   74
    2    2    1    1    4    1    4    2    1    0      1802   75    0 MIX2    75    1   76    2
    2    3    1    1    8    8    1    2    1    0      1512    4    1 MIX2    77   80   79    2    1   78    3    4
    2    4    1    1    8    4    5    1    1    1      1289   84    0 MIX2     7   83    5   84   82    8   81    6
    2    5    2    1    2    0    0    2    1    1      1499   86    0 MIX2    85    5
    2    6    2    1    2    0    0    1    1    0      1838   88    0 MIX2    87    3
    2    7    2    1    4    0    0    2    1    1      1548   91    0 MIX2    90   89    6    7
    2    8    2    1    4    0    0    1    1    0      1244   94    0 MIX2    92    3   93    1
    2    9    1    1    4    1    4    2    0    1      1106   95    0 MIX2    95    6   96    7
    2   10    1    1    4    4    1    1    1    1       927   97    0 MIX2     8   98    6   97
    2   11    2    1    8    0    0    1    1    0      3741  103    0 MIX2     1    4    3  100    2  102  101   99
    2   12    2    1    8    0    0    2    0    0      1843    7    1 MIX2   106  104    2    3    1    4  105  107
    2   13    1    1    2    2    1    2    1    0      1280    1    1 MIX2   108    1
    2   14    1    1    4    1    4    1    1    1      1252    8    1 MIX2     8    7  109  110
    2   15    1    1    4    1    4    1    1    1      1183  111    0 MIX2   111  112    6    5
    2   16    2    1    4    0    0    1    1    0      3316    6    1 MIX2   113    2  114    4
    2   17    2    1    4    0    0    1    1    0      4260    5    1 MIX2   115  116    3    4
    2   18    1    1    2    1    2    2    1    0      2578  117    0 MIX2   117    2
    2   19    2    1    4    0    0    1    1    0      1618  120    0 MIX2     1    4  118  119
    2   20    1    1    2    2    1    1    1    1      1741  121    0 MIX2     6  121
    2   21    1    1    2    2    1    1    1    1      1203  122    0 MIX2     7  122
    2   22    2    1    8    0    0    1    1    0      2025  127    0 MIX2     3  125  124    1  126    2    4  123
    2   23    2    1    8    0    0    2    1    1      2004  132    0 MIX2   131  130  128    7    6    5    8  129
    2   24    2    1    8    0    0    2    1    1      2852    3    1 MIX2     5    6  136  135  133  134    8    7
    3    1    2    1    8    0    0    2    1    1      1434    4    1 MIX2   138  139  140    7    6    8    5  137
    3    2    2    1    2    0    0    1    1    0      2392    8    1 MIX2     4  141
    3    3    2    1    2    0    0    1    1    0      2211    6    1 MIX2   142    4
    3    4    2    1    4    0    0    1    1    0       984  145    0 MIX2   144    3  143    1
    3    5    1    1    2    1    2    1    1    1      1384    8    1 MIX2     8  146
    3    6    1    1    8    7    2    1    1    1      2115  149    0 MIX2   147  150  148    7    5    8  149    6
    3    7    1    1    2    2    1    1    1    1      1452  151    0 MIX2     5  151
    3    8    1    1    8    4    5    2    1    0      1937  153    0 MIX2     3  152  155  153    4    2    1  154
    3    9    1    1    4    3    2    1    1    1      2026    6    1 MIX2     7  156    6  157
    3   10    1    1    4    4    1    1    1    1      1295    5    1 MIX2   159    7  158    5
    3   11    1    1    2    2    1    2    1    0      1533    3    1 MIX2   160    3
    3   12    2    1    2    0    0    1    1    0      1491    8    1 MIX2   161    3
    3   13    2    1    4    0    0    1    1    0      1208  164    0 MIX2   162    1    4  163
    3   14    2    1    4    0    0    1    1    0      1363  167    0 MIX2   165  166    1    3
    3   15    2    1    4    0    0    2    1    1      1121    4    1 MIX2     7  168    8  169
    3   16    1    1    4    1    4    1    1    1      1678    8    1 MIX2     8  170  171    6
    3   17    2    1    4    0    0    1    1    0      1281    6    1 MIX2     4    2  172  173
    3   18    2    1    2    0    0    1    1    0      1042    8    1 MIX2   174    1
    3   19    1    1    8    5    4    1    1    1      2535  177    0 MIX2     6  175  176    5  177    7    8  178
    3   20    2    1    2    0    0    1    1    0      1621    7    1 MIX2   179    4
    3   21    1    1    2    1    2    2    1    0      1522    2    1 MIX2     2  180
    3   22    2    1    2    0    0    2    1    1      1802  182    0 MIX2   181    7
    3   23    2    1    8    0    0    2    1    1      1267    3    1 MIX2     8  185    5    6  184  186    7  183
    3   24    1    1    2    2    1    2    1    0      1227    4    1 MIX2   187    4
    4    1    1    1    4    1    4    2    1    0      1206    3    1 MIX2     3  189    2  188
    4    2    2    1    8    0    0    1    1    0      1468  194    0 MIX2     4    2  190  192    1  193    3  191
    4    3    1    1    2    2    1    2    1    0      1359    1    1 MIX2   195    1
    4    4    2    1    8    0    0    2    1    1      1151  200    0 MIX2   196    5    8  199  197  198    6    7
    4    5    2    1    2    0    0    2    1    1      1909  202    0 MIX2   201    8
    4    6    2    1    8    0    0    1    1    0      3360    7    1 MIX2     2  203  205  204    4    1    3  206
    4    7    2    1    8    0    0    2    1    1      1465    3    1 MIX2     8  208    5    7    6  210  209  207
    4    8    2    1    2    0    0    1    1    0      1614  212    0 MIX2     1  211
    4    9    1    1    2    1    2    1    1    1      2342    5    1 MIX2     5  213
    4   10    2    1    8    0    0    2    0    0      3670    5    1 MIX2     2  216  217    3    1    4  214  215
    4   11    1    1    2    1    2    2    1    0      1228    1    1 MIX2     1  218
    4   12    1    1    2    2    1    1    1    1      1487  219    0 MIX2     8  219
    4   13    1    1    8    5    4    2    1    0      1274    1    1 MIX2     3    4    2  220    1  221  223  222
    4   14    2    1    4    0    0    1    1    0      1736    5    1 MIX2   225    4    1  224
    4   15    2    1    2    0    0    2    1    1      1363    2    1 MIX2     7  226
    4   16    2    1    2    0    0    1    1    0       992  228    0 MIX2   227    2
    4   17    2    1    4    0    0    1    1    0       915    6    1 MIX2   230  229    3    2
    4   18    1    1    2    2    1    1    1    1      1059    7    1 MIX2   231    7
    4   19    1    1    2    2    1    2    1    0       764  232    0 MIX2     1  232
    4   20    2    1    2    0    0    2    1    1      1495  234    0 MIX2     6  233
    4   21    2    1    8    0    0    1    1    0      1012  239    0 MIX2     2  236  235    1  238    4    3  237
    4   22    1    1    2    1    2    2    1    0       922    2    1 MIX2     2  240
    4   23    1    1    8    6    3    1    1    1      1471  243    0 MIX2     5    6  241    7  244  243    8  242
    4   24    1    1    2    1    2    1    1    1      1456    5    1 MIX2     5  245
    5    1    1    1    8    7    2    2    1    0      1267  246    0 MIX2   248  247    2    1    4  249  246    3
    5    2    1    1    8    2    7    1    1    1      1870    8    1 MIX2     6    8  253  252  251    7    5  250
    5    3    2    1    8    0    0    2    1    1      1199  258    0 MIX2   254    8  256    6  257    7    5  255
    5    4    1    1    4    4    1    2    1    0      1026    3    1 MIX2     4  260  259    3
    5    5    1    1    2    1    2    1    1    1      1065  261    0 MIX2   261    6
    5    6    2    1    8    0    0    1    1    0      1192    8    1 MIX2     2  262    1  265    4  263    3  264
    5    7    1    1    2    2    1    2    1    0       848    2    1 MIX2   266    2
    5    8    2    1    8    0    0    2    1    1      1312  271    0 MIX2     7  267  268    8    6  270  269    5
    5    9    1    1    4    1    4    1    1    1       998  273    0 MIX2   273    7    6  272
    5   10    2    1    2    0    0    2    1    1       969  275    0 MIX2   274    8
    5   11    2    1    4    0    0    1    1    0      1118  278    0 MIX2     3  276  277    2
    5   12    1    1    8    4    5    1    1    1      1108  280    0 MIX2   282  279    6  280    5  281    7    8
    5   13    2    1    8    0    0    2    1    1      1066    2    1 MIX2   283    7    6    5  286    8  284  285
    5   14    2    1    4    0    0    1    1    0       895  289    0 MIX2   288    4    3  287
    5   15    2    1    2    0    0    2    1    1      1805  291    0 MIX2     8  290
    5   16    1    1    8    3    6    2    1    0      1912    4    1 MIX2     1    2    4    3  295  293  294  292
    5   17    2    1    8    0    0    2    0    0      5702  300    0 MIX2   296    1    2  299    3    4  297  298
    5   18    2    1    2    0    0    1    1    0       897  302    0 MIX2     3  301
    5   19    1    1    4    3    2    2    1    0      1422  304    0 MIX2   303    4  304    3
    5   20    1    1    2    1    2    2    1    0       695  305    0 MIX2   305    2
    5   21    2    1    4    0    0    1    1    0       946  308    0 MIX2   307    2  306    1
    5   22    1    1    2    1    2    1    0    0      1530    4    1 MIX2     4  309
    5   23    1    1    4    3    2    2    0    1      4916    6    1 MIX2     8  310    6  311
    5   24    1    1    8    7    2    1    1    1      1218    5    1 MIX2     6    7  315  313  314    8    5  312
    6    1    2    1    4    0    0    1    1    0      2435  318    0 MIX2     1  317    4  316
    6    2    1    1    8    7    2    2    1    0      1419  320    0 MIX2     3  322  321    4    1  319  320    2
    6    3    2    1    8    0    0    1    1    0       865  327    0 MIX2   324    2    1  325    4    3  326  323
    6    4    1    1    2    2    1    1    1    1      1119  328    0 MIX2     6  328
    6    5    2    1    4    0    0    1    1    0       850  331    0 MIX2   330    4    2  329
    6    6    1    1    2    2    1    2    1    0       874  332    0 MIX2     4  332
    6    7    2    1    8    0    0    2    1    1      3605    4    1 MIX2     6    5    7  334    8  333  335  336
    6    8    1    1    4    2    3    1    1    1      1963    6    1 MIX2     8    6  337  338
    6    9    2    1    2    0    0    1    1    0      1128  340    0 MIX2     3  339
    6   10    2    1    4    0    0    1    1    0      1598    8    1 MIX2     2  341  342    4
    6   11    1    1    4    1    4    2    1    0      1179  344    0 MIX2   344  343    3    1
    6   12    1    1    4    1    4    1    1    1      1438  345    0 MIX2   345  346    8    5
    6   13    1    1    8    7    2    1    1    1      1073  347    0 MIX2   349    7    8    5    6  348  347  350
    6   14    2    1    2    0    0    2    1    1       681    3    1 MIX2     7  351
    6   15    2    1    2    0    0    1    1    0      3634    5    1 MIX2     4  352
    6   16    1    1    4    3    2    2    1    0       954  353    0 MIX2   354    1  353    2
    6   17    1    1    8    6    3    2    1    0      2058  356    0 MIX2     4    3  358  357  355  356    2    1
    6   18    2    1    2    0    0    2    1    1      1029    3    1 MIX2   359    5
    6   19    1    1    8    8    1    1    1    1      2086  360    0 MIX2     6    5  363  361    7    8  362  360
    6   20    1    1    8    7    2    2    1    0      1041  367    0 MIX2     4    2  364  365    3  366  367    1
    6   21    2    1    4    0    0    1    1    0      2257    7    1 MIX2   368    2  369    3
    6   22    1    1    2    1    2    2    1    0      1183    3    1 MIX2     3  370
    6   23    2    1    8    0    0    2    1    1      1215  375    0 MIX2     8    7    6  372  371    5  374  373
    6   24    2    1    2    0    0    2    1    1      1106    4    1 MIX2     6  376
    7    1    1    1    8    3    6    2    1    0      1656  379    0 MIX2     4    3  379    2  377    1  378  380
    7    2    2    1    8    0    0    1    1    0      1670  385    0 MIX2   381    4    1  382    3    2  384  383
    7    3    1    1    4    1    4    1    1    1      1500  387    0 MIX2   387    6  386    8
    7    4    1    1    2    1    2    2    1    0       897    2    1 MIX2     2  388
    7    5    2    1    4    0    0    1    1    0      1743  391    0 MIX2     4    1  390  389
    7    6    1    1    2    2    1    1    1    1       924  392    0 MIX2     7  392
    7    7    1    1    2    1    2    2    1    0       591    1    1 MIX2     1  393
    7    8    1    1    4    2    3    2    1    0      1053  394    0 MIX2     2  394    1  395
    7    9    2    1    8    0    0    1    1    0       760  400    0 MIX2     1    2    4    3  397  399  398  396
    7   10    1    1    2    1    2    2    1    0       867  401    0 MIX2   401    4
    7   11    2    1    8    0    0    2    1    1       963  406    0 MIX2     5    7  403  402  404  405    6    8
    7   12    1    1    4    1    4    1    0    0      1814    3    1 MIX2     3    2  407  408
    7   13    2    1    4    0    0    1    1    0      1894  411    0 MIX2     3  410    1  409
    7   14    2    1    4    0    0    2    1    1      1217  414    0 MIX2   413    5    8  412
    7   15    1    1    4    3    2    2    1    0      1295    4    1 MIX2   415  416    4    2
    7   16    1    1    2    1    2    2    1    0      1173  417    0 MIX2   417    3
    7   17    2    1    4    0    0    1    1    0       834    7    1 MIX2     3  418    4  419
    7   18    1    1    4    2    3    2    1    0      1018  420    0 MIX2     4  420    2  421
    7   19    2    1    2    0    0    2    1    1       693    2    1 MIX2   422    6
    7   20    2    1    2    0    0    2    1    1      3176    4    1 MIX2   423    7
    7   21    1    1    2    2    1    2    1    0      1693    4    1 MIX2   424    4
    7   22    1    1    4    1    4    2    1    0      2075    2    1 MIX2     2  426  425    3
    7   23    1    1    8    5    4    1    1    1      1017    7    1 MIX2   430    6  429  427    7    8  428    5
    7   24    2    1    4    0    0    1    1    0       839  433    0 MIX2   432  431    4    3
    8    1    1    1    8    8    1    2    1    0       895  435    0 MIX2     3    2  437  434    4  436    1  435
    8    2    1    1    4    4    1    2    1    0       760  438    0 MIX2     1  439    4  438
    8    3    1    1    4    3    2    1    1    1      1691    7    1 MIX2     5  441    7  440
    8    4    2    1    8    0    0    2    1    1      1035  446    0 MIX2     5  443    8    6  442  445  444    7
    8    5    2    1    2    0    0    2    1    1       697  448    0 MIX2     6  447
    8    6    2    1    8    0    0    2    1    1      1379    4    1 MIX2     6    7  449  451    5    8  450  452
    8    7    1    1    4    4    1    1    1    1      1033  454    0 MIX2     7    5  453  454
    8    8    1    1    8    2    7    1    1    1       946  457    0 MIX2   458  457    7    8    6  455  456    5
    8    9    1    1    2    1    2    2    1    0       874    3    1 MIX2     3  459
    8   10    2    1    8    0    0    1    1    0       685  464    0 MIX2     1    4    3  462  463  460    2  461
    8   11    1    1    4    4    1    2    1    0       840    4    1 MIX2   466    1  465    4
    8   12    2    1    4    0    0    2    1    1      1096    4    1 MIX2   467    5  468    6
    8   13    1    1    2    1    2    2    1    0       640    4    1 MIX2     4  469
    8   14    2    1    4    0    0    1    1    0       643  472    0 MIX2   471    2  470    1
    8   15    2    1    8    0    0    2    1    1      1161    3    1 MIX2   473    7    5    6  476  475    8  474
    8   16    1    1    4    1    4    1    1    1      1006  477    0 MIX2   477    7    6  478
    8   17    2    1    4    0    0    1    1    0       871  481    0 MIX2     3  480  479    2
    8   18    2    1    2    0    0    1    1    0       780    5    1 MIX2   482    2
    8   19    1    1    2    2    1    2    1    0       882    3    1 MIX2   483    3
    8   20    1    1    4    1    4    1    1    1       856  484    0 MIX2   484    5  485    7
    8   21    1    1    4    4    1    1    1    1       634  487    0 MIX2     6  486    7  487
    8   22    2    1    2    0    0    2    1    1       757    1    1 MIX2     7  488
    8   23    2    1    8    0    0    2    1    1      1560    2    1 MIX2     6  489    5  492  491  490    7    8
    8   24    1    1    2    2    1    2    1    0      1206    3    1 MIX2   493    3
    9    1    2    1    8    0    0    2    1    1       993  498    0 MIX2     7    5    6  496  497  495  494    8
    9    2    2    1    8    0    0    1    1    0       857    6    1 MIX2     1    4  502    3  499    2  500  501
    9    3    1    1    2    2    1    2    1    0       658    1    1 MIX2   503    1
    9    4    1    1    4    4    1    1    1    1       719  504    0 MIX2   505    8    5  504
    9    5    2    1    2    0    0    2    1    1       663  507    0 MIX2   506    8
    9    6    2    1    8    0    0    1    1    0       853    8    1 MIX2     2  511  510    1    3    4  508  509
    9    7    2    1    8    0    0    2    1    1      1259    1    1 MIX2     5  514    6    8    7  513  515  512
    9    8    1    1    8    5    4    2    1    0      1051  518    0 MIX2   516  519    3    4  518  517    1    2
    9    9    2    1    4    0    0    2    1    1       782  522    0 MIX2   520    6    5  521
    9   10    1    1    4    2    3    2    1    0       980    3    1 MIX2   524    3    2  523
    9   11    2    1    4    0    0    1    1    0       751  527    0 MIX2     2  526  525    4
    9   12    2    1    2    0    0    2    1    1       658    1    1 MIX2   528    5
    9   13    1    1    4    4    1    2    1    0       892  529    0 MIX2     1  530    3  529
    9   14    1    1    4    3    2    2    1    0      1200    2    1 MIX2   532    3    2  531
    9   15    2    1    4    0    0    1    1    0       624  535    0 MIX2   534    4  533    2
    9   16    2    1    2    0    0    1    1    0       875  537    0 MIX2   536    3
    9   17    2    1    2    0    0    1    1    0      1187    6    1 MIX2   538    2
    9   18    1    1    2    2    1    1    1    1      1091    5    1 MIX2   539    5
    9   19    2    1    4    0    0    1    1    0      1126  542    0 MIX2     1  541    4  540
    9   20    2    1    8    0    0    2    1    1      1065    1    1 MIX2     7    8  544  545    6  543    5  546
    9   21    1    1    4    2    3    2    1    0      1089  547    0 MIX2     2  547  548    3
    9   22    2    1    2    0    0    2    1    1      1508    3    1 MIX2     7  549
    9   23    2    1    4    0    0    2    1    1      1717    1    1 MIX2   550    7  551    6
    9   24    2    1    2    0    0    1    1    0       834    8    1 MIX2   552    1
