    1    1    1    1    8    8    1    1    1    1      4800    9    0 MIX2     6   11   12   10    7    5    8    9
    1    2    2    1    4    0    0    1    1    0      1286    8    1 MIX2     4   13   14    2
    1    3    1    1    2    1    2    1    1    1      1127    6    1 MIX2     6   15
    1    4    1    1    4    2    3    1    1    1       771   17    0 MIX2     6   17    5   16
    1    5    1    1    4    1    4    2    1    0       891    2    1 MIX2     2    4   19   18
    1    6    2    1    2    0    0    1    1    0      3403   21    0 MIX2    20    1
    1    7    1    1    8    2    7    2    1    0      2195   25    0 MIX2     4   25   22   23    3    2    1   24
    1    8    2    1    8    0    0    2    1    1       862    1    1 MIX2    28   26    6    8    7    5   27   29
    1    9    2    1    4    0    0    1    1    0       738    6    1 MIX2    31   30    2    3
    1   10    1    1    4    3    2    2    1    0      1068   33    0 MIX2    32    3   33    1
    1   11    2    1    4    0    0    2    1    1      3000   36    0 MIX2    34    7   35    8
    1   12    1    1    4    2    3    1    1    1       903    7    1 MIX2     6    7   38   37
    1   13    1    1    2    2    1    2    1    0      1286    3    1 MIX2    39    3
    1   14    1    1    4    2    3    2    1    0       810    3    1 MIX2     4    3   41   40
    1   15    1    1    8    2    7    1    1    1       780    5    1 MIX2     8    5    7   42    6   43   44   45
    1   16    1    1    4    2    3    2    1    0       821   47    0 MIX2    46   47    2    1
    1   17    2    1    8    0    0    2    1    1      1000    3    1 MIX2    50    8    5   51   49   48    7    6
    1   18    1    1    8    6    3    1    1    1       832   55    0 MIX2     5   52    7    6   54   55   53    8
    1   19    2    1    2    0    0    1    1    0       882    6    1 MIX2    56    3
    1   20    2    1    4    0    0    1    1    0      3109   59    0 MIX2    58    4    3   57
    1   21    2    1    4    0    0    1    1    0       672    6    1 MIX2     2   61    1   60
    1   22    2    1    4    0    0    1    0    1      2139   64    0 MIX2     8    6   62   63
    1   23    2    1    4    0    0    2    0    0      3756   67    0 MIX2    65   66    4    3
    1   24    2    1    8    0    0    1    1    0      5735   72    0 MIX2     3   71   69    4    1   70   68    2
    2    1    1    1    4    4    1    2    1    0       806    1    1 MIX2    73    4   74    1
    2    2    1    1    2    2    1    1    1    1       618    7    1 MIX2    75    7
    2    3    2    1    2    0    0    2    1    1       724    1    1 MIX2     8   76
    2    4    1    1    8    1    8    2    1    0       649    2    1 MIX2     2    3   77   79    1   80    4   78
    2    5    2    1    4    0    0    1    1    0      3301   83    0 MIX2    82   81    1    3
    2    6    2    1    8    0    0    2    1    1       917    1    1 MIX2    84   87   85    5   86    7    8    6
    2    7    2    1    8    0    0    1    1    0       786    5    1 MIX2    91    3    1   90    2   88   89    4
    2    8    2    1    4    0    0    1    1    0      1338    6    1 MIX2     3   92   93    2
    2    9    1    1    2    2    1    1    1    1       551   94    0 MIX2     6   94
    2   10    2    1    2    0    0    2    1    1      1190    4    1 MIX2     8   95
    2   11    2    1    4    0    0    2    1    1       671    2    1 MIX2    96    5   97    7
    2   12    2    1    2    0    0    1    1    0      3223   99    0 MIX2    98    1
    2   13    1    1    8    8    1    1    1    1       534    6    1 MIX2   101  100    5    8  102  103    7    6
    2   14    1    1    8    7    2    1    1    1       559    8    1 MIX2   105    7    6  106  107  104    8    5
    2   15    1    1    8    5    4    1    1    1       539    6    1 MIX2     5    7    8  110    6  109  111  108
    2   16    2    1    2    0    0    2    0    0      6040  113    0 MIX2     1  112
    2   17    2    1    2    0    0    2    1    1       712    2    1 MIX2     6  114
    2   18    2    1    4    0    0    1    0    1      2513  117    0 MIX2     6  115    7  116
    2   19    2    1    8    0    0    2    1    1       652    4    1 MIX2   120    5    7  119    8    6  121  118
    2   20    2    1    8    0    0    2    1    1      1841  126    0 MIX2     5    6  125  123  124    7  122    8
    2   21    2    1    2    0    0    1    0    1      1562  128    0 MIX2   127    8
    2   22    1    1    2    1    2    1    1    1       799  129    0 MIX2   129    5
    2   23    2    1    4    0    0    2    0    0      1318  132    0 MIX2     3    2  131  130
    2   24    2    1    2    0    0    1    1    0       708    6    1 MIX2   133    2
    3    1    2    1    4    0    0    1    1    0       768    7    1 MIX2   134  135    2    4
    3    2    1    1    4    2    3    2    1    0       633  137    0 MIX2     3  137  136    2
    3    3    1    1    8    1    8    2    1    0       578    3    1 MIX2     3  138  139    1    2  140  141    4
    3    4    2    1    8    0    0    1    1    0       668    8    1 MIX2     2  144    3  143    1    4  142  145
    3    5    2    1    8    0    0    1    0    1      2083  150    0 MIX2   146    8  148    7  149    5    6  147
    3    6    2    1    4    0    0    1    1    0      1062    5    1 MIX2     2  151  152    1
    3    7    2    1    2    0    0    2    1    1      1648  154    0 MIX2     5  153
    3    8    1    1    4    1    4    1    1    1       567    6    1 MIX2     6  155  156    7
    3    9    1    1    2    2    1    1    1    1       467  157    0 MIX2     5  157
    3   10    2    1    2    0    0    1    1    0       532    5    1 MIX2   158    1
    3   11    2    1    4    0    0    2    0    0      2470  161    0 MIX2     1    4  159  160
    3   12    2    1    8    0    0    1    1    0      4196  166    0 MIX2     2  164    1  162    3  165    4  163
    3   13    1    1    2    2    1    2    1    0       481  167    0 MIX2     3  167
    3   14    2    1    4    0    0    2    1    1      2150  170    0 MIX2   168    8  169    6
    3   15    2    1    2    0    0    2    1    1       627    3    1 MIX2     5  171
    3   16    1    1    4    3    2    1    1    1       610    7    1 MIX2     8  172    7  173
    3   17    1    1    8    7    2    2    1    0       732  174    0 MIX2     2  175  177    1    4  176  174    3
    3   18    1    1    8    3    6    1    1    1       769  179    0 MIX2   178    7  179    8    6    5  181  180
    3   19    2    1    8    0    0    1    1    0      1186  186    0 MIX2   182  185    3    2  184    1    4  183
    3   20    1    1    4    3    2    2    1    0       666  188    0 MIX2   187    3  188    2
    3   21    1    1    4    2    3    1    1    1       534    5    1 MIX2     8    5  189  190
    3   22    2    1    8    0    0    1    1    0       642    7    1 MIX2   192    2    4    3    1  191  194  193
    3   23    2    1    2    0    0    2    1    1       621    4    1 MIX2     6  195
    3   24    1    1    4    2    3    1    1    1       508    6    1 MIX2   197    6    8  196
    4    1    1    1    4    3    2    2    1    0       568    1    1 MIX2     4  198    1  199
    4    2    1    1    4    1    4    2    1    0       696  200    0 MIX2   200  201    2    1
    4    3    2    1    8    0    0    1    0    1       602  206    0 MIX2   205    7  203    5  204  202    6    8
    4    4    2    1    8    0    0    2    0    0      1682  211    0 MIX2   209    3  207    2  210  208    4    1
    4    5    2    1    2    0    0    2    1    1      1026    2    1 MIX2     6  212
    4    6    1    1    2    2    1    1    1    1       413  213    0 MIX2     5  213
    4    7    1    1    2    2    1    2    1    0       511  214    0 MIX2     2  214
    4    8    1    1    4    2    3    1    1    1       626    7    1 MIX2   215    7  216    8
    4    9    2    1    2    0    0    1    1    0       638    7    1 MIX2   217    1
    4   10    1    1    8    6    3    1    1    1       628    7    1 MIX2     8  219    5  220  218    7  221    6
    4   11    2    1    8    0    0    2    0    0      1020  226    0 MIX2   225    4  223  224    3  222    2    1
    4   12    2    1    4    0    0    1    1    0       956  229    0 MIX2     3  227  228    2
    4   13    1    1    4    1    4    2    1    0       558    4    1 MIX2     4    1  231  230
    4   14    1    1    4    1    4    2    1    0       447    1    1 MIX2     1  232  233    4
    4   15    2    1    8    0    0    1    1    0       621    8    1 MIX2     1  237    3    4  236  235    2  234
    4   16    1    1    2    1    2    1    1    1       472  238    0 MIX2   238    7
    4   17    2    1    4    0    0    2    1    1       604    1    1 MIX2     5  239  240    7
    4   18    1    1    8    2    7    1    1    1       595  242    0 MIX2   243  242    6    8    7  241    5  244
    4   19    2    1    2    0    0    1    1    0       606    8    1 MIX2     2  245
    4   20    1    1    8    2    7    2    1    0       984  247    0 MIX2     1  247    2  248  249    3    4  246
    4   21    2    1    8    0    0    2    1    1      1713  254    0 MIX2   251  253    6  252    5  250    8    7
    4   22    1    1    2    2    1    1    1    1       512  255    0 MIX2     5  255
    4   23    2    1    8    0    0    2    0    0      1437  260    0 MIX2   256    2  258  259    3    4  257    1
    4   24    1    1    8    6    3    2    1    0       485    1    1 MIX2     3    2  263  262  264    1    4  261
    5    1    1    1    4    2    3    2    1    0       501    1    1 MIX2   265    1  266    2
    5    2    2    1    8    0    0    2    1    1       736    4    1 MIX2     6  270  268  269    5    8    7  267
    5    3    2    1    8    0    0    1    0    1      3169  275    0 MIX2     7  272  274    8  271  273    5    6
    5    4    1    1    2    2    1    2    1    0       469    1    1 MIX2   276    1
    5    5    2    1    4    0    0    2    1    1       506    3    1 MIX2   277    7  278    5
    5    6    2    1    4    0    0    1    1    0       621    7    1 MIX2     3    1  280  279
    5    7    1    1    4    2    3    2    1    0       618  282    0 MIX2     3  282    2  281
    5    8    1    1    8    1    8    1    1    1       560  284    0 MIX2   284  286  283    8    5    7    6  285
    5    9    2    1    4    0    0    2    0    0      1809  289    0 MIX2     4    2  288  287
    5   10    2    1    4    0    0    2    1    1       622    4    1 MIX2   291  290    5    6
    5   11    1    1    2    2    1    2    1    0       648  292    0 MIX2     2  292
    5   12    1    1    2    2    1    1    1    1       562  293    0 MIX2     6  293
    5   13    2    1    4    0    0    1    0    1      3140  296    0 MIX2   294    8    7  295
    5   14    2    1    8    0    0    2    1    1       617    2    1 MIX2     7  297    5    8  299  300  298    6
    5   15    2    1    2    0    0    2    1    1      1554  302    0 MIX2     8  301
    5   16    2    1    8    0    0    1    1    0      2308  307    0 MIX2   304  306    2    1  305    4  303    3
    5   17    1    1    4    2    3    1    1    1       576    5    1 MIX2   308    5    8  309
    5   18    2    1    2    0    0    2    1    1      1276  311    0 MIX2     6  310
    5   19    2    1    8    0    0    2    1    1       654    2    1 MIX2   314  312  315    6    5    8  313    7
    5   20    1    1    4    2    3    1    1    1       683    7    1 MIX2     8    7  316  317
    5   21    1    1    2    2    1    2    1    0       467    4    1 MIX2   318    4
    5   22    1    1    4    4    1    2    1    0       456  319    0 MIX2     3  320    4  319
    5   23    1    1    8    7    2    1    1    1       456  324    0 MIX2     5    8    7  322  323  321  324    6
    5   24    2    1    2    0    0    1    1    0      2057  326    0 MIX2     3  325
    6    1    1    1    8    4    5    2    1    0       534    2    1 MIX2   330  327    1    2  329  328    4    3
    6    2    1    1    8    3    6    1    1    1       512  333    0 MIX2     8    7  333    5  331  332  334    6
    6    3    2    1    2    0    0    1    1    0      1615  336    0 MIX2     1  335
    6    4    2    1    4    0    0    2    1    1       583    3    1 MIX2   338    7    5  337
    6    5    1    1    4    1    4    2    1    0       535  340    0 MIX2   340  339    4    2
    6    6    2    1    2    0    0    2    1    1      2085  342    0 MIX2     6  341
    6    7    1    1    2    2    1    1    1    1       373  343    0 MIX2     6  343
    6    8    2    1    4    0    0    1    1    0      1901  346    0 MIX2   345    1  344    3
    6    9    1    1    2    1    2    2    1    0       405  347    0 MIX2   347    4
    6   10    2    1    2    0    0    1    1    0      1255  349    0 MIX2     2  348
    6   11    1    1    2    1    2    1    1    1       584    8    1 MIX2     8  350
    6   12    1    1    8    8    1    1    1    1       516    6    1 MIX2   352    5  354    7    8  353  351    6
    6   13    2    1    2    0    0    2    1    1      2018  356    0 MIX2     5  355
    6   14    1    1    4    4    1    1    1    1       569    7    1 MIX2   357  358    5    7
    6   15    1    1    2    1    2    1    1    1       501    6    1 MIX2     6  359
    6   16    1    1    8    3    6    1    1    1       467    8    1 MIX2   360  362    8  363    6    5  361    7
    6   17    2    1    4    0    0    2    1    1       856    2    1 MIX2   365    7    8  364
    6   18    2    1    2    0    0    2    1    1       681    4    1 MIX2   366    5
    6   19    1    1    4    2    3    2    1    0       773    4    1 MIX2     1    4  367  368
    6   20    2    1    8    0    0    2    1    1      1911  373    0 MIX2   369    6  372    8    5  371  370    7
    6   21    1    1    2    1    2    1    1    1       429  374    0 MIX2   374    5
    6   22    1    1    2    1    2    2    1    0       479  375    0 MIX2   375    4
    6   23    2    1    2    0    0    2    1    1      2799  377    0 MIX2     7  376
    6   24    1    1    8    8    1    2    1    0      1056  378    0 MIX2   379    4    3  381    1  380    2  378
    7    1    2    1    8    0    0    2    1    1       626    1    1 MIX2   383    8  382  385    7    6  384    5
    7    2    1    1    2    1    2    2    0    1      3276  386    0 MIX2   386    7
    7    3    2    1    8    0    0    2    1    1       557    4    1 MIX2   387    5    7    6  390  388  389    8
    7    4    1    1    2    1    2    1    1    1      1113  391    0 MIX2   391    5
    7    5    1    1    8    6    3    2    1    0       494    2    1 MIX2   393    3  392    1    4    2  395  394
    7    6    2    1    4    0    0    2    1    1       866  398    0 MIX2   397    7  396    8
    7    7    1    1    4    1    4    1    1    1       679    6    1 MIX2     6  400    7  399
    7    8    1    1    4    2    3    1    1    1       500  402    0 MIX2     6  402    5  401
    7    9    1    1    4    1    4    2    1    0       695    3    1 MIX2     3  404  403    1
    7   10    1    1    2    2    1    2    1    0       431  405    0 MIX2     2  405
    7   11    2    1    8    0    0    2    1    1      1005  410    0 MIX2     8  408    6  409    7  407  406    5
    7   12    2    1    4    0    0    1    1    0       875  413    0 MIX2   412    3    4  411
    7   13    2    1    4    0    0    2    1    1      1151  416    0 MIX2   415    8    6  414
    7   14    1    1    4    4    1    2    1    0       665  417    0 MIX2     1    4  418  417
    7   15    1    1    2    2    1    2    1    0       466    4    1 MIX2   419    4
    7   16    2    1    2    0    0    1    1    0       673  421    0 MIX2   420    4
    7   17    2    1    8    0    0    2    1    1       630    2    1 MIX2     7    6    5  422    8  423  425  424
    7   18    1    1    8    7    2    1    1    1       541    8    1 MIX2     7  426    6  429    5  428    8  427
    7   19    2    1    8    0    0    1    1    0       888  434    0 MIX2   430    2    3    1  433    4  431  432
    7   20    1    1    8    7    2    1    1    1       516    7    1 MIX2     8  438    5  436    6  437    7  435
    7   21    2    1    8    0    0    1    1    0       576    8    1 MIX2     1    3  442  439    2  441    4  440
    7   22    2    1    8    0    0    1    1    0       508    7    1 MIX2   446  445    4    1    2    3  443  444
    7   23    1    1    8    8    1    2    1    0       504    4    1 MIX2     3  450    1  448  447    2  449    4
    7   24    1    1    2    1    2    2    1    0       936  451    0 MIX2   451    4
    8    1    2    1    2    0    0    2    1    1       521    4    1 MIX2   452    5
    8    2    1    1    4    3    2    1    1    1       525  454    0 MIX2     8  453  454    7
    8    3    1    1    2    2    1    2    1    0      4107    1    1 MIX2   455    1
    8    4    2    1    2    0    0    1    1    0       745  457    0 MIX2     2  456
    8    5    1    1    8    3    6    1    1    1       526    5    1 MIX2     8  460    5  461  459    7  458    6
    8    6    1    1    8    5    4    1    1    1       570    7    1 MIX2     6  464  462    5    7    8  463  465
    8    7    2    1    8    0    0    2    1    1       726    1    1 MIX2     8    6  468    5    7  469  467  466
    8    8    1    1    4    2    3    1    1    1       547  471    0 MIX2     8  471  470    6
    8    9    2    1    4    0    0    2    1    1      1062    2    1 MIX2   472    7    5  473
    8   10    2    1    2    0    0    1    1    0       721  475    0 MIX2   474    3
    8   11    2    1    8    0    0    1    1    0       629    6    1 MIX2     1    3    4    2  478  479  476  477
    8   12    2    1    2    0    0    2    1    1      1072  481    0 MIX2     6  480
    8   13    1    1    8    7    2    1    1    1       472    6    1 MIX2   484    5    7  485    8  483    6  482
    8   14    1    1    8    2    7    1    1    1      4984  487    0 MIX2     7  487    8    6  488  489  486    5
    8   15    2    1    2    0    0    2    1    1      1300  491    0 MIX2   490    7
    8   16    1    1    2    2    1    2    1    0       499    1    1 MIX2   492    1
    8   17    1    1    4    3    2    1    1    1       552    7    1 MIX2   494  493    7    8
    8   18    1    1    2    1    2    2    1    0       485    2    1 MIX2     2  495
    8   19    1    1    4    1    4    1    1    1       507    6    1 MIX2     6  496  497    7
    8   20    2    1    2    0    0    1    1    0       826  499    0 MIX2     1  498
    8   21    1    1    4    3    2    1    1    1       466    6    1 MIX2     8  500    6  501
    8   22    2    1    4    0    0    2    1    1       919  504    0 MIX2     7  502    5  503
    8   23    1    1    2    1    2    2    1    0       614    3    1 MIX2     3  505
    8   24    2    1    4    0    0    1    1    0       758  508    0 MIX2     3  506  507    1
    9    1    1    1    2    1    2    2    1    0       354    3    1 MIX2     3  509
    9    2    2    1    8    0    0    2    1    1       627  514    0 MIX2   510    6    5  511  512  513    8    7
    9    3    1    1    2    1    2    1    1    1       415    7    1 MIX2     7  515
    9    4    2    1    2    0    0    1    1    0       546    8    1 MIX2   516    3
    9    5    1    1    2    1    2    2    1    0       464  517    0 MIX2   517    4
    9    6    2    1    8    0    0    2    1    1       575    3    1 MIX2     7  520    6    5  521  518  519    8
    9    7    2    1    8    0    0    1    1    0       551    8    1 MIX2   524  525    3    1    4  523  522    2
    9    8    2    1    4    0    0    1    1    0       825  528    0 MIX2     4    2  526  527
    9    9    2    1    8    0    0    2    1    1       680  533    0 MIX2   530    7    5    8    6  529  531  532
    9   10    1    1    4    3    2    1    1    1       486  534    0 MIX2   535    7  534    8
    9   11    1    1    8    5    4    1    1    1       963  538    0 MIX2   536    6    5    8  538    7  539  537
    9   12    2    1    2    0    0    1    1    0      7791    8    1 MIX2   540    3
    9   13    1    1    8    1    8    2    1    0       617    2    1 MIX2     2    4  544  542    3    1  543  541
    9   14    1    1    8    3    6    1    0    0       770  545    0 MIX2   547  548  545    2    3  546    1    4
    9   15    1    1    4    2    3    2    0    1       762  550    0 MIX2     8  550    5  549
    9   16    2    1    4    0    0    2    1    1      1043  553    0 MIX2   551    8    6  552
    9   17    2    1    2    0    0    2    1    1       654  555    0 MIX2   554    6
    9   18    2    1    2    0    0    2    1    1       518  557    0 MIX2     6  556
    9   19    1    1    2    2    1    1    1    1       565  558    0 MIX2     8  558
    9   20    1    1    4    1    4    2    1    0       407  559    0 MIX2   559    3  560    1
    9   21    1    1    2    2    1    2    1    0       491  561    0 MIX2     4  561
    9   22    2    1    4    0    0    2    1    1       543    3    1 MIX2   562  563    5    6
    9   23    1    1    4    2    3    2    1    0       499    4    1 MIX2   564    4    3  565
    9   24    1    1    8    3    6    2    0    1      2033  567    0 MIX2   566  568  567    8    6  569    5    7
