    1    1    1    1    4    1    4    2    1    0      1632    4    1 MIX2     4    3    9   10
    1    2    2    1    2    0    0    2    1    1      3632    4    1 MIX2     7   11
    1    3    2    1    8    0    0    2    1    1      3655    1    1 MIX2    12    5   14    6    8    7   15   13
    1    4    2    1    8    0    0    2    1    1      1942   20    0 MIX2     5   18   19   16   17    7    6    8
    1    5    2    1    8    0    0    1    1    0      1703    8    1 MIX2    23   21   24    4   22    2    1    3
    1    6    2    1    2    0    0    2    1    1      1974    1    1 MIX2     5   25
    1    7    2    1    2    0    0    2    1    1      1290    1    1 MIX2     7   26
    1    8    2    1    8    0    0    1    1    0      1605    5    1 MIX2     2   29    4   28   30   27    3    1
    1    9    1    1    2    2    1    1    1    1      1368    6    1 MIX2    31    6
    1   10    2    1    2    0    0    2    1    1      2179   33    0 MIX2     8   32
    1   11    2    1    4    0    0    1    1    0      1187    5    1 MIX2    35    3   34    1
    1   12    2    1    2    0    0    1    0    1      1142    3    1 MIX2     8   36
    1   13    1    1    8    1    8    1    1    1      1032   37    0 MIX2    37   40    8   39    7   38    6    5
    1   14    2    1    8    0    0    1    1    0       974   45    0 MIX2     4   44   41    3   43    1    2   42
    1   15    2    1    4    0    0    1    1    0      1165   48    0 MIX2    46   47    4    2
    1   16    1    1    4    4    1    1    1    1       964   49    0 MIX2    50    6    7   49
    1   17    2    1    8    0    0    1    1    0      1068   55    0 MIX2    53   52   51    1    4    3    2   54
    1   18    1    1    8    3    6    1    1    1       928   57    0 MIX2     5   59   57   58    8    7   56    6
    1   19    1    1    2    1    2    1    1    1       926    6    1 MIX2     6   60
    1   20    1    1    8    4    5    1    1    1      1049   62    0 MIX2     7    5   63   62   61   64    8    6
    1   21    2    1    8    0    0    2    1    1      1149   69    0 MIX2     7    6    5    8   66   67   65   68
    1   22    1    1    8    3    6    2    1    0      1231    3    1 MIX2    71    1    3   73   72    2    4   70
    1   23    1    1    4    3    2    2    1    0      1060   75    0 MIX2    74    4   75    1
    1   24    1    1    4    3    2    2    1    0      1184    3    1 MIX2    77    2    3   76
    2    1    1    1    4    4    1    2    1    0       866    1    1 MIX2     2   78   79    1
    2    2    2    1    8    0    0    1    1    0      1328    8    1 MIX2    81    1    4    3    2   83   80   82
    2    3    1    1    8    6    3    1    1    1      1148    8    1 MIX2    87    6   86   85    7    8    5   84
    2    4    1    1    8    6    3    1    1    1       987    6    1 MIX2     7    8   91    5   88    6   89   90
    2    5    2    1    2    0    0    2    1    1      1495   93    0 MIX2    92    7
    2    6    2    1    4    0    0    1    1    0       832   96    0 MIX2    94    2   95    4
    2    7    1    1    2    2    1    2    1    0      1249   97    0 MIX2     4   97
    2    8    2    1    2    0    0    1    1    0      1266    8    1 MIX2    98    2
    2    9    1    1    8    8    1    1    1    1      1022    5    1 MIX2    99    8  101  100  102    7    6    5
    2   10    1    1    4    1    4    2    1    0      1004  104    0 MIX2   104    1  103    2
    2   11    1    1    4    4    1    2    1    0      1004    3    1 MIX2     1  105  106    3
    2   12    2    1    2    0    0    1    1    0      1318  108    0 MIX2     1  107
    2   13    1    1    8    1    8    2    1    0      1073  112    0 MIX2   112    2  109  111    1    3    4  110
    2   14    1    1    8    8    1    2    1    0      1014    4    1 MIX2   115  114  116    3  113    2    1    4
    2   15    2    1    4    0    0    2    1    1      1635    2    1 MIX2   118    6    8  117
    2   16    2    1    8    0    0    2    1    1      1330  123    0 MIX2   119    5  121    8  122  120    7    6
    2   17    1    1    8    4    5    2    1    0      1149    1    1 MIX2   124    2    4    1  125    3  127  126
    2   18    2    1    4    0    0    2    1    1      1014  130    0 MIX2     5  129    6  128
    2   19    1    1    2    1    2    2    1    0       832  131    0 MIX2   131    1
    2   20    1    1    4    3    2    2    1    0       966    3    1 MIX2     2  133    3  132
    2   21    1    1    4    1    4    2    1    0       967  135    0 MIX2   135    2  134    1
    2   22    2    1    2    0    0    1    1    0      1682  137    0 MIX2     3  136
    2   23    1    1    2    2    1    1    1    1       881    5    1 MIX2   138    5
    2   24    2    1    8    0    0    2    0    0      1374    5    1 MIX2   142    2  141  140  139    1    4    3
    3    1    1    1    2    1    2    1    1    1      1044  143    0 MIX2   143    5
    3    2    1    1    2    1    2    2    1    0       684  144    0 MIX2   144    1
    3    3    1    1    2    2    1    1    1    1       772  145    0 MIX2     6  145
    3    4    1    1    8    6    3    2    0    1      2933    5    1 MIX2     6  149  148    8  147    5  146    7
    3    5    2    1    2    0    0    1    1    0      1010  151    0 MIX2   150    4
    3    6    1    1    2    2    1    1    1    1       940    8    1 MIX2   152    8
    3    7    1    1    2    1    2    1    1    1      1033  153    0 MIX2   153    6
    3    8    1    1    8    8    1    1    1    1      1040  157    0 MIX2   154    5  156    7    8    6  155  157
    3    9    2    1    2    0    0    2    1    1      1145  159    0 MIX2     8  158
    3   10    2    1    2    0    0    2    1    1      1325    1    1 MIX2     8  160
    3   11    2    1    2    0    0    1    1    0      1643  162    0 MIX2     3  161
    3   12    2    1    8    0    0    2    1    1      2200    3    1 MIX2   166  164  165    6    5    8  163    7
    3   13    2    1    2    0    0    2    1    1      1587  168    0 MIX2   167    6
    3   14    2    1    4    0    0    2    0    0      1803    6    1 MIX2   169  170    2    3
    3   15    2    1    4    0    0    2    1    1       919  173    0 MIX2   172  171    5    7
    3   16    2    1    4    0    0    1    1    0      1097  176    0 MIX2   174    3    4  175
    3   17    1    1    4    2    3    1    1    1      1269  178    0 MIX2     7  178    8  177
    3   18    1    1    4    4    1    2    1    0      1192    2    1 MIX2   179    4  180    2
    3   19    2    1    4    0    0    1    1    0      1216    6    1 MIX2     2  182  181    1
    3   20    1    1    4    4    1    2    1    0       918    1    1 MIX2     2  183  184    1
    3   21    1    1    8    6    3    1    1    1      1298    7    1 MIX2   187  186    6    8  188    7    5  185
    3   22    2    1    8    0    0    1    1    0      1134  193    0 MIX2   192  191    1  190    2  189    3    4
    3   23    1    1    8    5    4    1    1    1      1297    8    1 MIX2     7    5  195  194    8  197  196    6
    3   24    2    1    2    0    0    1    1    0       960  199    0 MIX2     3  198
    4    1    2    1    4    0    0    1    1    0      1277    5    1 MIX2     1    4  200  201
    4    2    1    1    4    4    1    2    1    0      1010  202    0 MIX2     3    4  203  202
    4    3    1    1    2    1    2    1    1    1      1036    5    1 MIX2     5  204
    4    4    1    1    2    2    1    2    1    0       838  205    0 MIX2     3  205
    4    5    2    1    8    0    0    2    1    1       978  210    0 MIX2     8    6  209  206  208    7  207    5
    4    6    1    1    2    1    2    2    1    0       509  211    0 MIX2   211    1
    4    7    2    1    4    0    0    2    1    1      1007  214    0 MIX2     6    5  212  213
    4    8    1    1    4    1    4    2    1    0       925    2    1 MIX2     2  215    4  216
    4    9    2    1    8    0    0    2    1    1       760  221    0 MIX2     5    7    8    6  219  220  218  217
    4   10    1    1    8    6    3    2    1    0      1194  225    0 MIX2   222    2    3  224    1  225  223    4
    4   11    1    1    2    1    2    1    1    1      1213    7    1 MIX2     7  226
    4   12    1    1    4    3    2    2    1    0      1474    1    1 MIX2   228  227    1    3
    4   13    1    1    2    2    1    1    1    1       827  229    0 MIX2     8  229
    4   14    1    1    8    2    7    2    1    0      1211    4    1 MIX2   233    4  232    3  230  231    2    1
    4   15    1    1    4    4    1    1    1    1       801  234    0 MIX2     6  235    5  234
    4   16    2    1    2    0    0    2    1    1       883    4    1 MIX2   236    7
    4   17    1    1    2    2    1    1    1    1       963  237    0 MIX2     5  237
    4   18    1    1    8    5    4    1    1    1      1485    5    1 MIX2   240    7  239  241    5    6  238    8
    4   19    2    1    8    0    0    2    1    1      1266    2    1 MIX2     7    5    6    8  245  243  244  242
    4   20    2    1    4    0    0    2    1    1      1062    2    1 MIX2   247    6  246    7
    4   21    1    1    8    1    8    2    1    0       940    1    1 MIX2     1  249  250    2    4  248  251    3
    4   22    2    1    8    0    0    2    1    1       981  256    0 MIX2   255    6  254    8  253    7    5  252
    4   23    1    1    2    2    1    1    1    1       673  257    0 MIX2     5  257
    4   24    1    1    2    1    2    1    1    1       841  258    0 MIX2   258    8
    5    1    1    1    2    2    1    2    1    0       796    4    1 MIX2   259    4
    5    2    1    1    8    1    8    1    1    1      1114    8    1 MIX2     8  263    5    7    6  262  260  261
    5    3    1    1    4    4    1    2    1    0       838  264    0 MIX2     1    4  265  264
    5    4    1    1    8    2    7    1    1    1       933  268    0 MIX2     7  268  267  266    6  269    5    8
    5    5    1    1    2    2    1    1    1    1       738  270    0 MIX2     8  270
    5    6    2    1    4    0    0    2    1    1       860    4    1 MIX2   272    8  271    7
    5    7    1    1    8    3    6    2    1    0       889  276    0 MIX2     3  274  276    4  275    2  273    1
    5    8    1    1    8    2    7    1    1    1       823    5    1 MIX2   279    5  280  278  277    7    8    6
    5    9    2    1    8    0    0    2    1    1      1077    1    1 MIX2     7  284  281  283    5  282    8    6
    5   10    2    1    8    0    0    1    1    0      1162    6    1 MIX2   286    3  288    4    2    1  287  285
    5   11    1    1    4    3    2    1    1    1       835    8    1 MIX2   289  290    8    5
    5   12    1    1    8    2    7    1    1    1       816    6    1 MIX2     8    6  294  292    7    5  293  291
    5   13    1    1    2    2    1    2    1    0       915  295    0 MIX2     3  295
    5   14    2    1    2    0    0    1    1    0       801    8    1 MIX2     2  296
    5   15    2    1    8    0    0    1    1    0      1040  301    0 MIX2   299    3    1    2    4  298  300  297
    5   16    2    1    2    0    0    2    1    1       569    4    1 MIX2   302    6
    5   17    2    1    4    0    0    1    1    0       826  305    0 MIX2     2    1  303  304
    5   18    1    1    4    4    1    1    1    1       943    8    1 MIX2   306    5  307    8
    5   19    1    1    4    1    4    2    1    0       945  309    0 MIX2   309    3    4  308
    5   20    2    1    8    0    0    1    1    0      1210    5    1 MIX2   310    3    4  311  313    2    1  312
    5   21    2    1    8    0    0    1    1    0       870    5    1 MIX2   316  315    3    2    4  314  317    1
    5   22    2    1    2    0    0    2    1    1       661  319    0 MIX2   318    5
    5   23    2    1    2    0    0    2    1    1       747  321    0 MIX2     5  320
    5   24    1    1    8    7    2    1    1    1       925  322    0 MIX2     7  323  325    8    5  324  322    6
    6    1    2    1    2    0    0    1    1    0      1030    5    1 MIX2   326    1
    6    2    2    1    4    0    0    2    1    1       980    4    1 MIX2     7    8  328  327
    6    3    1    1    8    6    3    2    1    0       830  329    0 MIX2     3  331    2  332    1  329  330    4
    6    4    1    1    2    2    1    2    1    0       880    1    1 MIX2   333    1
    6    5    1    1    4    4    1    2    1    0       723  335    0 MIX2     2    4  334  335
    6    6    1    1    2    2    1    2    1    0       842  336    0 MIX2     2  336
    6    7    1    1    2    2    1    1    1    1       812    5    1 MIX2   337    5
    6    8    2    1    2    0    0    1    1    0       894    5    1 MIX2   338    1
    6    9    1    1    8    1    8    1    1    1       906  340    0 MIX2   340    7    5    6    8  342  339  341
    6   10    1    1    8    4    5    2    1    0       918    2    1 MIX2     4  345  344    2    3    1  346  343
    6   11    1    1    4    2    3    2    1    0      1065    1    1 MIX2   347    1  348    2
    6   12    2    1    2    0    0    1    1    0       658  350    0 MIX2   349    1
    6   13    2    1    4    0    0    1    1    0       765  353    0 MIX2   352  351    4    2
    6   14    2    1    8    0    0    1    1    0       767    6    1 MIX2   357  354    2  356  355    4    3    1
    6   15    2    1    4    0    0    1    1    0       534  360    0 MIX2   359    3    2  358
    6   16    1    1    8    6    3    2    1    0       769    2    1 MIX2   364    4  362  361    3    2  363    1
    6   17    1    1    2    2    1    2    1    0       820    1    1 MIX2   365    1
    6   18    1    1    2    2    1    1    1    1       742  366    0 MIX2     7  366
    6   19    2    1    4    0    0    1    1    0       686  369    0 MIX2     3    1  367  368
    6   20    1    1    2    1    2    1    1    1      1030    7    1 MIX2     7  370
    6   21    2    1    4    0    0    1    1    0      1364  373    0 MIX2     2  372    1  371
    6   22    1    1    8    3    6    1    1    1       813  375    0 MIX2     8  376  375  374    7  377    6    5
    6   23    1    1    8    8    1    2    1    0       778    1    1 MIX2     4  378    3  380  381    2  379    1
    6   24    2    1    8    0    0    1    1    0      1113  386    0 MIX2   384  385  382  383    3    2    4    1
    7    1    1    1    8    3    6    1    1    1       797  387    0 MIX2     8  389  387  390  388    6    7    5
    7    2    2    1    8    0    0    2    1    1      1021    1    1 MIX2     8    5    7  391    6  393  394  392
    7    3    2    1    4    0    0    1    1    0       988  397    0 MIX2     1    3  396  395
    7    4    1    1    4    3    2    2    1    0       939  398    0 MIX2   399    4  398    3
    7    5    2    1    2    0    0    1    1    0      1481    6    1 MIX2     3  400
    7    6    1    1    4    2    3    2    1    0       806  402    0 MIX2     1  402    3  401
    7    7    1    1    8    2    7    2    0    1      1302    7    1 MIX2     5    7  406  403    6  405  404    8
    7    8    1    1    8    7    2    2    1    0       753  410    0 MIX2   409    2  408    1    3    4  410  407
    7    9    1    1    2    1    2    1    1    1       694  411    0 MIX2   411    8
    7   10    1    1    8    8    1    1    1    1       538    8    1 MIX2     7    5  415  413  412  414    6    8
    7   11    1    1    4    4    1    2    1    0       811    3    1 MIX2   416    2  417    3
    7   12    2    1    8    0    0    2    1    1      1020    2    1 MIX2     5    6  420    8  421    7  418  419
    7   13    2    1    4    0    0    2    0    0       858  424    0 MIX2     2    1  422  423
    7   14    2    1    2    0    0    2    1    1       793  426    0 MIX2     8  425
    7   15    2    1    4    0    0    1    1    0      1089    8    1 MIX2   427    1    4  428
    7   16    1    1    4    1    4    2    1    0       908  429    0 MIX2   429    2  430    1
    7   17    2    1    4    0    0    2    1    1       797  433    0 MIX2     5  431    7  432
    7   18    2    1    2    0    0    2    1    1       817    4    1 MIX2   434    6
    7   19    2    1    2    0    0    2    1    1       754  436    0 MIX2   435    8
    7   20    1    1    2    1    2    1    1    1       743    8    1 MIX2     8  437
    7   21    1    1    4    1    4    1    1    1       865  438    0 MIX2   438  439    5    6
    7   22    2    1    4    0    0    2    1    1       884  442    0 MIX2   441    7    6  440
    7   23    1    1    4    2    3    2    1    0      1065  443    0 MIX2     1  443    3  444
    7   24    2    1    8    0    0    1    0    1      1519    3    1 MIX2     5    8  447    6    7  446  445  448
    8    1    1    1    2    2    1    1    1    1       759    6    1 MIX2   449    6
    8    2    2    1    4    0    0    2    1    1      1022  452    0 MIX2   450    5  451    7
    8    3    1    1    2    2    1    1    1    1       760  453    0 MIX2     6  453
    8    4    2    1    8    0    0    2    1    1       680  458    0 MIX2     7    8  454  457    5  455  456    6
    8    5    2    1    2    0    0    2    1    1      1520    4    1 MIX2   459    7
    8    6    1    1    4    4    1    2    1    0       954    3    1 MIX2     1  461  460    3
    8    7    2    1    2    0    0    1    1    0       950  463    0 MIX2     4  462
    8    8    2    1    4    0    0    2    1    1      1016    1    1 MIX2     5  464  465    7
    8    9    2    1    8    0    0    1    1    0       957  470    0 MIX2   467  468    4  469    1    3  466    2
    8   10    2    1    8    0    0    2    1    1       839    4    1 MIX2   471  472    7  474    8    6  473    5
    8   11    2    1    2    0    0    2    1    1       825    4    1 MIX2   475    5
    8   12    1    1    4    3    2    1    1    1       929  477    0 MIX2   476    5  477    6
    8   13    1    1    4    4    1    2    1    0       835    1    1 MIX2   479  478    4    1
    8   14    2    1    2    0    0    1    1    0      1029    8    1 MIX2     3  480
    8   15    2    1    4    0    0    2    1    1      1282  483    0 MIX2   481  482    6    7
    8   16    2    1    4    0    0    1    1    0       615    8    1 MIX2   485  484    1    2
    8   17    1    1    2    1    2    2    1    0       737  486    0 MIX2   486    1
    8   18    1    1    2    2    1    1    1    1       871    7    1 MIX2   487    7
    8   19    1    1    8    3    6    1    1    1       900    7    1 MIX2     5    6    7  491    8  489  488  490
    8   20    1    1    8    7    2    1    1    1       880    8    1 MIX2     5  494    7  493    6  492    8  495
    8   21    2    1    2    0    0    1    1    0       768    7    1 MIX2     1  496
    8   22    1    1    2    1    2    2    1    0       996  497    0 MIX2   497    3
    8   23    2    1    8    0    0    1    1    0       683  502    0 MIX2   500  498  499    1    3    4    2  501
    8   24    1    1    2    2    1    2    1    0       914  503    0 MIX2     4  503
    9    1    2    1    8    0    0    2    1    1      1045    3    1 MIX2     6  504    5  507    7    8  505  506
    9    2    1    1    4    4    1    1    1    1       866  508    0 MIX2     7    5  509  508
    9    3    1    1    8    4    5    1    1    1      1024    8    1 MIX2     6  511    5    8    7  512  513  510
    9    4    1    1    8    7    2    1    1    1       983  517    0 MIX2     8  516  515    6    5    7  517  514
    9    5    1    1    2    1    2    1    1    1       578  518    0 MIX2   518    6
    9    6    1    1    2    1    2    2    1    0       734    2    1 MIX2     2  519
    9    7    2    1    2    0    0    1    1    0       804    8    1 MIX2     3  520
    9    8    1    1    8    4    5    2    1    0       964    3    1 MIX2   521    4  522    3    2  523    1  524
    9    9    2    1    4    0    0    1    1    0       613    6    1 MIX2   526  525    2    4
    9   10    1    1    4    4    1    1    1    1       884    5    1 MIX2     8  527  528    5
    9   11    2    1    8    0    0    1    1    0       977    8    1 MIX2   532    2  530    3    4  529    1  531
    9   12    1    1    2    1    2    1    1    1       909  533    0 MIX2   533    7
    9   13    2    1    8    0    0    2    1    1       857    3    1 MIX2     7    5  534    8    6  535  537  536
    9   14    1    1    8    7    2    1    1    1      1223    8    1 MIX2   540  538  539    7  541    5    8    6
    9   15    1    1    2    1    2    1    1    1      1560    8    1 MIX2     8  542
    9   16    2    1    4    0    0    2    1    1       993    2    1 MIX2   544    7  543    8
    9   17    2    1    2    0    0    2    1    1       635  546    0 MIX2     8  545
    9   18    1    1    4    2    3    1    1    1       856    6    1 MIX2     7    6  548  547
    9   19    2    1    2    0    0    1    1    0       952  550    0 MIX2     3  549
    9   20    2    1    4    0    0    2    1    1       682    2    1 MIX2     8    6  552  551
    9   21    2    1    4    0    0    2    1    1       997    2    1 MIX2   554  553    8    5
    9   22    2    1    2    0    0    1    1    0      2448    6    1 MIX2   555    1
    9   23    2    1    2    0    0    1    1    0       624    8    1 MIX2   556    1
    9   24    1    1    8    2    7    2    1    0      1092    4    1 MIX2   558    4    1  559  560    2  557    3
