    1    1    2    1    4    0    0    2    0    0       648    9    1 MIX     7    2   18   17
    1    2    2    1    2    0    0    2    0    0       640   15    1 MIX    19    2
    1    3    1    1    8    1    8    2    1    0       454    2    1 MIX     2   23    7   21    4    3   20   22
    1    4    1    1    4    4    1    1    0    0       746    1    1 MIX    25   24    8    1
    1    5    1    1    2    1    2    2    1    0       720    3    1 MIX     3   26
    1    6    2    1    8    0    0    2    1    1       820    8    1 MIX    28   10   12   29   30   15   27    9
    1    7    2    1    8    0    0    2    1    1       549   35    0 MIX    33   32   34    9   12   14   31   10
    1    8    1    1    4    4    1    1    1    1       471   37    0 MIX    36   10   15   37
    1    9    1    1    4    2    3    2    1    0       620    3    1 MIX    38    3   39    4
    1   10    2    1    4    0    0    1    1    0       522   16    1 MIX     2    7   41   40
    1   11    1    1    2    1    2    2    1    0       409   42    0 MIX    42    7
    1   12    2    1    8    0    0    2    1    1       423   47    0 MIX    46   11   12   43   44    9   45   14
    1   13    1    1    2    2    1    2    1    0       457    8    1 MIX    48    8
    1   14    2    1    8    0    0    1    0    1       277   53    0 MIX    49   50    9   51   16   13   52   15
    1   15    1    1    4    3    2    2    1    0       402    3    1 MIX    54    4    3   55
    1   16    2    1    4    0    0    2    1    1       410    5    1 MIX    56   57    9   11
    1   17    2    1    8    0    0    1    0    1       556    5    1 MIX    10   61   59   58   60   13   15   11
    1   18    2    1    8    0    0    2    1    1       422    8    1 MIX    16   13   65   11   63   14   64   62
    1   19    1    1    4    4    1    2    1    0       365   66    0 MIX     4    8   67   66
    1   20    1    1    2    2    1    2    1    0       929   68    0 MIX     7   68
    1   21    1    1    8    8    1    1    1    1       302   13    1 MIX    12   16    9   72   71   70   69   13
    1   22    1    1    8    2    7    1    0    0       337    2    1 MIX    76    2   73    8   75    6    1   74
    1   23    2    1    2    0    0    1    1    0      1079   78    0 MIX    77    1
    1   24    1    1    4    3    2    2    0    1       451   14    1 MIX    79   80   14   10
    2    1    1    1    2    2    1    1    1    1       751   81    0 MIX    13   81
    2    2    2    1    4    0    0    2    1    1       585    6    1 MIX    82   14   10   83
    2    3    2    1    8    0    0    1    1    0       594   15    1 MIX     3   87   86    8   84    4    2   85
    2    4    2    1    2    0    0    1    1    0       621   14    1 MIX     8   88
    2    5    2    1    4    0    0    1    1    0       572   15    1 MIX     1   89   90    6
    2    6    2    1    8    0    0    2    1    1       421   95    0 MIX    91   15   11    9   94   92   93   13
    2    7    2    1    8    0    0    1    0    1       645    1    1 MIX     9   99   98   13   11   96   97   15
    2    8    2    1    8    0    0    2    0    0       635  104    0 MIX     3    1  100  101  103    5  102    8
    2    9    2    1    8    0    0    1    0    1       610  109    0 MIX    11   12    9  107   14  106  108  105
    2   10    1    1    8    5    4    2    0    1       429  112    0 MIX    16   15   13  113  112  110   11  111
    2   11    2    1    8    0    0    2    1    1       509  118    0 MIX   117   13   15   16  114  115   12  116
    2   12    2    1    4    0    0    1    1    0       545  121    0 MIX   119    3  120    1
    2   13    2    1    4    0    0    1    1    0       562  124    0 MIX     7  123  122    4
    2   14    2    1    2    0    0    2    0    0       655   14    1 MIX     3  125
    2   15    1    1    2    2    1    1    1    1       585  126    0 MIX     9  126
    2   16    1    1    4    1    4    1    1    1       679  128    0 MIX   128   10  127   12
    2   17    1    1    8    1    8    2    1    0       878    6    1 MIX     6  132    1    5  130    4  129  131
    2   18    2    1    2    0    0    1    1    0       496    9    1 MIX   133    8
    2   19    2    1    8    0    0    2    0    0       925  138    0 MIX   136    6  134    1    3  135    7  137
    2   20    2    1    4    0    0    1    1    0       625   16    1 MIX   139    6    7  140
    2   21    1    1    2    1    2    2    1    0       828    1    1 MIX     1  141
    2   22    2    1    2    0    0    1    1    0       559   11    1 MIX   142    2
    2   23    1    1    4    3    2    2    1    0       673  143    0 MIX   144    1  143    3
    2   24    2    1    4    0    0    1    1    0       606    9    1 MIX     6  146  145    2
    3    1    1    1    4    4    1    1    1    1       424   10    1 MIX   148  147   11   10
    3    2    1    1    4    3    2    2    1    0       799  149    0 MIX   150    4  149    7
    3    3    2    1    4    0    0    2    1    1       678    7    1 MIX   151   13  152   11
    3    4    2    1    8    0    0    2    1    1       747    4    1 MIX   155   10  154   16   15   13  153  156
    3    5    1    1    8    4    5    1    1    1       814  158    0 MIX   160  159   13  158  157   11   16   15
    3    6    2    1    8    0    0    1    1    0       767   10    1 MIX   162  161  164    1    2    8    5  163
    3    7    1    1    2    2    1    2    1    0       755  165    0 MIX     3  165
    3    8    1    1    2    1    2    2    1    0       568  166    0 MIX   166    2
    3    9    1    1    4    4    1    2    1    0       503    4    1 MIX   167  168    6    4
    3   10    1    1    4    1    4    1    1    1       555   11    1 MIX    11   12  169  170
    3   11    1    1    2    1    2    2    1    0       552  171    0 MIX   171    6
    3   12    1    1    8    3    6    2    1    0       692  175    0 MIX     1    8  175    2  173  174    5  172
    3   13    2    1    8    0    0    2    1    1       632  180    0 MIX     9   10  179  178   11  177   13  176
    3   14    2    1    2    0    0    1    1    0       673  182    0 MIX   181    6
    3   15    2    1    4    0    0    2    1    1       670    6    1 MIX   183   13   15  184
    3   16    2    1    4    0    0    1    1    0       668   12    1 MIX   185    6  186    4
    3   17    2    1    2    0    0    2    1    1       548    3    1 MIX   187   16
    3   18    2    1    4    0    0    2    1    1       614    3    1 MIX    16   12  189  188
    3   19    2    1    2    0    0    2    1    1       688  191    0 MIX    16  190
    3   20    1    1    8    7    2    1    1    1       518   11    1 MIX   195  194   10    9   13  192   11  193
    3   21    2    1    2    0    0    1    1    0       613  197    0 MIX   196    2
    3   22    1    1    4    4    1    2    1    0       693    6    1 MIX   198    1  199    6
    3   23    1    1    4    4    1    2    1    0       450  200    0 MIX     6    5  201  200
    3   24    1    1    2    1    2    2    1    0       547  202    0 MIX   202    5
    4    1    1    1    8    5    4    1    1    1       608   16    1 MIX   205   14  206   11   16  204  203   13
    4    2    1    1    4    2    3    1    1    1       529   16    1 MIX   208   16   13  207
    4    3    2    1    2    0    0    2    1    1       607    1    1 MIX   209    9
    4    4    1    1    8    7    2    1    1    1       536   10    1 MIX    12  210  213   15  212   16   10  211
    4    5    2    1    8    0    0    1    1    0       803  218    0 MIX     4  216    7    1  217    6  215  214
    4    6    1    1    8    5    4    1    1    1       629  222    0 MIX    14   12  221   13  222  219   15  220
    4    7    1    1    4    3    2    1    1    1       420   14    1 MIX   223  224   14   16
    4    8    2    1    4    0    0    2    1    1       539    1    1 MIX    12   16  225  226
    4    9    1    1    4    4    1    1    1    1       461   12    1 MIX    10  227  228   12
    4   10    1    1    8    4    5    2    1    0       573  232    0 MIX     8  229    6  232  231    4  230    3
    4   11    2    1    8    0    0    2    1    1       695    4    1 MIX    11   13   16  235  234  236    9  233
    4   12    1    1    2    1    2    1    1    1       511  237    0 MIX   237    9
    4   13    2    1    4    0    0    1    1    0       611   13    1 MIX   239    1  238    3
    4   14    1    1    2    2    1    2    1    0       431    8    1 MIX   240    8
    4   15    1    1    8    3    6    2    1    0       750  241    0 MIX     6    7  241    2  244  242  243    3
    4   16    2    1    4    0    0    2    1    1       552    3    1 MIX   245   15  246    9
    4   17    1    1    2    1    2    2    1    0       565    3    1 MIX     3  247
    4   18    1    1    2    2    1    1    1    1       402  248    0 MIX    15  248
    4   19    2    1    8    0    0    1    1    0       595   12    1 MIX   251    6    8    1    7  249  252  250
    4   20    1    1    2    2    1    2    1    0       446  253    0 MIX     1  253
    4   21    2    1    2    0    0    2    1    1       560    1    1 MIX    10  254
    4   22    1    1    4    1    4    2    1    0       658    1    1 MIX     1    4  256  255
    4   23    1    1    8    1    8    1    1    1       473   13    1 MIX    13  260  257  258   12  259   16   15
    4   24    1    1    2    1    2    1    1    1       458  261    0 MIX   261   12
    5    1    2    1    4    0    0    1    1    0       564   11    1 MIX     7  262  263    2
    5    2    2    1    2    0    0    2    1    1       561    4    1 MIX     9  264
    5    3    2    1    4    0    0    1    1    0       657   15    1 MIX     5  266    7  265
    5    4    1    1    2    2    1    1    1    1       459  267    0 MIX    14  267
    5    5    1    1    8    7    2    1    1    1       474   11    1 MIX    14  268  269  270  271   12   11    9
    5    6    2    1    8    0    0    1    1    0       584  276    0 MIX   272    4  274  275  273    6    2    5
    5    7    2    1    8    0    0    1    1    0       562   16    1 MIX     3    6  277  280    4  279  278    5
    5    8    1    1    8    5    4    1    1    1       475   11    1 MIX   284   14  283  282   11    9  281   15
    5    9    1    1    4    3    2    1    1    1       464  285    0 MIX   286   11  285   10
    5   10    2    1    8    0    0    1    1    0       558    9    1 MIX     3  290  288    4  287    7  289    2
    5   11    2    1    2    0    0    2    1    1       571  292    0 MIX   291   14
    5   12    2    1    4    0    0    1    1    0       669  295    0 MIX     3  293  294    1
    5   13    1    1    8    3    6    1    1    1       627  298    0 MIX    14  299  298  297   10   13  296   12
    5   14    2    1    4    0    0    2    0    0       705  302    0 MIX     1    7  300  301
    5   15    2    1    8    0    0    2    1    1      1366    3    1 MIX   303   13  304   10  305   11   12  306
    5   16    2    1    2    0    0    1    0    1       707  308    0 MIX   307   14
    5   17    2    1    8    0    0    1    1    0       696  313    0 MIX     2  310    4    8  312    7  309  311
    5   18    1    1    4    3    2    2    1    0       548    8    1 MIX   315    1    8  314
    5   19    2    1    8    0    0    1    1    0       557  320    0 MIX     8    2  318  316  317    1  319    4
    5   20    1    1    2    1    2    2    1    0       491    8    1 MIX     8  321
    5   21    1    1    8    5    4    1    1    1       617  322    0 MIX    13  325  324  323  322   15   10   14
    5   22    1    1    4    4    1    2    1    0       456  326    0 MIX     7    5  327  326
    5   23    2    1    2    0    0    1    1    0       777   15    1 MIX     7  328
    5   24    1    1    8    6    3    2    1    0       651    3    1 MIX   331  330  332    6    8    3  329    4
    6    1    2    1    2    0    0    1    1    0       562  334    0 MIX     7  333
    6    2    2    1    8    0    0    1    1    0       573  339    0 MIX   338    2  336    8  335  337    3    1
    6    3    1    1    4    2    3    1    1    1       911  341    0 MIX    12  341   10  340
    6    4    2    1    4    0    0    1    1    0       674   16    1 MIX     6  342  343    5
    6    5    1    1    4    1    4    2    1    0       800  344    0 MIX   344  345    6    7
    6    6    1    1    4    3    2    1    1    1       473  347    0 MIX    15   10  347  346
    6    7    2    1    8    0    0    1    1    0       693   12    1 MIX   349  348    6  351    3  350    2    7
    6    8    2    1    8    0    0    2    0    0       860   12    1 MIX   354    1    7    6  352  353    5  355
    6    9    1    1    4    4    1    1    1    1       690    9    1 MIX    12  356  357    9
    6   10    1    1    2    1    2    2    1    0       426    6    1 MIX     6  358
    6   11    1    1    8    3    6    2    1    0       698  360    0 MIX     2  361  360  359    5    1  362    4
    6   12    1    1    2    2    1    2    1    0       402  363    0 MIX     7  363
    6   13    2    1    4    0    0    1    1    0       569    9    1 MIX   365  364    3    7
    6   14    1    1    8    6    3    2    1    0       514    2    1 MIX   366    7  369  367    4    2  368    8
    6   15    2    1    2    0    0    1    1    0       592  371    0 MIX     6  370
    6   16    2    1    8    0    0    2    1    1       603    8    1 MIX    13  372   15  373   12  374  375   14
    6   17    2    1    4    0    0    2    1    1       555    2    1 MIX   376    9   12  377
    6   18    2    1    2    0    0    1    1    0       536   15    1 MIX   378    7
    6   19    1    1    4    1    4    1    1    1       523    9    1 MIX     9   12  379  380
    6   20    2    1    2    0    0    2    1    1       554  382    0 MIX   381   16
    6   21    2    1    8    0    0    1    1    0       597   16    1 MIX   386    1  383  384  385    5    8    2
    6   22    1    1    2    1    2    1    1    1       480  387    0 MIX   387    9
    6   23    2    1    4    0    0    2    1    1       803    3    1 MIX     9   16  388  389
    6   24    2    1    2    0    0    1    1    0       710  391    0 MIX     6  390
    7    1    1    1    2    2    1    2    1    0       591    2    1 MIX   392    2
    7    2    2    1    8    0    0    1    1    0       681   15    1 MIX     4  395    8    7  396    5  394  393
    7    3    2    1    2    0    0    2    1    1       593    6    1 MIX    15  397
    7    4    1    1    2    1    2    2    1    0       573  398    0 MIX   398    3
    7    5    2    1    4    0    0    2    1    1       638    1    1 MIX   400   10  399   15
    7    6    1    1    2    1    2    1    1    1       536   12    1 MIX    12  401
    7    7    1    1    8    5    4    1    1    1       675  404    0 MIX     9   16   11   12  404  403  405  402
    7    8    2    1    8    0    0    1    1    0       634  410    0 MIX     6  408    2    8    4  406  409  407
    7    9    2    1    4    0    0    1    1    0       520   14    1 MIX     1  411  412    8
    7   10    2    1    4    0    0    1    0    1       682  415    0 MIX    14   13  414  413
    7   11    1    1    8    1    8    2    1    0       528    4    1 MIX     4  418  416  419    6    1    8  417
    7   12    1    1    4    3    2    2    1    0       451    1    1 MIX   421  420    1    8
    7   13    1    1    4    1    4    2    1    0       489    1    1 MIX     1  423    7  422
    7   14    2    1    4    0    0    1    1    0       606  426    0 MIX   424    3  425    5
    7   15    1    1    8    1    8    2    1    0       583  429    0 MIX   429  428    1    4    2    8  430  427
    7   16    2    1    8    0    0    1    1    0       544  435    0 MIX     7  433    4  432    5  434  431    3
    7   17    2    1    2    0    0    1    1    0       669  437    0 MIX     4  436
    7   18    1    1    4    3    2    2    1    0       506    1    1 MIX     5  438    1  439
    7   19    1    1    8    2    7    2    1    0       744    6    1 MIX   440    6    5  443    3    7  441  442
    7   20    2    1    8    0    0    1    1    0       603  448    0 MIX   446  444    5  445    7  447    1    8
    7   21    1    1    4    1    4    1    1    1       538   10    1 MIX    10   16  449  450
    7   22    1    1    2    1    2    1    1    1       488   15    1 MIX    15  451
    7   23    1    1    2    1    2    2    1    0       520  452    0 MIX   452    3
    7   24    2    1    2    0    0    2    1    1       470  454    0 MIX   453   10
    8    1    1    1    8    5    4    2    1    0       526    2    1 MIX   456  455    1    3    2  458    8  457
    8    2    1    1    8    2    7    2    1    0       537  461    0 MIX     4  461    1    5  462  459    2  460
    8    3    1    1    2    1    2    1    1    1       535  463    0 MIX   463   15
    8    4    2    1    2    0    0    2    1    1       565  465    0 MIX     9  464
    8    5    2    1    4    0    0    2    1    1       534    4    1 MIX    11    9  466  467
    8    6    2    1    8    0    0    1    0    1       641  472    0 MIX   469  471   14  470   15   12  468   13
    8    7    1    1    8    8    1    2    1    0       441  474    0 MIX   476  473  475    8    6    7    4  474
    8    8    1    1    8    8    1    2    1    0       361  479    0 MIX   480    8    6  478    2  477    1  479
    8    9    2    1    4    0    0    1    1    0       564   14    1 MIX   481    8  482    5
    8   10    2    1    4    0    0    1    1    0       564  485    0 MIX     7  484  483    5
    8   11    1    1    4    4    1    2    1    0       406    2    1 MIX     7  486  487    2
    8   12    1    1    2    2    1    2    1    0       440  488    0 MIX     7  488
    8   13    1    1    8    8    1    1    1    1       489  489    0 MIX    12   14   10  491  490   16  492  489
    8   14    1    1    8    8    1    1    1    1       517   10    1 MIX   495  496   11  494    9   12  493   10
    8   15    2    1    4    0    0    1    1    0       632   12    1 MIX     6  498  497    5
    8   16    1    1    2    1    2    2    1    0       866    7    1 MIX     7  499
    8   17    2    1    2    0    0    2    1    1       579    3    1 MIX    16  500
    8   18    2    1    8    0    0    2    1    1       590  505    0 MIX   502  501   14  504    9  503   11   12
    8   19    1    1    4    1    4    2    0    1       510   12    1 MIX    12   11  507  506
    8   20    2    1    2    0    0    1    1    0       541    9    1 MIX   508    7
    8   21    1    1    4    1    4    2    1    0       767  510    0 MIX   510  509    1    7
    8   22    2    1    2    0    0    2    1    1       595  512    0 MIX    11  511
    8   23    2    1    8    0    0    2    1    1       573    6    1 MIX   515  514   12   14   15   11  513  516
    8   24    1    1    2    1    2    2    1    0       523  517    0 MIX   517    5
    9    1    1    1    2    1    2    2    1    0       877    3    1 MIX     3  518
    9    2    2    1    4    0    0    2    1    1       545    2    1 MIX   519  520   12    9
    9    3    1    1    2    1    2    2    1    0       527    5    1 MIX     5  521
    9    4    2    1    8    0    0    2    1    1       603    1    1 MIX    16  523  524  525   13    9   14  522
    9    5    2    1    2    0    0    1    1    0       535    9    1 MIX   526    7
    9    6    2    1    8    0    0    2    1    1       561    3    1 MIX    11   10   14  529  527   15  530  528
    9    7    1    1    8    6    3    1    1    1       603  533    0 MIX   534   16   12  532  531  533   14   10
    9    8    2    1    4    0    0    1    1    0       474   10    1 MIX     6  536    2  535
    9    9    1    1    8    7    2    1    1    1       599  538    0 MIX   540   14   13   15  539  537  538   10
    9   10    1    1    4    4    1    2    1    0       439    8    1 MIX   542    6  541    8
    9   11    1    1    4    2    3    1    0    0       573  543    0 MIX   544  543    8    2
    9   12    1    1    8    7    2    2    1    0       453  545    0 MIX     3    4    7  548  546    8  545  547
    9   13    2    1    4    0    0    1    1    0       540   15    1 MIX   550  549    7    4
    9   14    1    1    4    2    3    1    1    1       589   12    1 MIX   552   12  551   13
    9   15    2    1    8    0    0    2    1    1       678    5    1 MIX   553   15    9   12  556   16  554  555
    9   16    1    1    2    2    1    2    1    0       495    5    1 MIX   557    5
    9   17    1    1    2    2    1    1    1    1       383   13    1 MIX   558   13
    9   18    2    1    2    0    0    2    1    1       483  560    0 MIX   559   13
    9   19    1    1    2    1    2    1    1    1       595  561    0 MIX   561   12
    9   20    1    1    4    2    3    2    1    0       610  562    0 MIX     4  562    5  563
    9   21    2    1    2    0    0    1    1    0       574  565    0 MIX     5  564
    9   22    2    1    4    0    0    1    1    0       590   11    1 MIX     3  567    6  566
    9   23    1    1    8    4    5    1    1    1       536  568    0 MIX   569   14   10  568  570   16    9  571
    9   24    2    1    4    0    0    2    1    1       522    1    1 MIX   572   11   13  573
