    1    1    2    1    2    0    0    1    1    0      6579    6    1 MIX2     4    9
    1    2    1    1    4    4    1    2    1    0      1571    2    1 MIX2    11   10    4    2
    1    3    1    1    8    4    5    2    1    0      2454    4    1 MIX2    12   15    2    4    3    1   14   13
    1    4    2    1    2    0    0    2    1    1      1569    3    1 MIX2    16    8
    1    5    1    1    4    4    1    1    1    1      1596   17    0 MIX2    18    6    8   17
    1    6    1    1    8    6    3    2    1    0      1221   21    0 MIX2    22   20    3    1    4   21   19    2
    1    7    1    1    2    1    2    1    1    1      1152    6    1 MIX2     6   23
    1    8    2    1    4    0    0    2    1    1      1024    2    1 MIX2    25    5   24    6
    1    9    2    1    4    0    0    2    1    1      1107    4    1 MIX2    26    7   27    8
    1   10    2    1    8    0    0    1    1    0      1350   32    0 MIX2    29   28   31    3    4    2   30    1
    1   11    1    1    8    8    1    1    1    1       969    6    1 MIX2     7    5   34    8   36   33   35    6
    1   12    2    1    2    0    0    2    1    1      1367    2    1 MIX2    37    6
    1   13    1    1    8    5    4    1    1    1      1090    6    1 MIX2    40    5   41   39    6   38    7    8
    1   14    1    1    4    3    2    1    1    1      1698    8    1 MIX2     5   42    8   43
    1   15    2    1    2    0    0    1    1    0      1317   45    0 MIX2    44    2
    1   16    2    1    8    0    0    1    1    0      1341   50    0 MIX2     3    2    1   49   48   46   47    4
    1   17    1    1    2    2    1    1    1    1      1256   51    0 MIX2     5   51
    1   18    2    1    8    0    0    2    0    0      1438    8    1 MIX2     4    1   52    2   54   55    3   53
    1   19    2    1    4    0    0    2    1    1      1318    1    1 MIX2    56    8   57    6
    1   20    2    1    2    0    0    2    1    1      1388    3    1 MIX2     6   58
    1   21    1    1    4    2    3    2    1    0      2255   59    0 MIX2     1   59    3   60
    1   22    1    1    2    1    2    2    1    0      1191   61    0 MIX2    61    1
    1   23    1    1    2    1    2    2    1    0      1277    2    1 MIX2     2   62
    1   24    2    1    4    0    0    1    1    0      1101    8    1 MIX2     1   63   64    3
    2    1    1    1    4    2    3    2    1    0      1165   65    0 MIX2    66   65    4    1
    2    2    1    1    8    4    5    1    1    1      1305   67    0 MIX2     5    6   70   67    7   68   69    8
    2    3    2    1    4    0    0    2    1    1      1396    1    1 MIX2    72    6    7   71
    2    4    2    1    8    0    0    1    1    0      1481    7    1 MIX2     2   76   73    1   74   75    3    4
    2    5    2    1    4    0    0    2    1    1      1484    2    1 MIX2     5    8   78   77
    2    6    1    1    4    4    1    2    1    0      1186    2    1 MIX2    79   80    3    2
    2    7    1    1    2    2    1    2    1    0      1117    3    1 MIX2    81    3
    2    8    1    1    4    3    2    2    1    0      1002    2    1 MIX2    83   82    2    4
    2    9    1    1    2    1    2    2    1    0       829    2    1 MIX2     2   84
    2   10    1    1    8    8    1    2    1    0       694   86    0 MIX2    88    4    1   87    2   85    3   86
    2   11    2    1    8    0    0    1    1    0       969    6    1 MIX2    92    3    4   89    1   91   90    2
    2   12    1    1    4    3    2    1    1    1      1044    8    1 MIX2     7   93    8   94
    2   13    2    1    4    0    0    1    1    0      1004   97    0 MIX2    96    4    1   95
    2   14    2    1    8    0    0    1    1    0      1079  102    0 MIX2    99    2    3   98  101    1  100    4
    2   15    1    1    4    1    4    1    1    1      1493    7    1 MIX2     7  104    8  103
    2   16    2    1    4    0    0    2    1    1      1432  107    0 MIX2     8    5  105  106
    2   17    1    1    8    1    8    2    1    0      1291    4    1 MIX2     4  111  109    1    2    3  110  108
    2   18    2    1    4    0    0    2    1    1      1147  114    0 MIX2   113  112    5    6
    2   19    2    1    2    0    0    1    1    0       793  116    0 MIX2     4  115
    2   20    1    1    2    1    2    2    1    0      1412  117    0 MIX2   117    1
    2   21    1    1    4    3    2    1    1    1      1566    6    1 MIX2     8  118    6  119
    2   22    2    1    8    0    0    1    1    0      1812    6    1 MIX2   123  122  121    2    1    4    3  120
    2   23    1    1    4    1    4    1    1    1      1290    6    1 MIX2     6  124    7  125
    2   24    2    1    8    0    0    2    1    1      1816    1    1 MIX2     7  128  129    6    5  127    8  126
    3    1    2    1    4    0    0    1    1    0       827  132    0 MIX2     3  131    4  130
    3    2    1    1    4    4    1    1    1    1      1070    8    1 MIX2   133  134    5    8
    3    3    2    1    4    0    0    2    1    1       923    2    1 MIX2   135  136    5    6
    3    4    2    1    4    0    0    2    1    1       847    2    1 MIX2     7    5  138  137
    3    5    2    1    4    0    0    1    1    0       839  141    0 MIX2     2  139    1  140
    3    6    2    1    4    0    0    1    1    0      1372  144    0 MIX2   143    3  142    2
    3    7    1    1    4    1    4    1    1    1      1453  145    0 MIX2   145  146    5    7
    3    8    2    1    4    0    0    2    1    1       840    2    1 MIX2     8  147    7  148
    3    9    2    1    2    0    0    2    0    0      3565    8    1 MIX2   149    2
    3   10    1    1    8    4    5    1    1    1      4542    6    1 MIX2   150    5  151    6    7  152  153    8
    3   11    2    1    8    0    0    1    1    0       681  158    0 MIX2     3  156    4    2  157  154    1  155
    3   12    2    1    4    0    0    1    1    0       671    6    1 MIX2     2    3  159  160
    3   13    2    1    2    0    0    2    1    1       673  162    0 MIX2   161    7
    3   14    2    1    2    0    0    1    1    0       484    7    1 MIX2   163    4
    3   15    2    1    8    0    0    1    1    0      1015  168    0 MIX2     1  165    3  167  164    4  166    2
    3   16    2    1    8    0    0    1    1    0      1069    7    1 MIX2     4    3    2  171  169  170  172    1
    3   17    1    1    8    5    4    2    1    0      1771    3    1 MIX2     2    1  176    4    3  175  174  173
    3   18    1    1    2    1    2    2    1    0       731    4    1 MIX2     4  177
    3   19    1    1    2    1    2    1    1    1       822    8    1 MIX2     8  178
    3   20    1    1    8    5    4    2    1    0      1201    4    1 MIX2   180    3  179    1    4  182    2  181
    3   21    2    1    8    0    0    1    1    0       874    6    1 MIX2   183  184  185    1  186    4    2    3
    3   22    1    1    2    2    1    2    1    0       615  187    0 MIX2     1  187
    3   23    2    1    8    0    0    2    1    1       898  192    0 MIX2     7    6    8    5  191  189  188  190
    3   24    1    1    2    2    1    2    1    0       581  193    0 MIX2     1  193
    4    1    1    1    8    2    7    2    1    0      1016    1    1 MIX2   194    1  195  197    4  196    3    2
    4    2    1    1    8    4    5    1    1    1       779    8    1 MIX2   200    5  198    8  199  201    7    6
    4    3    2    1    2    0    0    1    1    0      1246    5    1 MIX2   202    1
    4    4    2    1    8    0    0    2    1    1       681  207    0 MIX2     7  205    6  203    8  206    5  204
    4    5    2    1    8    0    0    2    1    1       722    3    1 MIX2   208    5  209  210    8  211    6    7
    4    6    2    1    2    0    0    2    1    1      1127    1    1 MIX2     5  212
    4    7    2    1    8    0    0    2    1    1       875    2    1 MIX2     7  215  216  214    8  213    6    5
    4    8    1    1    4    2    3    1    1    1      1339    7    1 MIX2   217    7  218    6
    4    9    1    1    8    7    2    2    1    0      1044  220    0 MIX2   221    4  219  222    2    3  220    1
    4   10    1    1    8    3    6    1    1    1      1145    6    1 MIX2     7  225    6  226  223    8  224    5
    4   11    2    1    2    0    0    1    1    0       591  228    0 MIX2     4  227
    4   12    1    1    2    2    1    2    1    0       823    4    1 MIX2   229    4
    4   13    1    1    2    1    2    1    1    1      1146  230    0 MIX2   230    7
    4   14    2    1    8    0    0    1    1    0       695  235    0 MIX2   234    1  231  233    3    4  232    2
    4   15    1    1    4    2    3    2    1    0       832    4    1 MIX2   237    4  236    2
    4   16    1    1    4    1    4    2    1    0      1253    3    1 MIX2     3  238    2  239
    4   17    2    1    8    0    0    1    0    1       889    3    1 MIX2   240    6  241    7    8    5  243  242
    4   18    1    1    4    3    2    1    1    1       684  245    0 MIX2     6  244  245    7
    4   19    2    1    4    0    0    2    1    1       625    2    1 MIX2     8    6  246  247
    4   20    2    1    2    0    0    2    1    1       641  249    0 MIX2   248    5
    4   21    1    1    4    3    2    2    1    0       841  251    0 MIX2   250    4  251    2
    4   22    1    1    4    1    4    1    1    1      1346  253    0 MIX2   253    7  252    5
    4   23    1    1    2    1    2    1    1    1       554    5    1 MIX2     5  254
    4   24    2    1    2    0    0    1    1    0       578    7    1 MIX2     3  255
    5    1    1    1    8    7    2    1    1    1       661  257    0 MIX2   256    8  259    5    7  258  257    6
    5    2    1    1    8    3    6    2    1    0       995  263    0 MIX2     3  262  263    1  261  260    2    4
    5    3    1    1    2    1    2    2    1    0       483  264    0 MIX2   264    4
    5    4    1    1    2    1    2    1    1    1       705  265    0 MIX2   265    5
    5    5    1    1    2    2    1    2    1    0       671    1    1 MIX2   266    1
    5    6    1    1    8    6    3    2    1    0       890  267    0 MIX2   270    3  268    1    4  267  269    2
    5    7    2    1    2    0    0    2    1    1       612    3    1 MIX2   271    7
    5    8    2    1    2    0    0    2    1    1       538    1    1 MIX2     7  272
    5    9    2    1    8    0    0    2    1    1      1411    4    1 MIX2     6    5  275    7  273    8  274  276
    5   10    1    1    8    3    6    1    1    1       904  278    0 MIX2   277  279  278    7    5    8    6  280
    5   11    1    1    8    4    5    2    1    0       755  283    0 MIX2     2    4  281  283    3  284    1  282
    5   12    2    1    8    0    0    1    1    0       798    7    1 MIX2     2  286    1  285  288  287    4    3
    5   13    2    1    2    0    0    1    1    0       527    6    1 MIX2   289    2
    5   14    2    1    8    0    0    1    0    1       925    4    1 MIX2   292  293    8  291    7    6    5  290
    5   15    2    1    8    0    0    2    1    1       909    3    1 MIX2   296  295    6  294    7  297    8    5
    5   16    2    1    2    0    0    1    1    0       562  299    0 MIX2   298    2
    5   17    2    1    4    0    0    2    1    1       626  302    0 MIX2     7  300    5  301
    5   18    1    1    8    8    1    1    1    1       675  306    0 MIX2     5  304    8    7  305    6  303  306
    5   19    2    1    2    0    0    2    1    1       710    4    1 MIX2   307    5
    5   20    2    1    8    0    0    1    1    0       668  312    0 MIX2     3  310    2  311  308  309    1    4
    5   21    2    1    8    0    0    2    0    0       863    5    1 MIX2   315    4  316    3    2  313    1  314
    5   22    1    1    2    2    1    2    1    0       810    4    1 MIX2   317    4
    5   23    1    1    4    2    3    1    1    1       768  318    0 MIX2     7  318    5  319
    5   24    1    1    8    8    1    1    1    1       693    7    1 MIX2     8  323    5    6  320  322  321    7
    6    1    1    1    8    1    8    1    1    1      1163    7    1 MIX2     7  324  327    5  326  325    8    6
    6    2    2    1    8    0    0    2    1    1       891  332    0 MIX2     6  329    5    7  328  331    8  330
    6    3    2    1    4    0    0    1    1    0       953    8    1 MIX2   333  334    3    1
    6    4    2    1    2    0    0    2    1    1       593    2    1 MIX2   335    6
    6    5    1    1    2    1    2    2    1    0       626    1    1 MIX2     1  336
    6    6    1    1    4    4    1    1    1    1       831    8    1 MIX2   338  337    7    8
    6    7    1    1    8    3    6    2    1    0       933  340    0 MIX2   341    2  340  339    3    1    4  342
    6    8    1    1    8    7    2    2    0    1      1400    7    1 MIX2   345  343    8    6  346    5    7  344
    6    9    1    1    4    1    4    1    1    1      1025  348    0 MIX2   348    6  347    5
    6   10    2    1    8    0    0    2    1    1      1115    1    1 MIX2     6    8  349    7  351    5  352  350
    6   11    2    1    8    0    0    2    1    1       740    3    1 MIX2   355    8    5  353  356  354    6    7
    6   12    1    1    8    7    2    1    1    1      1044  358    0 MIX2     8  360    7    6    5  357  358  359
    6   13    1    1    4    3    2    1    1    1       791    5    1 MIX2   362    7    5  361
    6   14    1    1    2    2    1    1    1    1       560    7    1 MIX2   363    7
    6   15    1    1    2    2    1    2    1    0       637  364    0 MIX2     1  364
    6   16    1    1    4    4    1    2    1    0       541  365    0 MIX2   366    1    3  365
    6   17    1    1    2    1    2    1    1    1       582    8    1 MIX2     8  367
    6   18    2    1    2    0    0    1    1    0       707  369    0 MIX2   368    3
    6   19    1    1    2    2    1    2    1    0       619    4    1 MIX2   370    4
    6   20    2    1    8    0    0    1    1    0      1060    7    1 MIX2   372    4    2  374    1  373  371    3
    6   21    2    1    8    0    0    1    1    0       887    7    1 MIX2     4  378  375  377  376    1    3    2
    6   22    1    1    4    2    3    2    1    0       706    3    1 MIX2   379    3    2  380
    6   23    1    1    4    4    1    2    1    0       869  382    0 MIX2     4  381    1  382
    6   24    1    1    4    2    3    2    1    0       765    2    1 MIX2   383    2    1  384
    7    1    1    1    8    4    5    2    1    0       875    4    1 MIX2   388  387    2    4    3    1  386  385
    7    2    2    1    2    0    0    2    1    1      4309  390    0 MIX2     8  389
    7    3    2    1    8    0    0    1    1    0       721  395    0 MIX2   391    4  393    2  392    3  394    1
    7    4    1    1    8    3    6    2    1    0       954    1    1 MIX2     4    3    1  398  399  397    2  396
    7    5    1    1    2    2    1    2    1    0       612  400    0 MIX2     4  400
    7    6    2    1    8    0    0    2    1    1       679  405    0 MIX2   401  402    8    5  404  403    6    7
    7    7    2    1    8    0    0    1    1    0       882  410    0 MIX2     3  408    4  409    2  407  406    1
    7    8    1    1    4    3    2    2    1    0       891    4    1 MIX2     1  412    4  411
    7    9    2    1    2    0    0    2    1    1       715  414    0 MIX2     5  413
    7   10    1    1    8    3    6    2    1    0       915  417    0 MIX2   418    2  417    1  416    3    4  415
    7   11    1    1    4    4    1    2    1    0       489    4    1 MIX2   420    3  419    4
    7   12    1    1    8    1    8    1    1    1      1287  424    0 MIX2   424    7  423  421  422    5    8    6
    7   13    2    1    4    0    0    1    1    0       604  427    0 MIX2   425    2  426    3
    7   14    1    1    2    1    2    2    1    0       517  428    0 MIX2   428    3
    7   15    1    1    8    5    4    2    1    0       989  429    0 MIX2   432    1  430  431  429    3    2    4
    7   16    1    1    2    1    2    1    1    1       675  433    0 MIX2   433    8
    7   17    2    1    2    0    0    2    1    1       749  435    0 MIX2     7  434
    7   18    2    1    4    0    0    2    1    1       976    4    1 MIX2     5  436    6  437
    7   19    2    1    2    0    0    1    1    0       688    5    1 MIX2   438    4
    7   20    1    1    2    2    1    2    1    0       707    3    1 MIX2   439    3
    7   21    1    1    4    1    4    1    1    1       998  440    0 MIX2   440    6  441    8
    7   22    2    1    4    0    0    2    1    1       689    1    1 MIX2   443    7    6  442
    7   23    1    1    2    2    1    1    1    1       468  444    0 MIX2     5  444
    7   24    2    1    2    0    0    2    1    1      1132    2    1 MIX2     8  445
    8    1    2    1    4    0    0    1    1    0       573  448    0 MIX2   446  447    1    2
    8    2    1    1    2    1    2    1    1    1       557  449    0 MIX2   449    6
    8    3    1    1    2    2    1    2    1    0       640    4    1 MIX2   450    4
    8    4    2    1    2    0    0    2    1    1      1189  452    0 MIX2   451    6
    8    5    2    1    8    0    0    1    1    0       707  457    0 MIX2   453    2  454    1    3    4  456  455
    8    6    1    1    4    4    1    1    1    1       507  458    0 MIX2   459    7    8  458
    8    7    1    1    4    4    1    2    1    0       694    4    1 MIX2   460    1  461    4
    8    8    2    1    8    0    0    1    1    0       922    6    1 MIX2   464    3  462    4    1    2  463  465
    8    9    1    1    2    1    2    2    1    0       698    1    1 MIX2     1  466
    8   10    2    1    4    0    0    1    1    0       581  469    0 MIX2   467    3    2  468
    8   11    2    1    4    0    0    1    1    0       482  472    0 MIX2   470    3    2  471
    8   12    1    1    8    3    6    1    1    1       859  475    0 MIX2     5  474  475  473    7  476    6    8
    8   13    1    1    8    4    5    1    1    1       737    8    1 MIX2     5  477    6    8  478    7  480  479
    8   14    2    1    2    0    0    2    1    1       521    2    1 MIX2   481    7
    8   15    2    1    4    0    0    2    1    1       748    3    1 MIX2   483    8    7  482
    8   16    1    1    8    1    8    1    1    1       860    6    1 MIX2     6  486  485    7    8    5  484  487
    8   17    1    1    2    1    2    1    1    1       508    5    1 MIX2     5  488
    8   18    1    1    4    1    4    1    1    1       783  490    0 MIX2   490    8    7  489
    8   19    2    1    4    0    0    1    1    0      1618    8    1 MIX2     3  492    2  491
    8   20    1    1    4    1    4    1    1    1       957    8    1 MIX2     8  493  494    7
    8   21    1    1    4    2    3    2    1    0       907    4    1 MIX2   495    4  496    3
    8   22    2    1    4    0    0    1    1    0      2283  499    0 MIX2     2  497  498    4
    8   23    1    1    8    4    5    2    1    0       971  503    0 MIX2     4    1  501  503    2    3  502  500
    8   24    1    1    2    1    2    1    1    1       553    8    1 MIX2     8  504
    9    1    2    1    4    0    0    2    1    1       671    2    1 MIX2     7  506  505    8
    9    2    2    1    2    0    0    2    1    1       663    2    1 MIX2     8  507
    9    3    1    1    2    1    2    2    1    0       490    4    1 MIX2     4  508
    9    4    2    1    8    0    0    2    1    1      1309    4    1 MIX2   509    6  512    5  511  510    8    7
    9    5    1    1    2    2    1    1    1    1       672    5    1 MIX2   513    5
    9    6    2    1    2    0    0    2    1    1      1203    4    1 MIX2     7  514
    9    7    2    1    8    0    0    1    1    0       713  519    0 MIX2   515    4  518  517  516    2    3    1
    9    8    1    1    4    3    2    1    1    1       561    6    1 MIX2   520  521    6    5
    9    9    1    1    4    1    4    2    1    0       625  523    0 MIX2   523    3  522    4
    9   10    1    1    8    8    1    1    1    1       927  526    0 MIX2   524    5    6  525  527    7    8  526
    9   11    2    1    2    0    0    1    1    0       532    6    1 MIX2   528    2
    9   12    2    1    4    0    0    1    1    0       701  531    0 MIX2   530    2  529    1
    9   13    2    1    8    0    0    1    1    0       733    7    1 MIX2     1    2  534  532    3  535    4  533
    9   14    2    1    2    0    0    2    1    1       565  537    0 MIX2     7  536
    9   15    2    1    8    0    0    1    1    0       944    8    1 MIX2     4  538    1    3  539  540    2  541
    9   16    2    1    8    0    0    2    1    1       998    3    1 MIX2     7  544  543  545  542    8    5    6
    9   17    2    1    2    0    0    1    1    0      2067  547    0 MIX2   546    1
    9   18    2    1    4    0    0    1    1    0       609    5    1 MIX2     4  549  548    2
    9   19    2    1    8    0    0    2    1    1       882  554    0 MIX2   552    7  551  553  550    8    5    6
    9   20    1    1    8    6    3    2    1    0       890  557    0 MIX2   555    2  556    1    3  557    4  558
    9   21    2    1    4    0    0    2    1    1       746  561    0 MIX2   559  560    5    7
    9   22    1    1    8    6    3    2    1    0      1118  565    0 MIX2     3    1    4  562  563  565  564    2
    9   23    1    1    4    4    1    2    1    0       654  567    0 MIX2     2    3  566  567
    9   24    1    1    2    1    2    1    1    1      3438  568    0 MIX2   568    7
