    1    1    2    1    4    0    0    1    1    0      1852   10    1 MIX     4   17   18    5
    1    2    1    1    2    1    2    2    0    1      1796    9    1 MIX     9   19
    1    3    2    1    4    0    0    1    1    0      1699   22    0 MIX     8   21    3   20
    1    4    2    1    4    0    0    2    1    1      1246   25    0 MIX    23   24    9   13
    1    5    2    1    8    0    0    2    1    1      1405    8    1 MIX    29   28   13   26   27   14   16   12
    1    6    1    1    2    2    1    2    1    0      1297    4    1 MIX    30    4
    1    7    2    1    4    0    0    2    1    1      1182    1    1 MIX    32   11   31   10
    1    8    1    1    2    1    2    2    1    0      2138   33    0 MIX    33    6
    1    9    2    1    2    0    0    2    1    1       824   35    0 MIX    10   34
    1   10    1    1    4    3    2    2    1    0      1816   37    0 MIX     8    4   37   36
    1   11    2    1    8    0    0    2    1    1       882    2    1 MIX     9   16   40   39   38   12   41   14
    1   12    2    1    8    0    0    1    1    0       905   15    1 MIX    42    3   45    7    5   43   44    6
    1   13    2    1    2    0    0    2    1    1      1736    3    1 MIX    10   46
    1   14    2    1    2    0    0    1    1    0       863   15    1 MIX     4   47
    1   15    2    1    8    0    0    2    1    1      2841    7    1 MIX     9   11   10   16   48   49   50   51
    1   16    1    1    8    6    3    1    1    1       843   54    0 MIX    11   55    9   53   10   54   52   14
    1   17    1    1    2    2    1    1    1    1       654   56    0 MIX    11   56
    1   18    1    1    8    4    5    2    1    0      1063   58    0 MIX     3   57    5   58    4    1   60   59
    1   19    1    1    2    1    2    2    1    0       673   61    0 MIX    61    3
    1   20    1    1    2    1    2    2    0    1       570   62    0 MIX    62   15
    1   21    2    1    2    0    0    1    1    0       931   64    0 MIX    63    8
    1   22    1    1    2    2    1    1    1    1       938   65    0 MIX    16   65
    1   23    1    1    8    1    8    2    1    0       904   67    0 MIX    67    1    7    4   68   69    2   66
    1   24    1    1    8    7    2    1    1    1       839    9    1 MIX    72   70   10   73   15   14    9   71
    2    1    1    1    2    2    1    1    1    1       705   14    1 MIX    74   14
    2    2    1    1    4    3    2    2    1    0       798   76    0 MIX     5   75   76    4
    2    3    1    1    8    7    2    1    1    1       512   12    1 MIX    79   13   15   78   11   80   12   77
    2    4    1    1    8    6    3    2    1    0       862    8    1 MIX     1   81   82    2   84    8   83    7
    2    5    1    1    2    2    1    1    1    1       561   85    0 MIX    10   85
    2    6    2    1    8    0    0    2    1    1      2733    7    1 MIX     9   14   89   12   86   15   88   87
    2    7    2    1    4    0    0    1    1    0       793   92    0 MIX    91    7   90    5
    2    8    1    1    8    8    1    2    1    0       848   94    0 MIX     7    5   96    4   95    3   93   94
    2    9    1    1    2    2    1    2    1    0       595   97    0 MIX     3   97
    2   10    2    1    4    0    0    2    1    1      1099    1    1 MIX    14   98   99   13
    2   11    1    1    4    1    4    1    1    1       847  100    0 MIX   100   16  101   15
    2   12    2    1    2    0    0    1    1    0       610    9    1 MIX     6  102
    2   13    2    1    8    0    0    1    1    0       612  107    0 MIX   103    8    7    6  105  104    2  106
    2   14    1    1    2    1    2    1    1    1       896    9    1 MIX     9  108
    2   15    2    1    2    0    0    2    1    1       537    3    1 MIX   109    9
    2   16    2    1    4    0    0    1    1    0       668  112    0 MIX   110    1    2  111
    2   17    1    1    4    3    2    1    1    1       819  113    0 MIX     9  114  113   13
    2   18    1    1    2    1    2    2    1    0       742  115    0 MIX   115    2
    2   19    2    1    8    0    0    1    1    0       667  120    0 MIX   119    4  117    8  116  118    2    7
    2   20    1    1    4    4    1    2    1    0       753  122    0 MIX   121    2    1  122
    2   21    2    1    2    0    0    2    1    1       910  124    0 MIX   123   13
    2   22    2    1    8    0    0    1    1    0       901   12    1 MIX     7  128    1  125    2  127    6  126
    2   23    2    1    8    0    0    1    1    0       636  133    0 MIX   131    3    2    8  130    1  132  129
    2   24    2    1    4    0    0    1    1    0      3155   15    1 MIX   135    3  134    6
    3    1    1    1    4    1    4    2    1    0      1330    2    1 MIX     2  136    5  137
    3    2    2    1    8    0    0    1    1    0       608  142    0 MIX   141  140  139    8    6  138    2    5
    3    3    2    1    4    0    0    1    1    0       655  145    0 MIX   143    6    3  144
    3    4    1    1    8    7    2    1    1    1      1656  147    0 MIX    16  149  148    9   14  146  147   15
    3    5    2    1    8    0    0    2    1    1       829  154    0 MIX   153   10  152  150    9   13   12  151
    3    6    1    1    4    4    1    2    1    0       852  155    0 MIX     4    2  156  155
    3    7    1    1    8    4    5    1    1    1       955  157    0 MIX    10   14   11  157  159  158  160   16
    3    8    1    1    2    1    2    1    1    1      3705    9    1 MIX     9  161
    3    9    1    1    8    3    6    1    1    1       913   13    1 MIX   164  163   13   15   14   16  162  165
    3   10    1    1    2    2    1    1    1    1       737    9    1 MIX   166    9
    3   11    1    1    4    4    1    1    1    1       628  167    0 MIX    11  168   14  167
    3   12    1    1    8    6    3    1    1    1       878   13    1 MIX   169   15  171   14  172   13   10  170
    3   13    1    1    4    3    2    2    1    0      1034    7    1 MIX   174  173    7    5
    3   14    1    1    2    1    2    1    1    1       637    9    1 MIX     9  175
    3   15    2    1    8    0    0    1    1    0       892  180    0 MIX     2    5  177  176    8  179  178    3
    3   16    1    1    2    1    2    2    1    0       820  181    0 MIX   181    1
    3   17    1    1    4    4    1    2    1    0       741    4    1 MIX   182    5  183    4
    3   18    2    1    4    0    0    2    1    1       664  186    0 MIX    11  185    9  184
    3   19    1    1    8    1    8    1    1    1       936  187    0 MIX   187   13  190  188   16  189   11   15
    3   20    1    1    2    2    1    2    1    0       591  191    0 MIX     7  191
    3   21    1    1    2    1    2    2    1    0       556    6    1 MIX     6  192
    3   22    1    1    2    2    1    2    1    0       538  193    0 MIX     6  193
    3   23    1    1    8    5    4    1    1    1       663  197    0 MIX    15  196    9  195  197   10   14  194
    3   24    2    1    2    0    0    1    1    0       817   15    1 MIX   198    5
    4    1    2    1    2    0    0    1    1    0       600  200    0 MIX   199    5
    4    2    1    1    8    6    3    1    1    1       683   16    1 MIX     9  202   10   15  203   16  204  201
    4    3    2    1    4    0    0    1    1    0       817   14    1 MIX   205    5    1  206
    4    4    2    1    2    0    0    2    1    1       532    1    1 MIX   207   15
    4    5    2    1    4    0    0    1    1    0       688   14    1 MIX     4  208  209    6
    4    6    1    1    8    7    2    1    1    1      1406   14    1 MIX   212  210   16  213  211   12   14   13
    4    7    1    1    4    2    3    1    1    1       663   12    1 MIX   215   12  214   13
    4    8    2    1    2    0    0    1    1    0      3376   12    1 MIX   216    6
    4    9    2    1    2    0    0    2    1    1       470    1    1 MIX   217   15
    4   10    1    1    4    1    4    1    1    1       916   15    1 MIX    15   10  219  218
    4   11    1    1    2    2    1    1    1    1       811  220    0 MIX    14  220
    4   12    1    1    2    2    1    1    1    1       591    9    1 MIX   221    9
    4   13    2    1    8    0    0    1    1    0      1203   12    1 MIX   225    6  223    1  224    5    8  222
    4   14    2    1    8    0    0    1    1    0       846    9    1 MIX     6  227    8    4    5  229  228  226
    4   15    2    1    4    0    0    1    1    0       725  232    0 MIX   230    7  231    8
    4   16    1    1    8    1    8    2    1    0       811  233    0 MIX   233  236  235    4    8    6  234    7
    4   17    1    1    4    1    4    1    1    1       876   12    1 MIX    12   14  238  237
    4   18    2    1    4    0    0    2    1    1       714  241    0 MIX   240   11  239   10
    4   19    2    1    4    0    0    2    1    1       774    4    1 MIX   242   14   11  243
    4   20    1    1    2    2    1    1    1    1       667   11    1 MIX   244   11
    4   21    1    1    4    3    2    1    1    1       705  246    0 MIX   245   12  246   13
    4   22    2    1    2    0    0    1    1    0       592  248    0 MIX   247    5
    4   23    1    1    2    1    2    1    1    1       653   13    1 MIX    13  249
    4   24    2    1    8    0    0    2    1    1       607    1    1 MIX   252  251   10    9   16  253  250   14
    5    1    2    1    4    0    0    2    1    1       657    6    1 MIX     9  254  255   16
    5    2    2    1    4    0    0    2    1    1      2136    3    1 MIX   257  256   13   16
    5    3    1    1    8    4    5    2    0    1      1454   10    1 MIX   259  261    9   10  260  258   15   11
    5    4    1    1    8    3    6    1    1    1      1301   16    1 MIX   264  262   16  263  265   15   14   12
    5    5    1    1    8    2    7    1    1    1       931  266    0 MIX    13  266   15  267   14  269  268   11
    5    6    2    1    2    0    0    1    1    0      1226   14    1 MIX     1  270
    5    7    2    1    4    0    0    1    1    0       420  273    0 MIX     7    5  271  272
    5    8    2    1    8    0    0    2    1    1       861  278    0 MIX    13   14   15  275  276  277    9  274
    5    9    2    1    8    0    0    2    1    1       512    4    1 MIX    16  279   13  282  280  281   14   11
    5   10    1    1    4    4    1    1    1    1       548  283    0 MIX    16   11  284  283
    5   11    1    1    8    8    1    1    1    1       496  285    0 MIX   287   16   11   13  286  288   12  285
    5   12    1    1    4    4    1    2    1    0       894  290    0 MIX     3  289    6  290
    5   13    2    1    4    0    0    2    1    1       708  293    0 MIX     9  291   11  292
    5   14    1    1    4    4    1    1    1    1       481    9    1 MIX   294  295   15    9
    5   15    1    1    2    1    2    2    1    0       857    5    1 MIX     5  296
    5   16    1    1    4    3    2    2    1    0       913    6    1 MIX   297    4    6  298
    5   17    1    1    4    3    2    1    1    1       567  299    0 MIX    10   12  299  300
    5   18    1    1    4    3    2    1    1    1       641   14    1 MIX   302   16   14  301
    5   19    1    1    2    2    1    2    1    0       508  303    0 MIX     7  303
    5   20    1    1    4    4    1    1    1    1       466  304    0 MIX    16  305   10  304
    5   21    2    1    8    0    0    1    1    0       649  310    0 MIX   309    8  307    7  308    1    5  306
    5   22    2    1    4    0    0    2    1    1       655  313    0 MIX   311  312   12   11
    5   23    1    1    4    1    4    2    0    1      1270   13    1 MIX    13  315  314   14
    5   24    1    1    4    3    2    1    1    1       957  316    0 MIX     9   13  316  317
    6    1    2    1    2    0    0    2    1    1       489    3    1 MIX   318    9
    6    2    1    1    8    2    7    2    1    0      1576  319    0 MIX   321  319  322    2  320    7    4    5
    6    3    2    1    8    0    0    2    0    0       909   13    1 MIX   325  326  324  323    8    4    5    1
    6    4    1    1    4    1    4    1    1    1       938   14    1 MIX    14   12  327  328
    6    5    1    1    4    2    3    2    1    0       934    5    1 MIX   330    5  329    2
    6    6    2    1    4    0    0    2    1    1       577  333    0 MIX    15  331   12  332
    6    7    1    1    8    3    6    2    1    0       717    2    1 MIX   337  335    2  334  336    1    7    5
    6    8    2    1    4    0    0    2    1    1       643    8    1 MIX    10   15  339  338
    6    9    1    1    2    1    2    2    1    0       542  340    0 MIX   340    3
    6   10    1    1    2    2    1    2    1    0       541    7    1 MIX   341    7
    6   11    1    1    2    2    1    2    1    0       419  342    0 MIX     6  342
    6   12    1    1    2    1    2    2    1    0       534    2    1 MIX     2  343
    6   13    1    1    2    2    1    2    1    0       541    5    1 MIX   344    5
    6   14    2    1    8    0    0    1    1    0       923   15    1 MIX   346  348    3  345    6    7  347    8
    6   15    1    1    2    1    2    2    1    0       426  349    0 MIX   349    7
    6   16    2    1    8    0    0    1    1    0       605  354    0 MIX     3  353  352    7    4    6  351  350
    6   17    1    1    4    1    4    1    0    0       510  355    0 MIX   355    4    3  356
    6   18    1    1    2    2    1    1    0    0       581    1    1 MIX   357    1
    6   19    2    1    4    0    0    2    1    1       943  360    0 MIX    12  358   10  359
    6   20    1    1    4    2    3    1    1    1      2570   14    1 MIX    10   14  362  361
    6   21    1    1    4    3    2    1    1    1      1004  363    0 MIX     9  364  363   13
    6   22    1    1    8    4    5    2    1    0       912  367    0 MIX   365  366    3  367  368    4    8    1
    6   23    1    1    2    1    2    1    1    1       671  369    0 MIX   369   12
    6   24    1    1    8    2    7    2    1    0       704    6    1 MIX     2    6  371    4  373  370  372    3
    7    1    2    1    4    0    0    1    1    0       700  376    0 MIX   375  374    8    3
    7    2    1    1    2    1    2    1    1    1       692  377    0 MIX   377   11
    7    3    1    1    4    4    1    1    1    1       754   15    1 MIX   379  378   16   15
    7    4    2    1    8    0    0    2    1    1       719    3    1 MIX   383   14   10   12  382  381  380   15
    7    5    2    1    4    0    0    1    1    0       587  386    0 MIX     1  384  385    3
    7    6    1    1    4    2    3    2    0    1      1566   15    1 MIX   388   15  387   12
    7    7    2    1    2    0    0    2    1    1       523  390    0 MIX    15  389
    7    8    2    1    4    0    0    2    1    1       767    6    1 MIX    14  391   11  392
    7    9    1    1    2    1    2    2    0    1      1220   16    1 MIX    16  393
    7   10    1    1    8    5    4    1    1    1       534   13    1 MIX   397  395   16  396   13  394   15   11
    7   11    2    1    2    0    0    2    1    1       596    4    1 MIX   398   16
    7   12    2    1    2    0    0    1    1    0       489   13    1 MIX   399    4
    7   13    1    1    8    7    2    1    1    1      1088   15    1 MIX   401  403    9   14  402  400   15   10
    7   14    2    1    2    0    0    1    1    0      3385   13    1 MIX   404    7
    7   15    1    1    2    2    1    2    1    0       614  405    0 MIX     3  405
    7   16    1    1    2    1    2    2    1    0       529  406    0 MIX   406    5
    7   17    1    1    2    1    2    2    1    0       457  407    0 MIX   407    8
    7   18    1    1    2    2    1    1    1    1       491  408    0 MIX    10  408
    7   19    2    1    2    0    0    1    1    0       907  410    0 MIX   409    8
    7   20    2    1    2    0    0    1    1    0       578  412    0 MIX   411    5
    7   21    1    1    2    2    1    1    1    1      1368  413    0 MIX    11  413
    7   22    2    1    2    0    0    2    1    1       613    1    1 MIX   414   15
    7   23    1    1    8    7    2    2    1    0       864  415    0 MIX     8  417    2  418  416    6  415    5
    7   24    2    1    8    0    0    1    1    0       768   13    1 MIX     2  419    8    7    4  422  421  420
    8    1    1    1    4    2    3    2    1    0       984    7    1 MIX   423    7  424    8
    8    2    1    1    8    8    1    1    1    1       669   16    1 MIX    12  426   10  427   11  428  425   16
    8    3    1    1    2    2    1    2    1    0      2262  429    0 MIX     7  429
    8    4    2    1    4    0    0    2    1    1      1141    5    1 MIX    12  430   13  431
    8    5    2    1    4    0    0    2    1    1       602    2    1 MIX    12  433    9  432
    8    6    2    1    4    0    0    1    1    0       611   13    1 MIX   434    4  435    6
    8    7    2    1    2    0    0    1    1    0       823   14    1 MIX     7  436
    8    8    1    1    8    8    1    2    1    0       697    6    1 MIX   440    1  439  437  438    2    8    6
    8    9    2    1    2    0    0    2    1    1       593  442    0 MIX    16  441
    8   10    1    1    4    2    3    1    0    0       722  443    0 MIX     5  443  444    4
    8   11    2    1    4    0    0    2    1    1       710  447    0 MIX   445   16  446   12
    8   12    1    1    2    1    2    2    1    0       661    8    1 MIX     8  448
    8   13    1    1    8    1    8    1    0    0       686    3    1 MIX     3  450  452    4    5    7  449  451
    8   14    1    1    2    2    1    2    1    0      1183    5    1 MIX   453    5
    8   15    2    1    2    0    0    1    1    0       539   16    1 MIX   454    2
    8   16    2    1    8    0    0    1    1    0       857   15    1 MIX     6  458    5  455    2    7  457  456
    8   17    2    1    2    0    0    2    1    1      1139    4    1 MIX   459   13
    8   18    2    1    2    0    0    1    1    0       554    9    1 MIX     2  460
    8   19    1    1    2    1    2    1    1    1      1688    9    1 MIX     9  461
    8   20    1    1    4    4    1    1    1    1       822   16    1 MIX   462   11  463   16
    8   21    2    1    4    0    0    2    1    1      1095    5    1 MIX    16    9  465  464
    8   22    2    1    2    0    0    1    1    0       551  467    0 MIX     4  466
    8   23    2    1    4    0    0    1    1    0       594   15    1 MIX   469    8  468    7
    8   24    2    1    8    0    0    1    1    0       550   14    1 MIX   473  470  471    4    6  472    3    1
    9    1    2    1    4    0    0    2    1    1       381  476    0 MIX    14  475   13  474
    9    2    2    1    8    0    0    1    1    0      3440   13    1 MIX     3  479  477    7  478  480    5    8
    9    3    1    1    8    5    4    2    0    1       657  481    0 MIX   483   10  482  484  481   12   11   15
    9    4    1    1    4    2    3    1    1    1       841  486    0 MIX    12  486  485   13
    9    5    1    1    2    2    1    2    1    0       803  487    0 MIX     8  487
    9    6    1    1    2    2    1    2    1    0       503    8    1 MIX   488    8
    9    7    1    1    4    3    2    2    1    0       676  490    0 MIX   489    8  490    6
    9    8    2    1    8    0    0    2    1    1       787    1    1 MIX   493   15  494  491  492   16   10   13
    9    9    1    1    8    1    8    1    1    1       967  496    0 MIX   496   12   11  495  498    9   10  497
    9   10    2    1    2    0    0    2    1    1       620  500    0 MIX    14  499
    9   11    1    1    2    1    2    2    1    0       671  501    0 MIX   501    7
    9   12    1    1    8    2    7    1    1    1       767  502    0 MIX     9  502  503  505  504   10   16   14
    9   13    1    1    2    1    2    1    1    1       589  506    0 MIX   506   10
    9   14    1    1    8    8    1    1    1    1       657   14    1 MIX   508   12   11  507  509   13  510   14
    9   15    2    1    2    0    0    2    1    1       651  512    0 MIX   511   10
    9   16    1    1    2    1    2    2    1    0      1237    6    1 MIX     6  513
    9   17    2    1    2    0    0    1    1    0       584    9    1 MIX   514    2
    9   18    2    1    2    0    0    2    1    1       564  516    0 MIX   515   16
    9   19    1    1    2    2    1    1    0    0       378  517    0 MIX     5  517
    9   20    2    1    2    0    0    2    1    1      1215    3    1 MIX    15  518
    9   21    2    1    2    0    0    1    1    0       586  520    0 MIX   519    4
    9   22    1    1    4    2    3    2    1    0       723  521    0 MIX     6  521  522    1
    9   23    1    1    8    8    1    2    1    0       626  524    0 MIX     6  523  526    4    1    5  525  524
    9   24    2    1    4    0    0    2    1    1       554  529    0 MIX   527   14  528   11
