    1    1    2    1    4    0    0    2    0    0      3560    7    1 MIX2     2    3    9   10
    1    2    2    1    8    0    0    1    1    0       957    6    1 MIX2     2    4    1    3   11   12   13   14
    1    3    2    1    4    0    0    1    1    0       654   17    0 MIX2     3    2   15   16
    1    4    2    1    4    0    0    1    0    1      1068   20    0 MIX2     3    2   18   19
    1    5    2    1    2    0    0    1    0    1      2133    4    1 MIX2     4   21
    1    6    1    1    4    3    2    2    0    1       856   23    0 MIX2     3    1   22   23
    1    7    2    1    2    0    0    2    1    1      2522    3    1 MIX2     1   24
    1    8    2    1    8    0    0    2    1    1      1176   29    0 MIX2     2    1    3    4   25   26   27   28
    1    9    2    1    8    0    0    1    1    0      1371   34    0 MIX2     3    2    1    4   30   31   32   33
    1   10    2    1    8    0    0    2    1    1       952   39    0 MIX2     4    1    3    2   35   36   37   38
    1   11    1    1    4    4    1    1    1    1      1034    1    1 MIX2     4    1   40   41
    1   12    2    1    2    0    0    2    1    1       948    2    1 MIX2     2   42
    1   13    1    1    2    1    2    1    1    1       898   43    0 MIX2     3   43
    1   14    2    1    8    0    0    2    1    1      1103   48    0 MIX2     1    3    4    2   44   45   46   47
    1   15    2    1    8    0    0    2    1    1      1013   53    0 MIX2     3    1    2    4   49   50   51   52
    1   16    1    1    2    1    2    1    1    1       817   54    0 MIX2     4   54
    1   17    2    1    2    0    0    1    1    0      1090    7    1 MIX2     2   55
    1   18    2    1    2    0    0    1    1    0      1515   57    0 MIX2     4   56
    1   19    2    1    2    0    0    1    1    0       674    5    1 MIX2     3   58
    1   20    1    1    4    4    1    1    1    1       576   60    0 MIX2     1    3   59   60
    1   21    1    1    4    4    1    2    0    1      1329    3    1 MIX2     1    3   61   62
    1   22    1    1    4    3    2    1    1    1      1077   64    0 MIX2     1    3   63   64
    1   23    2    1    2    0    0    2    1    1       910    1    1 MIX2     4   65
    1   24    1    1    4    1    4    2    1    0      1283    2    1 MIX2     2    3   66   67
    2    1    1    1    2    1    2    2    1    0       771   68    0 MIX2     4   68
    2    2    2    1    2    0    0    1    1    0       648   70    0 MIX2     4   69
    2    3    1    1    8    8    1    2    1    0      1297   72    0 MIX2     2    4    3    1   71   72   73   74
    2    4    2    1    2    0    0    2    1    1       912    1    1 MIX2     2   75
    2    5    2    1    8    0    0    1    1    0      1229    6    1 MIX2     2    4    3    1   76   77   78   79
    2    6    1    1    2    2    1    2    0    1       736   80    0 MIX2     2   80
    2    7    1    1    4    1    4    2    1    0      1259   82    0 MIX2     2    4   81   82
    2    8    2    1    4    0    0    1    1    0       865   85    0 MIX2     2    3   83   84
    2    9    1    1    4    4    1    2    0    1      1240   86    0 MIX2     3    4   86   87
    2   10    2    1    8    0    0    2    1    1      1640    1    1 MIX2     3    4    2    1   88   89   90   91
    2   11    1    1    2    2    1    1    1    1      2571    1    1 MIX2     1   92
    2   12    2    1    4    0    0    2    1    1      1213   95    0 MIX2     4    1   93   94
    2   13    1    1    8    1    8    1    1    1      1359   96    0 MIX2     2    3    1    4   96   97   98   99
    2   14    1    1    8    4    5    2    1    0      1099  100    0 MIX2     4    1    2    3  100  101  102  103
    2   15    1    1    4    2    3    1    1    1      1591    4    1 MIX2     1    4  104  105
    2   16    2    1    2    0    0    2    1    1       907  107    0 MIX2     2  106
    2   17    1    1    8    6    3    1    1    1      1353  108    0 MIX2     3    4    2    1  108  109  110  111
    2   18    2    1    4    0    0    1    1    0      1051  114    0 MIX2     3    4  112  113
    2   19    2    1    8    0    0    2    1    1      1729    2    1 MIX2     3    4    1    2  115  116  117  118
    2   20    1    1    8    8    1    2    1    0      1920  119    0 MIX2     4    3    2    1  119  120  121  122
    2   21    2    1    4    0    0    1    1    0       795  125    0 MIX2     3    4  123  124
    2   22    2    1    4    0    0    2    1    1      1620    2    1 MIX2     3    1  126  127
    2   23    1    1    2    1    2    2    1    0       728  128    0 MIX2     4  128
    2   24    1    1    2    1    2    2    1    0       863  129    0 MIX2     4  129
    3    1    1    1    2    1    2    2    1    0       669  130    0 MIX2     1  130
    3    2    1    1    4    3    2    1    1    1       812  131    0 MIX2     3    4  131  132
    3    3    1    1    2    1    2    2    1    0       703    3    1 MIX2     3  133
    3    4    1    1    4    2    3    1    1    1       780  135    0 MIX2     3    4  134  135
    3    5    2    1    8    0    0    1    1    0      1535    8    1 MIX2     3    1    4    2  136  137  138  139
    3    6    2    1    4    0    0    1    1    0      1674  142    0 MIX2     2    1  140  141
    3    7    1    1    8    1    8    1    1    1      1658  146    0 MIX2     3    4    1    2  143  144  145  146
    3    8    1    1    4    2    3    2    0    1      1281    2    1 MIX2     4    2  147  148
    3    9    2    1    2    0    0    1    1    0       961    7    1 MIX2     3  149
    3   10    1    1    4    1    4    1    1    1      1268  150    0 MIX2     2    3  150  151
    3   11    1    1    2    1    2    2    1    0       709  152    0 MIX2     2  152
    3   12    2    1    2    0    0    1    1    0       557    6    1 MIX2     4  153
    3   13    2    1    4    0    0    1    1    0      1231  156    0 MIX2     2    1  154  155
    3   14    2    1    8    0    0    1    1    0      1152    5    1 MIX2     3    2    4    1  157  158  159  160
    3   15    2    1    2    0    0    2    1    1      1302  162    0 MIX2     3  161
    3   16    2    1    2    0    0    1    1    0       869  164    0 MIX2     2  163
    3   17    1    1    8    3    6    1    1    1       885    2    1 MIX2     1    3    4    2  165  166  167  168
    3   18    1    1    2    1    2    2    1    0       789    4    1 MIX2     4  169
    3   19    1    1    2    1    2    2    1    0       585  170    0 MIX2     2  170
    3   20    1    1    2    2    1    2    1    0       565  171    0 MIX2     1  171
    3   21    2    1    8    0    0    1    0    1      1344    1    1 MIX2     3    4    1    2  172  173  174  175
    3   22    1    1    2    1    2    1    1    1       846  176    0 MIX2     3  176
    3   23    2    1    8    0    0    2    1    1       720  181    0 MIX2     3    4    1    2  177  178  179  180
    3   24    2    1    4    0    0    2    1    1       938  184    0 MIX2     1    4  182  183
    4    1    2    1    8    0    0    1    1    0       612    8    1 MIX2     2    1    4    3  185  186  187  188
    4    2    1    1    8    6    3    1    1    1       910  189    0 MIX2     1    4    2    3  189  190  191  192
    4    3    2    1    4    0    0    1    1    0       978  195    0 MIX2     2    4  193  194
    4    4    1    1    4    4    1    1    1    1       756    4    1 MIX2     3    4  196  197
    4    5    1    1    8    2    7    1    0    0      1625    3    1 MIX2     1    2    3    4  198  199  200  201
    4    6    2    1    2    0    0    1    1    0       683    6    1 MIX2     2  202
    4    7    2    1    8    0    0    2    1    1      1265  207    0 MIX2     2    4    1    3  203  204  205  206
    4    8    2    1    8    0    0    2    1    1       976    1    1 MIX2     1    2    4    3  208  209  210  211
    4    9    2    1    2    0    0    2    1    1      1789  213    0 MIX2     4  212
    4   10    2    1    4    0    0    1    1    0       941  216    0 MIX2     1    2  214  215
    4   11    2    1    4    0    0    2    1    1      1569  219    0 MIX2     4    1  217  218
    4   12    1    1    8    8    1    1    1    1       677  220    0 MIX2     4    3    1    2  220  221  222  223
    4   13    1    1    8    3    6    2    1    0      1083  226    0 MIX2     4    2    3    1  224  225  226  227
    4   14    2    1    8    0    0    2    1    1       755    1    1 MIX2     4    3    2    1  228  229  230  231
    4   15    1    1    4    4    1    2    1    0      1229    4    1 MIX2     4    3  232  233
    4   16    1    1    2    2    1    1    0    0       880    3    1 MIX2     3  234
    4   17    1    1    8    5    4    1    1    1       942    4    1 MIX2     2    3    1    4  235  236  237  238
    4   18    1    1    2    2    1    1    0    0       445  239    0 MIX2     2  239
    4   19    1    1    2    2    1    2    1    0       782  240    0 MIX2     3  240
    4   20    1    1    4    1    4    2    0    1      1368    4    1 MIX2     1    4  241  242
    4   21    1    1    2    1    2    2    1    0      1077    2    1 MIX2     2  243
    4   22    1    1    4    3    2    1    1    1       611    4    1 MIX2     3    4  244  245
    4   23    2    1    4    0    0    1    1    0       819    5    1 MIX2     4    3  246  247
    4   24    2    1    2    0    0    1    1    0       950  249    0 MIX2     4  248
    5    1    2    1    8    0    0    2    0    0      1122    7    1 MIX2     3    4    1    2  250  251  252  253
    5    2    2    1    2    0    0    2    1    1      1113    3    1 MIX2     1  254
    5    3    2    1    2    0    0    1    1    0       767  256    0 MIX2     2  255
    5    4    2    1    4    0    0    2    1    1      1241  259    0 MIX2     3    2  257  258
    5    5    2    1    8    0    0    1    1    0      1065  264    0 MIX2     1    2    4    3  260  261  262  263
    5    6    2    1    4    0    0    1    1    0       823    5    1 MIX2     4    2  265  266
    5    7    1    1    8    3    6    1    0    0       809  270    0 MIX2     3    1    2    4  267  268  269  270
    5    8    1    1    8    6    3    2    1    0       924    1    1 MIX2     4    3    1    2  271  272  273  274
    5    9    1    1    8    7    2    1    1    1      1339    4    1 MIX2     4    3    1    2  275  276  277  278
    5   10    1    1    2    1    2    1    1    1       393  279    0 MIX2     1  279
    5   11    2    1    4    0    0    1    1    0      1169  282    0 MIX2     3    4  280  281
    5   12    2    1    2    0    0    1    1    0       774    7    1 MIX2     2  283
    5   13    2    1    2    0    0    2    1    1      1610    4    1 MIX2     1  284
    5   14    2    1    8    0    0    1    0    1      1356    3    1 MIX2     1    4    3    2  285  286  287  288
    5   15    2    1    2    0    0    2    1    1      1705    3    1 MIX2     2  289
    5   16    1    1    8    7    2    2    1    0      1079  293    0 MIX2     2    4    1    3  290  291  292  293
    5   17    1    1    8    5    4    2    0    1       765  295    0 MIX2     4    3    1    2  294  295  296  297
    5   18    1    1    2    1    2    2    1    0      1090  298    0 MIX2     4  298
    5   19    1    1    8    4    5    1    0    0       841    2    1 MIX2     4    1    2    3  299  300  301  302
    5   20    2    1    8    0    0    2    1    1      1050  307    0 MIX2     2    4    1    3  303  304  305  306
    5   21    1    1    2    1    2    2    1    0       564  308    0 MIX2     4  308
    5   22    1    1    2    1    2    1    1    1       849  309    0 MIX2     2  309
    5   23    2    1    8    0    0    2    1    1       978  314    0 MIX2     2    1    3    4  310  311  312  313
    5   24    1    1    8    3    6    2    1    0       702  318    0 MIX2     4    2    3    1  315  316  317  318
    6    1    1    1    8    8    1    1    1    1      1137    1    1 MIX2     2    1    3    4  319  320  321  322
    6    2    1    1    2    2    1    2    1    0       823    4    1 MIX2     4  323
    6    3    1    1    8    6    3    1    1    1       969  324    0 MIX2     1    4    2    3  324  325  326  327
    6    4    2    1    4    0    0    1    1    0      1115    6    1 MIX2     1    2  328  329
    6    5    1    1    8    8    1    2    1    0       722    4    1 MIX2     3    1    4    2  330  331  332  333
    6    6    1    1    2    2    1    2    1    0       889    1    1 MIX2     1  334
    6    7    2    1    2    0    0    2    1    1      1161    3    1 MIX2     3  335
    6    8    1    1    4    2    3    2    1    0       933    2    1 MIX2     2    1  336  337
    6    9    1    1    8    1    8    2    1    0       626    2    1 MIX2     1    2    3    4  338  339  340  341
    6   10    2    1    8    0    0    1    1    0       636  346    0 MIX2     4    1    3    2  342  343  344  345
    6   11    2    1    2    0    0    1    1    0       581  348    0 MIX2     2  347
    6   12    1    1    8    5    4    1    1    1       704    4    1 MIX2     4    2    3    1  349  350  351  352
    6   13    2    1    4    0    0    2    1    1       748  355    0 MIX2     2    1  353  354
    6   14    2    1    8    0    0    2    1    1       943    3    1 MIX2     1    2    4    3  356  357  358  359
    6   15    2    1    4    0    0    2    1    1       658    1    1 MIX2     4    2  360  361
    6   16    1    1    4    1    4    2    1    0       769  362    0 MIX2     2    1  362  363
    6   17    1    1    8    7    2    1    1    1       821    1    1 MIX2     2    4    3    1  364  365  366  367
    6   18    2    1    8    0    0    1    1    0      1272    8    1 MIX2     3    2    4    1  368  369  370  371
    6   19    2    1    2    0    0    1    1    0       696  373    0 MIX2     2  372
    6   20    1    1    8    5    4    1    1    1      1136  374    0 MIX2     4    1    2    3  374  375  376  377
    6   21    1    1    4    2    3    1    1    1       683    1    1 MIX2     1    3  378  379
    6   22    1    1    8    6    3    2    1    0      1010  380    0 MIX2     1    2    3    4  380  381  382  383
    6   23    2    1    8    0    0    1    1    0      1356  388    0 MIX2     3    4    2    1  384  385  386  387
    6   24    2    1    2    0    0    1    1    0       698    6    1 MIX2     1  389
    7    1    2    1    4    0    0    1    1    0       704  392    0 MIX2     1    3  390  391
    7    2    2    1    2    0    0    1    0    1       776    2    1 MIX2     3  393
    7    3    1    1    2    2    1    2    1    0       717    2    1 MIX2     2  394
    7    4    2    1    8    0    0    1    1    0       579    6    1 MIX2     1    4    2    3  395  396  397  398
    7    5    2    1    8    0    0    1    1    0      1119  403    0 MIX2     2    4    1    3  399  400  401  402
    7    6    1    1    8    4    5    1    1    1      1910    2    1 MIX2     1    2    4    3  404  405  406  407
    7    7    2    1    2    0    0    2    1    1       974    1    1 MIX2     3  408
    7    8    2    1    2    0    0    1    1    0       795    7    1 MIX2     2  409
    7    9    1    1    4    4    1    1    1    1       805    4    1 MIX2     1    4  410  411
    7   10    1    1    8    8    1    2    1    0      1399  412    0 MIX2     2    4    1    3  412  413  414  415
    7   11    2    1    8    0    0    1    0    1      1010    4    1 MIX2     2    4    1    3  416  417  418  419
    7   12    1    1    8    2    7    1    1    1      2188  421    0 MIX2     1    4    3    2  420  421  422  423
    7   13    2    1    2    0    0    1    1    0       713    7    1 MIX2     2  424
    7   14    2    1    2    0    0    2    1    1       960    4    1 MIX2     2  425
    7   15    2    1    2    0    0    1    1    0       813    7    1 MIX2     2  426
    7   16    2    1    4    0    0    2    1    1       597    4    1 MIX2     4    2  427  428
    7   17    2    1    8    0    0    1    1    0      1936    7    1 MIX2     1    4    2    3  429  430  431  432
    7   18    1    1    2    2    1    1    1    1      1126  433    0 MIX2     2  433
    7   19    2    1    4    0    0    1    1    0      1091    6    1 MIX2     3    4  434  435
    7   20    1    1    4    3    2    2    1    0       785  437    0 MIX2     2    1  436  437
    7   21    1    1    8    1    8    1    1    1      1619    3    1 MIX2     1    4    2    3  438  439  440  441
    7   22    2    1    4    0    0    1    1    0       906    8    1 MIX2     1    4  442  443
    7   23    2    1    8    0    0    2    1    1       967  448    0 MIX2     3    4    2    1  444  445  446  447
    7   24    2    1    4    0    0    2    0    0       968  451    0 MIX2     4    1  449  450
    8    1    2    1    8    0    0    2    1    1       913    3    1 MIX2     2    4    1    3  452  453  454  455
    8    2    1    1    8    3    6    1    1    1       992  456    0 MIX2     3    2    4    1  456  457  458  459
    8    3    1    1    4    2    3    2    1    0       977  461    0 MIX2     3    2  460  461
    8    4    2    1    8    0    0    1    0    1      1210  466    0 MIX2     2    3    1    4  462  463  464  465
    8    5    1    1    8    4    5    1    1    1      1085    1    1 MIX2     3    1    4    2  467  468  469  470
    8    6    2    1    2    0    0    2    1    1       485    1    1 MIX2     2  471
    8    7    1    1    8    4    5    2    1    0       869    3    1 MIX2     2    1    4    3  472  473  474  475
    8    8    2    1    2    0    0    1    1    0      1046  477    0 MIX2     2  476
    8    9    2    1    2    0    0    1    1    0       736    8    1 MIX2     1  478
    8   10    2    1    8    0    0    2    1    1       948    3    1 MIX2     2    3    4    1  479  480  481  482
    8   11    1    1    2    2    1    1    1    1       897  483    0 MIX2     3  483
    8   12    1    1    2    2    1    2    0    1       545  484    0 MIX2     1  484
    8   13    2    1    4    0    0    1    1    0      1092    8    1 MIX2     2    4  485  486
    8   14    1    1    8    4    5    2    1    0      1163    1    1 MIX2     2    3    4    1  487  488  489  490
    8   15    1    1    8    1    8    1    1    1      1649  492    0 MIX2     3    2    4    1  491  492  493  494
    8   16    1    1    8    2    7    1    1    1       785    1    1 MIX2     2    1    4    3  495  496  497  498
    8   17    2    1    4    0    0    2    1    1       634    1    1 MIX2     2    4  499  500
    8   18    2    1    4    0    0    2    1    1       921  503    0 MIX2     4    1  501  502
    8   19    2    1    4    0    0    2    1    1       668  506    0 MIX2     3    1  504  505
    8   20    2    1    8    0    0    2    1    1       804    3    1 MIX2     1    2    3    4  507  508  509  510
    8   21    1    1    4    2    3    2    1    0       973  511    0 MIX2     2    1  511  512
    8   22    2    1    4    0    0    2    1    1      1054  515    0 MIX2     1    2  513  514
    8   23    1    1    2    1    2    2    1    0       760  516    0 MIX2     4  516
    8   24    2    1    2    0    0    2    1    1      1086    3    1 MIX2     4  517
    9    1    1    1    8    4    5    2    1    0      1652    4    1 MIX2     4    3    1    2  518  519  520  521
    9    2    1    1    4    1    4    2    1    0       538    4    1 MIX2     2    4  522  523
    9    3    2    1    2    0    0    1    1    0       521    5    1 MIX2     1  524
    9    4    2    1    8    0    0    1    1    0       630    6    1 MIX2     1    4    2    3  525  526  527  528
    9    5    1    1    2    1    2    2    1    0       481    4    1 MIX2     4  529
    9    6    2    1    4    0    0    1    1    0       678  532    0 MIX2     4    2  530  531
    9    7    2    1    8    0    0    2    1    1      1005  537    0 MIX2     2    3    4    1  533  534  535  536
    9    8    2    1    8    0    0    2    0    0      1383    5    1 MIX2     2    4    1    3  538  539  540  541
    9    9    2    1    2    0    0    1    1    0       547  543    0 MIX2     4  542
    9   10    2    1    2    0    0    2    1    1       928  545    0 MIX2     3  544
    9   11    1    1    4    4    1    1    1    1       996  547    0 MIX2     1    3  546  547
    9   12    1    1    2    1    2    1    1    1       895    2    1 MIX2     2  548
    9   13    2    1    8    0    0    1    1    0      1198  553    0 MIX2     4    3    1    2  549  550  551  552
    9   14    1    1    8    3    6    2    1    0      2162    2    1 MIX2     4    3    1    2  554  555  556  557
    9   15    1    1    8    3    6    1    0    0      1263  558    0 MIX2     3    2    4    1  558  559  560  561
    9   16    1    1    2    1    2    2    1    0      1169    3    1 MIX2     3  562
    9   17    1    1    4    1    4    1    1    1       858  564    0 MIX2     3    4  563  564
    9   18    2    1    4    0    0    2    1    1       736    4    1 MIX2     4    1  565  566
    9   19    1    1    2    2    1    2    1    0       998    1    1 MIX2     1  567
    9   20    1    1    2    2    1    2    1    0       913    2    1 MIX2     2  568
    9   21    2    1    4    0    0    1    1    0       581  571    0 MIX2     2    3  569  570
    9   22    2    1    8    0    0    2    1    1       880  576    0 MIX2     4    1    3    2  572  573  574  575
    9   23    1    1    4    1    4    2    1    0      1029  577    0 MIX2     1    4  577  578
    9   24    1    1    4    2    3    1    1    1      1093  579    0 MIX2     4    1  579  580
