    1    1    2    1    2    0    0    1    1    0      7015    9    1 MIX    17    3
    1    2    2    1    2    0    0    2    1    1      2529   19    0 MIX    18    9
    1    3    2    1    8    0    0    1    1    0      1484   24    0 MIX     8    6    2   22   20   21    4   23
    1    4    1    1    4    4    1    1    1    1      1271   14    1 MIX    15   25   26   14
    1    5    2    1    2    0    0    1    0    1      3143    3    1 MIX    27   15
    1    6    1    1    2    1    2    1    1    1      1085   14    1 MIX    14   28
    1    7    1    1    2    2    1    2    1    0      1122    3    1 MIX    29    3
    1    8    2    1    2    0    0    1    1    0      1177   12    1 MIX    30    7
    1    9    1    1    4    4    1    1    1    1       914   15    1 MIX    31   32   11   15
    1   10    2    1    4    0    0    2    1    1      1060   35    0 MIX    10   34   13   33
    1   11    2    1    2    0    0    2    1    1      1998    7    1 MIX    13   36
    1   12    2    1    2    0    0    2    1    1      1056   38    0 MIX    37   14
    1   13    1    1    4    2    3    2    1    0      1423   40    0 MIX     6   40    4   39
    1   14    2    1    4    0    0    2    1    1      1277    6    1 MIX    13   41   42   16
    1   15    2    1    8    0    0    2    1    1      1437   47    0 MIX    43   12   11   16   14   45   44   46
    1   16    2    1    2    0    0    1    1    0       662   16    1 MIX    48    6
    1   17    2    1    4    0    0    2    1    1      1285    7    1 MIX    49   50   15   12
    1   18    1    1    2    2    1    1    1    1      1045   51    0 MIX    12   51
    1   19    1    1    2    2    1    1    1    1      1007   12    1 MIX    52   12
    1   20    2    1    2    0    0    2    1    1       395    2    1 MIX    53   12
    1   21    1    1    4    2    3    1    1    1       883   55    0 MIX    10   55   54   15
    1   22    1    1    2    1    2    1    0    0       755   56    0 MIX    56    4
    1   23    1    1    2    1    2    2    1    0       890   57    0 MIX    57    8
    1   24    1    1    8    7    2    2    1    0       598    6    1 MIX    61   60    5   59    4    1    6   58
    2    1    2    1    2    0    0    2    1    1      1009   63    0 MIX    62   15
    2    2    2    1    2    0    0    1    1    0       748   65    0 MIX    64    5
    2    3    1    1    2    2    1    1    1    1       721   16    1 MIX    66   16
    2    4    1    1    8    1    8    2    1    0       789    3    1 MIX     3   69    6    7   67   70    8   68
    2    5    1    1    4    4    1    2    1    0       494   72    0 MIX     3   71    2   72
    2    6    1    1    8    4    5    2    1    0       861   75    0 MIX    76   74    6   75    7    1   73    8
    2    7    2    1    4    0    0    1    0    1      1187    7    1 MIX    77   16   78   15
    2    8    1    1    8    1    8    2    1    0       821    1    1 MIX     1    6   81   79    2   80    5   82
    2    9    2    1    2    0    0    1    0    1      1720    5    1 MIX    83   16
    2   10    1    1    2    1    2    1    1    1       855   84    0 MIX    84   15
    2   11    1    1    4    1    4    2    1    0       973   85    0 MIX    85   86    7    2
    2   12    2    1    8    0    0    2    1    1      1336    3    1 MIX    90   12   10   13   11   87   88   89
    2   13    1    1    8    1    8    2    0    1      4388   94    0 MIX    94   91    9   93   14   11   92   16
    2   14    2    1    8    0    0    1    1    0      1030   99    0 MIX     5   97   98    4    2    6   95   96
    2   15    1    1    4    1    4    1    1    1       997   15    1 MIX    15  101  100   14
    2   16    1    1    8    6    3    2    1    0       718  102    0 MIX     2    1  104    3    4  102  103  105
    2   17    2    1    8    0    0    1    1    0       898   11    1 MIX     5    3  107  109  106    2  108    6
    2   18    1    1    4    4    1    1    1    1       821  111    0 MIX    14  110   11  111
    2   19    1    1    4    4    1    1    1    1       669  113    0 MIX   112   14    9  113
    2   20    1    1    8    4    5    2    1    0       931  115    0 MIX   114  116    7  115    8  117    6    3
    2   21    2    1    8    0    0    2    1    1      1361    6    1 MIX    12  119  121   16   13   15  118  120
    2   22    1    1    8    4    5    1    1    1       894  123    0 MIX    16  124   13  123    9  125   11  122
    2   23    1    1    2    2    1    2    1    0       574    3    1 MIX   126    3
    2   24    1    1    8    8    1    2    1    0       634    4    1 MIX     7  129    8  127    5  128  130    4
    3    1    2    1    2    0    0    1    1    0       725   11    1 MIX     7  131
    3    2    1    1    8    5    4    1    1    1      1288  135    0 MIX    10  132   15   16  135   12  133  134
    3    3    1    1    8    6    3    1    1    1       742   11    1 MIX   137    9  139  136   12   11   15  138
    3    4    2    1    2    0    0    2    1    1       653    3    1 MIX    11  140
    3    5    2    1    2    0    0    1    1    0      1079   13    1 MIX   141    2
    3    6    1    1    2    1    2    2    1    0       671  142    0 MIX   142    5
    3    7    2    1    2    0    0    1    1    0       568  144    0 MIX   143    8
    3    8    1    1    2    1    2    2    1    0       724  145    0 MIX   145    1
    3    9    1    1    2    2    1    1    1    1       907   12    1 MIX   146   12
    3   10    1    1    8    8    1    2    1    0       841  147    0 MIX   148    6  149  150    4    2    5  147
    3   11    2    1    4    0    0    1    1    0       687   14    1 MIX   151  152    4    7
    3   12    2    1    4    0    0    2    1    1      1693  155    0 MIX   154  153   15   14
    3   13    2    1    4    0    0    2    1    1       930  158    0 MIX   157   12  156   14
    3   14    1    1    4    1    4    1    1    1       836  160    0 MIX   160  159   16   12
    3   15    2    1    8    0    0    2    1    1       997  165    0 MIX    15  164   10  163    9  161   16  162
    3   16    2    1    2    0    0    1    1    0       656    9    1 MIX   166    8
    3   17    2    1    8    0    0    2    1    1       888    2    1 MIX    16   11   13    9  168  167  169  170
    3   18    2    1    4    0    0    2    1    1      1294    2    1 MIX   172   13  171   14
    3   19    1    1    8    2    7    1    0    0      2541  174    0 MIX     3  174    8  173  175    2    1  176
    3   20    2    1    4    0    0    2    1    1       943  179    0 MIX    14   13  177  178
    3   21    2    1    2    0    0    1    1    0       462  181    0 MIX   180    5
    3   22    2    1    4    0    0    2    1    1       899  184    0 MIX   182   12    9  183
    3   23    1    1    4    2    3    1    1    1       855  186    0 MIX     9  186   11  185
    3   24    2    1    4    0    0    1    1    0       925   13    1 MIX     5    4  188  187
    4    1    2    1    4    0    0    1    1    0       759   13    1 MIX   190  189    8    4
    4    2    1    1    8    4    5    1    1    1      1019  194    0 MIX    11    9  192  194   10  193  191   12
    4    3    2    1    2    0    0    2    1    1       662    3    1 MIX   195   11
    4    4    2    1    8    0    0    1    1    0      1101    9    1 MIX   199  198    4  196    6    5  197    2
    4    5    1    1    2    1    2    1    1    1       852   16    1 MIX    16  200
    4    6    1    1    8    8    1    2    1    0       691    8    1 MIX     5    7  202    2  204  203  201    8
    4    7    2    1    2    0    0    2    1    1       763    4    1 MIX   205   11
    4    8    2    1    8    0    0    1    1    0       944   10    1 MIX   206    4    8  207    3    1  208  209
    4    9    1    1    2    1    2    2    1    0       638  210    0 MIX   210    2
    4   10    2    1    4    0    0    1    1    0       909   13    1 MIX   211    6  212    4
    4   11    2    1    4    0    0    2    1    1      1073    3    1 MIX   213    9  214   11
    4   12    2    1    4    0    0    1    1    0       814  217    0 MIX     7    4  215  216
    4   13    2    1    8    0    0    1    1    0      3391   12    1 MIX   221    8    6    7    2  219  220  218
    4   14    2    1    4    0    0    2    1    1       977  224    0 MIX    16   12  222  223
    4   15    1    1    8    6    3    2    1    0       829    7    1 MIX   226  227    4    3  225    7  228    1
    4   16    1    1    2    2    1    2    1    0       608  229    0 MIX     6  229
    4   17    1    1    2    1    2    1    1    1       603  230    0 MIX   230   12
    4   18    2    1    8    0    0    1    1    0       691  235    0 MIX   232  233  234  231    3    8    6    1
    4   19    1    1    8    8    1    1    1    1       715    9    1 MIX    11  238  237  239  236   15   13    9
    4   20    2    1    4    0    0    2    1    1       966    7    1 MIX     9   14  241  240
    4   21    1    1    4    1    4    1    1    1       809   15    1 MIX    15   11  242  243
    4   22    2    1    2    0    0    2    1    1      1292    2    1 MIX    11  244
    4   23    1    1    4    2    3    1    1    1       833   16    1 MIX    15   16  246  245
    4   24    1    1    4    4    1    1    1    1       583  248    0 MIX   247   15   10  248
    5    1    2    1    4    0    0    2    1    1       839  251    0 MIX   250   12  249   14
    5    2    2    1    2    0    0    2    1    1      1497    1    1 MIX   252   12
    5    3    2    1    2    0    0    2    1    1      1313    5    1 MIX    10  253
    5    4    1    1    2    1    2    2    1    0       913  254    0 MIX   254    7
    5    5    1    1    2    2    1    1    1    1      1984   13    1 MIX   255   13
    5    6    2    1    2    0    0    2    1    1       788  257    0 MIX    12  256
    5    7    2    1    8    0    0    2    1    1      1303    4    1 MIX   259  261   12   15  260   16  258   13
    5    8    2    1    2    0    0    1    1    0       534  263    0 MIX     1  262
    5    9    2    1    2    0    0    2    1    1       659  265    0 MIX   264    9
    5   10    1    1    2    1    2    2    1    0       972  266    0 MIX   266    3
    5   11    1    1    8    3    6    2    1    0      1141    4    1 MIX   267    7    4    6    2  268  270  269
    5   12    1    1    8    1    8    2    1    0       730    3    1 MIX     3    6  273    7    1  272  271  274
    5   13    1    1    2    1    2    1    1    1       768  275    0 MIX   275   16
    5   14    2    1    2    0    0    1    1    0       629  277    0 MIX   276    3
    5   15    1    1    8    3    6    1    1    1      1261    9    1 MIX   280  281    9  278  279   13   14   15
    5   16    1    1    8    7    2    1    1    1      1037  283    0 MIX    11  285  284   13   16  282  283   15
    5   17    1    1    2    1    2    2    1    0       742  286    0 MIX   286    8
    5   18    2    1    2    0    0    1    1    0       637   13    1 MIX   287    3
    5   19    1    1    8    2    7    1    1    1      1174   16    1 MIX   288   16    9  291   15  289  290   14
    5   20    2    1    2    0    0    2    1    1      2313  293    0 MIX   292   12
    5   21    2    1    2    0    0    1    1    0       591  295    0 MIX   294    6
    5   22    1    1    4    2    3    2    0    1       961   14    1 MIX   297   14    9  296
    5   23    1    1    2    1    2    1    1    1      1199  298    0 MIX   298   13
    5   24    2    1    4    0    0    2    0    0      1415    9    1 MIX     6  299  300    5
    6    1    2    1    4    0    0    1    1    0       656  303    0 MIX   302    7    4  301
    6    2    2    1    2    0    0    2    1    1       713  305    0 MIX     9  304
    6    3    1    1    4    4    1    1    1    1       949   10    1 MIX    16  307  306   10
    6    4    1    1    4    2    3    1    1    1       822   16    1 MIX   309   16    9  308
    6    5    1    1    4    3    2    2    1    0       718    2    1 MIX   310  311    2    5
    6    6    1    1    2    2    1    1    1    1       596   16    1 MIX   312   16
    6    7    1    1    4    1    4    2    1    0      1189  313    0 MIX   313  314    2    1
    6    8    1    1    8    1    8    1    1    1       791  315    0 MIX   315  318    9  316   15   14   10  317
    6    9    1    1    2    2    1    1    1    1       475  319    0 MIX    12  319
    6   10    1    1    2    2    1    2    1    0       508  320    0 MIX     7  320
    6   11    2    1    2    0    0    1    1    0       556   14    1 MIX     3  321
    6   12    2    1    2    0    0    1    1    0       552  323    0 MIX     5  322
    6   13    1    1    8    6    3    2    1    0      1349  325    0 MIX   324  326    2  327    8  325    4    7
    6   14    1    1    4    1    4    2    1    0       903    4    1 MIX     4    7  328  329
    6   15    1    1    4    3    2    2    1    0       763    7    1 MIX   330    1    7  331
    6   16    2    1    2    0    0    1    1    0       576  333    0 MIX     4  332
    6   17    2    1    8    0    0    1    1    0       907    9    1 MIX   337    3    8    2    5  334  336  335
    6   18    1    1    4    2    3    1    1    1      1023  339    0 MIX    16  339  338    9
    6   19    2    1    2    0    0    2    1    1       586  341    0 MIX   340   11
    6   20    2    1    8    0    0    2    1    1       677  346    0 MIX   343  344   15    9  342   10   12  345
    6   21    1    1    8    1    8    1    1    1      1483  350    0 MIX   350  349    9  347  348   11   16   12
    6   22    2    1    2    0    0    2    1    1       738  352    0 MIX     9  351
    6   23    1    1    8    3    6    1    1    1       680   10    1 MIX   355  353   10   16   13  356   11  354
    6   24    2    1    2    0    0    2    1    1       816  358    0 MIX   357   13
    7    1    1    1    2    2    1    2    1    0       643  359    0 MIX     2  359
    7    2    2    1    8    0    0    1    1    0       699  364    0 MIX     2  363  360    5    7    8  362  361
    7    3    1    1    4    1    4    1    1    1      1063   13    1 MIX    13  366  365   12
    7    4    2    1    8    0    0    2    1    1      2124  371    0 MIX   368  370  369   12   14   10  367    9
    7    5    1    1    4    1    4    1    1    1       959   10    1 MIX    10   15  373  372
    7    6    2    1    8    0    0    1    1    0       619  378    0 MIX     7    3    6  377  376  375  374    5
    7    7    2    1    8    0    0    2    1    1       979  383    0 MIX   382   11   14  381   10  380  379   13
    7    8    1    1    4    4    1    1    1    1       804   14    1 MIX   384  385   15   14
    7    9    2    1    4    0    0    2    1    1      1181    7    1 MIX    11   16  387  386
    7   10    2    1    2    0    0    2    1    1       849    1    1 MIX    11  388
    7   11    2    1    4    0    0    2    1    1       776  391    0 MIX    10   11  390  389
    7   12    1    1    8    8    1    1    1    1       493  392    0 MIX    16  394   15    9  395   11  393  392
    7   13    1    1    2    1    2    1    1    1       637   13    1 MIX    13  396
    7   14    1    1    8    4    5    2    1    0       614    3    1 MIX   400  399    8    3  398  397    2    6
    7   15    2    1    8    0    0    1    1    0       574  405    0 MIX     8  404  401    6  403  402    3    5
    7   16    1    1    2    1    2    2    1    0       971    1    1 MIX     1  406
    7   17    2    1    8    0    0    1    1    0       742  411    0 MIX   409  408    4  407    7  410    5    3
    7   18    1    1    2    2    1    1    1    1       684  412    0 MIX    10  412
    7   19    2    1    8    0    0    1    1    0       659  417    0 MIX   413  416    6    8    5    3  415  414
    7   20    2    1    4    0    0    2    1    1       656  420    0 MIX    11  418   15  419
    7   21    2    1    8    0    0    1    1    0       679    9    1 MIX   421    3  423  424    1    8    7  422
    7   22    1    1    2    1    2    1    1    1       848  425    0 MIX   425   12
    7   23    2    1    2    0    0    1    1    0       832  427    0 MIX   426    8
    7   24    2    1    4    0    0    1    1    0       662  430    0 MIX   429  428    1    2
    8    1    1    1    4    2    3    2    1    0       759  431    0 MIX     5  431    3  432
    8    2    1    1    4    1    4    2    1    0       704    5    1 MIX     5  433    6  434
    8    3    1    1    4    1    4    2    1    0       637    4    1 MIX     4    7  435  436
    8    4    2    1    4    0    0    2    1    1       796    6    1 MIX   437    9  438   14
    8    5    2    1    8    0    0    2    1    1      1582    5    1 MIX   441   13  442    9   12  440   14  439
    8    6    1    1    4    1    4    2    1    0       567    7    1 MIX     7  443    6  444
    8    7    1    1    2    1    2    2    1    0       788  445    0 MIX   445    6
    8    8    2    1    2    0    0    2    1    1       902  447    0 MIX   446   11
    8    9    2    1    4    0    0    1    1    0       665   12    1 MIX   448  449    2    3
    8   10    2    1    2    0    0    2    1    1       467    1    1 MIX   450   12
    8   11    2    1    4    0    0    1    1    0       520  453    0 MIX   452    4  451    5
    8   12    1    1    4    1    4    2    1    0       780  455    0 MIX   455    5  454    7
    8   13    1    1    8    3    6    1    1    1       815   13    1 MIX    10  459   13  457   12   15  458  456
    8   14    2    1    4    0    0    2    0    0      1382   13    1 MIX   461    1  460    7
    8   15    1    1    2    2    1    2    1    0       643  462    0 MIX     7  462
    8   16    1    1    2    1    2    1    1    1       525   15    1 MIX    15  463
    8   17    1    1    4    1    4    1    1    1       561   12    1 MIX    12  464   16  465
    8   18    1    1    2    2    1    1    1    1      2366    9    1 MIX   466    9
    8   19    1    1    4    1    4    1    1    1       520   16    1 MIX    16   14  468  467
    8   20    1    1    2    2    1    2    1    0       775  469    0 MIX     7  469
    8   21    2    1    4    0    0    1    1    0       512  472    0 MIX     4  470    5  471
    8   22    2    1    2    0    0    1    1    0       543  474    0 MIX   473    7
    8   23    2    1    4    0    0    2    1    1       915    8    1 MIX    13  476  475   15
    8   24    1    1    4    2    3    2    1    0       712    1    1 MIX   477    1    5  478
    9    1    2    1    2    0    0    1    1    0       483    9    1 MIX   479    6
    9    2    2    1    2    0    0    1    1    0       627   11    1 MIX   480    6
    9    3    2    1    2    0    0    1    1    0       991   13    1 MIX     2  481
    9    4    2    1    8    0    0    2    1    1       922    3    1 MIX   485  483   11   13   15  484   10  482
    9    5    2    1    2    0    0    1    1    0       583  487    0 MIX     5  486
    9    6    1    1    4    4    1    1    1    1       649   13    1 MIX   488  489   16   13
    9    7    1    1    2    2    1    1    1    1       594   12    1 MIX   490   12
    9    8    1    1    4    1    4    2    1    0       612    6    1 MIX     6  491    2  492
    9    9    2    1    4    0    0    1    1    0       500   11    1 MIX     5    3  494  493
    9   10    2    1    8    0    0    1    1    0       545  499    0 MIX   496    1    7  497  495  498    2    4
    9   11    1    1    2    2    1    2    1    0       768    2    1 MIX   500    2
    9   12    2    1    8    0    0    2    1    1       867  505    0 MIX    14  504  502  501   13   11  503   15
    9   13    2    1    4    0    0    1    1    0       746   14    1 MIX     8    4  507  506
    9   14    2    1    4    0    0    1    1    0       740  510    0 MIX   509    6  508    3
    9   15    1    1    4    1    4    1    1    1      1136  511    0 MIX   511    9   15  512
    9   16    1    1    4    2    3    2    1    0      1099    5    1 MIX   513    5  514    1
    9   17    1    1    4    4    1    1    1    1       742    9    1 MIX   516  515   15    9
    9   18    2    1    4    0    0    1    1    0       592  519    0 MIX     2    7  517  518
    9   19    1    1    2    2    1    1    1    1       540  520    0 MIX    16  520
    9   20    1    1    2    2    1    1    1    1       554   14    1 MIX   521   14
    9   21    1    1    4    2    3    1    0    0      1309    5    1 MIX   522    5  523    7
    9   22    1    1    8    8    1    2    1    0       555    8    1 MIX   525    3  524    5    1  526  527    8
    9   23    1    1    4    2    3    1    1    1       686  529    0 MIX    12  529  528    9
    9   24    1    1    8    2    7    2    1    0       725    1    1 MIX     5    1  533    8  530  531    7  532
