    1    1    1    1    8    8    1    1    1    1      4506   11    1 MIX    13   20   16   19   18   17   14   11
    1    2    2    1    8    0    0    2    1    1      1269   25    0 MIX    21   24   16   13    9   23   22   12
    1    3    1    1    4    1    4    1    1    1       881   27    0 MIX    27   14   26   13
    1    4    1    1    8    4    5    2    1    0      1468   28    0 MIX    31   30   29   28    5    1    8    7
    1    5    1    1    8    8    1    1    1    1      2111   10    1 MIX    33   12   32   34   16   13   35   10
    1    6    1    1    2    1    2    2    1    0      2023    5    1 MIX     5   36
    1    7    1    1    2    1    2    2    1    0       813    3    1 MIX     3   37
    1    8    2    1    8    0    0    2    0    0      1115   11    1 MIX     4   40    6   41    8    2   39   38
    1    9    1    1    4    4    1    2    1    0       715   43    0 MIX     5    8   42   43
    1   10    2    1    8    0    0    1    0    1      2830    8    1 MIX    13   14   15   44   45   47   46   16
    1   11    1    1    8    8    1    1    1    1      1196   13    1 MIX    49   51   14   50   10   11   48   13
    1   12    1    1    2    1    2    2    1    0      1137    6    1 MIX     6   52
    1   13    2    1    8    0    0    1    1    0      1330   12    1 MIX     3    2    4   56   55    7   54   53
    1   14    2    1    2    0    0    1    1    0      1301   11    1 MIX     2   57
    1   15    2    1    8    0    0    2    0    0      1299   10    1 MIX     5   58    8    7   59   61    4   60
    1   16    2    1    2    0    0    1    1    0      1048   63    0 MIX    62    1
    1   17    2    1    2    0    0    1    1    0       835   14    1 MIX    64    2
    1   18    2    1    2    0    0    1    1    0       801   66    0 MIX    65    2
    1   19    1    1    2    2    1    2    1    0      1902   67    0 MIX     7   67
    1   20    1    1    8    1    8    2    1    0       972   68    0 MIX    68    2    8   70    5    7   69   71
    1   21    2    1    8    0    0    2    1    1      1079   76    0 MIX    75   72   11   74   73   16   12   10
    1   22    2    1    4    0    0    2    1    1      1194    3    1 MIX    77   78   10    9
    1   23    1    1    8    8    1    2    1    0      1224    3    1 MIX     1   79   82    4    8   81   80    3
    1   24    2    1    8    0    0    1    1    0      2824   11    1 MIX    85    2   84    6    7   86    3   83
    2    1    1    1    2    2    1    2    1    0       849   87    0 MIX     4   87
    2    2    2    1    8    0    0    2    1    1       935   92    0 MIX    89   14   88   10   91   90   11   12
    2    3    1    1    4    2    3    2    1    0      1100    7    1 MIX     1    7   94   93
    2    4    1    1    2    2    1    1    1    1      1349   95    0 MIX    13   95
    2    5    2    1    2    0    0    1    1    0      1050   13    1 MIX    96    7
    2    6    1    1    2    2    1    2    1    0       917    7    1 MIX    97    7
    2    7    2    1    4    0    0    2    1    1      1613    4    1 MIX    12   98   99   16
    2    8    1    1    4    3    2    2    1    0      1158    5    1 MIX   101  100    5    2
    2    9    1    1    2    2    1    1    1    1       870   14    1 MIX   102   14
    2   10    1    1    4    2    3    2    1    0       953  103    0 MIX     2  103  104    6
    2   11    1    1    2    2    1    2    1    0       756  105    0 MIX     6  105
    2   12    1    1    8    1    8    2    0    1      3956   14    1 MIX    14   11  109  106  107   13   16  108
    2   13    1    1    8    7    2    2    1    0       965    6    1 MIX   111  110  112    1  113    8    6    4
    2   14    1    1    8    2    7    2    0    1       997  117    0 MIX   114  117   15   16  115   11  116   14
    2   15    2    1    2    0    0    2    1    1      1798  119    0 MIX    15  118
    2   16    1    1    4    4    1    2    1    0      1593    4    1 MIX   120  121    2    4
    2   17    2    1    8    0    0    1    1    0      1364  126    0 MIX     5    2  125    7  123    8  124  122
    2   18    1    1    8    6    3    2    1    0      1276  127    0 MIX     6  129    2  128    7  127  130    3
    2   19    2    1    2    0    0    1    1    0       927   11    1 MIX     2  131
    2   20    1    1    2    1    2    2    1    0      1093    1    1 MIX     1  132
    2   21    1    1    2    1    2    2    1    0       848  133    0 MIX   133    7
    2   22    2    1    4    0    0    1    1    0      1163  136    0 MIX     4  135  134    5
    2   23    2    1    4    0    0    1    1    0      1093   13    1 MIX   138    4  137    5
    2   24    2    1    4    0    0    1    0    1      1353  141    0 MIX    15   12  139  140
    3    1    2    1    8    0    0    2    1    1       804  146    0 MIX    11    9  143   16  144  145  142   13
    3    2    2    1    8    0    0    1    1    0      1770   15    1 MIX   148    8    7  147  149    6  150    5
    3    3    1    1    8    1    8    2    1    0      1800    1    1 MIX     1  152  153  154    6  151    7    4
    3    4    2    1    2    0    0    1    1    0       685  156    0 MIX     6  155
    3    5    1    1    4    4    1    1    1    1      1392   11    1 MIX   158   15  157   11
    3    6    1    1    4    2    3    1    0    0      1275    3    1 MIX     1    3  159  160
    3    7    1    1    4    2    3    1    1    1      1345  161    0 MIX    12  161   13  162
    3    8    1    1    2    2    1    2    1    0      1145    2    1 MIX   163    2
    3    9    1    1    8    6    3    2    1    0      1020    7    1 MIX     4    5  164  166  165    7  167    2
    3   10    1    1    2    2    1    1    1    1      4143   10    1 MIX   168   10
    3   11    1    1    4    2    3    1    1    1      1498    9    1 MIX   169    9   11  170
    3   12    2    1    4    0    0    1    1    0      1122  173    0 MIX     8    6  171  172
    3   13    2    1    2    0    0    1    1    0      2216    9    1 MIX     3  174
    3   14    2    1    8    0    0    2    1    1      1552  179    0 MIX    16  178  176   13    9  175   12  177
    3   15    2    1    8    0    0    1    0    1      1414  184    0 MIX    14   11  180  183  181   16   13  182
    3   16    1    1    2    2    1    2    0    1      3278  185    0 MIX    11  185
    3   17    1    1    8    2    7    2    1    0      1084  187    0 MIX     3  187    1    6  186  189    5  188
    3   18    1    1    2    2    1    2    1    0       703  190    0 MIX     8  190
    3   19    2    1    2    0    0    1    1    0       695   15    1 MIX   191    7
    3   20    2    1    4    0    0    2    1    1      1603    1    1 MIX    12  192    9  193
    3   21    2    1    8    0    0    2    0    0      3339   13    1 MIX     3  195  196  197    4    2    7  194
    3   22    1    1    4    3    2    1    1    1      2123  198    0 MIX   199   10  198   14
    3   23    1    1    2    1    2    2    0    1      1294   10    1 MIX    10  200
    3   24    2    1    2    0    0    2    1    1      3156    6    1 MIX   201   10
    4    1    1    1    8    2    7    1    1    1       842   13    1 MIX   203   13   10   15  202   16  204  205
    4    2    2    1    8    0    0    1    0    1       749    8    1 MIX    15   14   12  208  207  206  209   16
    4    3    1    1    4    4    1    2    1    0       622  211    0 MIX   210    4    1  211
    4    4    1    1    2    1    2    1    1    1      1494   14    1 MIX    14  212
    4    5    1    1    2    2    1    2    1    0      3502    5    1 MIX   213    5
    4    6    1    1    8    7    2    2    0    1      1444   12    1 MIX    15  216  214   16    9  217   12  215
    4    7    2    1    4    0    0    2    1    1       980  220    0 MIX   219  218   10    9
    4    8    2    1    4    0    0    1    1    0      1077  223    0 MIX     1    2  221  222
    4    9    1    1    8    3    6    1    0    0      1461  226    0 MIX     6  227  226    7  225    3    8  224
    4   10    2    1    8    0    0    1    1    0      1382  232    0 MIX   231  228    8  230  229    1    7    4
    4   11    2    1    4    0    0    2    1    1      1057  235    0 MIX    11  233  234   10
    4   12    1    1    2    2    1    1    1    1      1585   11    1 MIX   236   11
    4   13    2    1    8    0    0    1    0    1      1401    8    1 MIX    10  239   16    9  240  237  238   11
    4   14    2    1    8    0    0    1    0    1      1255  245    0 MIX    11   14  244    9  241  243  242   16
    4   15    2    1    8    0    0    1    1    0      1133  250    0 MIX     1  246    2    4    8  249  247  248
    4   16    2    1    2    0    0    1    1    0      2154   11    1 MIX   251    6
    4   17    1    1    2    2    1    2    1    0      1123  252    0 MIX     3  252
    4   18    2    1    2    0    0    2    1    1      1829  254    0 MIX   253   15
    4   19    2    1    8    0    0    2    1    1      1529    5    1 MIX    13   11  256  255   15  258  257   14
    4   20    2    1    8    0    0    1    0    1      1593    6    1 MIX    10  259   14   16  261  260  262   12
    4   21    2    1    4    0    0    2    1    1      1031  265    0 MIX   264   11   10  263
    4   22    1    1    2    1    2    2    0    1      2706   14    1 MIX    14  266
    4   23    2    1    8    0    0    1    0    1      1349    8    1 MIX     9   15   14   16  267  268  270  269
    4   24    1    1    8    8    1    1    1    1      1627  272    0 MIX   273   12  271  274    9   16   15  272
    5    1    1    1    8    8    1    2    1    0      1294  275    0 MIX   276    3  278    2    1    8  277  275
    5    2    2    1    2    0    0    1    1    0      1054  280    0 MIX   279    6
    5    3    2    1    2    0    0    1    1    0       806  282    0 MIX     7  281
    5    4    2    1    2    0    0    2    1    1      2153    3    1 MIX    16  283
    5    5    1    1    2    1    2    2    1    0      3380  284    0 MIX   284    2
    5    6    2    1    4    0    0    2    1    1      1410    2    1 MIX   286   11   10  285
    5    7    1    1    2    1    2    2    1    0       994    8    1 MIX     8  287
    5    8    1    1    2    2    1    1    1    1      2053  288    0 MIX    13  288
    5    9    2    1    8    0    0    2    1    1      2638    8    1 MIX     9  289  290   15   11  291   16  292
    5   10    1    1    2    2    1    2    1    0       854    5    1 MIX   293    5
    5   11    1    1    8    5    4    2    1    0      1444  296    0 MIX   295  297    5  294  296    2    3    1
    5   12    1    1    2    2    1    2    1    0       777    8    1 MIX   298    8
    5   13    1    1    2    2    1    2    1    0       786    7    1 MIX   299    7
    5   14    2    1    8    0    0    2    1    1       781  304    0 MIX    12   15  300  301   13  302    9  303
    5   15    1    1    2    2    1    2    1    0       661  305    0 MIX     3  305
    5   16    2    1    2    0    0    2    1    1       986  307    0 MIX   306   14
    5   17    1    1    8    8    1    1    1    1      1008  310    0 MIX    14   13   10  309  311  308    9  310
    5   18    1    1    8    7    2    2    1    0       915  315    0 MIX     2  312  313    3    5    7  315  314
    5   19    2    1    4    0    0    1    1    0       940    9    1 MIX     7  317  316    8
    5   20    1    1    2    2    1    1    1    1      1204  318    0 MIX    12  318
    5   21    2    1    4    0    0    1    1    0       961  321    0 MIX     4  320    3  319
    5   22    2    1    2    0    0    2    1    1      1602    2    1 MIX    12  322
    5   23    2    1    8    0    0    2    1    1       906  327    0 MIX   323  326   14  325  324   13   12   16
    5   24    2    1    2    0    0    2    1    1      1298  329    0 MIX   328   13
    6    1    1    1    2    2    1    2    0    1      3401  330    0 MIX    14  330
    6    2    1    1    8    2    7    1    1    1       921    9    1 MIX   332    9  334  333   15   12   10  331
    6    3    2    1    8    0    0    2    1    1       980    5    1 MIX   335  337   15  338   13   12   16  336
    6    4    2    1    8    0    0    2    1    1       815  343    0 MIX   341   15  342   13    9  340   14  339
    6    5    2    1    4    0    0    1    1    0       880  346    0 MIX   344    6  345    5
    6    6    1    1    2    1    2    2    1    0      1717  347    0 MIX   347    6
    6    7    1    1    2    1    2    2    1    0       558  348    0 MIX   348    3
    6    8    2    1    2    0    0    2    0    0      1048   10    1 MIX   349    2
    6    9    1    1    8    1    8    1    1    1      1273  350    0 MIX   350  351   13  353   12  352   11   14
    6   10    2    1    8    0    0    1    0    1       801    2    1 MIX    14  357  355   10  354  356   15   11
    6   11    2    1    8    0    0    1    1    0       884  362    0 MIX   358  361    7    6  359    1    3  360
    6   12    1    1    4    1    4    2    1    0       893  364    0 MIX   364    1  363    2
    6   13    1    1    4    1    4    2    1    0       685  366    0 MIX   366  365    8    6
    6   14    1    1    8    5    4    2    0    1      1091  367    0 MIX   369  368  370   10  367   12   13   14
    6   15    1    1    2    2    1    2    1    0      3936    8    1 MIX   371    8
    6   16    2    1    2    0    0    2    1    1      3168  373    0 MIX    13  372
    6   17    1    1    2    1    2    2    1    0       764    5    1 MIX     5  374
    6   18    1    1    8    5    4    1    1    1       959   13    1 MIX    12  377  378  375   13   14   16  376
    6   19    1    1    4    1    4    1    0    0      2540  379    0 MIX   379    2  380    6
    6   20    2    1    4    0    0    1    1    0       813   14    1 MIX   382    6  381    2
    6   21    1    1    2    2    1    1    1    1       885  383    0 MIX    11  383
    6   22    2    1    2    0    0    1    1    0       754  385    0 MIX   384    2
    6   23    2    1    2    0    0    1    1    0       749  387    0 MIX   386    8
    6   24    2    1    8    0    0    2    1    1      2070    8    1 MIX     9  389  391  390   13   14   15  388
    7    1    1    1    8    8    1    2    1    0      1135    7    1 MIX   392    5    2  393  395    8  394    7
    7    2    1    1    2    2    1    1    1    1      1399  396    0 MIX    13  396
    7    3    2    1    4    0    0    1    1    0       749  399    0 MIX   397  398    5    4
    7    4    1    1    8    6    3    1    1    1      1011   16    1 MIX     9  401  403   11  402   16   15  400
    7    5    2    1    8    0    0    1    1    0       893  408    0 MIX   407    5    8  406  404    7    2  405
    7    6    1    1    4    1    4    1    0    0      1689  409    0 MIX   409  410    3    2
    7    7    2    1    2    0    0    1    1    0      1574   11    1 MIX   411    1
    7    8    2    1    2    0    0    1    1    0      2332    9    1 MIX     4  412
    7    9    2    1    8    0    0    2    1    1      1074    7    1 MIX    15   11  414    9  416   14  415  413
    7   10    1    1    4    2    3    1    1    1      3268  418    0 MIX     9  418   15  417
    7   11    1    1    8    7    2    1    0    0       973    5    1 MIX   422  420    4    3  421  419    5    1
    7   12    1    1    4    2    3    2    0    1       987    9    1 MIX    16    9  424  423
    7   13    1    1    8    1    8    1    1    1      1107  426    0 MIX   426   16   14  425   11  428    9  427
    7   14    1    1    2    2    1    2    1    0       862  429    0 MIX     1  429
    7   15    1    1    2    1    2    2    1    0       660    6    1 MIX     6  430
    7   16    2    1    4    0    0    1    1    0       833  433    0 MIX   432    5  431    3
    7   17    2    1    2    0    0    1    1    0       735  435    0 MIX   434    3
    7   18    1    1    2    2    1    2    1    0       788  436    0 MIX     3  436
    7   19    1    1    8    7    2    2    1    0       781    7    1 MIX     8    1    3  440  439  437    7  438
    7   20    2    1    4    0    0    1    1    0       947   14    1 MIX   441    8  442    1
    7   21    1    1    8    8    1    2    1    0       971  444    0 MIX     3  443    1  446    2    8  445  444
    7   22    2    1    8    0    0    1    0    1      2841    1    1 MIX    15    9  449   14  447  448  450   12
    7   23    1    1    8    7    2    1    1    1       748   11    1 MIX    15   13  452   16  451  453   11  454
    7   24    2    1    4    0    0    1    1    0      1050  457    0 MIX   455    2    5  456
    8    1    1    1    2    2    1    2    1    0      1596    2    1 MIX   458    2
    8    2    1    1    2    2    1    1    1    1       804   11    1 MIX   459   11
    8    3    2    1    8    0    0    1    1    0       829  464    0 MIX     2  460    7    6  462  461  463    4
    8    4    2    1    8    0    0    1    1    0      1114   14    1 MIX   465  467  468    4  466    1    6    8
    8    5    2    1    8    0    0    2    1    1       880  473    0 MIX    12   13  471    9  470   15  472  469
    8    6    1    1    4    4    1    1    1    1      1168   15    1 MIX   475   10  474   15
    8    7    1    1    4    2    3    2    1    0      1025  476    0 MIX     6  476    8  477
    8    8    1    1    4    4    1    2    1    0       556  479    0 MIX     8    2  478  479
    8    9    2    1    8    0    0    1    1    0       684  484    0 MIX   481    8  482    4    1    3  483  480
    8   10    1    1    2    1    2    2    1    0      1186  485    0 MIX   485    4
    8   11    1    1    8    4    5    1    1    1      1277  489    0 MIX   486   14  487  489   15   11  488    9
    8   12    1    1    4    3    2    1    1    1       827  490    0 MIX    12  491  490   16
    8   13    1    1    4    4    1    1    1    1      1166   14    1 MIX   493   15  492   14
    8   14    1    1    4    3    2    2    0    1       963    9    1 MIX   494   10    9  495
    8   15    1    1    2    2    1    2    1    0       713    8    1 MIX   496    8
    8   16    2    1    8    0    0    2    1    1      1055    5    1 MIX   500   15  497  498  499   16   14    9
    8   17    1    1    2    2    1    2    1    0      1580    3    1 MIX   501    3
    8   18    1    1    4    3    2    1    1    1      1946   11    1 MIX   503  502   11   12
    8   19    1    1    2    2    1    2    0    1      2687   10    1 MIX   504   10
    8   20    2    1    8    0    0    2    1    1      1125  509    0 MIX   505  507    9  506  508   16   10   13
    8   21    2    1    2    0    0    2    1    1       869  511    0 MIX     9  510
    8   22    1    1    2    2    1    2    1    0       694    4    1 MIX   512    4
    8   23    2    1    2    0    0    1    1    0       827    9    1 MIX   513    8
    8   24    1    1    2    2    1    1    1    1      1257  514    0 MIX    12  514
    9    1    1    1    2    2    1    2    1    0       737    5    1 MIX   515    5
    9    2    1    1    2    2    1    1    1    1      1705   16    1 MIX   516   16
    9    3    2    1    8    0    0    2    1    1       948    2    1 MIX     9   12  518   15   10  517  520  519
    9    4    2    1    2    0    0    2    1    1      2373    2    1 MIX   521   13
    9    5    1    1    4    1    4    1    0    0       928    8    1 MIX     8    3  522  523
    9    6    2    1    4    0    0    2    1    1       989  526    0 MIX    10  524  525    9
    9    7    2    1    2    0    0    1    1    0       835   13    1 MIX   527    4
    9    8    1    1    4    2    3    2    1    0       963  528    0 MIX     6  528  529    3
    9    9    1    1    8    5    4    2    1    0       769    7    1 MIX   530    5  532    3    7    6  533  531
    9   10    2    1    8    0    0    2    1    1      1097  538    0 MIX   536  537  534   11  535    9   14   16
    9   11    2    1    8    0    0    2    1    1       890    4    1 MIX    11  541  540  542   13  539   14   16
    9   12    1    1    2    2    1    1    1    1      1282  543    0 MIX    13  543
    9   13    2    1    8    0    0    1    1    0       744  548    0 MIX     5  546  545  547  544    4    8    1
    9   14    1    1    8    3    6    2    1    0       918  552    0 MIX   550  549  552    1  551    3    8    4
    9   15    1    1    8    2    7    1    1    1      2004   11    1 MIX   554   11   10   15  553    9  556  555
    9   16    1    1    4    3    2    2    0    1       935   14    1 MIX   557  558   14    9
    9   17    1    1    2    2    1    1    0    0      1295    1    1 MIX   559    1
    9   18    1    1    8    8    1    1    1    1      1015  561    0 MIX    14  560   15   12  562  563   16  561
    9   19    2    1    2    0    0    1    1    0       754   15    1 MIX   564    5
    9   20    1    1    4    1    4    2    1    0      1186  565    0 MIX   565    1  566    3
    9   21    2    1    2    0    0    1    1    0      2539   15    1 MIX     7  567
    9   22    1    1    2    2    1    1    1    1       899  568    0 MIX    14  568
    9   23    1    1    2    1    2    1    1    1       913   10    1 MIX    10  569
    9   24    1    1    2    1    2    2    1    0       897    4    1 MIX     4  570
