    1    1    2    1    4    0    0    2    0    0       536   10    1 MIX     6    1   18   17
    1    2    2    1    2    0    0    2    1    1       837    5    1 MIX    19   11
    1    3    2    1    4    0    0    1    1    0       953   13    1 MIX     6    4   20   21
    1    4    1    1    4    4    1    2    1    0      1320    1    1 MIX     3   23   22    1
    1    5    2    1    4    0    0    2    1    1      1001   26    0 MIX     9   24   25   16
    1    6    1    1    8    1    8    2    0    1      1120   11    1 MIX    11    9   30   28   27   14   12   29
    1    7    2    1    2    0    0    2    0    0       903   10    1 MIX     3   31
    1    8    1    1    8    6    3    2    1    0       944   33    0 MIX     5   32   34   35    4   33    3    8
    1    9    1    1    8    7    2    1    1    1      1192   39    0 MIX    11   16   38   36   37   14   39   12
    1   10    1    1    2    1    2    1    1    1      1484   40    0 MIX    40    9
    1   11    2    1    4    0    0    2    1    1       743   43    0 MIX    41    9   14   42
    1   12    2    1    8    0    0    1    1    0      1257   11    1 MIX    45   47   44    5    4   46    8    6
    1   13    1    1    8    4    5    2    0    1      1207    9    1 MIX    49   12   10    9   48   50   11   51
    1   14    1    1    2    1    2    2    1    0       729    8    1 MIX     8   52
    1   15    1    1    4    2    3    2    0    1       611   53    0 MIX    15   53   54   16
    1   16    2    1    8    0    0    2    1    1       984    2    1 MIX    10   11   57   16   55   12   56   58
    1   17    2    1    4    0    0    2    1    1       937    5    1 MIX    60   11   14   59
    1   18    1    1    8    8    1    2    1    0       740    2    1 MIX    61    5    1   64   62    6   63    2
    1   19    2    1    8    0    0    1    1    0      2150   15    1 MIX    68    7    1    2    6   67   65   66
    1   20    1    1    8    2    7    2    0    1       848   72    0 MIX    16   72   70   71   69   11   12   10
    1   21    2    1    8    0    0    2    0    0      1023   10    1 MIX    76    2    7    3   73   75    4   74
    1   22    2    1    2    0    0    1    1    0       424   78    0 MIX    77    5
    1   23    2    1    8    0    0    1    1    0       743   83    0 MIX     5   79    4   82   81   80    1    8
    1   24    2    1    8    0    0    2    1    1       921    7    1 MIX    16   10   87   85   86    9   13   84
    2    1    1    1    4    2    3    2    1    0       813   89    0 MIX     6   89    8   88
    2    2    2    1    2    0    0    2    1    1       639    4    1 MIX    90   14
    2    3    1    1    4    4    1    2    1    0       908    5    1 MIX    91   92    8    5
    2    4    2    1    8    0    0    2    1    1      1191   97    0 MIX    13   93   15   10   95   16   94   96
    2    5    1    1    2    2    1    2    1    0       811    1    1 MIX    98    1
    2    6    2    1    4    0    0    1    1    0      1009   12    1 MIX     5  100    1   99
    2    7    1    1    4    4    1    2    1    0       673    8    1 MIX     7  102  101    8
    2    8    1    1    2    1    2    2    1    0       649  103    0 MIX   103    4
    2    9    1    1    2    2    1    2    1    0       578  104    0 MIX     7  104
    2   10    1    1    8    1    8    1    1    1       892   11    1 MIX    11    9   12  106  108  107  105   14
    2   11    1    1    4    3    2    2    1    0       639    6    1 MIX     8  110    6  109
    2   12    1    1    2    2    1    2    1    0       569  111    0 MIX     4  111
    2   13    1    1    2    2    1    2    1    0       501  112    0 MIX     2  112
    2   14    1    1    4    3    2    2    1    0       600    7    1 MIX   113    1    7  114
    2   15    2    1    8    0    0    2    0    0       720   14    1 MIX   117    5  116    2    7    4  118  115
    2   16    2    1    8    0    0    1    0    1      1283    7    1 MIX    15  121  119   14   11    9  122  120
    2   17    2    1    4    0    0    2    1    1      1031  125    0 MIX    13    9  123  124
    2   18    1    1    4    4    1    1    1    1       805   15    1 MIX   127  126    9   15
    2   19    1    1    8    6    3    1    1    1       840  129    0 MIX    15   12  130   13   11  129  128  131
    2   20    2    1    8    0    0    1    1    0       901  136    0 MIX     6    4    7  133    1  135  134  132
    2   21    2    1    4    0    0    1    1    0       792  139    0 MIX   138    2    4  137
    2   22    2    1    8    0    0    2    1    1       857    4    1 MIX    10  141  143    9  140  142   14   13
    2   23    2    1    8    0    0    2    1    1      6936    3    1 MIX    11  146  147  145  144    9   12   16
    2   24    1    1    4    4    1    2    1    0      1209  149    0 MIX     1  148    2  149
    3    1    1    1    4    4    1    2    1    0       801  150    0 MIX   151    8    3  150
    3    2    1    1    4    3    2    2    1    0       553    6    1 MIX   153  152    6    1
    3    3    2    1    8    0    0    1    1    0       706  158    0 MIX     6  156  154    1  157  155    5    4
    3    4    2    1    8    0    0    2    1    1      1862    1    1 MIX    12  159   16  161   13  162   15  160
    3    5    1    1    4    4    1    2    1    0       819  164    0 MIX     7    4  163  164
    3    6    2    1    4    0    0    1    0    1      1819    2    1 MIX   166  165   14   13
    3    7    2    1    8    0    0    1    1    0      2274   11    1 MIX   167  170    4  169  168    5    3    2
    3    8    1    1    8    5    4    1    0    0      3271    3    1 MIX     7  173  172  174    3    6    4  171
    3    9    2    1    8    0    0    1    1    0       949    9    1 MIX   177  176  178    5    3    1    6  175
    3   10    2    1    2    0    0    1    1    0      3616  180    0 MIX   179    7
    3   11    2    1    8    0    0    2    1    1       959    3    1 MIX    12   11   10   16  184  183  182  181
    3   12    1    1    2    1    2    1    1    1      1002   12    1 MIX    12  185
    3   13    2    1    4    0    0    2    1    1      3688  188    0 MIX   186   15  187    9
    3   14    2    1    2    0    0    2    1    1      3013  190    0 MIX   189   12
    3   15    2    1    8    0    0    1    1    0      4907  195    0 MIX   193    3    6    7    2  191  194  192
    3   16    1    1    4    2    3    2    1    0       879  196    0 MIX     5  196  197    6
    3   17    1    1    4    4    1    1    1    1      1107  198    0 MIX   199   12   11  198
    3   18    1    1    8    6    3    1    1    1     16871   11    1 MIX   202  200   14   15  203   11  201   10
    3   19    1    1    4    2    3    1    1    1     11034   10    1 MIX   204   10   14  205
    3   20    1    1    2    1    2    2    1    0      4708    7    1 MIX     7  206
    3   21    2    1    2    0    0    1    1    0      6954   16    1 MIX   207    6
    3   22    2    1    8    0    0    1    0    1      1189    3    1 MIX   209  208  211  210   10   15   16    9
    3   23    2    1    2    0    0    2    0    0      7784   15    1 MIX     7  212
    3   24    1    1    2    1    2    1    0    0      6260  213    0 MIX   213    3
    4    1    2    1    8    0    0    2    1    1      1643  218    0 MIX   214  215   15  216  217   13   16   14
    4    2    1    1    4    3    2    2    1    0      2176  220    0 MIX     3    5  220  219
    4    3    2    1    4    0    0    1    1    0      2304   13    1 MIX     2  222    3  221
    4    4    1    1    4    4    1    2    1    0      3532    8    1 MIX   223  224    4    8
    4    5    1    1    4    2    3    1    1    1      1366   10    1 MIX   226   10  225   15
    4    6    1    1    8    1    8    1    1    1      1167  227    0 MIX   227  229   16  230   13   15   11  228
    4    7    2    1    2    0    0    2    0    0      3507  232    0 MIX     6  231
    4    8    1    1    2    2    1    1    1    1      1146   11    1 MIX   233   11
    4    9    1    1    8    1    8    1    1    1      6380   16    1 MIX    16  237   14   15  235  234   10  236
    4   10    2    1    8    0    0    2    1    1      1484  242    0 MIX   238   13  239   10    9  241  240   16
    4   11    1    1    4    3    2    1    1    1     15720  243    0 MIX     9  244  243   16
    4   12    2    1    2    0    0    1    0    1     12326  246    0 MIX     9  245
    4   13    1    1    4    3    2    1    1    1      6528  248    0 MIX    16  247  248   10
    4   14    2    1    2    0    0    1    0    1      4541    7    1 MIX   249   13
    4   15    1    1    8    7    2    2    1    0       967    8    1 MIX     6  251  250    2    1  252    8  253
    4   16    2    1    2    0    0    2    0    0      2755   14    1 MIX     4  254
    4   17    1    1    8    5    4    1    1    1      1078   11    1 MIX    13  258  256   10   11  257  255   12
    4   18    2    1    2    0    0    1    0    1     10220    2    1 MIX   259   14
    4   19    1    1    4    2    3    2    1    0      4524    6    1 MIX     4    6  261  260
    4   20    1    1    2    1    2    1    1    1       762   10    1 MIX    10  262
    4   21    1    1    2    2    1    2    1    0       671  263    0 MIX     5  263
    4   22    2    1    4    0    0    1    0    1      2043    7    1 MIX   265   16   10  264
    4   23    2    1    8    0    0    2    0    0       878   12    1 MIX   267  266  268    1    5  269    6    3
    4   24    2    1    8    0    0    1    1    0      1815   13    1 MIX     8    6  270    3  273    2  272  271
    5    1    1    1    8    1    8    1    1    1       794   15    1 MIX    15   11  275  274   12   10  276  277
    5    2    2    1    4    0    0    1    1    0      1619    9    1 MIX     4    3  278  279
    5    3    2    1    4    0    0    1    1    0      2288  282    0 MIX     7    8  281  280
    5    4    2    1    8    0    0    1    0    1      2304    3    1 MIX    10  286  283  285  284   11   14   15
    5    5    2    1    4    0    0    1    1    0      2838  289    0 MIX   288    5  287    7
    5    6    2    1    2    0    0    2    1    1      4193  291    0 MIX    10  290
    5    7    2    1    2    0    0    1    1    0      4672    9    1 MIX   292    4
    5    8    1    1    4    3    2    1    1    1      1107    9    1 MIX   294   11    9  293
    5    9    2    1    2    0    0    2    1    1      4363  296    0 MIX    10  295
    5   10    1    1    8    4    5    2    0    1      2338   14    1 MIX    12  300  298   14  299   10    9  297
    5   11    2    1    4    0    0    2    1    1      1213    8    1 MIX    12   16  302  301
    5   12    2    1    4    0    0    1    1    0      5807  305    0 MIX   304    4    6  303
    5   13    1    1    8    1    8    1    1    1      4431   10    1 MIX    10  306   16   12  309  307    9  308
    5   14    1    1    8    1    8    1    1    1      1010  313    0 MIX   313  310   10   14  312   11   13  311
    5   15    1    1    2    2    1    2    1    0     25630  314    0 MIX     2  314
    5   16    1    1    2    1    2    2    1    0       613  315    0 MIX   315    8
    5   17    1    1    8    6    3    2    1    0     12727  318    0 MIX   319  317  316    4    8  318    3    2
    5   18    1    1    4    1    4    1    1    1      2500   10    1 MIX    10   11  321  320
    5   19    1    1    8    8    1    2    1    0      3321  323    0 MIX     7  324  322    4    5    8  325  323
    5   20    1    1    4    4    1    2    1    0      3040    4    1 MIX     8  327  326    4
    5   21    2    1    8    0    0    2    1    1      1329    1    1 MIX   330  329   10  328   15    9   12  331
    5   22    2    1    8    0    0    1    1    0       900  336    0 MIX     3  332  334  335    4  333    7    2
    5   23    2    1    8    0    0    1    1    0      1004  341    0 MIX   337  340    7  338    2    3  339    5
    5   24    1    1    8    8    1    1    1    1       845   14    1 MIX     9  345  342   15  343  344   10   14
    6    1    2    1    8    0    0    1    1    0      1124  350    0 MIX     7    8  349    3    4  348  346  347
    6    2    1    1    4    4    1    1    1    1       826   16    1 MIX   351   12  352   16
    6    3    2    1    8    0    0    2    0    0      3825   11    1 MIX   354    6  356    1  353    7  355    5
    6    4    2    1    8    0    0    1    0    1     18647  361    0 MIX   360  359   14  357    9   13   10  358
    6    5    2    1    2    0    0    1    0    1      7773  363    0 MIX    10  362
    6    6    2    1    8    0    0    1    0    1     19271    8    1 MIX   365  367   14   15   10  364  366   12
    6    7    1    1    4    3    2    1    1    1      3608  368    0 MIX   369   10  368   12
    6    8    2    1    4    0    0    1    0    1      6025    2    1 MIX   371   15  370    9
    6    9    2    1    2    0    0    1    1    0      1087  373    0 MIX     8  372
    6   10    2    1    8    0    0    2    0    0      1128   12    1 MIX   376    5  377  375    6  374    4    8
    6   11    2    1    2    0    0    1    1    0       718  379    0 MIX     6  378
    6   12    2    1    4    0    0    2    1    1      1431    2    1 MIX   381  380   11   12
    6   13    1    1    4    2    3    1    1    1       988   11    1 MIX    10   11  382  383
    6   14    2    1    8    0    0    1    1    0      6013    9    1 MIX     4  387  384    2  385    3    1  386
    6   15    2    1    8    0    0    1    1    0      5751   11    1 MIX     3  389  388  390    8  391    4    6
    6   16    1    1    2    2    1    1    1    1      4807  392    0 MIX    13  392
    6   17    2    1    8    0    0    2    1    1      1242  397    0 MIX   395   16  394  396   15   11  393    9
    6   18    2    1    4    0    0    1    1    0      4250  400    0 MIX   399  398    3    2
    6   19    1    1    2    1    2    2    1    0      1503    7    1 MIX     7  401
    6   20    2    1    2    0    0    2    1    1      4138    7    1 MIX    14  402
    6   21    2    1    8    0    0    2    1    1      1786  407    0 MIX   404   11  403  406   14   15   12  405
    6   22    1    1    8    5    4    1    1    1       928   11    1 MIX    15  410  408  411   11  409   10   16
    6   23    2    1    4    0    0    2    0    0      7145    9    1 MIX     3    7  412  413
    6   24    1    1    4    3    2    2    1    0      8812  414    0 MIX   415    4  414    3
    7    1    2    1    4    0    0    2    0    0      1305   11    1 MIX     3  417  416    6
    7    2    1    1    8    1    8    2    0    1      2915  421    0 MIX   421   12  419   15  420   10   16  418
    7    3    2    1    4    0    0    1    1    0       661  424    0 MIX     8    1  422  423
    7    4    2    1    8    0    0    2    1    1      2784  429    0 MIX   427   11   14   15  426  425  428   10
    7    5    2    1    8    0    0    1    1    0       889   13    1 MIX   430  433    4  432    5    8  431    7
    7    6    2    1    4    0    0    1    0    1      3725  436    0 MIX   435  434   13   16
    7    7    2    1    2    0    0    1    1    0      3844  438    0 MIX     7  437
    7    8    1    1    8    2    7    2    0    1      1426    9    1 MIX   439    9  441   10  442   16  440   11
    7    9    1    1    8    4    5    2    0    1      4468  445    0 MIX    11   12  444  445   14  443   15  446
    7   10    2    1    4    0    0    2    0    0      1674    9    1 MIX   448  447    1    7
    7   11    2    1    8    0    0    1    0    1      3517  453    0 MIX   452   16  449  451   13   15  450   10
    7   12    2    1    8    0    0    2    0    0      2462  458    0 MIX   456    4  457    1    6  455    7  454
    7   13    2    1    4    0    0    1    0    1      1311    4    1 MIX   460   11  459   10
    7   14    2    1    4    0    0    1    0    1      1694    5    1 MIX   462    9   16  461
    7   15    2    1    8    0    0    1    1    0      3477   13    1 MIX   465  463    5  464    7  466    8    4
    7   16    2    1    2    0    0    2    1    1      3426  468    0 MIX    11  467
    7   17    1    1    4    4    1    2    0    1      6157   14    1 MIX    12  470  469   14
    7   18    1    1    8    2    7    2    0    1      5010  471    0 MIX   472  471  474  473   15   14   11   10
    7   19    2    1    4    0    0    2    1    1      1011    4    1 MIX   475   15   11  476
    7   20    1    1    2    1    2    2    0    1      2963    9    1 MIX     9  477
    7   21    1    1    4    2    3    2    1    0      1347  478    0 MIX     5  478  479    4
    7   22    2    1    8    0    0    1    1    0       796  484    0 MIX   481    7    1  480  482    6    4  483
    7   23    1    1    4    3    2    2    1    0      1023    3    1 MIX   486    2    3  485
    7   24    1    1    4    4    1    1    1    1      3795   11    1 MIX    15  487  488   11
    8    1    2    1    4    0    0    2    0    0      2419  491    0 MIX     4    2  490  489
    8    2    1    1    2    1    2    2    1    0      3026  492    0 MIX   492    6
    8    3    1    1    2    2    1    2    1    0      3248    8    1 MIX   493    8
    8    4    2    1    2    0    0    1    1    0     32415  495    0 MIX     8  494
    8    5    2    1    8    0    0    1    0    1      4847    6    1 MIX     9   14  498   12   16  497  499  496
    8    6    1    1    8    8    1    1    1    1       920   13    1 MIX    12  503  501  500   14   10  502   13
    8    7    1    1    4    3    2    2    1    0      4418    1    1 MIX     3  505    1  504
    8    8    1    1    8    2    7    2    0    1      1322   14    1 MIX   506   14  508   11   16   13  507  509
    8    9    1    1    2    2    1    2    1    0      2123  510    0 MIX     2  510
    8   10    2    1    2    0    0    1    1    0       849  512    0 MIX     1  511
    8   11    1    1    2    2    1    1    1    1       836  513    0 MIX    11  513
    8   12    1    1    8    5    4    1    1    1       680    9    1 MIX    15  517   16  515    9  516   11  514
    8   13    1    1    2    2    1    1    1    1       882  518    0 MIX    11  518
    8   14    2    1    4    0    0    2    0    0      1049   16    1 MIX   519  520    4    7
    8   15    1    1    2    1    2    2    1    0     13551  521    0 MIX   521    7
    8   16    2    1    4    0    0    1    1    0      2613  524    0 MIX   522    4    8  523
    8   17    1    1    8    6    3    1    1    1       902  527    0 MIX    10  528    9  526   14  527   15  525
    8   18    1    1    8    3    6    2    1    0      2276  532    0 MIX     5    4  532    1  529  530    3  531
    8   19    2    1    2    0    0    1    0    1      7906  534    0 MIX    12  533
    8   20    1    1    8    5    4    2    1    0      1119  537    0 MIX     1    3  538  536  537  535    6    2
    8   21    1    1    4    4    1    2    1    0       845  539    0 MIX   540    5    2  539
    8   22    1    1    4    4    1    2    1    0       526  542    0 MIX     1    8  541  542
    8   23    1    1    2    2    1    1    1    1      1057   11    1 MIX   543   11
    8   24    1    1    2    2    1    2    1    0      2158  544    0 MIX     2  544
    9    1    2    1    2    0    0    2    1    1      2113  546    0 MIX    13  545
    9    2    1    1    2    1    2    1    1    1       870  547    0 MIX   547   10
    9    3    1    1    8    1    8    2    0    1      2098  548    0 MIX   548   16  550  549   15    9   13  551
    9    4    2    1    2    0    0    1    1    0       851   12    1 MIX     3  552
    9    5    2    1    8    0    0    1    1    0      1163  557    0 MIX   556    1    2    5  554    6  553  555
    9    6    2    1    4    0    0    2    0    0     12650  560    0 MIX     3  559    8  558
    9    7    1    1    2    2    1    2    1    0      3829  561    0 MIX     7  561
    9    8    1    1    2    1    2    1    1    1      1988   15    1 MIX    15  562
    9    9    1    1    8    4    5    2    1    0       807  563    0 MIX   564    4  566  563    2    7    6  565
    9   10    2    1    2    0    0    1    0    1      2598    4    1 MIX   567    9
    9   11    2    1    4    0    0    1    1    0      1274  570    0 MIX   568  569    1    8
    9   12    2    1    2    0    0    2    1    1      4668  572    0 MIX   571   10
    9   13    2    1    4    0    0    2    1    1      1223    6    1 MIX   573   10  574   16
    9   14    1    1    2    2    1    2    1    0       742  575    0 MIX     7  575
    9   15    2    1    4    0    0    1    1    0       651   15    1 MIX   577    2  576    3
    9   16    1    1    4    2    3    2    1    0       525  579    0 MIX     6  579    5  578
    9   17    1    1    4    2    3    1    1    1      1051   12    1 MIX   581   12  580   10
    9   18    2    1    8    0    0    2    1    1       948    3    1 MIX   582   16  583   12    9  584   13  585
    9   19    1    1    8    6    3    2    1    0      1203  586    0 MIX   588    1    5  587    7  586    6  589
    9   20    2    1    8    0    0    1    1    0      1137  594    0 MIX     1    3    5    7  591  590  592  593
    9   21    1    1    2    1    2    2    0    1      3284   11    1 MIX    11  595
    9   22    1    1    8    7    2    1    1    1       699   10    1 MIX   597   15  598    9   14  599   10  596
    9   23    2    1    8    0    0    1    1    0      1923   15    1 MIX     6  603    7  601  602  600    1    3
    9   24    2    1    8    0    0    1    1    0      1392   10    1 MIX     6  607    4    5    1  606  605  604
