    1    1    1    1    8    7    2    1    0    0      2039    2    1 MIX    20    6   19   17    3   18    2    7
    1    2    1    1    8    2    7    2    1    0      1632    8    1 MIX    24    8   23    2    7    5   22   21
    1    3    1    1    8    8    1    2    1    0      2264    4    1 MIX    25   26   28    7    6    1   27    4
    1    4    2    1    2    0    0    1    1    0      2315   30    0 MIX    29    5
    1    5    1    1    4    2    3    2    1    0      1241   32    0 MIX    31   32    3    2
    1    6    1    1    8    6    3    1    1    1      1580   35    0 MIX    16   34   36   12   14   35   33    9
    1    7    1    1    4    3    2    2    1    0      1330    2    1 MIX    38   37    2    1
    1    8    2    1    8    0    0    1    1    0       733   43    0 MIX     4   41    3   39   40    8    5   42
    1    9    1    1    2    2    1    1    1    1      1168   14    1 MIX    44   14
    1   10    2    1    2    0    0    1    1    0       805   13    1 MIX     4   45
    1   11    2    1    4    0    0    2    1    1       862    4    1 MIX    15   46   11   47
    1   12    1    1    2    2    1    1    1    1       838   48    0 MIX    13   48
    1   13    1    1    2    1    2    2    1    0       945   49    0 MIX    49    1
    1   14    1    1    4    4    1    2    1    0       601   50    0 MIX     3    2   51   50
    1   15    1    1    4    4    1    1    1    1       654   53    0 MIX    12   14   52   53
    1   16    1    1    4    3    2    1    1    1       786   54    0 MIX    10   55   54    9
    1   17    1    1    8    7    2    2    1    0       602   58    0 MIX     7   57    5    3   56   59   58    1
    1   18    2    1    2    0    0    2    1    1       714    2    1 MIX    60   13
    1   19    2    1    2    0    0    1    1    0       547    9    1 MIX     1   61
    1   20    1    1    8    8    1    1    1    1       603   64    0 MIX    65    9   11   62   63   14   16   64
    1   21    1    1    2    2    1    1    1    1       489   13    1 MIX    66   13
    1   22    2    1    4    0    0    2    1    1       609    5    1 MIX    68   14    9   67
    1   23    1    1    4    1    4    2    1    0       748   69    0 MIX    69    7    3   70
    1   24    2    1    2    0    0    2    1    1       508    5    1 MIX    71   10
    2    1    2    1    8    0    0    2    1    1       565   76    0 MIX    73   16   11   75   72   74   12   14
    2    2    1    1    8    1    8    2    1    0       738   80    0 MIX    80   77    6    1   78    8    3   79
    2    3    1    1    4    2    3    2    1    0       579   81    0 MIX    82   81    4    3
    2    4    2    1    4    0    0    1    1    0       630   85    0 MIX    84    1   83    6
    2    5    1    1    4    3    2    2    1    0       873   87    0 MIX     6    1   87   86
    2    6    2    1    8    0    0    1    1    0       633    9    1 MIX     6    7   88   90   91    8   89    2
    2    7    1    1    8    5    4    1    1    1       535   11    1 MIX    10   93   94   95   11   92   12   15
    2    8    1    1    4    4    1    2    1    0       540   97    0 MIX    96    6    8   97
    2    9    1    1    2    1    2    1    1    1       783   98    0 MIX    98   10
    2   10    2    1    4    0    0    1    1    0       578   16    1 MIX   100    3    4   99
    2   11    1    1    4    4    1    2    1    0       656    4    1 MIX   102  101    8    4
    2   12    1    1    4    2    3    2    1    0       664    5    1 MIX   103    5  104    2
    2   13    1    1    2    2    1    2    1    0       478    6    1 MIX   105    6
    2   14    2    1    2    0    0    1    1    0       531  107    0 MIX     2  106
    2   15    2    1    8    0    0    1    1    0       583   13    1 MIX     3  108    5    8  110  111  109    6
    2   16    2    1    4    0    0    2    1    1      1097    3    1 MIX    16   11  113  112
    2   17    2    1    8    0    0    1    1    0       647  118    0 MIX   114    8  115    7    1  116    2  117
    2   18    1    1    2    2    1    1    1    1       565  119    0 MIX    15  119
    2   19    2    1    8    0    0    2    1    1       544  124    0 MIX   123   11   12   13  122  120   14  121
    2   20    1    1    8    8    1    2    1    0       446    3    1 MIX   128    7    4  125    6  127  126    3
    2   21    1    1    8    3    6    1    1    1       897  129    0 MIX   132  130  129   15   12   16  131    9
    2   22    2    1    8    0    0    1    1    0       761   10    1 MIX   134  136    4    3  133    6  135    2
    2   23    2    1    8    0    0    1    1    0       708  141    0 MIX     8    3  138    4  139  137    1  140
    2   24    2    1    2    0    0    2    1    1       594    6    1 MIX   142   15
    3    1    1    1    2    1    2    1    1    1       496  143    0 MIX   143   12
    3    2    2    1    8    0    0    1    0    1      1118    3    1 MIX     9  145   12  147  146  144   16   14
    3    3    2    1    4    0    0    1    1    0       662  150    0 MIX     1  149  148    7
    3    4    2    1    8    0    0    2    1    1       593  155    0 MIX    10  152   15  151   11    9  153  154
    3    5    1    1    8    1    8    2    1    0      1028    8    1 MIX     8  156  159  157    2    4  158    7
    3    6    2    1    8    0    0    1    1    0       701   16    1 MIX   163    3    5  162    8    6  161  160
    3    7    2    1    4    0    0    1    1    0       541   13    1 MIX   165    5  164    2
    3    8    1    1    8    1    8    1    1    1       609  167    0 MIX   167  168  166  169   10    9   13   16
    3    9    2    1    8    0    0    1    1    0       544  174    0 MIX   171    7    3    1  173    8  170  172
    3   10    2    1    2    0    0    1    1    0       579   12    1 MIX   175    5
    3   11    2    1    2    0    0    2    1    1       489  177    0 MIX    11  176
    3   12    2    1    8    0    0    2    1    1       735    6    1 MIX   179   15  181   11   14  178   12  180
    3   13    2    1    4    0    0    1    1    0       474   16    1 MIX     1  182    8  183
    3   14    1    1    4    1    4    1    1    1       554   14    1 MIX    14  185   13  184
    3   15    2    1    2    0    0    1    1    0       453  187    0 MIX   186    5
    3   16    2    1    8    0    0    2    1    1       653    6    1 MIX    11  189   10   14   12  190  191  188
    3   17    2    1    8    0    0    1    1    0       536  196    0 MIX     8  193    2  192    3    6  195  194
    3   18    2    1    2    0    0    2    1    1       462    7    1 MIX   197   10
    3   19    2    1    4    0    0    1    1    0       457  200    0 MIX     8  199    1  198
    3   20    2    1    4    0    0    2    1    1       711    1    1 MIX    16  202  201   13
    3   21    2    1    4    0    0    1    1    0       441  205    0 MIX   204  203    2    5
    3   22    2    1    8    0    0    2    1    1       444  210    0 MIX   209  206  207   15   12   13  208   16
    3   23    1    1    4    3    2    1    1    1       679  211    0 MIX    15   10  211  212
    3   24    1    1    8    5    4    2    1    0       728  216    0 MIX     5    7  214  215  216    4  213    1
    4    1    2    1    2    0    0    1    1    0      1907  218    0 MIX     6  217
    4    2    1    1    4    1    4    1    1    1       499  220    0 MIX   220    9   10  219
    4    3    1    1    2    1    2    1    1    1       449  221    0 MIX   221   10
    4    4    1    1    4    1    4    2    1    0       569  223    0 MIX   223    3  222    1
    4    5    1    1    4    4    1    2    1    0       436  224    0 MIX   225    5    6  224
    4    6    1    1    8    7    2    1    1    1       439  229    0 MIX    15  226   14   13  227   11  229  228
    4    7    2    1    8    0    0    2    1    1       741  234    0 MIX    11  233   15  231    9   10  232  230
    4    8    1    1    4    3    2    1    1    1       469  235    0 MIX    13  236  235   15
    4    9    2    1    4    0    0    2    1    1       547  239    0 MIX   238   10   15  237
    4   10    1    1    8    6    3    1    1    1       545  243    0 MIX     9  240   12   16  242  243   10  241
    4   11    1    1    8    2    7    1    1    1       545    9    1 MIX    13    9  246  244   10   11  247  245
    4   12    1    1    2    2    1    2    1    0       449  248    0 MIX     8  248
    4   13    2    1    2    0    0    2    1    1      1527    1    1 MIX    15  249
    4   14    1    1    4    2    3    2    1    0       839  250    0 MIX     1  250  251    8
    4   15    2    1    2    0    0    1    1    0       575    9    1 MIX     2  252
    4   16    2    1    2    0    0    1    1    0       453  254    0 MIX     5  253
    4   17    1    1    2    1    2    1    1    1       688  255    0 MIX   255   16
    4   18    2    1    8    0    0    2    1    1       928    6    1 MIX    15  257   11   14  256   10  258  259
    4   19    2    1    4    0    0    1    1    0       617    9    1 MIX   260    5    4  261
    4   20    1    1    8    7    2    1    1    1       548  262    0 MIX     9   11   13  265   16  264  262  263
    4   21    2    1    4    0    0    1    1    0       551  268    0 MIX   267    2    4  266
    4   22    2    1    2    0    0    1    1    0       484   10    1 MIX   269    2
    4   23    2    1    8    0    0    1    1    0       863   16    1 MIX     8    3  272  270    5  271    4  273
    4   24    2    1    2    0    0    1    1    0       509  275    0 MIX     5  274
    5    1    2    1    2    0    0    1    1    0       896   16    1 MIX     6  276
    5    2    2    1    4    0    0    1    1    0       534  279    0 MIX   277  278    8    4
    5    3    1    1    8    4    5    1    1    1       782  282    0 MIX   283   11   13  282  281   16   12  280
    5    4    2    1    2    0    0    1    1    0       449  285    0 MIX     5  284
    5    5    2    1    2    0    0    2    1    1       564    2    1 MIX   286   14
    5    6    2    1    8    0    0    1    1    0       522  291    0 MIX   287  288  290    3    2  289    1    6
    5    7    2    1    2    0    0    2    1    1       506  293    0 MIX   292   15
    5    8    1    1    2    2    1    2    1    0       704    2    1 MIX   294    2
    5    9    2    1    2    0    0    1    1    0       445   15    1 MIX     7  295
    5   10    2    1    4    0    0    1    1    0       933   15    1 MIX   297    6  296    3
    5   11    1    1    4    4    1    1    1    1       448  298    0 MIX    10   13  299  298
    5   12    1    1    2    2    1    2    1    0       899  300    0 MIX     4  300
    5   13    1    1    2    2    1    2    1    0       433    4    1 MIX   301    4
    5   14    2    1    4    0    0    2    1    1       636  304    0 MIX   302    9   11  303
    5   15    1    1    2    2    1    1    1    1       564    9    1 MIX   305    9
    5   16    2    1    8    0    0    1    1    0       954   14    1 MIX     2  309    6  307  306    4  308    5
    5   17    1    1    8    5    4    1    1    1       570  310    0 MIX    14  311   10   15  310  312  313    9
    5   18    2    1    8    0    0    1    0    1      1331    1    1 MIX   316   10  317  314   13   15  315    9
    5   19    2    1    4    0    0    2    1    1       568  320    0 MIX   318   12  319   13
    5   20    1    1    4    3    2    2    1    0       883  321    0 MIX     8  322  321    4
    5   21    2    1    8    0    0    2    1    1       614  327    0 MIX   326   16   10  324   13  323   14  325
    5   22    2    1    4    0    0    1    1    0       497   14    1 MIX     1  328  329    5
    5   23    1    1    8    3    6    1    1    1       703   15    1 MIX    13  330   15  332   11  331    9  333
    5   24    1    1    4    1    4    2    0    1      1288    9    1 MIX     9  334   13  335
    6    1    1    1    4    2    3    2    1    0       646  337    0 MIX     8  337    7  336
    6    2    2    1    4    0    0    2    1    1       673    5    1 MIX   338  339   10   12
    6    3    1    1    8    4    5    2    1    0       694    7    1 MIX     8  340    6    7  341    1  343  342
    6    4    1    1    4    3    2    1    1    1       545  345    0 MIX     9  344  345   12
    6    5    2    1    8    0    0    1    1    0       719    9    1 MIX     4  346  349    6  347    3    5  348
    6    6    2    1    4    0    0    2    1    1       522  352    0 MIX   351  350   15   16
    6    7    1    1    2    1    2    1    1    1       445    9    1 MIX     9  353
    6    8    1    1    8    6    3    2    1    0       627  356    0 MIX     7    1  357    5  355  356  354    6
    6    9    2    1    8    0    0    1    1    0       608  362    0 MIX     4  358  360    6    1    8  359  361
    6   10    2    1    4    0    0    1    1    0       793  365    0 MIX   364    7  363    4
    6   11    2    1    8    0    0    2    1    1       516  370    0 MIX   369  367  368  366   16   12   13   15
    6   12    2    1    4    0    0    2    1    1       506  373    0 MIX    10  372  371   16
    6   13    2    1    2    0    0    1    1    0       482  375    0 MIX   374    4
    6   14    1    1    2    2    1    2    1    0       719    1    1 MIX   376    1
    6   15    1    1    8    4    5    1    1    1       666  378    0 MIX    15   12   13  378   14  379  377  380
    6   16    1    1    2    1    2    1    1    1       555   11    1 MIX    11  381
    6   17    1    1    2    1    2    1    1    1       605  382    0 MIX   382   10
    6   18    2    1    2    0    0    2    1    1       726    5    1 MIX   383   11
    6   19    1    1    2    2    1    1    1    1       488   13    1 MIX   384   13
    6   20    2    1    2    0    0    2    1    1       673  386    0 MIX    14  385
    6   21    2    1    8    0    0    2    1    1       508  391    0 MIX   387  389  390    9   15   12   16  388
    6   22    2    1    8    0    0    2    0    0       642   12    1 MIX     3  392  393    4    2    8  395  394
    6   23    2    1    8    0    0    1    1    0       533  400    0 MIX     3  399  396    8    1  398  397    6
    6   24    1    1    8    2    7    1    1    1       637  404    0 MIX    16  404  402   14  401  403   15   12
    7    1    2    1    4    0    0    1    1    0       716    9    1 MIX     1  405    5  406
    7    2    2    1    8    0    0    1    1    0       583  411    0 MIX   410    3    6    8  407    7  408  409
    7    3    1    1    8    2    7    2    1    0       669    1    1 MIX   415    1    4    6  412  413    8  414
    7    4    2    1    2    0    0    2    1    1       485    2    1 MIX   416   13
    7    5    2    1    4    0    0    1    1    0       584   16    1 MIX     3  417  418    7
    7    6    1    1    2    1    2    2    1    0       597  419    0 MIX   419    3
    7    7    1    1    2    1    2    1    1    1       437  420    0 MIX   420   11
    7    8    1    1    2    2    1    1    1    1       432    9    1 MIX   421    9
    7    9    1    1    2    2    1    1    1    1       409   13    1 MIX   422   13
    7   10    2    1    2    0    0    2    1    1       659    6    1 MIX   423   13
    7   11    1    1    8    8    1    1    1    1       510  426    0 MIX   425   15   13   16   12  427  424  426
    7   12    1    1    8    2    7    1    1    1       572  430    0 MIX   428  430    9  431   13   10  429   16
    7   13    1    1    8    5    4    2    1    0       586  435    0 MIX     3    7  433  434  435  432    4    5
    7   14    1    1    4    3    2    1    1    1       474  437    0 MIX    13  436  437   14
    7   15    2    1    2    0    0    1    1    0       517  439    0 MIX   438    2
    7   16    1    1    4    1    4    1    1    1       523  440    0 MIX   440   12   13  441
    7   17    2    1    8    0    0    2    1    1       659    5    1 MIX   445   11  443   15    9  442   10  444
    7   18    1    1    4    1    4    2    1    0       702  446    0 MIX   446    7  447    6
    7   19    2    1    4    0    0    1    1    0       700  450    0 MIX     4  449    1  448
    7   20    2    1    4    0    0    1    1    0       588  453    0 MIX     3  451  452    7
    7   21    2    1    8    0    0    1    1    0       623   12    1 MIX   454    4  456  457    2    7  455    6
    7   22    1    1    2    1    2    2    1    0       503    6    1 MIX     6  458
    7   23    1    1    8    1    8    2    1    0       637  462    0 MIX   462  459    6    5  461    8    2  460
    7   24    2    1    2    0    0    2    1    1       494  464    0 MIX   463   13
    8    1    1    1    2    2    1    1    1    1       515  465    0 MIX    15  465
    8    2    1    1    2    1    2    1    1    1       468   13    1 MIX    13  466
    8    3    1    1    2    1    2    2    1    0       622  467    0 MIX   467    4
    8    4    1    1    2    1    2    1    1    1       470  468    0 MIX   468   15
    8    5    1    1    2    2    1    2    1    0       479  469    0 MIX     8  469
    8    6    1    1    4    1    4    1    1    1       730   11    1 MIX    11  471   16  470
    8    7    1    1    2    1    2    1    1    1       485  472    0 MIX   472   14
    8    8    1    1    4    3    2    2    1    0       639  473    0 MIX   474    2  473    5
    8    9    1    1    4    1    4    1    1    1       544  476    0 MIX   476   16  475   15
    8   10    2    1    2    0    0    2    1    1       560    1    1 MIX    12  477
    8   11    2    1    8    0    0    2    1    1       606  482    0 MIX    14  481   13  478   12  479   16  480
    8   12    2    1    4    0    0    1    1    0       497   13    1 MIX   483  484    1    2
    8   13    1    1    8    1    8    2    1    0       831  486    0 MIX   486    6  488    8  485    4  487    1
    8   14    2    1    8    0    0    1    1    0       647   11    1 MIX     6  492  490    8    4    3  491  489
    8   15    2    1    2    0    0    2    1    1       461    7    1 MIX   493   11
    8   16    1    1    8    4    5    2    1    0       717  496    0 MIX     6  494    8  496    2  495  497    1
    8   17    1    1    8    2    7    2    0    1       853  501    0 MIX   499  501    9   13  498  500   10   14
    8   18    2    1    8    0    0    2    1    1       550  506    0 MIX    16  505   15  504   12  502   13  503
    8   19    2    1    8    0    0    1    1    0       564  511    0 MIX   507    5  509    3    1  510  508    8
    8   20    2    1    4    0    0    1    1    0       537  514    0 MIX     3  513  512    2
    8   21    2    1    2    0    0    1    1    0       418   12    1 MIX     7  515
    8   22    2    1    2    0    0    2    1    1       474  517    0 MIX    11  516
    8   23    2    1    4    0    0    1    1    0       431  520    0 MIX     7  518    8  519
    8   24    2    1    2    0    0    2    1    1       440    3    1 MIX   521   13
    9    1    1    1    4    3    2    1    1    1       600  522    0 MIX    14   12  522  523
    9    2    1    1    2    1    2    1    1    1       497   10    1 MIX    10  524
    9    3    1    1    8    5    4    2    1    0       598    6    1 MIX     7    3  528  526    6  525    1  527
    9    4    2    1    4    0    0    1    1    0       556  531    0 MIX     1  530  529    2
    9    5    1    1    8    1    8    1    1    1       620  534    0 MIX   534  533   11  532   10  535   14    9
    9    6    1    1    4    4    1    2    1    0       391  536    0 MIX     3  537    7  536
    9    7    2    1    4    0    0    1    1    0       629    9    1 MIX     2  538    4  539
    9    8    2    1    8    0    0    1    0    1       544    1    1 MIX    11   16  540   12   15  541  542  543
    9    9    1    1    2    2    1    1    1    1       435  544    0 MIX    12  544
    9   10    2    1    2    0    0    2    1    1       547    4    1 MIX    10  545
    9   11    2    1    2    0    0    1    1    0       542  547    0 MIX     5  546
    9   12    2    1    2    0    0    1    1    0       532   10    1 MIX   548    6
    9   13    1    1    8    4    5    1    1    1       548  552    0 MIX    15  550   14  552  551  549   16   13
    9   14    2    1    2    0    0    1    1    0       484  554    0 MIX   553    3
    9   15    2    1    8    0    0    2    1    1       740  559    0 MIX    14  555   13  556  558   11   15  557
    9   16    2    1    4    0    0    2    1    1      1154    3    1 MIX    11   15  560  561
    9   17    1    1    8    1    8    1    1    1       568   11    1 MIX    11   15    9  564  562  563   10  565
    9   18    1    1    8    8    1    1    1    1       520   12    1 MIX    14  568   15    9  569  566  567   12
    9   19    1    1    2    2    1    1    1    1       449   11    1 MIX   570   11
    9   20    1    1    8    8    1    2    1    0       385    8    1 MIX   571  574  572  573    2    3    4    8
    9   21    2    1    2    0    0    2    1    1       476  576    0 MIX   575   10
    9   22    1    1    4    4    1    1    1    1       375  578    0 MIX    15   13  577  578
    9   23    1    1    8    7    2    1    1    1       634    9    1 MIX   580   15  579  582  581   16    9   11
    9   24    2    1    8    0    0    1    1    0       546  587    0 MIX   585  586  583    4  584    5    2    1
