    1    1    1    1    2    2    1    2    1    0      2487   17    0 MIX     2   17
    1    2    2    1    8    0    0    1    1    0      2881   22    0 MIX     2    7    1    3   18   19   20   21
    1    3    1    1    4    1    4    1    1    1      1332    8    1 MIX     8    2   23   24
    1    4    1    1    2    2    1    1    1    1       867    7    1 MIX     7   25
    1    5    1    1    2    1    2    2    1    0       884    6    1 MIX     6   26
    1    6    1    1    2    1    2    1    1    1       627    2    1 MIX     2   27
    1    7    1    1    4    2    3    2    1    0       817    6    1 MIX     6    2   28   29
    1    8    1    1    4    3    2    1    1    1       584   30    0 MIX     3    4   30   31
    1    9    2    1    4    0    0    1    1    0       968   12    1 MIX     4    3   32   33
    1   10    2    1    8    0    0    1    0    1      2382   38    0 MIX     3    7    1    5   34   35   36   37
    1   11    1    1    4    2    3    2    1    0       934   39    0 MIX     7    1   39   40
    1   12    1    1    4    3    2    2    1    0       585   41    0 MIX     6    3   41   42
    1   13    1    1    8    7    2    1    1    1       691    1    1 MIX     6    8    3    1   43   44   45   46
    1   14    2    1    2    0    0    1    1    0       715   48    0 MIX     4   47
    1   15    2    1    8    0    0    1    1    0       668   53    0 MIX     2    1    6    8   49   50   51   52
    1   16    1    1    8    1    8    2    1    0       610    3    1 MIX     5    3    8    6   54   55   56   57
    1   17    2    1    4    0    0    1    0    1       577    4    1 MIX     2    3   58   59
    1   18    2    1    8    0    0    2    1    1       760   64    0 MIX     1    2    4    3   60   61   62   63
    1   19    2    1    8    0    0    1    1    0       777   15    1 MIX     2    7    3    5   65   66   67   68
    1   20    1    1    8    8    1    1    1    1       682    8    1 MIX     8    3    1    4   69   70   71   72
    1   21    1    1    4    1    4    1    1    1       952    4    1 MIX     6    4   73   74
    1   22    1    1    2    1    2    2    1    0       437    3    1 MIX     3   75
    1   23    2    1    8    0    0    1    1    0       915   15    1 MIX     6    7    8    5   76   77   78   79
    1   24    2    1    4    0    0    1    1    0       612   82    0 MIX     5    6   80   81
    2    1    1    1    4    4    1    2    1    0       476    3    1 MIX     3    7   83   84
    2    2    1    1    4    2    3    2    0    1       640   85    0 MIX     1    2   85   86
    2    3    2    1    4    0    0    2    1    1      1120    7    1 MIX     6    7   87   88
    2    4    2    1    4    0    0    2    1    1      1067    8    1 MIX     5    7   89   90
    2    5    2    1    8    0    0    2    0    0      2036   11    1 MIX     3    2    5    8   91   92   93   94
    2    6    2    1    4    0    0    2    1    1      1513    7    1 MIX     7    1   95   96
    2    7    1    1    2    1    2    1    1    1       655    1    1 MIX     1   97
    2    8    2    1    2    0    0    2    1    1       825   99    0 MIX     2   98
    2    9    1    1    4    3    2    1    1    1       656    6    1 MIX     5    6  100  101
    2   10    2    1    4    0    0    2    1    1       716  104    0 MIX     7    5  102  103
    2   11    1    1    8    6    3    2    1    0       591    7    1 MIX     5    7    3    2  105  106  107  108
    2   12    2    1    4    0    0    2    1    1       640  111    0 MIX     7    8  109  110
    2   13    2    1    2    0    0    1    1    0       585   10    1 MIX     1  112
    2   14    2    1    8    0    0    2    1    1      1300    3    1 MIX     8    4    3    2  113  114  115  116
    2   15    2    1    2    0    0    1    1    0       849  118    0 MIX     8  117
    2   16    1    1    2    2    1    2    1    0       545    7    1 MIX     7  119
    2   17    1    1    8    7    2    2    1    0       734    6    1 MIX     7    8    2    6  120  121  122  123
    2   18    1    1    4    2    3    1    1    1       632    8    1 MIX     7    8  124  125
    2   19    2    1    8    0    0    2    1    1       607  130    0 MIX     5    8    4    2  126  127  128  129
    2   20    1    1    8    3    6    2    1    0       516    3    1 MIX     2    5    6    3  131  132  133  134
    2   21    1    1    4    3    2    2    1    0       423  136    0 MIX     8    7  135  136
    2   22    1    1    2    2    1    2    1    0       442    8    1 MIX     8  137
    2   23    1    1    8    5    4    1    1    1       807  139    0 MIX     3    7    4    6  138  139  140  141
    2   24    1    1    4    2    3    1    1    1       495  142    0 MIX     2    3  142  143
    3    1    1    1    2    1    2    1    1    1       401    7    1 MIX     7  144
    3    2    2    1    2    0    0    1    1    0       658  146    0 MIX     3  145
    3    3    1    1    2    2    1    2    1    0       490  147    0 MIX     1  147
    3    4    2    1    4    0    0    2    1    1       589  150    0 MIX     5    1  148  149
    3    5    2    1    8    0    0    1    1    0       904   15    1 MIX     3    2    8    4  151  152  153  154
    3    6    2    1    4    0    0    2    1    1       636    1    1 MIX     8    5  155  156
    3    7    1    1    8    3    6    2    1    0      1572  157    0 MIX     4    6    8    3  157  158  159  160
    3    8    2    1    4    0    0    2    1    1       701    4    1 MIX     5    6  161  162
    3    9    1    1    8    5    4    1    1    1       609  164    0 MIX     7    4    1    6  163  164  165  166
    3   10    1    1    2    2    1    1    1    1       428    6    1 MIX     6  167
    3   11    2    1    4    0    0    2    1    1       466  170    0 MIX     2    3  168  169
    3   12    1    1    8    7    2    2    1    0       637  174    0 MIX     4    6    2    3  171  172  173  174
    3   13    1    1    2    1    2    2    1    0       502  175    0 MIX     5  175
    3   14    2    1    4    0    0    1    0    1       889    5    1 MIX     4    1  176  177
    3   15    2    1    8    0    0    2    1    1      1384    2    1 MIX     1    4    5    6  178  179  180  181
    3   16    1    1    2    2    1    2    1    0       436  182    0 MIX     7  182
    3   17    2    1    4    0    0    2    1    1       617    4    1 MIX     3    7  183  184
    3   18    1    1    4    2    3    2    1    0      1015  186    0 MIX     3    4  185  186
    3   19    1    1    2    2    1    2    0    1       593    3    1 MIX     3  187
    3   20    1    1    2    1    2    2    1    0       796  188    0 MIX     6  188
    3   21    2    1    4    0    0    1    1    0       689  191    0 MIX     2    3  189  190
    3   22    2    1    2    0    0    1    1    0       906   13    1 MIX     5  192
    3   23    2    1    4    0    0    2    1    1       574    3    1 MIX     3    8  193  194
    3   24    2    1    4    0    0    1    1    0       623  197    0 MIX     7    6  195  196
    4    1    1    1    8    6    3    2    1    0       678  199    0 MIX     2    3    5    6  198  199  200  201
    4    2    1    1    2    1    2    2    1    0       655    1    1 MIX     1  202
    4    3    2    1    2    0    0    2    1    1       535  204    0 MIX     2  203
    4    4    2    1    8    0    0    1    1    0       785  209    0 MIX     3    2    6    8  205  206  207  208
    4    5    1    1    8    5    4    1    1    1       565    4    1 MIX     6    8    1    4  210  211  212  213
    4    6    1    1    2    2    1    1    1    1       465    2    1 MIX     2  214
    4    7    2    1    4    0    0    1    1    0       552  217    0 MIX     1    7  215  216
    4    8    2    1    2    0    0    2    1    1       500  219    0 MIX     7  218
    4    9    2    1    4    0    0    2    1    1       473  222    0 MIX     2    3  220  221
    4   10    2    1    4    0    0    1    1    0       556  225    0 MIX     4    3  223  224
    4   11    1    1    8    4    5    1    1    1      1089  228    0 MIX     4    7    8    6  226  227  228  229
    4   12    2    1    2    0    0    2    1    1       538    6    1 MIX     6  230
    4   13    2    1    2    0    0    1    1    0       630   13    1 MIX     4  231
    4   14    2    1    8    0    0    2    1    1      1470    1    1 MIX     5    7    6    4  232  233  234  235
    4   15    2    1    4    0    0    1    1    0       554  238    0 MIX     3    4  236  237
    4   16    2    1    2    0    0    1    1    0       503  240    0 MIX     2  239
    4   17    2    1    8    0    0    1    1    0       593  245    0 MIX     2    3    6    4  241  242  243  244
    4   18    1    1    8    2    7    1    1    1       523    8    1 MIX     1    7    2    8  246  247  248  249
    4   19    2    1    4    0    0    1    1    0       813  252    0 MIX     3    7  250  251
    4   20    1    1    4    4    1    2    1    0       548  254    0 MIX     4    8  253  254
    4   21    1    1    4    2    3    1    1    1       965  256    0 MIX     6    4  255  256
    4   22    1    1    8    1    8    1    1    1       877  260    0 MIX     4    1    2    8  257  258  259  260
    4   23    1    1    4    3    2    2    1    0       912  262    0 MIX     4    5  261  262
    4   24    2    1    8    0    0    2    1    1       762    6    1 MIX     6    1    5    3  263  264  265  266
    5    1    1    1    2    1    2    2    1    0       548    4    1 MIX     4  267
    5    2    1    1    8    2    7    2    1    0       590  269    0 MIX     7    4    1    8  268  269  270  271
    5    3    2    1    2    0    0    2    1    1      1002    4    1 MIX     2  272
    5    4    2    1    8    0    0    1    1    0       623  277    0 MIX     4    2    6    7  273  274  275  276
    5    5    1    1    4    4    1    1    1    1       445    5    1 MIX     5    2  278  279
    5    6    1    1    2    2    1    2    1    0       414  280    0 MIX     4  280
    5    7    1    1    4    4    1    2    1    0       502    6    1 MIX     3    6  281  282
    5    8    1    1    8    8    1    1    1    1       466    5    1 MIX     8    5    3    6  283  284  285  286
    5    9    1    1    2    2    1    2    1    0       371  287    0 MIX     7  287
    5   10    2    1    8    0    0    1    1    0       851   13    1 MIX     4    1    7    5  288  289  290  291
    5   11    1    1    4    2    3    2    1    0      1032  293    0 MIX     2    6  292  293
    5   12    2    1    8    0    0    2    1    1       575  298    0 MIX     8    6    1    5  294  295  296  297
    5   13    1    1    8    5    4    1    1    1       630    3    1 MIX     2    8    6    3  299  300  301  302
    5   14    2    1    8    0    0    1    0    1       800    1    1 MIX     5    6    8    4  303  304  305  306
    5   15    1    1    8    4    5    2    1    0      1314  307    0 MIX     5    7    3    2  307  308  309  310
    5   16    1    1    2    2    1    2    1    0       656  311    0 MIX     8  311
    5   17    2    1    4    0    0    2    1    1       572  314    0 MIX     6    1  312  313
    5   18    2    1    4    0    0    1    0    1       844    7    1 MIX     6    8  315  316
    5   19    2    1    2    0    0    2    1    1       622  318    0 MIX     2  317
    5   20    1    1    8    7    2    2    0    1       823    7    1 MIX     5    3    7    6  319  320  321  322
    5   21    1    1    8    4    5    2    1    0       743    5    1 MIX     3    6    7    5  323  324  325  326
    5   22    2    1    2    0    0    1    1    0       571  328    0 MIX     3  327
    5   23    1    1    2    2    1    2    1    0       472  329    0 MIX     7  329
    5   24    2    1    2    0    0    2    1    1       602    6    1 MIX     2  330
    6    1    1    1    2    1    2    2    1    0       468    1    1 MIX     1  331
    6    2    1    1    2    1    2    1    1    1       724    1    1 MIX     1  332
    6    3    1    1    8    7    2    1    1    1       585  333    0 MIX     4    8    3    6  333  334  335  336
    6    4    1    1    4    3    2    1    1    1       714    3    1 MIX     3    5  337  338
    6    5    1    1    2    2    1    1    1    1       737  339    0 MIX     5  339
    6    6    1    1    8    6    3    2    1    0       545    2    1 MIX     5    2    8    4  340  341  342  343
    6    7    1    1    4    3    2    2    1    0       691  345    0 MIX     3    8  344  345
    6    8    1    1    4    2    3    1    1    1       895    6    1 MIX     1    6  346  347
    6    9    1    1    2    2    1    1    1    1       478  348    0 MIX     1  348
    6   10    1    1    4    3    2    2    1    0       674  349    0 MIX     2    8  349  350
    6   11    1    1    4    4    1    2    1    0       544    5    1 MIX     5    3  351  352
    6   12    1    1    4    2    3    1    1    1       529  354    0 MIX     6    8  353  354
    6   13    2    1    2    0    0    2    1    1       560    8    1 MIX     8  355
    6   14    1    1    2    1    2    1    1    1       668    1    1 MIX     1  356
    6   15    1    1    2    2    1    2    1    0       500    2    1 MIX     2  357
    6   16    2    1    8    0    0    2    1    1       753  362    0 MIX     5    7    1    3  358  359  360  361
    6   17    1    1    8    5    4    2    1    0       533    8    1 MIX     8    3    4    7  363  364  365  366
    6   18    2    1    8    0    0    1    1    0       642  371    0 MIX     6    5    7    8  367  368  369  370
    6   19    1    1    2    1    2    2    1    0       524  372    0 MIX     6  372
    6   20    1    1    4    3    2    1    1    1       529    6    1 MIX     7    6  373  374
    6   21    1    1    2    2    1    1    1    1       383  375    0 MIX     6  375
    6   22    2    1    4    0    0    1    1    0       646   12    1 MIX     6    7  376  377
    6   23    1    1    2    2    1    1    1    1       382    1    1 MIX     1  378
    6   24    2    1    4    0    0    1    1    0       551  381    0 MIX     3    4  379  380
    7    1    2    1    8    0    0    2    1    1       830    6    1 MIX     4    1    7    2  382  383  384  385
    7    2    2    1    8    0    0    2    1    1      1004  390    0 MIX     3    5    6    7  386  387  388  389
    7    3    1    1    8    6    3    2    1    0       486  391    0 MIX     1    7    4    3  391  392  393  394
    7    4    1    1    4    2    3    1    1    1       794    2    1 MIX     2    5  395  396
    7    5    2    1    8    0    0    2    1    1      1082    8    1 MIX     6    5    7    1  397  398  399  400
    7    6    1    1    8    2    7    1    0    0       734  404    0 MIX     5    4    1    8  401  402  403  404
    7    7    1    1    4    3    2    2    1    0       710    8    1 MIX     6    8  405  406
    7    8    1    1    2    2    1    2    1    0       413  407    0 MIX     3  407
    7    9    1    1    8    2    7    2    1    0       542    7    1 MIX     2    5    8    7  408  409  410  411
    7   10    1    1    8    7    2    2    1    0       714    5    1 MIX     5    2    6    4  412  413  414  415
    7   11    1    1    8    7    2    1    1    1       475  418    0 MIX     7    1    5    3  416  417  418  419
    7   12    1    1    2    1    2    2    1    0       443  420    0 MIX     5  420
    7   13    1    1    8    2    7    2    1    0       761    8    1 MIX     8    3    2    5  421  422  423  424
    7   14    2    1    2    0    0    2    0    0      1982   15    1 MIX     4  425
    7   15    2    1    8    0    0    2    1    1       783  430    0 MIX     8    7    3    4  426  427  428  429
    7   16    2    1    4    0    0    1    1    0       774  433    0 MIX     1    4  431  432
    7   17    1    1    2    1    2    1    1    1       491    8    1 MIX     8  434
    7   18    2    1    8    0    0    1    0    1       873    8    1 MIX     3    5    8    7  435  436  437  438
    7   19    1    1    2    1    2    1    1    1       569  439    0 MIX     7  439
    7   20    2    1    8    0    0    1    1    0       660   10    1 MIX     6    5    1    7  440  441  442  443
    7   21    2    1    2    0    0    2    1    1       619  445    0 MIX     8  444
    7   22    1    1    8    6    3    1    1    1       580  448    0 MIX     1    6    4    5  446  447  448  449
    7   23    2    1    4    0    0    2    1    1      1061    8    1 MIX     5    2  450  451
    7   24    2    1    4    0    0    1    1    0       625   15    1 MIX     1    2  452  453
    8    1    1    1    2    2    1    2    1    0       489  454    0 MIX     3  454
    8    2    1    1    8    3    6    1    1    1       614    5    1 MIX     1    5    3    4  455  456  457  458
    8    3    1    1    8    5    4    1    1    1       493    2    1 MIX     7    4    3    2  459  460  461  462
    8    4    2    1    8    0    0    2    1    1       549  467    0 MIX     7    3    4    1  463  464  465  466
    8    5    2    1    4    0    0    2    0    0      1847   15    1 MIX     3    5  468  469
    8    6    2    1    2    0    0    2    1    1       479    2    1 MIX     6  470
    8    7    2    1    4    0    0    2    1    1       755    8    1 MIX     4    5  471  472
    8    8    2    1    2    0    0    1    1    0       600   10    1 MIX     5  473
    8    9    1    1    4    4    1    2    1    0       631    6    1 MIX     6    8  474  475
    8   10    1    1    4    4    1    2    1    0       485    1    1 MIX     4    1  476  477
    8   11    1    1    2    1    2    1    1    1       516  478    0 MIX     6  478
    8   12    2    1    2    0    0    2    1    1       563  480    0 MIX     6  479
    8   13    1    1    4    4    1    1    1    1       611  481    0 MIX     2    5  481  482
    8   14    1    1    2    1    2    2    1    0       764  483    0 MIX     2  483
    8   15    2    1    8    0    0    2    1    1       958    7    1 MIX     8    5    1    7  484  485  486  487
    8   16    2    1    2    0    0    1    1    0       538   11    1 MIX     3  488
    8   17    1    1    2    2    1    2    1    0       503  489    0 MIX     8  489
    8   18    2    1    8    0    0    2    1    1       790    2    1 MIX     1    8    6    4  490  491  492  493
    8   19    2    1    2    0    0    2    1    1       457    7    1 MIX     6  494
    8   20    1    1    8    2    7    1    1    1      1110  496    0 MIX     3    7    2    5  495  496  497  498
    8   21    2    1    4    0    0    2    1    1       513    5    1 MIX     4    6  499  500
    8   22    2    1    2    0    0    1    1    0       623   15    1 MIX     7  501
    8   23    2    1    2    0    0    2    1    1       474    3    1 MIX     3  502
    8   24    2    1    2    0    0    1    1    0       506  504    0 MIX     1  503
    9    1    2    1    8    0    0    1    1    0       750  509    0 MIX     1    8    2    5  505  506  507  508
    9    2    1    1    2    2    1    2    1    0       435    6    1 MIX     6  510
    9    3    1    1    4    1    4    1    1    1      1352    7    1 MIX     5    7  511  512
    9    4    2    1    8    0    0    1    1    0       644  517    0 MIX     1    3    6    2  513  514  515  516
    9    5    1    1    4    1    4    2    1    0       736  519    0 MIX     6    7  518  519
    9    6    2    1    8    0    0    1    1    0       883   16    1 MIX     7    8    2    4  520  521  522  523
    9    7    2    1    2    0    0    1    1    0       576  525    0 MIX     7  524
    9    8    1    1    8    6    3    1    1    1       635    1    1 MIX     4    8    1    5  526  527  528  529
    9    9    2    1    8    0    0    2    1    1       816    3    1 MIX     6    4    8    1  530  531  532  533
    9   10    2    1    4    0    0    2    1    1       615  536    0 MIX     3    2  534  535
    9   11    1    1    4    3    2    1    1    1       551  538    0 MIX     7    6  537  538
    9   12    1    1    4    3    2    2    1    0       665    7    1 MIX     3    7  539  540
    9   13    1    1    2    2    1    1    1    1       449    4    1 MIX     4  541
    9   14    2    1    2    0    0    2    1    1       769  543    0 MIX     4  542
    9   15    2    1    4    0    0    1    1    0       904  546    0 MIX     1    6  544  545
    9   16    1    1    4    2    3    1    1    1       970    7    1 MIX     4    7  547  548
    9   17    2    1    2    0    0    1    1    0       517  550    0 MIX     2  549
    9   18    1    1    4    2    3    2    1    0       712    6    1 MIX     6    3  551  552
    9   19    2    1    8    0    0    2    1    1       634    5    1 MIX     8    3    6    7  553  554  555  556
    9   20    2    1    8    0    0    1    0    1       931    5    1 MIX     2    7    4    8  557  558  559  560
    9   21    2    1    4    0    0    1    1    0       709   11    1 MIX     1    3  561  562
    9   22    1    1    4    2    3    2    1    0       943    6    1 MIX     6    4  563  564
    9   23    2    1    8    0    0    1    1    0       730   13    1 MIX     5    3    6    1  565  566  567  568
    9   24    1    1    8    4    5    1    1    1       859  571    0 MIX     4    6    7    8  569  570  571  572
