    1    1    2    1    2    0    0    2    1    1      4137   18    0 MIX     4   17
    1    2    1    1    4    4    1    1    1    1      1428   20    0 MIX     3    8   19   20
    1    3    2    1    4    0    0    1    1    0      1612   16    1 MIX     7    8   21   22
    1    4    1    1    4    4    1    2    1    0      1227   23    0 MIX     3    5   23   24
    1    5    2    1    4    0    0    2    1    1      1221    6    1 MIX     8    4   25   26
    1    6    1    1    2    1    2    2    1    0      1809   27    0 MIX     8   27
    1    7    2    1    2    0    0    1    0    1      1005   29    0 MIX     8   28
    1    8    1    1    2    2    1    2    1    0       978    4    1 MIX     4   30
    1    9    2    1    8    0    0    1    1    0      1255   35    0 MIX     5    8    7    2   31   32   33   34
    1   10    2    1    2    0    0    1    1    0       770   13    1 MIX     5   36
    1   11    2    1    4    0    0    1    1    0       854   16    1 MIX     7    2   37   38
    1   12    1    1    4    1    4    2    1    0       878   39    0 MIX     6    5   39   40
    1   13    2    1    4    0    0    2    0    0       861   11    1 MIX     8    7   41   42
    1   14    2    1    8    0    0    2    1    1      1246    4    1 MIX     3    5    7    6   43   44   45   46
    1   15    1    1    8    4    5    2    1    0       897    2    1 MIX     2    1    7    5   47   48   49   50
    1   16    1    1    4    4    1    2    1    0       543    4    1 MIX     6    4   51   52
    1   17    2    1    8    0    0    2    1    1       725   57    0 MIX     1    8    6    4   53   54   55   56
    1   18    2    1    2    0    0    1    1    0      1188   59    0 MIX     4   58
    1   19    1    1    8    5    4    2    1    0      1776   62    0 MIX     3    4    5    2   60   61   62   63
    1   20    2    1    8    0    0    1    0    1      1308   68    0 MIX     2    5    8    3   64   65   66   67
    1   21    2    1    8    0    0    1    1    0      1003    9    1 MIX     5    2    3    4   69   70   71   72
    1   22    2    1    2    0    0    2    1    1      1646   74    0 MIX     8   73
    1   23    1    1    2    1    2    2    1    0      3448   75    0 MIX     2   75
    1   24    2    1    8    0    0    1    1    0       764   12    1 MIX     3    1    2    5   76   77   78   79
    2    1    1    1    4    4    1    1    1    1       977   81    0 MIX     7    8   80   81
    2    2    2    1    2    0    0    1    1    0       815   10    1 MIX     3   82
    2    3    1    1    8    6    3    1    0    0       987   84    0 MIX     5    3    4    2   83   84   85   86
    2    4    2    1    8    0    0    1    1    0       814   91    0 MIX     6    2    7    5   87   88   89   90
    2    5    1    1    2    2    1    2    1    0      1491   92    0 MIX     4   92
    2    6    2    1    4    0    0    2    1    1      1424   95    0 MIX     2    1   93   94
    2    7    2    1    2    0    0    2    1    1      1261    6    1 MIX     8   96
    2    8    1    1    8    7    2    1    1    1      1120    2    1 MIX     8    4    1    2   97   98   99  100
    2    9    2    1    2    0    0    2    1    1      1175    4    1 MIX     8  101
    2   10    1    1    8    7    2    2    1    0       828    3    1 MIX     6    1    3    2  102  103  104  105
    2   11    1    1    2    2    1    1    1    1       864    7    1 MIX     7  106
    2   12    2    1    2    0    0    1    1    0      1002   15    1 MIX     7  107
    2   13    1    1    8    5    4    1    0    0       958  109    0 MIX     6    7    1    3  108  109  110  111
    2   14    1    1    2    1    2    1    1    1      1045    4    1 MIX     4  112
    2   15    2    1    8    0    0    2    1    1       992    3    1 MIX     7    8    1    2  113  114  115  116
    2   16    2    1    2    0    0    2    0    0      1390   14    1 MIX     7  117
    2   17    2    1    2    0    0    1    1    0      1059   10    1 MIX     3  118
    2   18    1    1    2    1    2    2    1    0       990    1    1 MIX     1  119
    2   19    1    1    4    4    1    1    1    1      1024    3    1 MIX     1    3  120  121
    2   20    2    1    8    0    0    2    1    1       956    3    1 MIX     3    4    2    6  122  123  124  125
    2   21    2    1    8    0    0    1    0    1      1099  130    0 MIX     6    7    2    1  126  127  128  129
    2   22    1    1    4    4    1    1    1    1       704  131    0 MIX     1    6  131  132
    2   23    2    1    4    0    0    2    0    0       542    9    1 MIX     2    3  133  134
    2   24    1    1    2    2    1    1    1    1       830  135    0 MIX     4  135
    3    1    1    1    2    1    2    1    1    1       787    4    1 MIX     4  136
    3    2    2    1    4    0    0    2    1    1       574    2    1 MIX     7    3  137  138
    3    3    1    1    8    6    3    2    1    0       579    2    1 MIX     1    8    3    2  139  140  141  142
    3    4    1    1    4    2    3    1    1    1      1062  144    0 MIX     1    5  143  144
    3    5    1    1    8    7    2    2    1    0      1055  147    0 MIX     3    5    6    8  145  146  147  148
    3    6    1    1    4    2    3    1    0    0       919    6    1 MIX     3    6  149  150
    3    7    1    1    2    1    2    2    1    0      1039    7    1 MIX     7  151
    3    8    1    1    8    2    7    1    1    1       721    4    1 MIX     3    7    2    4  152  153  154  155
    3    9    2    1    2    0    0    2    1    1       784    3    1 MIX     2  156
    3   10    1    1    8    6    3    2    1    0       686    6    1 MIX     6    2    4    3  157  158  159  160
    3   11    1    1    2    2    1    1    1    1       879  161    0 MIX     3  161
    3   12    2    1    4    0    0    2    1    1      1108  164    0 MIX     2    5  162  163
    3   13    2    1    8    0    0    1    1    0       749   12    1 MIX     5    1    8    6  165  166  167  168
    3   14    1    1    4    4    1    2    1    0       777    5    1 MIX     5    2  169  170
    3   15    2    1    4    0    0    1    1    0      1130   16    1 MIX     4    6  171  172
    3   16    1    1    8    4    5    1    0    0       839  173    0 MIX     3    2    7    4  173  174  175  176
    3   17    2    1    8    0    0    2    1    1       984  181    0 MIX     7    5    2    4  177  178  179  180
    3   18    1    1    2    2    1    1    1    1       509  182    0 MIX     8  182
    3   19    2    1    4    0    0    2    0    0       754   14    1 MIX     5    1  183  184
    3   20    1    1    8    1    8    1    1    1       953  185    0 MIX     8    1    4    2  185  186  187  188
    3   21    2    1    8    0    0    2    1    1      1240    2    1 MIX     6    1    8    4  189  190  191  192
    3   22    1    1    2    1    2    1    1    1       858    5    1 MIX     5  193
    3   23    1    1    2    2    1    1    1    1       867    1    1 MIX     1  194
    3   24    2    1    2    0    0    2    1    1       709    7    1 MIX     6  195
    4    1    2    1    2    0    0    2    1    1       985    6    1 MIX     3  196
    4    2    1    1    8    6    3    2    1    0       661  199    0 MIX     7    8    6    3  197  198  199  200
    4    3    1    1    2    1    2    1    1    1       951    1    1 MIX     1  201
    4    4    2    1    2    0    0    2    0    0       702  203    0 MIX     8  202
    4    5    2    1    8    0    0    1    1    0      1926   14    1 MIX     7    6    1    2  204  205  206  207
    4    6    1    1    8    8    1    1    1    1       684    6    1 MIX     4    1    6    5  208  209  210  211
    4    7    2    1    8    0    0    2    1    1       733  216    0 MIX     3    5    1    6  212  213  214  215
    4    8    2    1    2    0    0    2    1    1       933  218    0 MIX     8  217
    4    9    2    1    2    0    0    1    1    0       540  220    0 MIX     7  219
    4   10    1    1    2    1    2    1    1    1       787  221    0 MIX     1  221
    4   11    1    1    8    5    4    2    1    0      1080  225    0 MIX     6    2    4    5  222  223  224  225
    4   12    1    1    8    3    6    1    0    0       599  227    0 MIX     1    5    6    2  226  227  228  229
    4   13    2    1    4    0    0    2    1    1      1009  232    0 MIX     4    1  230  231
    4   14    1    1    8    8    1    1    1    1       501    5    1 MIX     7    6    1    5  233  234  235  236
    4   15    1    1    2    1    2    1    1    1       670  237    0 MIX     5  237
    4   16    1    1    8    2    7    1    1    1       928  239    0 MIX     5    3    6    1  238  239  240  241
    4   17    2    1    2    0    0    2    1    1       672  243    0 MIX     5  242
    4   18    1    1    4    2    3    2    1    0       831    2    1 MIX     7    2  244  245
    4   19    1    1    4    4    1    2    1    0       504  247    0 MIX     2    8  246  247
    4   20    2    1    2    0    0    2    1    1       593    2    1 MIX     8  248
    4   21    1    1    2    1    2    2    0    1       902    3    1 MIX     3  249
    4   22    2    1    8    0    0    1    0    1       966    7    1 MIX     2    7    3    1  250  251  252  253
    4   23    1    1    8    7    2    2    1    0       579    8    1 MIX     8    1    6    4  254  255  256  257
    4   24    1    1    4    3    2    2    1    0       719    8    1 MIX     8    2  258  259
    5    1    1    1    8    3    6    2    1    0       620  261    0 MIX     4    6    3    8  260  261  262  263
    5    2    1    1    8    3    6    1    1    1       657    4    1 MIX     4    6    2    5  264  265  266  267
    5    3    1    1    8    7    2    1    1    1       705  269    0 MIX     7    4    5    8  268  269  270  271
    5    4    2    1    2    0    0    1    1    0       770  273    0 MIX     1  272
    5    5    1    1    8    5    4    1    1    1       910    6    1 MIX     4    2    3    6  274  275  276  277
    5    6    1    1    2    2    1    1    1    1       471    1    1 MIX     1  278
    5    7    1    1    8    1    8    2    1    0       680    4    1 MIX     1    4    3    8  279  280  281  282
    5    8    1    1    2    1    2    2    0    1       513  283    0 MIX     4  283
    5    9    2    1    8    0    0    2    0    0       617   16    1 MIX     4    5    8    3  284  285  286  287
    5   10    2    1    8    0    0    2    1    1       685  292    0 MIX     8    7    3    4  288  289  290  291
    5   11    1    1    8    7    2    2    1    0       543    6    1 MIX     2    1    6    7  293  294  295  296
    5   12    1    1    8    6    3    2    1    0       462    4    1 MIX     5    6    4    8  297  298  299  300
    5   13    2    1    4    0    0    2    1    1      1925    1    1 MIX     5    1  301  302
    5   14    1    1    2    1    2    2    1    0      1325    3    1 MIX     3  303
    5   15    1    1    4    3    2    2    0    1      1267    7    1 MIX     1    7  304  305
    5   16    2    1    8    0    0    2    1    1      1213    1    1 MIX     7    2    5    3  306  307  308  309
    5   17    1    1    2    2    1    1    1    1       554    2    1 MIX     2  310
    5   18    1    1    8    5    4    2    1    0       815    7    1 MIX     7    5    8    1  311  312  313  314
    5   19    2    1    4    0    0    2    1    1       752  317    0 MIX     2    5  315  316
    5   20    1    1    4    3    2    2    1    0       979  318    0 MIX     5    1  318  319
    5   21    1    1    2    1    2    1    1    1       480    5    1 MIX     5  320
    5   22    2    1    2    0    0    1    1    0       600   14    1 MIX     3  321
    5   23    2    1    2    0    0    1    1    0      1052   13    1 MIX     3  322
    5   24    2    1    2    0    0    1    1    0       847  324    0 MIX     3  323
    6    1    1    1    4    2    3    2    1    0       907  326    0 MIX     8    3  325  326
    6    2    1    1    4    1    4    2    1    0       538  327    0 MIX     4    6  327  328
    6    3    2    1    2    0    0    2    1    1       919    4    1 MIX     8  329
    6    4    2    1    2    0    0    2    1    1       511    1    1 MIX     2  330
    6    5    2    1    8    0    0    1    1    0       663  335    0 MIX     6    3    4    5  331  332  333  334
    6    6    1    1    2    2    1    1    0    0       562    4    1 MIX     4  336
    6    7    2    1    4    0    0    1    1    0       853  339    0 MIX     2    6  337  338
    6    8    1    1    8    2    7    1    1    1       879    8    1 MIX     5    7    8    6  340  341  342  343
    6    9    2    1    4    0    0    2    1    1       758    2    1 MIX     3    4  344  345
    6   10    2    1    2    0    0    2    1    1       661  347    0 MIX     1  346
    6   11    2    1    4    0    0    1    1    0      1541  350    0 MIX     4    5  348  349
    6   12    1    1    8    4    5    2    1    0       708    4    1 MIX     4    3    6    2  351  352  353  354
    6   13    1    1    8    2    7    1    1    1       771    3    1 MIX     2    7    5    3  355  356  357  358
    6   14    1    1    2    1    2    1    1    1      1384  359    0 MIX     3  359
    6   15    1    1    2    1    2    2    1    0       822    5    1 MIX     5  360
    6   16    2    1    4    0    0    2    1    1       549  363    0 MIX     5    7  361  362
    6   17    2    1    8    0    0    2    1    1       731  368    0 MIX     4    6    8    3  364  365  366  367
    6   18    1    1    4    1    4    2    1    0       639    4    1 MIX     4    8  369  370
    6   19    2    1    8    0    0    1    1    0      1298   15    1 MIX     3    7    5    1  371  372  373  374
    6   20    1    1    2    1    2    1    1    1      1003  375    0 MIX     5  375
    6   21    1    1    8    7    2    1    1    1       527    5    1 MIX     7    5    6    3  376  377  378  379
    6   22    2    1    4    0    0    1    1    0       747   12    1 MIX     3    1  380  381
    6   23    1    1    8    6    3    1    1    1       657    5    1 MIX     5    8    2    6  382  383  384  385
    6   24    1    1    8    6    3    1    1    1       532    5    1 MIX     7    5    4    1  386  387  388  389
    7    1    2    1    4    0    0    2    1    1       590  392    0 MIX     6    2  390  391
    7    2    1    1    8    8    1    2    1    0       730  395    0 MIX     2    5    6    4  393  394  395  396
    7    3    1    1    4    2    3    1    0    0       887    3    1 MIX     8    3  397  398
    7    4    1    1    2    2    1    2    1    0       584    8    1 MIX     8  399
    7    5    2    1    2    0    0    2    1    1       525    4    1 MIX     6  400
    7    6    2    1    2    0    0    1    1    0       724   16    1 MIX     8  401
    7    7    2    1    8    0    0    1    1    0       611   10    1 MIX     5    8    3    7  402  403  404  405
    7    8    2    1    8    0    0    1    0    1       709    3    1 MIX     1    6    7    8  406  407  408  409
    7    9    2    1    8    0    0    1    1    0       902  414    0 MIX     3    8    5    6  410  411  412  413
    7   10    2    1    8    0    0    2    1    1      1238    7    1 MIX     6    7    8    1  415  416  417  418
    7   11    1    1    2    2    1    1    1    1       738  419    0 MIX     5  419
    7   12    2    1    4    0    0    2    1    1       631    2    1 MIX     4    2  420  421
    7   13    1    1    2    1    2    2    1    0       882  422    0 MIX     1  422
    7   14    2    1    8    0    0    2    1    1       540  427    0 MIX     4    3    1    2  423  424  425  426
    7   15    2    1    2    0    0    1    1    0      3131   15    1 MIX     4  428
    7   16    2    1    2    0    0    2    1    1       898  430    0 MIX     6  429
    7   17    1    1    4    4    1    1    1    1       697    2    1 MIX     2    5  431  432
    7   18    1    1    4    2    3    2    1    0      1060  433    0 MIX     4    5  433  434
    7   19    2    1    4    0    0    2    1    1       602    6    1 MIX     4    7  435  436
    7   20    1    1    8    2    7    2    1    0       847    6    1 MIX     4    6    5    1  437  438  439  440
    7   21    2    1    2    0    0    1    1    0      1080   15    1 MIX     1  441
    7   22    2    1    8    0    0    2    1    1      1106    8    1 MIX     6    7    4    1  442  443  444  445
    7   23    2    1    4    0    0    1    1    0       664  448    0 MIX     1    3  446  447
    7   24    1    1    2    2    1    2    1    0       682  449    0 MIX     2  449
    8    1    2    1    2    0    0    2    1    1       565    6    1 MIX     3  450
    8    2    1    1    4    4    1    2    1    0       929  452    0 MIX     3    8  451  452
    8    3    1    1    4    3    2    1    1    1      1236  453    0 MIX     2    7  453  454
    8    4    2    1    8    0    0    1    1    0       863    9    1 MIX     6    8    2    5  455  456  457  458
    8    5    1    1    2    1    2    2    1    0       786  459    0 MIX     6  459
    8    6    1    1    8    7    2    2    1    0       728  463    0 MIX     1    5    6    7  460  461  462  463
    8    7    1    1    4    3    2    2    0    1      1189    6    1 MIX     4    6  464  465
    8    8    1    1    2    1    2    1    0    0       954    2    1 MIX     2  466
    8    9    2    1    2    0    0    2    1    1       505  468    0 MIX     7  467
    8   10    2    1    8    0    0    1    1    0       815   14    1 MIX     3    5    1    6  469  470  471  472
    8   11    2    1    4    0    0    1    1    0       713  475    0 MIX     1    6  473  474
    8   12    2    1    8    0    0    2    1    1      1025  480    0 MIX     1    4    7    6  476  477  478  479
    8   13    1    1    2    1    2    1    1    1      1157    7    1 MIX     7  481
    8   14    2    1    2    0    0    2    1    1       611    1    1 MIX     7  482
    8   15    1    1    4    1    4    2    0    1       405  483    0 MIX     6    8  483  484
    8   16    1    1    8    7    2    2    1    0       849    6    1 MIX     2    6    7    1  485  486  487  488
    8   17    1    1    2    1    2    2    0    1       620  489    0 MIX     6  489
    8   18    1    1    8    5    4    2    1    0       944  492    0 MIX     2    4    7    6  490  491  492  493
    8   19    2    1    2    0    0    1    1    0       735   11    1 MIX     5  494
    8   20    2    1    8    0    0    2    1    1       685    4    1 MIX     6    7    8    1  495  496  497  498
    8   21    1    1    8    8    1    2    1    0       803    6    1 MIX     8    6    7    5  499  500  501  502
    8   22    1    1    4    4    1    1    1    1       514  504    0 MIX     7    2  503  504
    8   23    2    1    4    0    0    1    1    0      1071   10    1 MIX     5    4  505  506
    8   24    1    1    8    5    4    2    1    0       592    2    1 MIX     1    2    4    7  507  508  509  510
    9    1    1    1    2    2    1    2    1    0       445  511    0 MIX     1  511
    9    2    1    1    8    6    3    1    0    0       738    7    1 MIX     7    4    8    2  512  513  514  515
    9    3    1    1    8    4    5    2    0    1       514  516    0 MIX     1    5    4    7  516  517  518  519
    9    4    2    1    8    0    0    2    1    1       992  524    0 MIX     1    8    6    5  520  521  522  523
    9    5    2    1    2    0    0    2    1    1      2493  526    0 MIX     8  525
    9    6    1    1    2    2    1    2    1    0       750    8    1 MIX     8  527
    9    7    1    1    8    4    5    1    1    1      1541    6    1 MIX     1    8    3    6  528  529  530  531
    9    8    2    1    4    0    0    1    1    0       633   13    1 MIX     4    2  532  533
    9    9    2    1    4    0    0    2    1    1       450    3    1 MIX     6    4  534  535
    9   10    2    1    2    0    0    1    1    0       562  537    0 MIX     2  536
    9   11    2    1    8    0    0    1    1    0       960  542    0 MIX     6    8    5    1  538  539  540  541
    9   12    2    1    2    0    0    2    1    1       526    3    1 MIX     6  543
    9   13    2    1    8    0    0    2    1    1       588    2    1 MIX     5    7    6    2  544  545  546  547
    9   14    2    1    4    0    0    2    1    1       542  550    0 MIX     2    7  548  549
    9   15    1    1    2    1    2    1    0    0       597    6    1 MIX     6  551
    9   16    1    1    4    4    1    1    1    1       608    5    1 MIX     3    5  552  553
    9   17    2    1    8    0    0    2    1    1       733  558    0 MIX     8    7    6    3  554  555  556  557
    9   18    1    1    8    4    5    2    1    0       820  559    0 MIX     1    3    6    5  559  560  561  562
    9   19    2    1    2    0    0    1    1    0      1312  564    0 MIX     5  563
    9   20    1    1    2    2    1    2    1    0      1312  565    0 MIX     8  565
    9   21    1    1    8    8    1    1    1    1       873    8    1 MIX     4    1    3    8  566  567  568  569
    9   22    1    1    4    4    1    1    1    1       425    3    1 MIX     7    3  570  571
    9   23    1    1    8    3    6    1    0    0       740  573    0 MIX     5    6    7    2  572  573  574  575
    9   24    1    1    2    1    2    1    1    1       747  576    0 MIX     8  576
