    1    1    2    1    8    0    0    2    1    1      1178    6    1 MIX    13   14   15   11   17   18   19   20
    1    2    2    1    2    0    0    1    0    1      1496    6    1 MIX    11   21
    1    3    2    1    4    0    0    1    1    0       742   24    0 MIX     8    2   22   23
    1    4    2    1    8    0    0    2    1    1      3182    6    1 MIX    16   13   11   10   25   26   27   28
    1    5    1    1    2    1    2    1    0    0       587    6    1 MIX     6   29
    1    6    2    1    8    0    0    1    1    0       769   34    0 MIX     8    3    6    2   30   31   32   33
    1    7    2    1    8    0    0    1    0    1      2391   39    0 MIX    12    9   11   13   35   36   37   38
    1    8    2    1    2    0    0    1    1    0       657   41    0 MIX     3   40
    1    9    2    1    8    0    0    1    1    0       643   10    1 MIX     8    1    3    7   42   43   44   45
    1   10    1    1    8    3    6    2    0    1       977   14    1 MIX    11   12   16   14   46   47   48   49
    1   11    1    1    8    6    3    2    0    1      1323   52    0 MIX    10   11   16   14   50   51   52   53
    1   12    1    1    4    3    2    1    0    0       508    1    1 MIX     4    1   54   55
    1   13    2    1    2    0    0    2    1    1       644    3    1 MIX     9   56
    1   14    1    1    4    1    4    1    1    1       785   58    0 MIX    11   15   57   58
    1   15    1    1    2    2    1    1    1    1       400   15    1 MIX    15   59
    1   16    1    1    4    2    3    1    0    0       790   61    0 MIX     3    7   60   61
    1   17    2    1    8    0    0    2    1    1       630    8    1 MIX    12   15    9   11   62   63   64   65
    1   18    2    1    8    0    0    1    1    0       558   70    0 MIX     6    3    5    1   66   67   68   69
    1   19    2    1    2    0    0    1    1    0      1066   10    1 MIX     7   71
    1   20    2    1    2    0    0    1    1    0       596   73    0 MIX     7   72
    1   21    1    1    2    1    2    1    0    0       651   74    0 MIX     1   74
    1   22    1    1    4    4    1    1    1    1       793   11    1 MIX    11   14   75   76
    1   23    2    1    4    0    0    1    0    1      1096    1    1 MIX     9   11   77   78
    1   24    2    1    2    0    0    2    1    1       992    2    1 MIX    13   79
    2    1    2    1    4    0    0    1    1    0       650   82    0 MIX     3    2   80   81
    2    2    1    1    8    5    4    1    0    0       907   84    0 MIX     4    3    2    6   83   84   85   86
    2    3    1    1    2    2    1    2    1    0       634   87    0 MIX     6   87
    2    4    2    1    8    0    0    2    1    1       707   92    0 MIX    13   14   10   12   88   89   90   91
    2    5    2    1    8    0    0    1    1    0       680   15    1 MIX     4    1    6    2   93   94   95   96
    2    6    1    1    8    3    6    2    0    1       724   15    1 MIX    15   16   12   10   97   98   99  100
    2    7    2    1    4    0    0    1    0    1      1457    2    1 MIX    12   15  101  102
    2    8    2    1    8    0    0    2    1    1       709  107    0 MIX    16   15   12   14  103  104  105  106
    2    9    1    1    8    6    3    1    0    0       737    6    1 MIX     8    4    6    7  108  109  110  111
    2   10    1    1    2    1    2    1    1    1       650  112    0 MIX    12  112
    2   11    2    1    2    0    0    2    1    1       904  114    0 MIX     9  113
    2   12    2    1    8    0    0    2    1    1       755  119    0 MIX    13   12   10   11  115  116  117  118
    2   13    2    1    4    0    0    2    1    1      1038    4    1 MIX    12   14  120  121
    2   14    2    1    2    0    0    2    1    1       595    1    1 MIX    14  122
    2   15    2    1    2    0    0    2    1    1       594    7    1 MIX    11  123
    2   16    1    1    8    1    8    1    0    0       835  124    0 MIX     8    1    5    2  124  125  126  127
    2   17    1    1    2    2    1    2    1    0       525    1    1 MIX     1  128
    2   18    1    1    8    8    1    1    1    1       413  131    0 MIX    10    9   11   14  129  130  131  132
    2   19    1    1    4    1    4    1    0    0       785  134    0 MIX     8    4  133  134
    2   20    1    1    8    8    1    2    1    0       488    6    1 MIX     2    6    8    1  135  136  137  138
    2   21    2    1    2    0    0    2    1    1       851    6    1 MIX    13  139
    2   22    2    1    4    0    0    1    1    0       539  142    0 MIX     4    7  140  141
    2   23    2    1    8    0    0    1    1    0       772   11    1 MIX     3    1    2    7  143  144  145  146
    2   24    2    1    2    0    0    1    1    0       960  148    0 MIX     1  147
    3    1    1    1    4    3    2    1    1    1       796   13    1 MIX    16   13  149  150
    3    2    2    1    4    0    0    2    1    1       551  153    0 MIX     9   16  151  152
    3    3    1    1    2    1    2    2    1    0      1206    3    1 MIX     3  154
    3    4    2    1    8    0    0    2    1    1       681  159    0 MIX     9   11   14   10  155  156  157  158
    3    5    2    1    8    0    0    2    1    1       719    5    1 MIX    13   10   16   11  160  161  162  163
    3    6    1    1    2    1    2    2    1    0       537  164    0 MIX     8  164
    3    7    1    1    2    1    2    2    1    0       851  165    0 MIX     7  165
    3    8    1    1    2    1    2    2    1    0       534    7    1 MIX     7  166
    3    9    2    1    8    0    0    1    0    1      1336    7    1 MIX    14    9   12   15  167  168  169  170
    3   10    2    1    2    0    0    2    1    1       634    7    1 MIX    14  171
    3   11    1    1    8    5    4    1    0    0       724    2    1 MIX     6    8    5    2  172  173  174  175
    3   12    2    1    4    0    0    1    1    0       851  178    0 MIX     3    7  176  177
    3   13    2    1    8    0    0    2    1    1       697    8    1 MIX    16   14   15   10  179  180  181  182
    3   14    2    1    2    0    0    1    1    0       631   14    1 MIX     4  183
    3   15    2    1    8    0    0    1    1    0       631   12    1 MIX     1    2    3    7  184  185  186  187
    3   16    2    1    8    0    0    2    1    1       834    1    1 MIX     9   16   13   12  188  189  190  191
    3   17    1    1    4    3    2    2    1    0       489  192    0 MIX     6    8  192  193
    3   18    1    1    2    1    2    2    1    0       383    5    1 MIX     5  194
    3   19    2    1    8    0    0    2    1    1       694  199    0 MIX    12   16    9   13  195  196  197  198
    3   20    1    1    4    1    4    2    0    1       637   14    1 MIX    15   14  200  201
    3   21    2    1    4    0    0    2    1    1       771    6    1 MIX     9   10  202  203
    3   22    1    1    2    2    1    1    0    0       441    8    1 MIX     8  204
    3   23    1    1    4    2    3    2    1    0       817  205    0 MIX     7    5  205  206
    3   24    2    1    2    0    0    2    1    1       710    8    1 MIX    16  207
    4    1    1    1    2    2    1    1    1    1       322  208    0 MIX    10  208
    4    2    1    1    4    4    1    2    1    0       871    5    1 MIX     8    5  209  210
    4    3    2    1    4    0    0    2    1    1      2157  213    0 MIX     9   12  211  212
    4    4    1    1    8    4    5    2    0    1      1397   12    1 MIX     9   10   12   15  214  215  216  217
    4    5    2    1    8    0    0    1    1    0      1211   14    1 MIX     1    6    4    3  218  219  220  221
    4    6    1    1    8    1    8    1    1    1      1266  225    0 MIX    15    9   11   16  222  223  224  225
    4    7    1    1    4    1    4    2    1    0       731  226    0 MIX     3    6  226  227
    4    8    2    1    4    0    0    2    1    1       757  230    0 MIX    12   16  228  229
    4    9    1    1    4    3    2    2    1    0      1153  232    0 MIX     3    7  231  232
    4   10    1    1    2    1    2    1    1    1       770  233    0 MIX    10  233
    4   11    1    1    2    2    1    1    1    1       524  234    0 MIX    16  234
    4   12    1    1    2    1    2    1    1    1       554  235    0 MIX     9  235
    4   13    2    1    8    0    0    2    1    1       746  240    0 MIX    12   11   10    9  236  237  238  239
    4   14    2    1    2    0    0    2    1    1       767  242    0 MIX     9  241
    4   15    1    1    2    1    2    2    0    1       511  243    0 MIX     9  243
    4   16    1    1    2    2    1    1    1    1       583   15    1 MIX    15  244
    4   17    2    1    8    0    0    1    1    0      1022   14    1 MIX     4    2    7    8  245  246  247  248
    4   18    1    1    8    2    7    2    0    1      1013   12    1 MIX     9   11   13   12  249  250  251  252
    4   19    1    1    8    7    2    2    1    0       737  254    0 MIX     2    3    8    6  253  254  255  256
    4   20    2    1    4    0    0    1    1    0       877    9    1 MIX     4    5  257  258
    4   21    2    1    4    0    0    1    1    0      1777   11    1 MIX     1    6  259  260
    4   22    1    1    4    4    1    2    1    0       660    6    1 MIX     5    6  261  262
    4   23    2    1    8    0    0    2    1    1       755  267    0 MIX     9   10   12   13  263  264  265  266
    4   24    1    1    8    7    2    1    1    1       757  269    0 MIX    16   14   13    9  268  269  270  271
    5    1    2    1    8    0    0    1    0    1       855  276    0 MIX    16   10   13   15  272  273  274  275
    5    2    2    1    4    0    0    2    1    1      1140    7    1 MIX    12   13  277  278
    5    3    2    1    8    0    0    1    0    1       594    4    1 MIX    12   10   16   13  279  280  281  282
    5    4    2    1    8    0    0    1    1    0       973   15    1 MIX     4    1    8    6  283  284  285  286
    5    5    2    1    8    0    0    2    1    1       636    5    1 MIX    16    9   12   14  287  288  289  290
    5    6    2    1    2    0    0    2    1    1       535    2    1 MIX    16  291
    5    7    2    1    2    0    0    2    1    1       907  293    0 MIX    16  292
    5    8    2    1    8    0    0    2    1    1       784    7    1 MIX    14   13   15   16  294  295  296  297
    5    9    2    1    2    0    0    1    1    0       806   14    1 MIX     7  298
    5   10    2    1    2    0    0    2    0    0       671  300    0 MIX     4  299
    5   11    2    1    8    0    0    2    1    1      2790    1    1 MIX    16    9   10   12  301  302  303  304
    5   12    2    1    8    0    0    2    1    1       629    6    1 MIX    10   14    9   15  305  306  307  308
    5   13    1    1    2    1    2    2    1    0      1042    8    1 MIX     8  309
    5   14    1    1    2    2    1    1    1    1       576  310    0 MIX    12  310
    5   15    2    1    4    0    0    2    1    1       668  313    0 MIX    15   16  311  312
    5   16    1    1    2    1    2    1    1    1       523   14    1 MIX    14  314
    5   17    2    1    4    0    0    2    1    1      1600  317    0 MIX    11   12  315  316
    5   18    2    1    2    0    0    2    1    1       736  319    0 MIX     9  318
    5   19    2    1    4    0    0    1    1    0       816   10    1 MIX     2    8  320  321
    5   20    1    1    8    2    7    1    1    1       690  325    0 MIX    13   14   10   15  322  323  324  325
    5   21    1    1    4    1    4    2    0    1      1418  326    0 MIX    10   11  326  327
    5   22    1    1    4    4    1    2    1    0       508  329    0 MIX     6    3  328  329
    5   23    2    1    4    0    0    2    0    0       958  332    0 MIX     4    8  330  331
    5   24    2    1    2    0    0    1    1    0      1120  334    0 MIX     6  333
    6    1    2    1    2    0    0    1    1    0       782    9    1 MIX     2  335
    6    2    2    1    8    0    0    2    1    1       772  340    0 MIX    16   15   14   12  336  337  338  339
    6    3    1    1    8    3    6    1    1    1       730   13    1 MIX    15   13   12   14  341  342  343  344
    6    4    1    1    2    2    1    2    1    0       548  345    0 MIX     1  345
    6    5    1    1    2    1    2    2    1    0      1995    5    1 MIX     5  346
    6    6    1    1    8    1    8    2    0    1       800  347    0 MIX    11   16   15   14  347  348  349  350
    6    7    2    1    8    0    0    2    1    1       541  355    0 MIX     9   10   15   16  351  352  353  354
    6    8    1    1    4    4    1    2    1    0       618  356    0 MIX     2    8  356  357
    6    9    2    1    8    0    0    2    1    1       834  362    0 MIX    12   16   11    9  358  359  360  361
    6   10    1    1    4    3    2    2    0    1      1225  364    0 MIX    14   10  363  364
    6   11    2    1    4    0    0    2    1    1       612    1    1 MIX    12   15  365  366
    6   12    1    1    4    1    4    1    0    0       865    5    1 MIX     8    5  367  368
    6   13    2    1    4    0    0    1    1    0       670  371    0 MIX     2    6  369  370
    6   14    1    1    2    1    2    1    0    0      1492    1    1 MIX     1  372
    6   15    1    1    2    2    1    2    1    0       419    3    1 MIX     3  373
    6   16    1    1    4    3    2    1    1    1      1102   16    1 MIX    13   16  374  375
    6   17    2    1    4    0    0    2    1    1       682  378    0 MIX    12   15  376  377
    6   18    1    1    8    7    2    1    1    1      2637   16    1 MIX    16   15    9   12  379  380  381  382
    6   19    2    1    8    0    0    1    1    0       621  387    0 MIX     5    8    7    3  383  384  385  386
    6   20    2    1    8    0    0    2    1    1      1005    8    1 MIX     9   13   12   15  388  389  390  391
    6   21    2    1    2    0    0    2    1    1       521  393    0 MIX    13  392
    6   22    2    1    4    0    0    1    1    0       690   10    1 MIX     1    3  394  395
    6   23    2    1    8    0    0    2    1    1       617  400    0 MIX    10    9   11   12  396  397  398  399
    6   24    2    1    2    0    0    1    1    0       905   16    1 MIX     1  401
    7    1    1    1    2    1    2    2    1    0       647    5    1 MIX     5  402
    7    2    1    1    4    4    1    1    1    1       373   14    1 MIX    11   14  403  404
    7    3    1    1    8    6    3    2    1    0       710  407    0 MIX     4    3    8    2  405  406  407  408
    7    4    2    1    8    0    0    2    1    1       694  413    0 MIX    11   14   12   16  409  410  411  412
    7    5    1    1    8    7    2    2    0    1       978  415    0 MIX    15   13    9   12  414  415  416  417
    7    6    1    1    4    3    2    2    1    0      1224  418    0 MIX     8    7  418  419
    7    7    2    1    2    0    0    2    1    1       796    2    1 MIX    15  420
    7    8    1    1    4    1    4    1    1    1      1237  422    0 MIX    10   13  421  422
    7    9    2    1    2    0    0    2    1    1       676  424    0 MIX     9  423
    7   10    1    1    4    2    3    1    1    1       771   14    1 MIX    12   14  425  426
    7   11    1    1    8    6    3    1    1    1       675   16    1 MIX    10   15   14   16  427  428  429  430
    7   12    1    1    2    2    1    1    1    1       642  431    0 MIX    14  431
    7   13    1    1    4    2    3    2    1    0       822  433    0 MIX     1    6  432  433
    7   14    2    1    4    0    0    1    0    1      1048    7    1 MIX    14   13  434  435
    7   15    1    1    8    8    1    2    1    0       746  437    0 MIX     7    8    2    4  436  437  438  439
    7   16    1    1    4    3    2    2    1    0      1484  440    0 MIX     7    4  440  441
    7   17    2    1    4    0    0    2    1    1       805  444    0 MIX    16   13  442  443
    7   18    1    1    2    1    2    2    1    0       970    6    1 MIX     6  445
    7   19    2    1    2    0    0    1    1    0       705  447    0 MIX     7  446
    7   20    1    1    2    2    1    2    1    0      1102  448    0 MIX     8  448
    7   21    2    1    4    0    0    1    1    0       878    9    1 MIX     1    6  449  450
    7   22    1    1    4    2    3    1    1    1       607  451    0 MIX    11    9  451  452
    7   23    1    1    8    5    4    1    1    1       691   13    1 MIX    14   13   16   15  453  454  455  456
    7   24    1    1    2    1    2    1    1    1       512    9    1 MIX     9  457
    8    1    1    1    2    2    1    1    1    1       352   11    1 MIX    11  458
    8    2    2    1    4    0    0    2    1    1       651  461    0 MIX    10   15  459  460
    8    3    1    1    8    2    7    1    1    1       895   13    1 MIX    14   13   15   16  462  463  464  465
    8    4    1    1    2    2    1    2    1    0       749    6    1 MIX     6  466
    8    5    2    1    4    0    0    2    1    1       687  469    0 MIX    16   13  467  468
    8    6    2    1    2    0    0    1    1    0       758  471    0 MIX     3  470
    8    7    2    1    2    0    0    1    1    0       718  473    0 MIX     1  472
    8    8    1    1    2    2    1    2    1    0       543    8    1 MIX     8  474
    8    9    1    1    4    3    2    2    1    0       648    1    1 MIX     8    1  475  476
    8   10    2    1    8    0    0    1    1    0       880  481    0 MIX     2    4    6    8  477  478  479  480
    8   11    1    1    2    1    2    2    0    1       527   16    1 MIX    16  482
    8   12    1    1    8    2    7    1    1    1      1005  484    0 MIX    15   13   16   11  483  484  485  486
    8   13    2    1    4    0    0    2    0    0       851   14    1 MIX     2    5  487  488
    8   14    1    1    4    3    2    1    1    1       651   15    1 MIX    15   12  489  490
    8   15    1    1    4    4    1    1    1    1       517   12    1 MIX    12   11  491  492
    8   16    2    1    2    0    0    1    1    0      1369  494    0 MIX     8  493
    8   17    2    1    4    0    0    2    1    1       986    8    1 MIX    12   14  495  496
    8   18    1    1    2    2    1    1    1    1       665  497    0 MIX    12  497
    8   19    1    1    2    2    1    2    1    0       501  498    0 MIX     5  498
    8   20    2    1    2    0    0    2    1    1       659    1    1 MIX    16  499
    8   21    2    1    2    0    0    2    1    1       548    3    1 MIX    12  500
    8   22    1    1    8    6    3    2    1    0       679    4    1 MIX     2    7    5    4  501  502  503  504
    8   23    1    1    8    7    2    1    1    1       901   13    1 MIX    13   11   10   14  505  506  507  508
    8   24    2    1    4    0    0    2    0    0      1262   12    1 MIX     6    7  509  510
    9    1    2    1    8    0    0    1    1    0       636    9    1 MIX     6    5    3    1  511  512  513  514
    9    2    1    1    8    3    6    2    0    1       611  517    0 MIX    16   15   13   12  515  516  517  518
    9    3    1    1    8    8    1    2    1    0       502    5    1 MIX     5    1    2    6  519  520  521  522
    9    4    2    1    2    0    0    1    1    0       564  524    0 MIX     2  523
    9    5    1    1    8    1    8    2    0    1       596  525    0 MIX    13    9   14   16  525  526  527  528
    9    6    2    1    2    0    0    2    1    1       554    2    1 MIX    16  529
    9    7    2    1    2    0    0    2    1    1       473  531    0 MIX    13  530
    9    8    2    1    4    0    0    2    1    1       531  534    0 MIX    11   10  532  533
    9    9    1    1    8    6    3    1    0    0       677    1    1 MIX     1    4    5    3  535  536  537  538
    9   10    2    1    4    0    0    2    1    1       861    6    1 MIX    13   14  539  540
    9   11    2    1    8    0    0    2    0    0       754   12    1 MIX     7    4    8    2  541  542  543  544
    9   12    1    1    2    2    1    2    1    0       597    2    1 MIX     2  545
    9   13    2    1    4    0    0    2    1    1       751    2    1 MIX     9   10  546  547
    9   14    1    1    8    1    8    2    0    1       462  551    0 MIX    13   15   14   16  548  549  550  551
    9   15    1    1    8    2    7    1    1    1       895  553    0 MIX    11   14    9   13  552  553  554  555
    9   16    1    1    4    3    2    1    1    1       797   11    1 MIX    14   11  556  557
    9   17    2    1    4    0    0    1    1    0       684   13    1 MIX     1    4  558  559
    9   18    1    1    4    1    4    2    1    0       907    6    1 MIX     6    3  560  561
    9   19    1    1    8    6    3    1    0    0      1042  562    0 MIX     4    3    2    6  562  563  564  565
    9   20    1    1    8    4    5    2    0    1       502  566    0 MIX     9   16   13   10  566  567  568  569
    9   21    2    1    4    0    0    1    1    0       603  572    0 MIX     4    2  570  571
    9   22    1    1    4    2    3    1    0    0       708  573    0 MIX     5    6  573  574
    9   23    2    1    8    0    0    1    1    0      1228   11    1 MIX     5    2    1    7  575  576  577  578
    9   24    1    1    8    4    5    1    1    1       838  582    0 MIX     9   14   15   12  579  580  581  582
