    1    1    2    1    8    0    0    2    1    1      1479    9    0 ANpure     1    2    3    4    5    6    7    8
    1    2    1    1    8    3    6    2    1    0      1401   12    0 ANpure    10   11   12   13   14   15   16   17
    1    3    1    1    4    3    2    2    1    0       615   20    0 ANpure    18   19   20   21
    1    4    2    1    2    0    0    2    1    1      1744   24    0 ANpure    22   23
    1    5    2    1    8    0    0    1    1    0       777   33    0 ANpure    25   26   27   28   29   30   31   32
    1    6    1    1    4    1    4    2    1    0       816   34    0 ANpure    34   35   36   37
    1    7    1    1    2    1    2    2    1    0       498   38    0 ANpure    38   39
    1    8    2    1    8    0    0    2    1    1       700   48    0 ANpure    40   41   42   43   44   45   46   47
    1    9    2    1    8    0    0    1    1    0      1006   57    0 ANpure    49   50   51   52   53   54   55   56
    1   10    1    1    4    1    4    2    1    0       923   58    0 ANpure    58   59   60   61
    1   11    2    1    2    0    0    1    1    0       536   64    0 ANpure    62   63
    1   12    1    1    2    2    1    1    1    1       806   66    0 ANpure    65   66
    1   13    1    1    4    4    1    1    1    1       541   70    0 ANpure    67   68   69   70
    1   14    1    1    4    4    1    1    1    1       510   74    0 ANpure    71   72   73   74
    1   15    2    1    2    0    0    1    1    0       620   77    0 ANpure    75   76
    1   16    2    1    2    0    0    1    1    0       694   80    0 ANpure    78   79
    1   17    2    1    2    0    0    1    1    0       764   83    0 ANpure    81   82
    1   18    1    1    4    2    3    1    1    1      1012   85    0 ANpure    84   85   86   87
    1   19    2    1    4    0    0    2    1    1       674   92    0 ANpure    88   89   90   91
    1   20    1    1    2    1    2    2    1    0      1112   93    0 ANpure    93   94
    1   21    1    1    4    4    1    1    1    1       562   98    0 ANpure    95   96   97   98
    1   22    2    1    8    0    0    2    0    0      1609  107    0 ANpure    99  100  101  102  103  104  105  106
    1   23    2    1    4    0    0    1    1    0       798  112    0 ANpure   108  109  110  111
    1   24    1    1    8    2    7    1    1    1       651  114    0 ANpure   113  114  115  116  117  118  119  120
    2    1    2    1    2    0    0    2    1    1       754  123    0 ANpure   121  122
    2    2    2    1    8    0    0    2    1    1       851  132    0 ANpure   124  125  126  127  128  129  130  131
    2    3    2    1    8    0    0    1    0    1       699  141    0 ANpure   133  134  135  136  137  138  139  140
    2    4    1    1    4    3    2    2    1    0       874  144    0 ANpure   142  143  144  145
    2    5    2    1    4    0    0    2    1    1       671  150    0 ANpure   146  147  148  149
    2    6    1    1    8    5    4    2    1    0      1267  155    0 ANpure   151  152  153  154  155  156  157  158
    2    7    2    1    2    0    0    1    1    0       771  161    0 ANpure   159  160
    2    8    2    1    8    0    0    2    1    1      1346  170    0 ANpure   162  163  164  165  166  167  168  169
    2    9    1    1    4    3    2    2    1    0      1268  173    0 ANpure   171  172  173  174
    2   10    1    1    2    1    2    1    1    1       804  175    0 ANpure   175  176
    2   11    2    1    8    0    0    2    1    1       674  185    0 ANpure   177  178  179  180  181  182  183  184
    2   12    1    1    2    2    1    1    1    1       794  187    0 ANpure   186  187
    2   13    1    1    8    8    1    1    1    1      1002  195    0 ANpure   188  189  190  191  192  193  194  195
    2   14    1    1    4    2    3    1    1    1       968  197    0 ANpure   196  197  198  199
    2   15    1    1    2    2    1    1    1    1       580  201    0 ANpure   200  201
    2   16    2    1    2    0    0    1    1    0       736  204    0 ANpure   202  203
    2   17    1    1    8    6    3    1    1    1      1025  210    0 ANpure   205  206  207  208  209  210  211  212
    2   18    1    1    2    1    2    1    1    1      1004  213    0 ANpure   213  214
    2   19    2    1    8    0    0    1    1    0       883  223    0 ANpure   215  216  217  218  219  220  221  222
    2   20    1    1    2    1    2    2    1    0       979  224    0 ANpure   224  225
    2   21    1    1    2    1    2    1    1    1       687  226    0 ANpure   226  227
    2   22    1    1    8    6    3    2    1    0      1109  233    0 ANpure   228  229  230  231  232  233  234  235
    2   23    1    1    4    4    1    2    1    0       561  239    0 ANpure   236  237  238  239
    2   24    2    1    2    0    0    1    1    0       573  242    0 ANpure   240  241
    3    1    1    1    2    1    2    2    1    0      1214  243    0 ANpure   243  244
    3    2    1    1    2    2    1    1    1    1      1200  246    0 ANpure   245  246
    3    3    2    1    4    0    0    1    1    0       823  251    0 ANpure   247  248  249  250
    3    4    1    1    2    1    2    2    1    0       873  252    0 ANpure   252  253
    3    5    2    1    4    0    0    2    1    1      1035  258    0 ANpure   254  255  256  257
    3    6    2    1    2    0    0    2    1    1       725  261    0 ANpure   259  260
    3    7    1    1    2    2    1    2    1    0       876  263    0 ANpure   262  263
    3    8    2    1    2    0    0    1    1    0       571  266    0 ANpure   264  265
    3    9    1    1    2    2    1    2    1    0       759  268    0 ANpure   267  268
    3   10    2    1    4    0    0    2    1    1       560  273    0 ANpure   269  270  271  272
    3   11    2    1    2    0    0    2    1    1       637  276    0 ANpure   274  275
    3   12    1    1    2    1    2    1    1    1       710  277    0 ANpure   277  278
    3   13    1    1    4    2    3    1    1    1       976  280    0 ANpure   279  280  281  282
    3   14    1    1    4    2    3    2    1    0       865  284    0 ANpure   283  284  285  286
    3   15    2    1    4    0    0    1    1    0       723  291    0 ANpure   287  288  289  290
    3   16    1    1    2    2    1    1    1    1       760  293    0 ANpure   292  293
    3   17    1    1    8    4    5    2    1    0      1097  297    0 ANpure   294  295  296  297  298  299  300  301
    3   18    2    1    8    0    0    2    1    1       666  310    0 ANpure   302  303  304  305  306  307  308  309
    3   19    1    1    2    1    2    2    1    0       771  311    0 ANpure   311  312
    3   20    2    1    8    0    0    2    1    1       773  321    0 ANpure   313  314  315  316  317  318  319  320
    3   21    1    1    8    6    3    1    1    1      1108  327    0 ANpure   322  323  324  325  326  327  328  329
    3   22    2    1    2    0    0    2    1    1       618  332    0 ANpure   330  331
    3   23    2    1    2    0    0    2    1    1       564  335    0 ANpure   333  334
    3   24    2    1    4    0    0    1    1    0       995  340    0 ANpure   336  337  338  339
    4    1    1    1    8    2    7    2    1    0      1113  342    0 ANpure   341  342  343  344  345  346  347  348
    4    2    1    1    2    2    1    2    1    0       559  350    0 ANpure   349  350
    4    3    1    1    2    1    2    1    1    1       603  351    0 ANpure   351  352
    4    4    2    1    2    0    0    1    1    0       516  355    0 ANpure   353  354
    4    5    2    1    4    0    0    2    1    1       615  360    0 ANpure   356  357  358  359
    4    6    1    1    8    4    5    1    1    1      1053  364    0 ANpure   361  362  363  364  365  366  367  368
    4    7    1    1    4    4    1    2    1    0       681  372    0 ANpure   369  370  371  372
    4    8    1    1    2    2    1    2    1    0       672  374    0 ANpure   373  374
    4    9    1    1    2    2    1    2    1    0       536  376    0 ANpure   375  376
    4   10    2    1    4    0    0    2    1    1       744  381    0 ANpure   377  378  379  380
    4   11    1    1    8    7    2    2    1    0      1066  388    0 ANpure   382  383  384  385  386  387  388  389
    4   12    1    1    2    2    1    1    1    1       529  391    0 ANpure   390  391
    4   13    2    1    8    0    0    1    1    0       634  400    0 ANpure   392  393  394  395  396  397  398  399
    4   14    2    1    8    0    0    1    1    0      1214  409    0 ANpure   401  402  403  404  405  406  407  408
    4   15    2    1    4    0    0    1    1    0       900  414    0 ANpure   410  411  412  413
    4   16    1    1    8    2    7    1    1    1       911  416    0 ANpure   415  416  417  418  419  420  421  422
    4   17    1    1    4    4    1    1    1    1       931  426    0 ANpure   423  424  425  426
    4   18    1    1    8    8    1    2    1    0      1086  434    0 ANpure   427  428  429  430  431  432  433  434
    4   19    2    1    8    0    0    1    1    0       609  443    0 ANpure   435  436  437  438  439  440  441  442
    4   20    2    1    2    0    0    2    1    1       525  446    0 ANpure   444  445
    4   21    1    1    8    6    3    1    1    1      1111  452    0 ANpure   447  448  449  450  451  452  453  454
    4   22    2    1    2    0    0    2    1    1       829  457    0 ANpure   455  456
    4   23    2    1    2    0    0    2    1    1       815  460    0 ANpure   458  459
    4   24    2    1    4    0    0    1    1    0      1027  465    0 ANpure   461  462  463  464
    5    1    2    1    2    0    0    1    1    0       691  468    0 ANpure   466  467
    5    2    2    1    4    0    0    2    1    1       639  473    0 ANpure   469  470  471  472
    5    3    1    1    4    4    1    1    1    1       685  477    0 ANpure   474  475  476  477
    5    4    1    1    8    2    7    2    1    0       977  479    0 ANpure   478  479  480  481  482  483  484  485
    5    5    1    1    4    2    3    2    1    0       769  487    0 ANpure   486  487  488  489
    5    6    1    1    2    2    1    1    1    1       837  491    0 ANpure   490  491
    5    7    1    1    2    1    2    2    1    0      1254  492    0 ANpure   492  493
    5    8    2    1    8    0    0    2    1    1       736  502    0 ANpure   494  495  496  497  498  499  500  501
    5    9    1    1    4    4    1    2    1    0       714  506    0 ANpure   503  504  505  506
    5   10    1    1    8    4    5    2    0    1      1118  510    0 ANpure   507  508  509  510  511  512  513  514
    5   11    1    1    2    2    1    1    1    1       996  516    0 ANpure   515  516
    5   12    2    1    4    0    0    1    1    0       898  521    0 ANpure   517  518  519  520
    5   13    2    1    2    0    0    2    1    1       817  524    0 ANpure   522  523
    5   14    1    1    4    3    2    1    1    1       759  527    0 ANpure   525  526  527  528
    5   15    1    1    8    2    7    1    1    1       775  530    0 ANpure   529  530  531  532  533  534  535  536
    5   16    2    1    2    0    0    2    1    1       602  539    0 ANpure   537  538
    5   17    1    1    8    6    3    2    1    0      1104  545    0 ANpure   540  541  542  543  544  545  546  547
    5   18    1    1    2    1    2    1    1    1       871  548    0 ANpure   548  549
    5   19    1    1    8    8    1    1    1    1       787  557    0 ANpure   550  551  552  553  554  555  556  557
    5   20    1    1    4    1    4    2    1    0      2169  558    0 ANpure   558  559  560  561
    5   21    1    1    8    4    5    1    1    1       737  565    0 ANpure   562  563  564  565  566  567  568  569
    5   22    2    1    2    0    0    1    1    0       645  572    0 ANpure   570  571
    5   23    2    1    4    0    0    2    1    1       948  577    0 ANpure   573  574  575  576
    5   24    1    1    8    6    3    2    1    0       861  583    0 ANpure   578  579  580  581  582  583  584  585
    6    1    1    1    2    1    2    1    1    1       669  586    0 ANpure   586  587
    6    2    2    1    2    0    0    2    1    1       532  590    0 ANpure   588  589
    6    3    1    1    4    3    2    2    1    0       518  593    0 ANpure   591  592  593  594
    6    4    2    1    8    0    0    2    1    1       766  603    0 ANpure   595  596  597  598  599  600  601  602
    6    5    2    1    8    0    0    2    1    1       782  612    0 ANpure   604  605  606  607  608  609  610  611
    6    6    1    1    8    5    4    1    1    1       972  617    0 ANpure   613  614  615  616  617  618  619  620
    6    7    2    1    8    0    0    2    1    1       691  629    0 ANpure   621  622  623  624  625  626  627  628
    6    8    2    1    8    0    0    1    1    0       791  638    0 ANpure   630  631  632  633  634  635  636  637
    6    9    1    1    4    4    1    1    1    1       975  642    0 ANpure   639  640  641  642
    6   10    1    1    2    1    2    1    1    1       586  643    0 ANpure   643  644
    6   11    2    1    8    0    0    2    1    1       562  653    0 ANpure   645  646  647  648  649  650  651  652
    6   12    2    1    2    0    0    1    1    0       591  656    0 ANpure   654  655
    6   13    1    1    2    1    2    1    1    1       698  657    0 ANpure   657  658
    6   14    2    1    4    0    0    2    1    1       675  663    0 ANpure   659  660  661  662
    6   15    2    1    4    0    0    1    1    0       655  668    0 ANpure   664  665  666  667
    6   16    2    1    2    0    0    1    1    0       584  671    0 ANpure   669  670
    6   17    1    1    2    1    2    2    1    0       947  672    0 ANpure   672  673
    6   18    1    1    8    1    8    1    1    1       732  674    0 ANpure   674  675  676  677  678  679  680  681
    6   19    2    1    8    0    0    2    1    1       621  690    0 ANpure   682  683  684  685  686  687  688  689
    6   20    1    1    2    1    2    2    1    0       616  691    0 ANpure   691  692
    6   21    2    1    4    0    0    1    1    0       965  697    0 ANpure   693  694  695  696
    6   22    1    1    8    3    6    2    0    1      1007  700    0 ANpure   698  699  700  701  702  703  704  705
    6   23    1    1    8    7    2    1    1    1       692  712    0 ANpure   706  707  708  709  710  711  712  713
    6   24    1    1    4    2    3    1    1    1       655  715    0 ANpure   714  715  716  717
    7    1    1    1    2    1    2    1    1    1       797  718    0 ANpure   718  719
    7    2    1    1    2    1    2    1    1    1       608  720    0 ANpure   720  721
    7    3    2    1    8    0    0    1    1    0       680  730    0 ANpure   722  723  724  725  726  727  728  729
    7    4    2    1    2    0    0    1    1    0      1534  733    0 ANpure   731  732
    7    5    1    1    2    2    1    2    1    0       708  735    0 ANpure   734  735
    7    6    2    1    2    0    0    2    1    1       538  738    0 ANpure   736  737
    7    7    1    1    2    1    2    2    1    0       647  739    0 ANpure   739  740
    7    8    2    1    8    0    0    2    1    1       716  749    0 ANpure   741  742  743  744  745  746  747  748
    7    9    1    1    2    2    1    1    1    1       770  751    0 ANpure   750  751
    7   10    2    1    2    0    0    2    1    1       501  754    0 ANpure   752  753
    7   11    2    1    4    0    0    2    1    1       696  759    0 ANpure   755  756  757  758
    7   12    2    1    2    0    0    2    1    1      1197  762    0 ANpure   760  761
    7   13    2    1    8    0    0    1    1    0       716  771    0 ANpure   763  764  765  766  767  768  769  770
    7   14    1    1    8    5    4    2    1    0      1069  776    0 ANpure   772  773  774  775  776  777  778  779
    7   15    2    1    8    0    0    1    1    0       787  788    0 ANpure   780  781  782  783  784  785  786  787
    7   16    1    1    4    2    3    2    1    0       874  790    0 ANpure   789  790  791  792
    7   17    1    1    4    3    2    1    1    1       879  795    0 ANpure   793  794  795  796
    7   18    1    1    8    6    3    2    1    0       603  802    0 ANpure   797  798  799  800  801  802  803  804
    7   19    1    1    2    1    2    1    1    1      1143  805    0 ANpure   805  806
    7   20    1    1    2    1    2    1    1    1       635  807    0 ANpure   807  808
    7   21    1    1    2    1    2    1    1    1       533  809    0 ANpure   809  810
    7   22    1    1    2    1    2    1    1    1       642  811    0 ANpure   811  812
    7   23    2    1    4    0    0    1    1    0       926  817    0 ANpure   813  814  815  816
    7   24    2    1    2    0    0    1    1    0       732  820    0 ANpure   818  819
    8    1    2    1    8    0    0    1    1    0       803  829    0 ANpure   821  822  823  824  825  826  827  828
    8    2    2    1    4    0    0    2    1    1       585  834    0 ANpure   830  831  832  833
    8    3    1    1    2    1    2    2    1    0       580  835    0 ANpure   835  836
    8    4    1    1    4    4    1    2    1    0       420  840    0 ANpure   837  838  839  840
    8    5    1    1    8    2    7    2    1    0       738  842    0 ANpure   841  842  843  844  845  846  847  848
    8    6    2    1    8    0    0    2    1    1       837  857    0 ANpure   849  850  851  852  853  854  855  856
    8    7    1    1    8    5    4    1    1    1       898  862    0 ANpure   858  859  860  861  862  863  864  865
    8    8    2    1    8    0    0    2    1    1       636  874    0 ANpure   866  867  868  869  870  871  872  873
    8    9    2    1    8    0    0    1    1    0       609  883    0 ANpure   875  876  877  878  879  880  881  882
    8   10    1    1    8    6    3    1    1    1       792  889    0 ANpure   884  885  886  887  888  889  890  891
    8   11    2    1    8    0    0    1    1    0       903  900    0 ANpure   892  893  894  895  896  897  898  899
    8   12    1    1    8    5    4    1    0    0       626  905    0 ANpure   901  902  903  904  905  906  907  908
    8   13    1    1    4    3    2    1    1    1       751  911    0 ANpure   909  910  911  912
    8   14    2    1    8    0    0    1    1    0      1009  921    0 ANpure   913  914  915  916  917  918  919  920
    8   15    1    1    4    3    2    1    0    0       513  924    0 ANpure   922  923  924  925
    8   16    2    1    2    0    0    1    1    0       782  928    0 ANpure   926  927
    8   17    2    1    8    0    0    1    1    0      1242  937    0 ANpure   929  930  931  932  933  934  935  936
    8   18    1    1    2    1    2    1    1    1       731  938    0 ANpure   938  939
    8   19    1    1    8    1    8    1    1    1       812  940    0 ANpure   940  941  942  943  944  945  946  947
    8   20    2    1    4    0    0    1    1    0       626  952    0 ANpure   948  949  950  951
    8   21    2    1    2    0    0    2    1    1      1133  955    0 ANpure   953  954
    8   22    2    1    4    0    0    2    1    1       660  960    0 ANpure   956  957  958  959
    8   23    2    1    2    0    0    2    1    1       686  963    0 ANpure   961  962
    8   24    2    1    8    0    0    2    1    1       593  972    0 ANpure   964  965  966  967  968  969  970  971
    9    1    1    1    8    1    8    2    1    0       945  973    0 ANpure   973  974  975  976  977  978  979  980
    9    2    2    1    8    0    0    1    1    0       634  989    0 ANpure   981  982  983  984  985  986  987  988
    9    3    1    1    8    2    7    2    0    1       734  991    0 ANpure   990  991  992  993  994  995  996  997
    9    4    1    1    2    2    1    2    1    0       979  999    0 ANpure   998  999
    9    5    1    1    2    2    1    1    1    1       639 1001    0 ANpure  1000 1001
    9    6    1    1    4    2    3    2    0    1      1804 1003    0 ANpure  1002 1003 1004 1005
    9    7    2    1    8    0    0    2    1    1       704 1014    0 ANpure  1006 1007 1008 1009 1010 1011 1012 1013
    9    8    1    1    4    3    2    1    1    1       666 1017    0 ANpure  1015 1016 1017 1018
    9    9    2    1    8    0    0    1    1    0       766 1027    0 ANpure  1019 1020 1021 1022 1023 1024 1025 1026
    9   10    2    1    4    0    0    1    1    0       630 1032    0 ANpure  1028 1029 1030 1031
    9   11    1    1    8    8    1    1    1    1       462 1040    0 ANpure  1033 1034 1035 1036 1037 1038 1039 1040
    9   12    2    1    4    0    0    2    1    1       610 1045    0 ANpure  1041 1042 1043 1044
    9   13    1    1    8    1    8    1    1    1       761 1046    0 ANpure  1046 1047 1048 1049 1050 1051 1052 1053
    9   14    2    1    2    0    0    1    1    0       589 1056    0 ANpure  1054 1055
    9   15    1    1    8    2    7    2    0    1       675 1058    0 ANpure  1057 1058 1059 1060 1061 1062 1063 1064
    9   16    2    1    4    0    0    2    1    1       877 1069    0 ANpure  1065 1066 1067 1068
    9   17    2    1    4    0    0    2    1    1       607 1074    0 ANpure  1070 1071 1072 1073
    9   18    1    1    8    3    6    2    1    0       869 1077    0 ANpure  1075 1076 1077 1078 1079 1080 1081 1082
    9   19    2    1    8    0    0    1    1    0       802 1091    0 ANpure  1083 1084 1085 1086 1087 1088 1089 1090
    9   20    1    1    4    4    1    1    1    1       535 1095    0 ANpure  1092 1093 1094 1095
    9   21    1    1    2    2    1    2    1    0       789 1097    0 ANpure  1096 1097
    9   22    1    1    4    4    1    2    1    0       938 1101    0 ANpure  1098 1099 1100 1101
    9   23    2    1    4    0    0    1    1    0       685 1106    0 ANpure  1102 1103 1104 1105
    9   24    1    1    4    4    1    2    1    0       776 1110    0 ANpure  1107 1108 1109 1110
