    1    1    1    1    4    3    2    1    1    1      1832    3    0 ANpure     1    2    3    4
    1    2    2    1    8    0    0    2    0    0      1697   13    0 ANpure     5    6    7    8    9   10   11   12
    1    3    1    1    2    1    2    1    1    1      1518   14    0 ANpure    14   15
    1    4    2    1    4    0    0    2    1    1      1423   20    0 ANpure    16   17   18   19
    1    5    2    1    2    0    0    2    1    1      2966   23    0 ANpure    21   22
    1    6    1    1    4    4    1    1    1    1      1423   27    0 ANpure    24   25   26   27
    1    7    1    1    2    1    2    1    0    0      1373   28    0 ANpure    28   29
    1    8    1    1    4    3    2    1    1    1      1256   32    0 ANpure    30   31   32   33
    1    9    1    1    4    1    4    1    0    0      1227   34    0 ANpure    34   35   36   37
    1   10    1    1    4    3    2    1    1    1      1208   40    0 ANpure    38   39   40   41
    1   11    2    1    2    0    0    2    1    1      1073   44    0 ANpure    42   43
    1   12    1    1    2    1    2    1    0    0      1190   45    0 ANpure    45   46
    1   13    1    1    4    3    2    1    0    0      1111   49    0 ANpure    47   48   49   50
    1   14    1    1    2    2    1    1    1    1       751   52    0 ANpure    51   52
    1   15    2    1    4    0    0    2    0    0       943   57    0 ANpure    53   54   55   56
    1   16    1    1    4    3    2    1    1    1       824   60    0 ANpure    58   59   60   61
    1   17    1    1    2    2    1    2    1    0       709   63    0 ANpure    62   63
    1   18    2    1    4    0    0    2    1    1      1157   68    0 ANpure    64   65   66   67
    1   19    1    1    2    2    1    2    1    0       891   70    0 ANpure    69   70
    1   20    2    1    2    0    0    2    1    1       936   73    0 ANpure    71   72
    1   21    2    1    4    0    0    1    0    1      1715   78    0 ANpure    74   75   76   77
    1   22    1    1    8    1    8    1    1    1      2737   79    0 ANpure    79   80   81   82   83   84   85   86
    1   23    2    1    4    0    0    2    1    1      1121   91    0 ANpure    87   88   89   90
    1   24    2    1    4    0    0    1    1    0      1109   96    0 ANpure    92   93   94   95
    2    1    1    1    8    8    1    2    1    0      1032  104    0 ANpure    97   98   99  100  101  102  103  104
    2    2    1    1    8    2    7    1    1    1      1131  106    0 ANpure   105  106  107  108  109  110  111  112
    2    3    1    1    2    2    1    1    1    1       771  114    0 ANpure   113  114
    2    4    2    1    8    0    0    2    1    1       809  123    0 ANpure   115  116  117  118  119  120  121  122
    2    5    1    1    8    4    5    2    1    0       909  127    0 ANpure   124  125  126  127  128  129  130  131
    2    6    2    1    8    0    0    1    1    0       674  140    0 ANpure   132  133  134  135  136  137  138  139
    2    7    1    1    2    1    2    1    1    1      1653  141    0 ANpure   141  142
    2    8    1    1    4    2    3    2    1    0       752  144    0 ANpure   143  144  145  146
    2    9    2    1    2    0    0    1    1    0       701  149    0 ANpure   147  148
    2   10    1    1    2    1    2    2    1    0       835  150    0 ANpure   150  151
    2   11    2    1    2    0    0    2    0    0       902  154    0 ANpure   152  153
    2   12    1    1    2    1    2    1    1    1       526  155    0 ANpure   155  156
    2   13    2    1    8    0    0    1    1    0      1071  165    0 ANpure   157  158  159  160  161  162  163  164
    2   14    2    1    4    0    0    2    1    1       802  170    0 ANpure   166  167  168  169
    2   15    2    1    2    0    0    2    1    1       644  173    0 ANpure   171  172
    2   16    2    1    2    0    0    2    1    1       620  176    0 ANpure   174  175
    2   17    1    1    8    8    1    1    1    1       850  184    0 ANpure   177  178  179  180  181  182  183  184
    2   18    2    1    4    0    0    1    1    0       664  189    0 ANpure   185  186  187  188
    2   19    2    1    2    0    0    1    1    0       747  192    0 ANpure   190  191
    2   20    2    1    4    0    0    1    1    0       691  197    0 ANpure   193  194  195  196
    2   21    1    1    8    1    8    1    1    1       668  198    0 ANpure   198  199  200  201  202  203  204  205
    2   22    2    1    2    0    0    1    1    0       967  208    0 ANpure   206  207
    2   23    1    1    4    2    3    1    1    1       911  210    0 ANpure   209  210  211  212
    2   24    2    1    8    0    0    1    1    0       749  221    0 ANpure   213  214  215  216  217  218  219  220
    3    1    2    1    4    0    0    2    1    1       688  226    0 ANpure   222  223  224  225
    3    2    2    1    2    0    0    1    1    0       840  229    0 ANpure   227  228
    3    3    2    1    8    0    0    2    1    1       726  238    0 ANpure   230  231  232  233  234  235  236  237
    3    4    1    1    8    5    4    2    1    0       748  243    0 ANpure   239  240  241  242  243  244  245  246
    3    5    2    1    8    0    0    1    1    0       865  255    0 ANpure   247  248  249  250  251  252  253  254
    3    6    1    1    4    3    2    2    1    0       516  258    0 ANpure   256  257  258  259
    3    7    1    1    8    1    8    2    0    1       704  260    0 ANpure   260  261  262  263  264  265  266  267
    3    8    1    1    4    4    1    2    1    0       611  271    0 ANpure   268  269  270  271
    3    9    1    1    8    7    2    1    1    1       787  278    0 ANpure   272  273  274  275  276  277  278  279
    3   10    2    1    2    0    0    1    1    0      1633  282    0 ANpure   280  281
    3   11    1    1    2    2    1    2    1    0       609  284    0 ANpure   283  284
    3   12    2    1    4    0    0    1    1    0       780  289    0 ANpure   285  286  287  288
    3   13    2    1    2    0    0    1    1    0       809  292    0 ANpure   290  291
    3   14    2    1    8    0    0    1    1    0       983  301    0 ANpure   293  294  295  296  297  298  299  300
    3   15    1    1    8    4    5    2    1    0       621  305    0 ANpure   302  303  304  305  306  307  308  309
    3   16    2    1    8    0    0    2    1    1       645  318    0 ANpure   310  311  312  313  314  315  316  317
    3   17    2    1    2    0    0    2    1    1       595  321    0 ANpure   319  320
    3   18    1    1    8    7    2    1    1    1       635  328    0 ANpure   322  323  324  325  326  327  328  329
    3   19    1    1    2    1    2    2    1    0       596  330    0 ANpure   330  331
    3   20    2    1    8    0    0    2    0    0       599  340    0 ANpure   332  333  334  335  336  337  338  339
    3   21    2    1    8    0    0    1    1    0       623  349    0 ANpure   341  342  343  344  345  346  347  348
    3   22    1    1    2    2    1    2    1    0       682  351    0 ANpure   350  351
    3   23    1    1    4    2    3    2    1    0       778  353    0 ANpure   352  353  354  355
    3   24    2    1    4    0    0    1    1    0       738  360    0 ANpure   356  357  358  359
    4    1    1    1    8    1    8    2    1    0       609  361    0 ANpure   361  362  363  364  365  366  367  368
    4    2    1    1    8    3    6    2    1    0       636  371    0 ANpure   369  370  371  372  373  374  375  376
    4    3    2    1    4    0    0    1    1    0       764  381    0 ANpure   377  378  379  380
    4    4    1    1    2    1    2    2    1    0       623  382    0 ANpure   382  383
    4    5    2    1    2    0    0    1    1    0       604  386    0 ANpure   384  385
    4    6    1    1    2    2    1    2    1    0       783  388    0 ANpure   387  388
    4    7    1    1    4    4    1    1    1    1       586  392    0 ANpure   389  390  391  392
    4    8    2    1    4    0    0    2    1    1       669  397    0 ANpure   393  394  395  396
    4    9    2    1    4    0    0    1    1    0       675  402    0 ANpure   398  399  400  401
    4   10    2    1    2    0    0    1    1    0       659  405    0 ANpure   403  404
    4   11    1    1    4    1    4    1    1    1       619  406    0 ANpure   406  407  408  409
    4   12    2    1    8    0    0    1    1    0       756  418    0 ANpure   410  411  412  413  414  415  416  417
    4   13    1    1    8    3    6    1    1    1       692  421    0 ANpure   419  420  421  422  423  424  425  426
    4   14    1    1    4    1    4    2    1    0       602  427    0 ANpure   427  428  429  430
    4   15    2    1    8    0    0    1    1    0       674  439    0 ANpure   431  432  433  434  435  436  437  438
    4   16    2    1    2    0    0    2    1    1       917  442    0 ANpure   440  441
    4   17    2    1    8    0    0    2    1    1       646  451    0 ANpure   443  444  445  446  447  448  449  450
    4   18    2    1    4    0    0    1    1    0       992  456    0 ANpure   452  453  454  455
    4   19    1    1    4    2    3    1    1    1       641  458    0 ANpure   457  458  459  460
    4   20    2    1    4    0    0    2    1    1       838  465    0 ANpure   461  462  463  464
    4   21    1    1    4    2    3    1    1    1       545  467    0 ANpure   466  467  468  469
    4   22    1    1    2    2    1    2    1    0       551  471    0 ANpure   470  471
    4   23    1    1    4    3    2    1    1    1       554  474    0 ANpure   472  473  474  475
    4   24    1    1    4    2    3    1    1    1       933  477    0 ANpure   476  477  478  479
    5    1    2    1    2    0    0    1    1    0       845  482    0 ANpure   480  481
    5    2    2    1    8    0    0    1    1    0       744  491    0 ANpure   483  484  485  486  487  488  489  490
    5    3    2    1    2    0    0    2    1    1       724  494    0 ANpure   492  493
    5    4    2    1    8    0    0    1    1    0       663  503    0 ANpure   495  496  497  498  499  500  501  502
    5    5    2    1    4    0    0    1    1    0       569  508    0 ANpure   504  505  506  507
    5    6    2    1    2    0    0    2    1    1       706  511    0 ANpure   509  510
    5    7    1    1    4    3    2    2    1    0       581  514    0 ANpure   512  513  514  515
    5    8    2    1    2    0    0    1    1    0       570  518    0 ANpure   516  517
    5    9    2    1    2    0    0    1    1    0       738  521    0 ANpure   519  520
    5   10    1    1    4    4    1    2    1    0       555  525    0 ANpure   522  523  524  525
    5   11    1    1    4    3    2    2    1    0       526  528    0 ANpure   526  527  528  529
    5   12    2    1    2    0    0    1    1    0       710  532    0 ANpure   530  531
    5   13    2    1    4    0    0    1    1    0       750  537    0 ANpure   533  534  535  536
    5   14    1    1    2    2    1    1    1    1       609  539    0 ANpure   538  539
    5   15    2    1    8    0    0    2    1    1       657  548    0 ANpure   540  541  542  543  544  545  546  547
    5   16    2    1    4    0    0    1    1    0       679  553    0 ANpure   549  550  551  552
    5   17    1    1    4    3    2    2    1    0       589  556    0 ANpure   554  555  556  557
    5   18    2    1    8    0    0    2    1    1       651  566    0 ANpure   558  559  560  561  562  563  564  565
    5   19    1    1    2    2    1    2    1    0       488  568    0 ANpure   567  568
    5   20    1    1    2    1    2    1    1    1       635  569    0 ANpure   569  570
    5   21    1    1    2    2    1    1    1    1       611  572    0 ANpure   571  572
    5   22    2    1    2    0    0    1    1    0       595  575    0 ANpure   573  574
    5   23    2    1    2    0    0    1    1    0       590  578    0 ANpure   576  577
    5   24    1    1    2    1    2    2    1    0       564  579    0 ANpure   579  580
    6    1    2    1    4    0    0    2    1    1       708  585    0 ANpure   581  582  583  584
    6    2    2    1    2    0    0    2    1    1       594  588    0 ANpure   586  587
    6    3    1    1    4    3    2    2    1    0       527  591    0 ANpure   589  590  591  592
    6    4    1    1    2    1    2    1    1    1       584  593    0 ANpure   593  594
    6    5    2    1    8    0    0    1    1    0       728  603    0 ANpure   595  596  597  598  599  600  601  602
    6    6    2    1    4    0    0    1    1    0       614  608    0 ANpure   604  605  606  607
    6    7    2    1    8    0    0    2    1    1       806  617    0 ANpure   609  610  611  612  613  614  615  616
    6    8    1    1    4    1    4    1    1    1      1177  618    0 ANpure   618  619  620  621
    6    9    1    1    8    4    5    2    1    0       708  625    0 ANpure   622  623  624  625  626  627  628  629
    6   10    1    1    4    1    4    2    1    0       637  630    0 ANpure   630  631  632  633
    6   11    1    1    8    8    1    2    1    0       512  641    0 ANpure   634  635  636  637  638  639  640  641
    6   12    1    1    4    2    3    2    1    0       587  643    0 ANpure   642  643  644  645
    6   13    2    1    4    0    0    2    1    1       544  650    0 ANpure   646  647  648  649
    6   14    2    1    2    0    0    1    1    0       515  653    0 ANpure   651  652
    6   15    1    1    4    2    3    1    1    1       542  655    0 ANpure   654  655  656  657
    6   16    2    1    8    0    0    2    1    1       908  666    0 ANpure   658  659  660  661  662  663  664  665
    6   17    2    1    8    0    0    1    1    0       711  675    0 ANpure   667  668  669  670  671  672  673  674
    6   18    1    1    4    4    1    2    1    0       469  679    0 ANpure   676  677  678  679
    6   19    2    1    8    0    0    2    1    1       653  688    0 ANpure   680  681  682  683  684  685  686  687
    6   20    1    1    4    4    1    2    1    0       512  692    0 ANpure   689  690  691  692
    6   21    2    1    2    0    0    1    1    0       584  695    0 ANpure   693  694
    6   22    2    1    8    0    0    1    1    0       555  704    0 ANpure   696  697  698  699  700  701  702  703
    6   23    2    1    8    0    0    1    1    0       620  713    0 ANpure   705  706  707  708  709  710  711  712
    6   24    2    1    2    0    0    2    1    1       612  716    0 ANpure   714  715
    7    1    2    1    4    0    0    2    1    1       788  721    0 ANpure   717  718  719  720
    7    2    1    1    2    1    2    2    1    0       503  722    0 ANpure   722  723
    7    3    2    1    2    0    0    2    1    1       552  726    0 ANpure   724  725
    7    4    1    1    4    3    2    2    1    0       571  729    0 ANpure   727  728  729  730
    7    5    1    1    4    3    2    2    1    0       504  733    0 ANpure   731  732  733  734
    7    6    1    1    8    2    7    1    1    1       617  736    0 ANpure   735  736  737  738  739  740  741  742
    7    7    2    1    4    0    0    1    1    0      1566  747    0 ANpure   743  744  745  746
    7    8    1    1    2    2    1    1    1    1       593  749    0 ANpure   748  749
    7    9    1    1    4    2    3    1    1    1       569  751    0 ANpure   750  751  752  753
    7   10    2    1    2    0    0    2    1    1       871  756    0 ANpure   754  755
    7   11    1    1    2    2    1    1    1    1      1023  758    0 ANpure   757  758
    7   12    2    1    4    0    0    2    1    1       834  763    0 ANpure   759  760  761  762
    7   13    2    1    8    0    0    2    1    1       704  772    0 ANpure   764  765  766  767  768  769  770  771
    7   14    1    1    8    8    1    1    1    1       496  780    0 ANpure   773  774  775  776  777  778  779  780
    7   15    2    1    4    0    0    1    1    0      1217  785    0 ANpure   781  782  783  784
    7   16    1    1    2    2    1    1    1    1       406  787    0 ANpure   786  787
    7   17    1    1    8    7    2    1    1    1       506  794    0 ANpure   788  789  790  791  792  793  794  795
    7   18    2    1    8    0    0    2    1    1       591  804    0 ANpure   796  797  798  799  800  801  802  803
    7   19    1    1    8    8    1    1    1    1       504  812    0 ANpure   805  806  807  808  809  810  811  812
    7   20    2    1    2    0    0    1    1    0       469  815    0 ANpure   813  814
    7   21    1    1    8    8    1    2    1    0       494  823    0 ANpure   816  817  818  819  820  821  822  823
    7   22    2    1    2    0    0    1    1    0       523  826    0 ANpure   824  825
    7   23    1    1    8    4    5    1    1    1       590  830    0 ANpure   827  828  829  830  831  832  833  834
    7   24    1    1    8    2    7    1    1    1      1439  836    0 ANpure   835  836  837  838  839  840  841  842
    8    1    2    1    4    0    0    1    1    0       986  847    0 ANpure   843  844  845  846
    8    2    1    1    8    5    4    2    1    0       637  852    0 ANpure   848  849  850  851  852  853  854  855
    8    3    1    1    2    1    2    2    1    0       571  856    0 ANpure   856  857
    8    4    1    1    8    2    7    2    1    0       617  859    0 ANpure   858  859  860  861  862  863  864  865
    8    5    2    1    2    0    0    1    1    0       678  868    0 ANpure   866  867
    8    6    2    1    4    0    0    1    1    0       553  873    0 ANpure   869  870  871  872
    8    7    2    1    8    0    0    1    1    0       554  882    0 ANpure   874  875  876  877  878  879  880  881
    8    8    1    1    8    2    7    1    1    1       882  884    0 ANpure   883  884  885  886  887  888  889  890
    8    9    2    1    2    0    0    1    1    0       557  893    0 ANpure   891  892
    8   10    1    1    8    3    6    1    1    1       571  896    0 ANpure   894  895  896  897  898  899  900  901
    8   11    2    1    2    0    0    2    1    1       584  904    0 ANpure   902  903
    8   12    1    1    4    2    3    1    1    1       510  906    0 ANpure   905  906  907  908
    8   13    2    1    4    0    0    1    1    0       598  913    0 ANpure   909  910  911  912
    8   14    2    1    2    0    0    2    1    1       580  916    0 ANpure   914  915
    8   15    1    1    8    1    8    1    1    1       788  917    0 ANpure   917  918  919  920  921  922  923  924
    8   16    2    1    2    0    0    2    1    1       599  927    0 ANpure   925  926
    8   17    1    1    8    7    2    1    1    1       490  934    0 ANpure   928  929  930  931  932  933  934  935
    8   18    2    1    4    0    0    2    1    1      1037  940    0 ANpure   936  937  938  939
    8   19    2    1    8    0    0    2    1    1       563  949    0 ANpure   941  942  943  944  945  946  947  948
    8   20    1    1    8    8    1    1    1    1       438  957    0 ANpure   950  951  952  953  954  955  956  957
    8   21    2    1    4    0    0    1    1    0       604  962    0 ANpure   958  959  960  961
    8   22    2    1    2    0    0    1    1    0       471  965    0 ANpure   963  964
    8   23    2    1    4    0    0    1    1    0       527  970    0 ANpure   966  967  968  969
    8   24    2    1    8    0    0    2    1    1       695  979    0 ANpure   971  972  973  974  975  976  977  978
    9    1    2    1    2    0    0    1    1    0       498  982    0 ANpure   980  981
    9    2    2    1    8    0    0    1    1    0       566  991    0 ANpure   983  984  985  986  987  988  989  990
    9    3    2    1    2    0    0    1    1    0       819  994    0 ANpure   992  993
    9    4    2    1    8    0    0    1    1    0       654 1003    0 ANpure   995  996  997  998  999 1000 1001 1002
    9    5    1    1    4    1    4    1    1    1      1153 1004    0 ANpure  1004 1005 1006 1007
    9    6    1    1    8    1    8    1    1    1       578 1008    0 ANpure  1008 1009 1010 1011 1012 1013 1014 1015
    9    7    1    1    2    1    2    2    1    0       879 1016    0 ANpure  1016 1017
    9    8    2    1    4    0    0    2    1    1       663 1022    0 ANpure  1018 1019 1020 1021
    9    9    2    1    8    0    0    2    1    1       573 1031    0 ANpure  1023 1024 1025 1026 1027 1028 1029 1030
    9   10    1    1    4    2    3    2    1    0       533 1033    0 ANpure  1032 1033 1034 1035
    9   11    2    1    4    0    0    2    1    1       635 1040    0 ANpure  1036 1037 1038 1039
    9   12    2    1    2    0    0    1    1    0       539 1043    0 ANpure  1041 1042
    9   13    1    1    8    5    4    2    1    0       590 1048    0 ANpure  1044 1045 1046 1047 1048 1049 1050 1051
    9   14    1    1    8    2    7    2    1    0       588 1053    0 ANpure  1052 1053 1054 1055 1056 1057 1058 1059
    9   15    1    1    8    4    5    2    1    0       554 1063    0 ANpure  1060 1061 1062 1063 1064 1065 1066 1067
    9   16    1    1    4    3    2    1    1    1       528 1070    0 ANpure  1068 1069 1070 1071
    9   17    2    1    4    0    0    1    1    0       560 1076    0 ANpure  1072 1073 1074 1075
    9   18    1    1    4    3    2    2    1    0       507 1079    0 ANpure  1077 1078 1079 1080
    9   19    1    1    8    5    4    2    1    0       582 1085    0 ANpure  1081 1082 1083 1084 1085 1086 1087 1088
    9   20    2    1    8    0    0    2    1    1       625 1097    0 ANpure  1089 1090 1091 1092 1093 1094 1095 1096
    9   21    2    1    8    0    0    2    1    1       546 1106    0 ANpure  1098 1099 1100 1101 1102 1103 1104 1105
    9   22    2    1    8    0    0    2    1    1       479 1115    0 ANpure  1107 1108 1109 1110 1111 1112 1113 1114
    9   23    1    1    4    3    2    2    1    0       528 1118    0 ANpure  1116 1117 1118 1119
    9   24    1    1    2    2    1    1    1    1       418 1121    0 ANpure  1120 1121
