    1    1    1    1    4    1    4    1    1    1       900   13    1 CMpure    13   10   11   15
    1    2    1    1    8    6    3    2    1    0      1178    5    1 CMpure     8    4    7    3    2    5    1    6
    1    3    1    1    2    1    2    2    1    0       980    3    1 CMpure     3    6
    1    4    1    1    2    2    1    2    0    1       672   11    1 CMpure     9   11
    1    5    2    1    2    0    0    1    0    1       584    4    1 CMpure     9   15
    1    6    1    1    8    2    7    1    1    1      1171   10    1 CMpure    11   10   16   13    9   12   14   15
    1    7    1    1    8    5    4    1    1    1       697    9    1 CMpure    16   15   13   11    9   14   10   12
    1    8    2    1    2    0    0    1    1    0      1202   14    1 CMpure     5    8
    1    9    1    1    8    7    2    2    1    0      1286    8    1 CMpure     7    2    6    5    1    4    8    3
    1   10    2    1    2    0    0    2    0    0      2103   14    1 CMpure     1    4
    1   11    2    1    2    0    0    1    1    0      1047   10    1 CMpure     8    2
    1   12    2    1    4    0    0    1    1    0       840   10    1 CMpure     5    6    8    4
    1   13    1    1    8    3    6    1    0    0      1834    7    1 CMpure     6    5    7    4    1    2    8    3
    1   14    1    1    4    3    2    2    1    0       939    6    1 CMpure     7    5    6    2
    1   15    2    1    4    0    0    2    1    1      1343    7    1 CMpure    10   12    9   16
    1   16    2    1    4    0    0    1    0    1       851    2    1 CMpure    12    9   11   16
    1   17    1    1    2    2    1    2    1    0      1701    5    1 CMpure     6    5
    1   18    1    1    2    1    2    2    1    0       774    4    1 CMpure     4    8
    1   19    2    1    8    0    0    1    0    1       763    4    1 CMpure    10   16   13   11    9   12   15   14
    1   20    1    1    8    5    4    2    1    0       913    3    1 CMpure     5    1    6    4    3    7    2    8
    1   21    2    1    4    0    0    1    1    0       631   11    1 CMpure     5    3    1    7
    1   22    1    1    4    2    3    1    1    1       680   16    1 CMpure    13   16    9   12
    1   23    1    1    8    8    1    2    1    0      1185    2    1 CMpure     6    1    3    5    7    4    8    2
    1   24    1    1    4    1    4    2    1    0       700    8    1 CMpure     8    7    3    2
    2    1    2    1    8    0    0    1    0    1       504    8    1 CMpure    12   10   16   15   14   11    9   13
    2    2    1    1    8    6    3    2    1    0       600    4    1 CMpure     2    7    5    3    8    4    6    1
    2    3    2    1    8    0    0    1    1    0       596    9    1 CMpure     5    7    2    1    8    6    3    4
    2    4    2    1    2    0    0    2    1    1       977    1    1 CMpure    14   13
    2    5    1    1    2    2    1    2    1    0       734    8    1 CMpure     1    8
    2    6    1    1    8    7    2    2    1    0       709    5    1 CMpure     2    4    8    7    6    3    5    1
    2    7    1    1    2    1    2    2    1    0       734    6    1 CMpure     6    8
    2    8    1    1    2    1    2    1    1    1       772   14    1 CMpure    14   10
    2    9    2    1    4    0    0    2    1    1      1039    4    1 CMpure    15   11   10   14
    2   10    1    1    4    4    1    2    1    0       959    5    1 CMpure     8    2    4    5
    2   11    1    1    8    3    6    2    1    0       782    1    1 CMpure     7    8    1    6    3    2    4    5
    2   12    2    1    8    0    0    2    1    1      1171    1    1 CMpure    11   12   10   15   16    9   14   13
    2   13    2    1    8    0    0    2    1    1      1224    6    1 CMpure    15   14    9   12   13   11   10   16
    2   14    2    1    8    0    0    2    1    1       812    1    1 CMpure    13   11   16    9   10   14   15   12
    2   15    2    1    2    0    0    2    1    1      1056    4    1 CMpure    16   13
    2   16    1    1    4    1    4    1    1    1      1296   10    1 CMpure    10   15   14    9
    2   17    2    1    4    0    0    1    1    0      1238   11    1 CMpure     3    7    1    4
    2   18    2    1    2    0    0    1    1    0       761   16    1 CMpure     4    2
    2   19    1    1    8    2    7    2    1    0      1007    4    1 CMpure     6    4    8    3    2    1    5    7
    2   20    1    1    8    3    6    1    1    1      1180   12    1 CMpure    10   14   12   13   11   15    9   16
    2   21    2    1    8    0    0    1    1    0       865   15    1 CMpure     8    2    3    4    6    1    7    5
    2   22    1    1    2    2    1    1    1    1       755   14    1 CMpure     9   14
    2   23    1    1    8    8    1    1    1    1       873   10    1 CMpure     9   11   14   15   13   16   12   10
    2   24    1    1    2    2    1    1    1    1       666   11    1 CMpure    14   11
    3    1    2    1    4    0    0    1    1    0       744   15    1 CMpure     1    8    5    7
    3    2    2    1    8    0    0    2    1    1      1071    7    1 CMpure    10   15   12   11   16   13   14    9
    3    3    1    1    4    1    4    1    1    1       814   12    1 CMpure    12   10   15   11
    3    4    1    1    2    1    2    2    1    0       594    7    1 CMpure     7    8
    3    5    2    1    8    0    0    1    1    0       767   16    1 CMpure     6    8    3    2    1    4    7    5
    3    6    2    1    2    0    0    2    1    1       692    8    1 CMpure     9   15
    3    7    2    1    8    0    0    1    1    0       845    9    1 CMpure     4    2    5    6    8    1    3    7
    3    8    2    1    2    0    0    2    1    1       752    4    1 CMpure    11   12
    3    9    1    1    8    3    6    2    1    0       790    1    1 CMpure     7    3    1    8    5    4    2    6
    3   10    1    1    2    1    2    1    1    1       651   16    1 CMpure    16   15
    3   11    2    1    4    0    0    2    1    1      1082    2    1 CMpure     9   14   11   10
    3   12    2    1    8    0    0    2    1    1      1156    4    1 CMpure    14   13   15   10   16    9   11   12
    3   13    2    1    2    0    0    1    1    0       666   11    1 CMpure     3    8
    3   14    2    1    4    0    0    1    1    0       745    9    1 CMpure     6    2    4    1
    3   15    1    1    2    2    1    2    1    0       720    4    1 CMpure     5    4
    3   16    2    1    4    0    0    2    1    1       989    7    1 CMpure    14   16   12    9
    3   17    2    1    4    0    0    1    1    0       703    9    1 CMpure     8    6    1    4
    3   18    1    1    2    1    2    1    1    1       919    9    1 CMpure     9   12
    3   19    2    1    8    0    0    2    1    1      1046    5    1 CMpure    15   11   10   13   14   16   12    9
    3   20    2    1    8    0    0    2    1    1       897    6    1 CMpure    11   12   13   16   15   14    9   10
    3   21    1    1    2    1    2    1    1    1       882   12    1 CMpure    12   16
    3   22    2    1    4    0    0    2    1    1      1000    8    1 CMpure    11   14   13    9
    3   23    2    1    2    0    0    1    1    0       645   11    1 CMpure     6    5
    3   24    2    1    2    0    0    2    1    1       815    1    1 CMpure     9   15
    4    1    1    1    4    2    3    2    1    0       908    7    1 CMpure     3    7    6    8
    4    2    1    1    4    4    1    2    1    0       706    7    1 CMpure     6    8    2    7
    4    3    2    1    2    0    0    2    1    1       954    4    1 CMpure    13   10
    4    4    2    1    2    0    0    1    1    0       984    9    1 CMpure     2    7
    4    5    1    1    8    5    4    1    1    1      1045   10    1 CMpure    11   13   14    9   10   12   15   16
    4    6    2    1    2    0    0    1    1    0      2720   16    1 CMpure     2    8
    4    7    2    1    2    0    0    1    1    0       600   15    1 CMpure     1    8
    4    8    2    1    4    0    0    2    1    1      1033    2    1 CMpure    10    9   12   11
    4    9    1    1    8    4    5    1    1    1       964   15    1 CMpure    13   12    9   15   14   16   10   11
    4   10    2    1    8    0    0    2    0    0      1491   11    1 CMpure     6    2    5    8    4    1    7    3
    4   11    2    1    4    0    0    2    1    1       673    7    1 CMpure    16    9   10   11
    4   12    2    1    4    0    0    2    1    1      1184    1    1 CMpure    16   14   10    9
    4   13    2    1    8    0    0    1    1    0       821   15    1 CMpure     3    5    4    1    6    7    2    8
    4   14    1    1    4    3    2    2    1    0      1677    5    1 CMpure     4    3    5    7
    4   15    2    1    4    0    0    1    1    0       756   13    1 CMpure     1    2    4    3
    4   16    2    1    8    0    0    2    1    1      1163    7    1 CMpure     9   14   13   10   12   11   16   15
    4   17    1    1    8    8    1    1    1    1       961   12    1 CMpure    13    9   14   15   11   10   16   12
    4   18    1    1    2    1    2    1    1    1       511    9    1 CMpure     9   16
    4   19    2    1    4    0    0    1    1    0      1509   16    1 CMpure     8    1    3    6
    4   20    2    1    8    0    0    2    1    1       941    5    1 CMpure    11   14    9   13   15   12   10   16
    4   21    2    1    8    0    0    2    0    0      1068   13    1 CMpure     7    8    5    3    1    2    6    4
    4   22    2    1    8    0    0    2    1    1       646    6    1 CMpure    12    9   13   11   10   16   14   15
    4   23    1    1    2    1    2    1    1    1       625   10    1 CMpure    10   12
    4   24    1    1    2    1    2    1    1    1       940   12    1 CMpure    12   15
    5    1    2    1    8    0    0    2    1    1     18689    5    1 CMpure     9   10   11   16   15   12   13   14
    5    2    2    1    8    0    0    2    1    1       715    5    1 CMpure    16   13   14    9   11   10   15   12
    5    3    1    1    8    3    6    2    0    1       931   16    1 CMpure    12    9   16   15   11   14   10   13
    5    4    1    1    2    1    2    2    0    1      1826   12    1 CMpure    12   15
    5    5    1    1    8    3    6    2    0    1      4046   11    1 CMpure    10   14   11   12   13    9   16   15
    5    6    1    1    2    2    1    2    1    0       913    8    1 CMpure     2    8
    5    7    2    1    8    0    0    1    0    1     14577    7    1 CMpure    15   13   11   16   14   10    9   12
    5    8    1    1    8    3    6    1    0    0      1071    5    1 CMpure     6    7    5    4    1    2    3    8
    5    9    2    1    8    0    0    2    1    1      1481    3    1 CMpure    10   13   16   11   12    9   14   15
    5   10    1    1    8    8    1    1    0    0      2450    4    1 CMpure     1    6    8    7    5    2    3    4
    5   11    1    1    2    2    1    1    1    1       933   13    1 CMpure    16   13
    5   12    1    1    8    3    6    2    1    0      1155    3    1 CMpure     4    1    3    8    6    5    2    7
    5   13    2    1    2    0    0    1    1    0       570   11    1 CMpure     7    6
    5   14    1    1    8    1    8    1    1    1      1223   14    1 CMpure    14   11   15   13   12   16   10    9
    5   15    2    1    8    0    0    2    1    1       891    3    1 CMpure    12   15   14   16    9   10   13   11
    5   16    1    1    2    1    2    1    1    1      1052   11    1 CMpure    11   13
    5   17    1    1    2    1    2    2    1    0       678    7    1 CMpure     7    6
    5   18    2    1    4    0    0    2    1    1       581    5    1 CMpure    12   14   13   15
    5   19    2    1    2    0    0    1    1    0       866   15    1 CMpure     4    2
    5   20    2    1    4    0    0    2    1    1      1081    2    1 CMpure    14   15    9   16
    5   21    1    1    8    4    5    1    0    0      1075    2    1 CMpure     1    6    5    2    8    4    3    7
    5   22    2    1    4    0    0    1    0    1      2050    1    1 CMpure     9   11   12   10
    5   23    1    1    8    2    7    1    1    1       916   16    1 CMpure    12   16    9   13   14   15   10   11
    5   24    1    1    8    2    7    1    0    0      1124    4    1 CMpure     5    4    7    1    2    8    6    3
    6    1    2    1    2    0    0    1    1    0      1031    9    1 CMpure     6    2
    6    2    1    1    8    1    8    2    1    0       706    8    1 CMpure     8    3    6    7    4    2    5    1
    6    3    2    1    2    0    0    2    1    1       522    5    1 CMpure    12   14
    6    4    2    1    4    0    0    2    1    1       623    7    1 CMpure    15   16   11   13
    6    5    2    1    4    0    0    1    1    0      1856   10    1 CMpure     1    7    8    3
    6    6    2    1    2    0    0    1    0    1      3050    6    1 CMpure    14   16
    6    7    2    1    8    0    0    1    1    0      1141   16    1 CMpure     2    1    3    5    4    8    6    7
    6    8    1    1    4    3    2    2    1    0       705    7    1 CMpure     2    8    7    1
    6    9    1    1    2    2    1    2    1    0       697    2    1 CMpure     3    2
    6   10    1    1    4    4    1    1    1    1       823   16    1 CMpure     9   10   14   16
    6   11    1    1    8    7    2    2    1    0       683    1    1 CMpure     7    3    5    4    8    2    1    6
    6   12    2    1    8    0    0    1    1    0       948   15    1 CMpure     2    6    4    8    3    1    7    5
    6   13    2    1    2    0    0    1    1    0       754   14    1 CMpure     7    5
    6   14    2    1    4    0    0    2    1    1      1294    8    1 CMpure    13   10   14    9
    6   15    1    1    4    2    3    2    0    1       724   15    1 CMpure    16   15    9   10
    6   16    1    1    8    5    4    1    1    1       860    9    1 CMpure    11   10   14   12    9   13   16   15
    6   17    1    1    4    4    1    2    1    0      1411    7    1 CMpure     1    5    4    7
    6   18    1    1    2    2    1    2    1    0      1328    7    1 CMpure     4    7
    6   19    1    1    4    3    2    1    0    0      4181    2    1 CMpure     5    3    2    1
    6   20    1    1    4    3    2    2    1    0      1063    6    1 CMpure     5    8    6    2
    6   21    1    1    8    5    4    1    1    1       674   10    1 CMpure    14   11   15   12   10    9   16   13
    6   22    1    1    2    2    1    2    1    0       539    1    1 CMpure     8    1
    6   23    1    1    2    1    2    1    1    1       634   13    1 CMpure    13    9
    6   24    2    1    4    0    0    1    1    0      1674   13    1 CMpure     2    5    1    7
    7    1    2    1    2    0    0    2    1    1       656    4    1 CMpure     9   15
    7    2    1    1    2    1    2    1    1    1       635   10    1 CMpure    10   16
    7    3    2    1    4    0    0    1    1    0       747   10    1 CMpure     3    2    8    6
    7    4    2    1    4    0    0    2    1    1       647    5    1 CMpure    15   13   11   12
    7    5    1    1    4    3    2    1    1    1       663   13    1 CMpure     9   15   13   14
    7    6    1    1    4    3    2    1    1    1       583   14    1 CMpure    10   15   14   12
    7    7    1    1    8    8    1    2    1    0       692    5    1 CMpure     2    4    1    8    3    6    7    5
    7    8    2    1    8    0    0    2    1    1      2189    1    1 CMpure     9   16   10   11   15   14   12   13
    7    9    1    1    8    2    7    2    1    0       682    4    1 CMpure     6    4    7    3    5    1    2    8
    7   10    1    1    2    1    2    2    1    0       498    3    1 CMpure     3    4
    7   11    2    1    8    0    0    2    1    1       899    6    1 CMpure    13   14   12   16   11    9   10   15
    7   12    1    1    2    2    1    1    1    1       723   15    1 CMpure    14   15
    7   13    2    1    2    0    0    1    1    0       506   11    1 CMpure     8    3
    7   14    2    1    8    0    0    2    1    1       682    7    1 CMpure     9   10   15   14   16   11   13   12
    7   15    2    1    8    0    0    2    1    1      1012    4    1 CMpure    13    9   16   12   15   14   11   10
    7   16    1    1    8    5    4    2    1    0      1328    2    1 CMpure     8    6    4    1    2    3    5    7
    7   17    1    1    4    1    4    2    0    1      4837   10    1 CMpure    10   13    9   14
    7   18    2    1    2    0    0    1    1    0      6584   11    1 CMpure     5    6
    7   19    2    1    2    0    0    1    1    0       613   15    1 CMpure     7    2
    7   20    1    1    8    2    7    1    1    1      1169   10    1 CMpure    14   10   15   12    9   13   16   11
    7   21    1    1    4    4    1    2    1    0       924    2    1 CMpure     8    7    1    2
    7   22    2    1    2    0    0    1    1    0       507   13    1 CMpure     3    1
    7   23    2    1    2    0    0    1    1    0       508   14    1 CMpure     8    7
    7   24    1    1    2    1    2    1    1    1       636   10    1 CMpure    10   16
    8    1    2    1    8    0    0    1    1    0       715   12    1 CMpure     7    6    8    5    3    4    2    1
    8    2    2    1    4    0    0    2    1    1       584    7    1 CMpure    12   15   11    9
    8    3    1    1    2    2    1    2    1    0       517    5    1 CMpure     6    5
    8    4    1    1    4    2    3    2    1    0       714    3    1 CMpure     5    3    7    6
    8    5    2    1    4    0    0    1    1    0       472   14    1 CMpure     3    4    8    5
    8    6    1    1    8    8    1    2    1    0       729    7    1 CMpure     1    2    4    3    6    8    5    7
    8    7    1    1    2    2    1    2    1    0       449    2    1 CMpure     1    2
    8    8    2    1    8    0    0    1    1    0       611   12    1 CMpure     8    1    3    4    6    5    7    2
    8    9    1    1    4    1    4    1    1    1       709   13    1 CMpure    13   10   14   16
    8   10    1    1    2    1    2    2    1    0       621    2    1 CMpure     2    8
    8   11    2    1    8    0    0    1    1    0       632   13    1 CMpure     4    8    3    5    2    7    6    1
    8   12    1    1    8    2    7    2    0    1       995   10    1 CMpure    14   10   16    9   15   13   12   11
    8   13    1    1    4    1    4    1    0    0      1142    8    1 CMpure     8    1    4    6
    8   14    2    1    2    0    0    1    1    0       604   11    1 CMpure     3    2
    8   15    2    1    4    0    0    1    1    0       558   15    1 CMpure     5    7    2    6
    8   16    2    1    2    0    0    1    1    0       732   15    1 CMpure     3    6
    8   17    2    1    2    0    0    2    1    1       499    5    1 CMpure    13   11
    8   18    2    1    8    0    0    1    1    0       659   13    1 CMpure     7    3    2    4    8    1    6    5
    8   19    1    1    2    2    1    2    1    0       605    3    1 CMpure     2    3
    8   20    1    1    4    2    3    1    1    1       639   12    1 CMpure    13   12    9   16
    8   21    2    1    4    0    0    2    1    1       591    6    1 CMpure    14    9   11   10
    8   22    1    1    8    6    3    2    1    0       876    6    1 CMpure     8    4    3    5    1    6    2    7
    8   23    1    1    8    7    2    1    1    1       798   13    1 CMpure    10   14   15   16   11   12   13    9
    8   24    1    1    4    3    2    2    1    0      3976    2    1 CMpure     8    7    2    1
    9    1    2    1    4    0    0    2    1    1      1214    7    1 CMpure    11    9   14   13
    9    2    2    1    8    0    0    2    1    1      1091    6    1 CMpure    15   13   14    9   11   10   12   16
    9    3    2    1    8    0    0    2    1    1       860    1    1 CMpure    16   12   15   14   10    9   13   11
    9    4    1    1    8    4    5    1    0    0       878    7    1 CMpure     5    6    2    7    8    1    4    3
    9    5    2    1    8    0    0    1    1    0       736   11    1 CMpure     6    7    8    3    4    1    5    2
    9    6    2    1    4    0    0    2    1    1       540    8    1 CMpure    11   13    9   14
    9    7    2    1    2    0    0    2    1    1      2747    7    1 CMpure    10   12
    9    8    1    1    8    6    3    2    0    1      1090   15    1 CMpure    12   16    9   11   14   15   13   10
    9    9    2    1    8    0    0    2    0    0       875    9    1 CMpure     6    8    5    1    7    3    4    2
    9   10    1    1    4    4    1    1    1    1       658   16    1 CMpure    10   14   15   16
    9   11    1    1    2    1    2    1    1    1       764   10    1 CMpure    10    9
    9   12    1    1    8    1    8    1    0    0      1362    8    1 CMpure     8    5    6    3    2    4    1    7
    9   13    1    1    2    2    1    1    1    1       672   12    1 CMpure    14   12
    9   14    2    1    2    0    0    2    1    1       698    7    1 CMpure    15    9
    9   15    2    1    4    0    0    2    1    1       888    1    1 CMpure    10   15   11   13
    9   16    1    1    8    5    4    2    0    1       985   12    1 CMpure    13   10    9   14   12   11   16   15
    9   17    2    1    4    0    0    1    1    0       699   13    1 CMpure     6    5    3    8
    9   18    2    1    8    0    0    1    0    1      1731    6    1 CMpure    12   15   13   11   14   10    9   16
    9   19    2    1    8    0    0    2    1    1       786    2    1 CMpure    10   14   12   13   15   16   11    9
    9   20    2    1    2    0    0    1    1    0       359    9    1 CMpure     1    7
    9   21    2    1    4    0    0    1    1    0       499   14    1 CMpure     5    6    1    2
    9   22    2    1    2    0    0    1    1    0       467   12    1 CMpure     7    4
    9   23    2    1    4    0    0    2    1    1       570    8    1 CMpure     9   13   12   16
    9   24    2    1    8    0    0    2    1    1       775    5    1 CMpure    13   12    9   11   15   14   10   16
