    1    1    1    1    8    1    8    2    1    0      1027    2    1 CMpure     2    6    7    1    3    4    5    8
    1    2    2    1    8    0    0    1    0    1      1095    7    1 CMpure    13   10   15    9   11   12   14   16
    1    3    2    1    2    0    0    1    0    1      1856    7    1 CMpure    12   16
    1    4    2    1    2    0    0    1    1    0      2522    9    1 CMpure     8    7
    1    5    1    1    4    4    1    2    0    1      1039   14    1 CMpure    10   16    9   14
    1    6    2    1    8    0    0    2    0    0      1225   10    1 CMpure     3    8    2    1    5    6    7    4
    1    7    2    1    4    0    0    1    1    0       962   10    1 CMpure     5    4    8    6
    1    8    1    1    2    1    2    2    1    0       640    3    1 CMpure     3    6
    1    9    2    1    2    0    0    1    1    0       731    9    1 CMpure     1    6
    1   10    1    1    2    1    2    2    0    1       545   10    1 CMpure    10   15
    1   11    2    1    4    0    0    1    1    0       661   14    1 CMpure     3    5    2    4
    1   12    1    1    2    1    2    2    0    1       911   12    1 CMpure    12   10
    1   13    2    1    4    0    0    2    1    1      2308    5    1 CMpure    15   12   16    9
    1   14    1    1    4    2    3    2    1    0       898    3    1 CMpure     5    3    7    4
    1   15    1    1    4    1    4    1    1    1      1831   10    1 CMpure    10   14   15   12
    1   16    1    1    4    4    1    1    1    1      1159   10    1 CMpure    14   12   16   10
    1   17    2    1    4    0    0    2    0    0      1634   16    1 CMpure     4    3    7    1
    1   18    2    1    2    0    0    1    1    0      2405   14    1 CMpure     7    5
    1   19    1    1    2    1    2    2    1    0      1673    6    1 CMpure     6    5
    1   20    2    1    2    0    0    1    0    1      3850    1    1 CMpure    16   11
    1   21    1    1    8    3    6    2    0    1       884   10    1 CMpure    13   16   10    9   15   11   12   14
    1   22    1    1    4    1    4    2    1    0      1210    4    1 CMpure     4    3    8    6
    1   23    2    1    2    0    0    1    1    0      3134   13    1 CMpure     1    6
    1   24    2    1    2    0    0    1    1    0      1029   16    1 CMpure     4    8
    2    1    2    1    2    0    0    1    1    0      1427   12    1 CMpure     2    5
    2    2    2    1    4    0    0    1    0    1       915    4    1 CMpure    15   12   14    9
    2    3    1    1    8    6    3    1    1    1       867   14    1 CMpure    10   16   11   13   15   14    9   12
    2    4    2    1    4    0    0    1    0    1      1993    1    1 CMpure    11   10   13   14
    2    5    1    1    4    3    2    2    1    0      1619    8    1 CMpure     2    3    8    4
    2    6    2    1    2    0    0    1    1    0      2215   10    1 CMpure     3    4
    2    7    1    1    4    3    2    2    1    0      1255    8    1 CMpure     3    2    8    4
    2    8    1    1    8    4    5    1    1    1      2233   15    1 CMpure    14    9   10   15   16   13   11   12
    2    9    1    1    8    6    3    1    1    1      1268   12    1 CMpure    16   15   14   10   13   12   11    9
    2   10    2    1    2    0    0    2    1    1      1909    6    1 CMpure    12   13
    2   11    2    1    2    0    0    1    1    0      3053   12    1 CMpure     5    4
    2   12    2    1    8    0    0    2    1    1      1271    3    1 CMpure    14   13   16   15    9   10   11   12
    2   13    1    1    2    1    2    1    1    1      1224   16    1 CMpure    16   10
    2   14    2    1    8    0    0    2    1    1      3388    4    1 CMpure    12    9   15   10   11   16   14   13
    2   15    1    1    4    2    3    1    0    0      2494    1    1 CMpure     8    1    5    4
    2   16    1    1    8    3    6    1    1    1      1006   14    1 CMpure    12   11   14    9   10   13   16   15
    2   17    1    1    8    5    4    1    0    0       794    7    1 CMpure     3    2    1    6    7    8    5    4
    2   18    2    1    8    0    0    2    1    1      1647    3    1 CMpure    10   11   14   15   16   13   12    9
    2   19    2    1    2    0    0    2    1    1      2577    8    1 CMpure     9   14
    2   20    2    1    4    0    0    1    0    1      1203    8    1 CMpure    10   15   11   14
    2   21    1    1    2    1    2    2    1    0      1287    6    1 CMpure     6    4
    2   22    1    1    2    2    1    2    1    0      1144    1    1 CMpure     2    1
    2   23    1    1    4    4    1    2    1    0      1028    7    1 CMpure     2    3    6    7
    2   24    1    1    2    2    1    1    1    1      1359   14    1 CMpure    15   14
    3    1    1    1    2    1    2    2    1    0      1703    5    1 CMpure     5    6
    3    2    2    1    4    0    0    1    1    0      1565   10    1 CMpure     8    3    7    4
    3    3    1    1    8    5    4    1    1    1      1634   12    1 CMpure     9   16   15   13   12   10   11   14
    3    4    1    1    4    3    2    1    1    1      1018   13    1 CMpure    10   12   13   15
    3    5    2    1    2    0    0    1    1    0       949   15    1 CMpure     7    8
    3    6    1    1    8    2    7    2    1    0       755    4    1 CMpure     5    4    2    1    6    8    7    3
    3    7    2    1    4    0    0    2    1    1      1327    3    1 CMpure    10   12   11   14
    3    8    2    1    4    0    0    1    1    0      1427   12    1 CMpure     8    5    3    4
    3    9    1    1    2    2    1    1    1    1       974    9    1 CMpure    15    9
    3   10    2    1    2    0    0    2    1    1      1020    4    1 CMpure    12   15
    3   11    2    1    8    0    0    1    1    0       919   14    1 CMpure     4    7    2    3    6    5    1    8
    3   12    1    1    2    1    2    1    1    1      1062   13    1 CMpure    13   15
    3   13    2    1    8    0    0    2    1    1      1872    2    1 CMpure    12   10   14    9   13   15   11   16
    3   14    2    1    8    0    0    1    1    0       698    9    1 CMpure     7    6    8    1    4    2    3    5
    3   15    1    1    2    1    2    2    1    0      2529    6    1 CMpure     6    1
    3   16    2    1    8    0    0    2    1    1      1057    5    1 CMpure    10   13   15   14   12    9   16   11
    3   17    2    1    2    0    0    1    1    0      1963   16    1 CMpure     4    2
    3   18    1    1    2    2    1    1    1    1      1008   12    1 CMpure    11   12
    3   19    2    1    8    0    0    1    1    0      2028   13    1 CMpure     6    7    5    1    3    8    2    4
    3   20    2    1    4    0    0    1    1    0       997   16    1 CMpure     6    8    1    2
    3   21    2    1    4    0    0    1    1    0      2118   16    1 CMpure     8    4    2    1
    3   22    2    1    4    0    0    1    1    0       907   14    1 CMpure     1    5    3    8
    3   23    1    1    8    1    8    2    1    0      1323    6    1 CMpure     6    7    4    8    1    5    2    3
    3   24    1    1    8    6    3    2    1    0      2394    4    1 CMpure     8    1    5    3    7    4    2    6
    4    1    2    1    8    0    0    2    1    1      1561    5    1 CMpure    12   10   15    9   13   11   14   16
    4    2    1    1    8    2    7    1    1    1      3279   13    1 CMpure    11   13   15    9   12   10   16   14
    4    3    1    1    8    5    4    2    0    1       912   15    1 CMpure    16   12   11    9   15   14   13   10
    4    4    2    1    8    0    0    1    1    0      1296   15    1 CMpure     1    4    6    3    7    5    2    8
    4    5    2    1    8    0    0    1    1    0       864   12    1 CMpure     8    2    4    3    1    6    7    5
    4    6    2    1    2    0    0    1    1    0      1442   13    1 CMpure     5    6
    4    7    1    1    8    7    2    2    1    0       764    4    1 CMpure     5    3    7    2    8    6    4    1
    4    8    1    1    8    6    3    2    1    0       850    6    1 CMpure     4    2    5    7    8    6    3    1
    4    9    2    1    8    0    0    1    1    0       772   16    1 CMpure     1    8    7    6    2    3    5    4
    4   10    1    1    8    5    4    2    1    0      1177    2    1 CMpure     1    5    7    4    2    8    3    6
    4   11    1    1    8    3    6    2    1    0       878    5    1 CMpure     2    4    5    6    1    7    3    8
    4   12    1    1    2    1    2    2    1    0       992    2    1 CMpure     2    7
    4   13    2    1    2    0    0    1    0    1      2700    7    1 CMpure    16   14
    4   14    2    1    4    0    0    1    1    0      1209    9    1 CMpure     8    1    6    3
    4   15    1    1    8    5    4    2    1    0      1085    3    1 CMpure     7    1    5    2    3    4    8    6
    4   16    1    1    4    1    4    1    1    1      1499   10    1 CMpure    10   11   15    9
    4   17    2    1    8    0    0    1    1    0       947   15    1 CMpure     8    6    2    5    7    1    3    4
    4   18    1    1    8    4    5    1    1    1      1345   10    1 CMpure    15   13   14   10   11   16   12    9
    4   19    1    1    2    1    2    2    1    0       896    5    1 CMpure     5    3
    4   20    2    1    4    0    0    1    1    0      1478   12    1 CMpure     6    2    1    5
    4   21    1    1    4    3    2    2    0    1      1396   16    1 CMpure    13   14   16   10
    4   22    1    1    8    8    1    2    1    0       784    8    1 CMpure     2    7    6    1    3    4    5    8
    4   23    1    1    2    1    2    2    0    1      2101   16    1 CMpure    16   14
    4   24    2    1    4    0    0    1    1    0      1322   11    1 CMpure     8    4    6    5
    5    1    2    1    4    0    0    2    0    0      1279   14    1 CMpure     8    1    4    3
    5    2    2    1    4    0    0    1    1    0       710   13    1 CMpure     8    2    7    4
    5    3    2    1    4    0    0    2    1    1      1411    6    1 CMpure    12    9   16   10
    5    4    2    1    2    0    0    2    1    1      1375    8    1 CMpure    14   11
    5    5    1    1    4    4    1    1    1    1       930   16    1 CMpure    12   11   13   16
    5    6    2    1    2    0    0    2    1    1      3072    3    1 CMpure    12   16
    5    7    1    1    8    1    8    2    0    1      1626   12    1 CMpure    12   13   11   14    9   15   10   16
    5    8    1    1    8    1    8    2    1    0      1357    4    1 CMpure     4    5    8    2    7    6    1    3
    5    9    1    1    4    3    2    2    1    0       768    3    1 CMpure     2    7    3    8
    5   10    2    1    4    0    0    2    1    1       795    1    1 CMpure    13   10   12    9
    5   11    2    1    2    0    0    1    1    0      2751   15    1 CMpure     5    3
    5   12    1    1    4    1    4    2    1    0       731    6    1 CMpure     6    3    4    7
    5   13    1    1    8    7    2    1    1    1       865   10    1 CMpure    15   12    9   16   13   11   10   14
    5   14    2    1    4    0    0    2    1    1      3480    8    1 CMpure    16   15   11   10
    5   15    1    1    4    1    4    1    0    0      3446    2    1 CMpure     2    8    5    7
    5   16    1    1    2    2    1    2    1    0       577    1    1 CMpure     4    1
    5   17    2    1    2    0    0    1    1    0      2366   10    1 CMpure     2    5
    5   18    1    1    4    1    4    2    1    0      1864    7    1 CMpure     7    5    4    8
    5   19    2    1    4    0    0    2    1    1      6119    4    1 CMpure    11   14   13    9
    5   20    1    1    8    8    1    2    1    0       758    4    1 CMpure     3    6    2    5    7    8    1    4
    5   21    2    1    2    0    0    1    1    0      3372   15    1 CMpure     6    4
    5   22    1    1    4    2    3    1    1    1       943   11    1 CMpure    10   11   13    9
    5   23    2    1    8    0    0    2    1    1       830    3    1 CMpure    11    9   12   16   13   14   10   15
    5   24    2    1    2    0    0    1    1    0      2848   14    1 CMpure     3    1
    6    1    1    1    4    4    1    2    1    0       799    7    1 CMpure     4    1    3    7
    6    2    1    1    8    3    6    1    0    0      1107    7    1 CMpure     8    3    7    6    2    5    4    1
    6    3    2    1    8    0    0    2    1    1      1195    7    1 CMpure    10   16   11   12   13   15   14    9
    6    4    2    1    8    0    0    2    1    1       783    5    1 CMpure     9   13   12   14   11   10   15   16
    6    5    1    1    2    2    1    2    1    0       788    3    1 CMpure     4    3
    6    6    1    1    8    2    7    1    0    0       841    1    1 CMpure     6    1    3    4    8    5    2    7
    6    7    2    1    2    0    0    2    1    1      2107    5    1 CMpure    15   11
    6    8    2    1    2    0    0    1    1    0       539   16    1 CMpure     8    3
    6    9    2    1    8    0    0    1    1    0      1002   15    1 CMpure     5    3    8    6    1    2    4    7
    6   10    2    1    8    0    0    1    0    1      1622    4    1 CMpure    11   14   13   10   12   15   16    9
    6   11    2    1    2    0    0    2    1    1      2665    1    1 CMpure     9   12
    6   12    1    1    2    1    2    1    1    1      1154   13    1 CMpure    13   12
    6   13    1    1    2    1    2    1    1    1      2712   11    1 CMpure    11   16
    6   14    2    1    2    0    0    1    1    0      2064   15    1 CMpure     7    3
    6   15    2    1    2    0    0    1    1    0       770   16    1 CMpure     2    7
    6   16    2    1    4    0    0    1    1    0      1196   16    1 CMpure     1    3    5    2
    6   17    2    1    4    0    0    1    1    0      2422   10    1 CMpure     4    8    2    6
    6   18    1    1    4    4    1    2    1    0       926    7    1 CMpure     6    1    2    7
    6   19    1    1    4    3    2    2    1    0       675    5    1 CMpure     1    4    5    2
    6   20    2    1    8    0    0    2    1    1      1084    5    1 CMpure    15   14   11    9   10   13   16   12
    6   21    2    1    8    0    0    1    1    0       789   14    1 CMpure     1    4    6    5    2    3    8    7
    6   22    2    1    8    0    0    2    1    1       713    8    1 CMpure    16   13   15   14   10    9   11   12
    6   23    1    1    2    2    1    2    1    0      1329    4    1 CMpure     5    4
    6   24    2    1    4    0    0    1    1    0      2357   15    1 CMpure     1    5    7    4
    7    1    1    1    8    2    7    1    1    1       947   14    1 CMpure    16   14   12   11   13   10   15    9
    7    2    2    1    4    0    0    1    1    0      1079   10    1 CMpure     6    3    2    1
    7    3    1    1    4    2    3    1    0    0      1525    7    1 CMpure     3    7    8    5
    7    4    2    1    4    0    0    1    1    0       802   11    1 CMpure     7    8    6    1
    7    5    1    1    4    4    1    2    1    0       763    7    1 CMpure     1    2    4    7
    7    6    1    1    2    1    2    2    1    0       849    7    1 CMpure     7    5
    7    7    2    1    8    0    0    1    1    0      1106   10    1 CMpure     3    1    2    6    8    5    4    7
    7    8    2    1    2    0    0    1    1    0      2314   11    1 CMpure     8    3
    7    9    2    1    2    0    0    1    1    0      2450   15    1 CMpure     3    1
    7   10    2    1    2    0    0    1    1    0      3028   12    1 CMpure     5    4
    7   11    1    1    8    7    2    1    1    1      1167   12    1 CMpure    16   11   14    9   15   10   12   13
    7   12    2    1    4    0    0    1    1    0      1738   14    1 CMpure     5    7    2    3
    7   13    1    1    2    1    2    2    0    1      4680   15    1 CMpure    15   16
    7   14    2    1    2    0    0    2    1    1      2241    2    1 CMpure    10   14
    7   15    2    1    8    0    0    2    0    0       940   10    1 CMpure     6    5    2    4    7    1    8    3
    7   16    2    1    8    0    0    1    1    0       954   10    1 CMpure     1    2    4    7    6    5    3    8
    7   17    2    1    4    0    0    1    1    0       733   12    1 CMpure     5    4    2    7
    7   18    1    1    8    4    5    1    1    1       740   16    1 CMpure    10   13   11   16   12    9   15   14
    7   19    2    1    8    0    0    2    1    1      1163    4    1 CMpure    15   12   13   16   14    9   10   11
    7   20    2    1    8    0    0    1    1    0      2641    9    1 CMpure     1    3    8    6    7    2    4    5
    7   21    1    1    2    2    1    2    1    0       539    7    1 CMpure     1    7
    7   22    1    1    4    2    3    2    1    0      5663    2    1 CMpure     7    2    3    6
    7   23    1    1    4    1    4    2    1    0      1734    3    1 CMpure     3    5    8    1
    7   24    1    1    4    1    4    2    0    1      2218   10    1 CMpure    10   13   12   14
    8    1    2    1    4    0    0    1    1    0      2416   11    1 CMpure     3    5    2    1
    8    2    1    1    8    5    4    1    1    1       915   10    1 CMpure    15   16   11   13   10   14   12    9
    8    3    2    1    2    0    0    2    1    1      1266    1    1 CMpure    10    9
    8    4    2    1    4    0    0    2    1    1      1033    3    1 CMpure    16   13   10   12
    8    5    1    1    8    8    1    2    1    0       468    7    1 CMpure     2    5    1    8    4    3    6    7
    8    6    1    1    2    2    1    1    0    0      2949    2    1 CMpure     4    2
    8    7    1    1    4    4    1    1    1    1       616   11    1 CMpure    16   15   10   11
    8    8    1    1    8    3    6    2    1    0       852    6    1 CMpure     4    2    6    5    8    3    1    7
    8    9    1    1    2    1    2    1    1    1      1030   15    1 CMpure    15   16
    8   10    1    1    4    3    2    2    0    1       982   11    1 CMpure    12    9   11   14
    8   11    2    1    4    0    0    2    1    1      1080    2    1 CMpure    14   15   11   13
    8   12    2    1    4    0    0    2    1    1      2806    7    1 CMpure    14   12   11   16
    8   13    2    1    2    0    0    2    1    1      2026    6    1 CMpure    10   16
    8   14    1    1    4    1    4    1    1    1      1187   16    1 CMpure    16   10    9   13
    8   15    2    1    8    0    0    2    1    1       999    5    1 CMpure    14   16   13    9   10   11   12   15
    8   16    2    1    4    0    0    2    0    0      2073   12    1 CMpure     1    4    3    5
    8   17    2    1    4    0    0    1    1    0      2223   14    1 CMpure     3    2    4    7
    8   18    1    1    8    5    4    1    0    0      1019    7    1 CMpure     2    3    1    5    7    6    4    8
    8   19    1    1    8    1    8    2    1    0       758    5    1 CMpure     5    8    1    6    7    2    3    4
    8   20    2    1    8    0    0    1    1    0       684   12    1 CMpure     7    3    5    2    1    4    6    8
    8   21    2    1    2    0    0    2    1    1      2053    7    1 CMpure    14   12
    8   22    1    1    4    1    4    2    0    1      1932    9    1 CMpure     9   10   16   13
    8   23    1    1    4    1    4    2    0    1      1592   11    1 CMpure    11   13   12   14
    8   24    1    1    4    2    3    2    1    0      1265    1    1 CMpure     7    1    3    2
    9    1    1    1    4    3    2    2    1    0      1501    8    1 CMpure     2    7    8    1
    9    2    1    1    8    3    6    1    1    1      1333   13    1 CMpure     9   11   13   14   10   16   15   12
    9    3    1    1    4    4    1    1    0    0       776    4    1 CMpure     2    7    5    4
    9    4    2    1    2    0    0    2    1    1       654    2    1 CMpure    14   15
    9    5    2    1    8    0    0    1    0    1      1032    4    1 CMpure    10   15   13   14   16   12    9   11
    9    6    1    1    4    2    3    1    1    1      1175   11    1 CMpure     9   11   14   13
    9    7    1    1    4    3    2    1    1    1      1122   14    1 CMpure    11   15   14    9
    9    8    1    1    4    3    2    1    1    1      1087   13    1 CMpure    12   15   13   14
    9    9    2    1    8    0    0    1    1    0      1463   15    1 CMpure     4    6    2    8    5    7    1    3
    9   10    2    1    4    0    0    1    1    0      1206   10    1 CMpure     7    1    2    3
    9   11    2    1    2    0    0    2    1    1       986    6    1 CMpure    16   10
    9   12    2    1    8    0    0    1    1    0       663    9    1 CMpure     1    4    2    5    3    7    8    6
    9   13    1    1    4    1    4    1    1    1       870    9    1 CMpure     9   11   12   14
    9   14    1    1    4    1    4    1    1    1      1533   16    1 CMpure    16   14    9   12
    9   15    2    1    2    0    0    2    1    1      2019    7    1 CMpure    15   10
    9   16    2    1    8    0    0    1    1    0      1286   14    1 CMpure     5    7    4    8    1    6    2    3
    9   17    2    1    8    0    0    2    1    1       823    4    1 CMpure    10    9   14   13   11   16   12   15
    9   18    1    1    2    2    1    2    0    1      2906   13    1 CMpure    11   13
    9   19    2    1    4    0    0    1    1    0      2783   13    1 CMpure     6    8    3    5
    9   20    2    1    4    0    0    2    1    1       953    5    1 CMpure    15   16   14   11
    9   21    2    1    2    0    0    1    1    0      2695    9    1 CMpure     1    3
    9   22    1    1    8    6    3    2    1    0       896    2    1 CMpure     1    4    8    6    5    2    7    3
    9   23    1    1    4    4    1    2    1    0       614    5    1 CMpure     8    7    1    5
    9   24    2    1    2    0    0    2    1    1      2273    5    1 CMpure    10   14
