    1    1    2    1    8    0    0    1    1    0      2449   14    1 CMpure     1    8    2    6    4    5    7    3
    1    2    2    1    4    0    0    1    1    0       823   16    1 CMpure     1    3    4    2
    1    3    1    1    2    2    1    1    1    1      2568   13    1 CMpure    14   13
    1    4    1    1    4    3    2    1    1    1      1562   11    1 CMpure    15   14   11   10
    1    5    1    1    2    2    1    1    1    1      1423   15    1 CMpure     9   15
    1    6    2    1    8    0    0    1    1    0       714   16    1 CMpure     5    4    8    3    2    7    1    6
    1    7    2    1    4    0    0    1    1    0      1558   11    1 CMpure     1    4    7    2
    1    8    2    1    4    0    0    1    1    0      1042   14    1 CMpure     7    4    3    5
    1    9    1    1    8    3    6    1    1    1       860   15    1 CMpure    13   14   15    9   16   11   12   10
    1   10    1    1    8    5    4    2    1    0       814    4    1 CMpure     1    6    2    7    4    3    5    8
    1   11    2    1    4    0    0    1    1    0       774    9    1 CMpure     8    1    3    4
    1   12    2    1    2    0    0    2    1    1      1772    1    1 CMpure    10   14
    1   13    2    1    4    0    0    2    1    1       798    7    1 CMpure     9   16   12   15
    1   14    1    1    8    6    3    2    1    0       930    5    1 CMpure     7    8    6    4    1    5    3    2
    1   15    1    1    8    2    7    2    1    0       689    4    1 CMpure     1    4    5    7    6    8    3    2
    1   16    1    1    2    1    2    1    1    1       649   14    1 CMpure    14   16
    1   17    1    1    4    2    3    1    1    1      1561   11    1 CMpure    13   11   10    9
    1   18    1    1    2    2    1    1    1    1       783   10    1 CMpure    13   10
    1   19    1    1    4    1    4    2    1    0      1273    8    1 CMpure     8    2    4    1
    1   20    2    1    8    0    0    2    1    1       938    4    1 CMpure    16   13   15   10   11   12   14    9
    1   21    1    1    4    2    3    1    1    1       894   16    1 CMpure    12   16   10   13
    1   22    1    1    8    8    1    2    1    0       607    5    1 CMpure     8    7    3    4    2    6    1    5
    1   23    1    1    4    3    2    1    1    1      1200   10    1 CMpure    16   12   10   14
    1   24    1    1    2    1    2    2    1    0       468    2    1 CMpure     2    5
    2    1    2    1    2    0    0    1    1    0       802   15    1 CMpure     4    5
    2    2    2    1    4    0    0    1    1    0       604    9    1 CMpure     6    8    1    3
    2    3    1    1    4    3    2    2    1    0       573    2    1 CMpure     1    5    2    3
    2    4    2    1    2    0    0    1    1    0       602   14    1 CMpure     5    8
    2    5    1    1    8    6    3    1    1    1       662   12    1 CMpure    13    9   15   11   16   12   14   10
    2    6    1    1    8    2    7    1    1    1       624   11    1 CMpure     9   11   14   15   13   10   12   16
    2    7    1    1    8    5    4    1    1    1       636   16    1 CMpure    13   12    9   10   16   14   11   15
    2    8    2    1    4    0    0    1    1    0       604   15    1 CMpure     6    8    7    1
    2    9    2    1    2    0    0    2    1    1       759    6    1 CMpure    14   13
    2   10    1    1    2    1    2    2    1    0       621    8    1 CMpure     8    7
    2   11    2    1    8    0    0    1    1    0       728   13    1 CMpure     2    8    1    7    3    5    4    6
    2   12    1    1    4    1    4    1    1    1      2373    9    1 CMpure     9   10   16   14
    2   13    1    1    8    3    6    1    1    1       666   11    1 CMpure     9   15   11   13   14   16   12   10
    2   14    1    1    4    2    3    2    1    0       553    5    1 CMpure     1    5    6    4
    2   15    1    1    8    5    4    1    1    1       614   14    1 CMpure    16   15   13   12   14   11   10    9
    2   16    2    1    2    0    0    1    1    0       753   11    1 CMpure     7    4
    2   17    1    1    2    2    1    1    1    1       759   11    1 CMpure     9   11
    2   18    1    1    4    4    1    1    1    1      1314   16    1 CMpure    13    9   14   16
    2   19    2    1    2    0    0    2    1    1       754    6    1 CMpure    16   10
    2   20    1    1    2    2    1    2    1    0       792    4    1 CMpure     2    4
    2   21    1    1    2    1    2    1    1    1       861   11    1 CMpure    11   15
    2   22    2    1    4    0    0    1    1    0       756   12    1 CMpure     5    4    3    8
    2   23    2    1    8    0    0    1    1    0       714   14    1 CMpure     6    8    5    3    4    1    2    7
    2   24    2    1    4    0    0    2    1    1       662    5    1 CMpure    11   12   16   13
    3    1    2    1    2    0    0    2    1    1       509    6    1 CMpure     9   16
    3    2    1    1    8    7    2    2    1    0       605    5    1 CMpure     3    8    6    7    4    2    5    1
    3    3    1    1    2    1    2    1    1    1      1577    9    1 CMpure     9   11
    3    4    1    1    2    2    1    1    1    1       494   10    1 CMpure    14   10
    3    5    1    1    2    1    2    1    1    1       703   10    1 CMpure    10   12
    3    6    1    1    4    2    3    2    1    0       524    6    1 CMpure     7    6    5    4
    3    7    1    1    4    1    4    1    1    1       641   12    1 CMpure    12   16   15   11
    3    8    1    1    4    3    2    1    1    1       817   14    1 CMpure    15   16   14   10
    3    9    2    1    8    0    0    1    1    0       740   15    1 CMpure     1    7    8    6    5    4    2    3
    3   10    1    1    8    4    5    2    1    0      1019    7    1 CMpure     3    5    4    7    6    8    2    1
    3   11    1    1    2    1    2    1    1    1       294   12    1 CMpure    12    9
    3   12    2    1    4    0    0    2    1    1       724    1    1 CMpure    15   12   14   16
    3   13    1    1    8    4    5    1    1    1       523   12    1 CMpure    14   11   10   12   16   15   13    9
    3   14    1    1    8    8    1    2    1    0       555    6    1 CMpure     7    2    1    4    3    5    8    6
    3   15    1    1    8    6    3    2    1    0       585    2    1 CMpure     4    8    7    3    6    2    1    5
    3   16    1    1    4    2    3    2    1    0       635    4    1 CMpure     6    4    3    7
    3   17    2    1    4    0    0    2    1    1       747    2    1 CMpure    14   10   13   15
    3   18    1    1    8    3    6    1    1    1       512   12    1 CMpure    13   16   12   10   14   11    9   15
    3   19    2    1    8    0    0    1    1    0       561    9    1 CMpure     7    3    8    5    2    1    6    4
    3   20    1    1    8    3    6    1    1    1      1214   10    1 CMpure    11   16   10   15   14   13    9   12
    3   21    1    1    2    2    1    2    1    0       514    5    1 CMpure     3    5
    3   22    2    1    8    0    0    1    1    0       721   11    1 CMpure     2    8    7    3    1    6    4    5
    3   23    1    1    4    1    4    1    1    1       798   13    1 CMpure    13    9   12   16
    3   24    1    1    2    1    2    1    1    1       434   15    1 CMpure    15   14
    4    1    2    1    8    0    0    1    1    0       589   16    1 CMpure     2    4    3    7    6    8    5    1
    4    2    1    1    2    2    1    1    1    1      9401   10    1 CMpure    14   10
    4    3    2    1    2    0    0    1    1    0       822   12    1 CMpure     8    7
    4    4    2    1    4    0    0    2    1    1       830    8    1 CMpure    13   14   15   11
    4    5    1    1    4    3    2    2    1    0       758    7    1 CMpure     5    8    7    4
    4    6    2    1    4    0    0    2    1    1       705    7    1 CMpure    12   11   16   14
    4    7    2    1    2    0    0    2    1    1       857    2    1 CMpure    14   16
    4    8    2    1    4    0    0    1    1    0       641   14    1 CMpure     6    3    4    8
    4    9    1    1    8    8    1    1    1    1       508   10    1 CMpure    16    9   13   15   14   11   12   10
    4   10    1    1    4    2    3    1    1    1       513   14    1 CMpure    16   14   13    9
    4   11    1    1    8    5    4    1    1    1       689   11    1 CMpure    14    9   15   12   11   10   16   13
    4   12    1    1    8    1    8    1    1    1       537   13    1 CMpure    13   10   14   11   16   12   15    9
    4   13    1    1    8    2    7    1    1    1       616   14    1 CMpure    13   14   10   12   16    9   11   15
    4   14    2    1    8    0    0    2    1    1       835    1    1 CMpure     9   13   14   11   10   12   15   16
    4   15    2    1    8    0    0    1    1    0       694   15    1 CMpure     5    1    6    4    3    7    8    2
    4   16    1    1    8    4    5    1    1    1       607    9    1 CMpure    11   13   10    9   15   12   16   14
    4   17    1    1    8    3    6    1    1    1      1594   16    1 CMpure     9   14   16   10   13   15   12   11
    4   18    2    1    4    0    0    2    1    1       868    5    1 CMpure    10   14   16   15
    4   19    2    1    2    0    0    1    1    0      1429   14    1 CMpure     8    4
    4   20    2    1    8    0    0    1    1    0       592   14    1 CMpure     8    6    2    1    4    3    5    7
    4   21    1    1    4    1    4    2    1    0       770    6    1 CMpure     6    2    1    5
    4   22    2    1    2    0    0    1    1    0       824   11    1 CMpure     3    7
    4   23    1    1    2    1    2    1    1    1      1819   13    1 CMpure    13   15
    4   24    2    1    2    0    0    1    1    0       742   12    1 CMpure     7    1
    5    1    1    1    8    1    8    2    1    0       643    7    1 CMpure     7    3    2    4    8    5    1    6
    5    2    2    1    8    0    0    1    1    0       669   12    1 CMpure     1    3    5    7    8    2    6    4
    5    3    1    1    2    1    2    2    1    0       743    3    1 CMpure     3    6
    5    4    2    1    2    0    0    1    1    0       685   10    1 CMpure     8    3
    5    5    1    1    4    3    2    2    1    0       539    4    1 CMpure     3    6    4    1
    5    6    1    1    2    1    2    2    1    0       522    5    1 CMpure     5    1
    5    7    2    1    8    0    0    1    1    0       665   16    1 CMpure     5    6    1    3    2    7    4    8
    5    8    1    1    4    4    1    1    1    1       392   12    1 CMpure    16   15   11   12
    5    9    2    1    8    0    0    2    1    1       509    6    1 CMpure    11    9   16   12   14   10   13   15
    5   10    1    1    4    4    1    2    1    0       450    7    1 CMpure     4    1    8    7
    5   11    2    1    4    0    0    2    1    1       649    5    1 CMpure    11   10    9   16
    5   12    1    1    4    2    3    1    1    1       825   15    1 CMpure    11   15   12   13
    5   13    1    1    8    4    5    2    1    0       636    7    1 CMpure     3    4    8    7    5    1    2    6
    5   14    2    1    8    0    0    1    1    0       551    9    1 CMpure     8    3    5    7    4    1    2    6
    5   15    1    1    8    8    1    2    1    0       644    4    1 CMpure     8    5    3    2    7    1    6    4
    5   16    1    1    4    4    1    1    1    1       596   15    1 CMpure    13   11   14   15
    5   17    2    1    4    0    0    1    1    0       790   14    1 CMpure     2    8    3    6
    5   18    2    1    2    0    0    2    1    1      2010    6    1 CMpure    10   11
    5   19    2    1    4    0    0    2    1    1       628    3    1 CMpure    13   12   15   10
    5   20    2    1    8    0    0    1    1    0       831    9    1 CMpure     1    3    4    8    6    2    5    7
    5   21    1    1    2    2    1    1    1    1       530   11    1 CMpure    12   11
    5   22    1    1    4    3    2    1    1    1       566   15    1 CMpure    12   13   15    9
    5   23    2    1    8    0    0    2    1    1       595    2    1 CMpure    16   14   10   15   12   11   13    9
    5   24    2    1    2    0    0    1    1    0       575   15    1 CMpure     2    7
    6    1    1    1    4    3    2    1    1    1       594   10    1 CMpure    14   13   10   11
    6    2    2    1    8    0    0    2    1    1       575    3    1 CMpure    13    9   10   12   15   14   11   16
    6    3    1    1    4    2    3    2    0    1       434   10    1 CMpure    16   10   12   15
    6    4    1    1    2    2    1    2    1    0       452    4    1 CMpure     1    4
    6    5    1    1    8    8    1    1    1    1      1158   12    1 CMpure     9   15   13   10   11   16   14   12
    6    6    1    1    2    2    1    2    1    0       476    1    1 CMpure     6    1
    6    7    2    1    8    0    0    2    1    1       861    3    1 CMpure    16   10   12    9   14   15   13   11
    6    8    1    1    8    4    5    2    1    0      1311    5    1 CMpure     8    4    1    5    7    3    6    2
    6    9    1    1    4    1    4    1    1    1       549   13    1 CMpure    13   12    9   15
    6   10    2    1    8    0    0    1    1    0       467   12    1 CMpure     5    4    7    8    3    2    6    1
    6   11    1    1    8    3    6    1    1    1       516   14    1 CMpure     9   16   14   15   10   13   11   12
    6   12    2    1    8    0    0    1    1    0       531   12    1 CMpure     1    8    2    5    6    7    4    3
    6   13    2    1    2    0    0    1    1    0       466   14    1 CMpure     5    7
    6   14    1    1    8    2    7    2    1    0       707    6    1 CMpure     7    6    1    4    8    5    2    3
    6   15    2    1    8    0    0    2    1    1       699    8    1 CMpure    14   12   16    9   13   11   10   15
    6   16    1    1    8    1    8    2    1    0       467    5    1 CMpure     5    7    4    3    6    8    1    2
    6   17    2    1    8    0    0    1    1    0       532   12    1 CMpure     2    8    7    4    6    1    5    3
    6   18    2    1    8    0    0    2    1    1       627    5    1 CMpure     9   13   10   15   16   11   12   14
    6   19    2    1    2    0    0    2    1    1       750    3    1 CMpure    15   11
    6   20    2    1    8    0    0    2    1    1       484    7    1 CMpure    16   15   11   12   13   14   10    9
    6   21    2    1    2    0    0    2    1    1       597    2    1 CMpure    11   14
    6   22    2    1    4    0    0    2    1    1       550    7    1 CMpure    15   11   13   10
    6   23    2    1    4    0    0    1    1    0       633   14    1 CMpure     3    2    8    5
    6   24    2    1    2    0    0    2    1    1       580    7    1 CMpure    11   12
    7    1    2    1    2    0    0    2    1    1       440    3    1 CMpure    15   13
    7    2    1    1    2    1    2    2    1    0       571    6    1 CMpure     6    1
    7    3    1    1    4    3    2    1    1    1       557   14    1 CMpure    12   15   14   11
    7    4    1    1    2    1    2    2    1    0       699    4    1 CMpure     4    6
    7    5    2    1    2    0    0    1    1    0       579   12    1 CMpure     8    5
    7    6    2    1    8    0    0    2    1    1       593    8    1 CMpure    12   15   13   16    9   14   10   11
    7    7    1    1    2    1    2    1    1    1       589   15    1 CMpure    15   11
    7    8    1    1    2    1    2    1    1    1       362   16    1 CMpure    16   15
    7    9    1    1    2    2    1    1    1    1       384   12    1 CMpure     9   12
    7   10    2    1    8    0    0    2    1    1       501    1    1 CMpure     9   15   16   14   11   12   10   13
    7   11    1    1    4    2    3    2    1    0       554    6    1 CMpure     3    6    7    2
    7   12    2    1    2    0    0    1    1    0       568    9    1 CMpure     8    5
    7   13    1    1    2    1    2    1    1    1       325   11    1 CMpure    11    9
    7   14    2    1    4    0    0    2    1    1       402    4    1 CMpure    13    9   12   14
    7   15    1    1    4    3    2    2    1    0       571    1    1 CMpure     6    3    1    5
    7   16    1    1    2    1    2    1    1    1       408   12    1 CMpure    12   15
    7   17    1    1    2    1    2    2    1    0       348    6    1 CMpure     6    3
    7   18    1    1    4    3    2    2    1    0       456    5    1 CMpure     2    3    5    8
    7   19    1    1    2    1    2    1    1    1       458    9    1 CMpure     9   12
    7   20    2    1    2    0    0    1    1    0       428   16    1 CMpure     3    6
    7   21    2    1    2    0    0    1    1    0       463   15    1 CMpure     8    2
    7   22    2    1    2    0    0    1    1    0       560   13    1 CMpure     3    5
    7   23    1    1    2    1    2    1    1    1       366   15    1 CMpure    15   14
    7   24    2    1    4    0    0    1    1    0       489   13    1 CMpure     7    2    3    5
    8    1    2    1    8    0    0    2    1    1       435    3    1 CMpure    10   15    9   11   13   16   12   14
    8    2    1    1    2    2    1    2    1    0       326    7    1 CMpure     2    7
    8    3    1    1    8    6    3    1    0    0       429    5    1 CMpure     7    8    3    4    6    5    1    2
    8    4    1    1    4    3    2    1    1    1       597   10    1 CMpure    14   13   10   16
    8    5    2    1    2    0    0    2    1    1       657    1    1 CMpure    10   16
    8    6    1    1    4    3    2    2    1    0       577    2    1 CMpure     1    4    2    3
    8    7    2    1    8    0    0    1    1    0       526   13    1 CMpure     7    8    4    6    1    3    5    2
    8    8    1    1    4    3    2    2    1    0       483    8    1 CMpure     2    4    8    6
    8    9    2    1    4    0    0    2    1    1       585    6    1 CMpure    10   16   13   11
    8   10    1    1    4    1    4    2    1    0       539    3    1 CMpure     3    1    5    7
    8   11    2    1    8    0    0    2    1    1       617    5    1 CMpure    15    9   16   14   11   13   12   10
    8   12    2    1    8    0    0    1    1    0       725   11    1 CMpure     8    2    7    5    6    3    4    1
    8   13    1    1    4    1    4    1    1    1       625   12    1 CMpure    12   14   10   16
    8   14    2    1    2    0    0    1    1    0       461   16    1 CMpure     5    1
    8   15    1    1    2    1    2    1    1    1       414   14    1 CMpure    14   10
    8   16    2    1    8    0    0    1    1    0       562    9    1 CMpure     4    5    3    7    6    1    8    2
    8   17    1    1    2    2    1    2    1    0       448    1    1 CMpure     5    1
    8   18    2    1    4    0    0    2    1    1       599    5    1 CMpure     9   15   16   12
    8   19    1    1    8    7    2    1    1    1       611   14    1 CMpure    15   10   11   16   12   13   14    9
    8   20    2    1    4    0    0    2    1    1       516    7    1 CMpure    11   16   15   13
    8   21    2    1    4    0    0    1    1    0       569   11    1 CMpure     7    3    4    1
    8   22    2    1    2    0    0    1    1    0       470   13    1 CMpure     4    3
    8   23    1    1    4    1    4    2    1    0       765    5    1 CMpure     5    3    6    8
    8   24    1    1    8    4    5    2    1    0       514    6    1 CMpure     7    1    2    6    5    8    4    3
    9    1    1    1    2    2    1    1    1    1       425   12    1 CMpure    11   12
    9    2    2    1    2    0    0    2    1    1       508    7    1 CMpure    15   10
    9    3    1    1    2    2    1    2    1    0       364    3    1 CMpure     2    3
    9    4    2    1    8    0    0    2    1    1       513    6    1 CMpure    14   11   15    9   12   16   10   13
    9    5    2    1    4    0    0    2    1    1       454    7    1 CMpure    11   16    9   10
    9    6    1    1    4    3    2    1    1    1       477   11    1 CMpure     9   13   11   14
    9    7    1    1    4    3    2    2    1    0       740    1    1 CMpure     7    8    1    6
    9    8    2    1    8    0    0    2    1    1       539    8    1 CMpure    11    9   13   10   15   12   16   14
    9    9    2    1    8    0    0    2    1    1       505    5    1 CMpure    12   11   16   15   10   14   13    9
    9   10    2    1    4    0    0    2    1    1       559    1    1 CMpure    12   16   14    9
    9   11    1    1    2    1    2    2    1    0       557    2    1 CMpure     2    5
    9   12    1    1    8    3    6    2    1    0       443    7    1 CMpure     4    3    7    5    6    8    2    1
    9   13    1    1    4    2    3    2    1    0       531    1    1 CMpure     7    1    3    5
    9   14    1    1    2    2    1    1    1    1       433    9    1 CMpure    16    9
    9   15    1    1    8    1    8    2    1    0       452    1    1 CMpure     1    3    8    7    4    2    5    6
    9   16    2    1    4    0    0    1    1    0       523   12    1 CMpure     4    5    3    7
    9   17    2    1    8    0    0    2    1    1       586    3    1 CMpure     9   14   11   13   15   16   12   10
    9   18    1    1    2    2    1    1    1    1       407   13    1 CMpure     9   13
    9   19    1    1    4    4    1    1    1    1       352   15    1 CMpure    16   12   13   15
    9   20    1    1    4    4    1    1    1    1       316   16    1 CMpure    15   10   11   16
    9   21    1    1    8    5    4    1    1    1       499   16    1 CMpure    11    9   12   13   16   15   10   14
    9   22    1    1    4    4    1    1    1    1       376   13    1 CMpure    16    9   15   13
    9   23    1    1    8    3    6    1    1    1       446   15    1 CMpure     9   12   15   14   16   11   10   13
    9   24    2    1    4    0    0    1    1    0       422    9    1 CMpure     2    8    3    6
