    1    1    1    1    4    3    2    2    1    0      1487    7    1 CMpure     5    2    7    8
    1    2    1    1    8    2    7    2    1    0       741    8    1 CMpure     6    8    7    5    3    1    4    2
    1    3    2    1    8    0    0    2    1    1      1090   16    1 CMpure    11   15   16   14   10   13    9   12
    1    4    2    1    4    0    0    1    1    0       865   13    1 CMpure     3    6    1    8
    1    5    1    1    4    2    3    2    1    0       744    5    1 CMpure     7    5    1    4
    1    6    2    1    2    0    0    2    1    1      1742   14    1 CMpure    15   16
    1    7    1    1    4    1    4    2    1    0      1443    7    1 CMpure     7    3    8    4
    1    8    1    1    4    1    4    2    0    1      1411    3    1 CMpure    11   14   13   15
    1    9    1    1    8    4    5    2    1    0       735    4    1 CMpure     8    1    6    4    3    7    2    5
    1   10    1    1    4    2    3    1    1    1      1179    8    1 CMpure    15   16   12    9
    1   11    1    1    4    1    4    1    1    1      1606    8    1 CMpure    16   13   10   14
    1   12    1    1    2    2    1    2    1    0       490    5    1 CMpure     4    5
    1   13    2    1    2    0    0    2    1    1       875   14    1 CMpure    11   13
    1   14    2    1    4    0    0    2    1    1       674   15    1 CMpure    16   15   14   10
    1   15    1    1    2    2    1    1    1    1       651    1    1 CMpure    14    9
    1   16    2    1    8    0    0    2    1    1       758   13    1 CMpure    13   11    9   10   15   12   14   16
    1   17    1    1    8    8    1    1    1    1       748    8    1 CMpure    10    9   14   15   13   12   11   16
    1   18    2    1    4    0    0    1    1    0       936   13    1 CMpure     4    5    6    7
    1   19    2    1    2    0    0    2    1    1       630   11    1 CMpure    12   13
    1   20    1    1    8    1    8    1    1    1       946    8    1 CMpure    16   11   14   10   15   12    9   13
    1   21    1    1    4    2    3    1    1    1      1862    3    1 CMpure    15   11   14    9
    1   22    2    1    4    0    0    1    1    0       614   14    1 CMpure     7    4    2    8
    1   23    2    1    4    0    0    2    1    1       519    9    1 CMpure    12   10   13   14
    1   24    2    1    8    0    0    1    1    0       775   14    1 CMpure     8    7    1    3    6    4    5    2
    2    1    2    1    2    0    0    2    1    1       644   13    1 CMpure    12   14
    2    2    2    1    8    0    0    1    0    1       895   16    1 CMpure     9   12   15   14   16   13   11   10
    2    3    2    1    4    0    0    1    1    0      1909   13    1 CMpure     8    4    7    3
    2    4    2    1    4    0    0    2    1    1       611   14    1 CMpure    12   15    9   13
    2    5    1    1    8    7    2    2    1    0      1375    1    1 CMpure     6    2    3    5    8    7    1    4
    2    6    1    1    8    1    8    1    1    1       717    2    1 CMpure    10   15    9   16   14   11   12   13
    2    7    1    1    8    7    2    2    1    0       549    2    1 CMpure     4    5    7    3    1    8    2    6
    2    8    2    1    8    0    0    1    1    0       547    9    1 CMpure     3    6    8    5    2    1    4    7
    2    9    2    1    8    0    0    2    1    1       962   12    1 CMpure    10   13   16    9   12   11   14   15
    2   10    2    1    8    0    0    1    1    0       560    9    1 CMpure     5    1    4    3    6    2    8    7
    2   11    2    1    4    0    0    2    1    1       611   11    1 CMpure    11    9   10   14
    2   12    1    1    2    2    1    1    1    1       624    7    1 CMpure    11   15
    2   13    1    1    2    1    2    1    0    0       683    3    1 CMpure     3    8
    2   14    1    1    4    3    2    2    1    0      1017    6    1 CMpure     2    3    6    8
    2   15    2    1    8    0    0    1    1    0       709   12    1 CMpure     1    7    6    4    3    8    2    5
    2   16    2    1    2    0    0    2    1    1       685   12    1 CMpure    10   15
    2   17    2    1    2    0    0    2    1    1      1350   11    1 CMpure    16   13
    2   18    2    1    8    0    0    1    1    0       532   15    1 CMpure     8    5    3    6    7    4    1    2
    2   19    2    1    8    0    0    1    1    0       963   11    1 CMpure     2    5    4    6    3    7    8    1
    2   20    1    1    4    4    1    2    1    0       535    5    1 CMpure     8    3    7    5
    2   21    2    1    8    0    0    2    1    1       598   10    1 CMpure    10   14    9   12   16   11   15   13
    2   22    1    1    8    3    6    2    0    1       979    6    1 CMpure    11   15   14   16    9   13   12   10
    2   23    2    1    2    0    0    1    1    0       592   15    1 CMpure     1    2
    2   24    2    1    4    0    0    2    1    1       530   12    1 CMpure    14   11   16   10
    3    1    2    1    4    0    0    1    0    1       779   12    1 CMpure    13   14   12   10
    3    2    1    1    4    1    4    1    1    1       806    4    1 CMpure    12   10   15   16
    3    3    1    1    8    6    3    2    1    0       714    3    1 CMpure     8    4    5    1    6    3    7    2
    3    4    1    1    8    8    1    2    1    0       658    7    1 CMpure     1    3    6    2    5    4    8    7
    3    5    2    1    2    0    0    1    1    0       956   16    1 CMpure     5    7
    3    6    2    1    8    0    0    2    1    1       811   11    1 CMpure    12    9   16   14   11   10   15   13
    3    7    1    1    8    4    5    1    0    0       767    4    1 CMpure     6    7    1    4    5    8    2    3
    3    8    2    1    4    0    0    1    1    0       714   11    1 CMpure     2    1    5    8
    3    9    2    1    2    0    0    1    1    0       610   15    1 CMpure     8    7
    3   10    1    1    8    5    4    2    1    0       991    8    1 CMpure     6    1    5    4    8    2    3    7
    3   11    2    1    8    0    0    2    1    1       651   12    1 CMpure    10   12   11   16    9   14   15   13
    3   12    2    1    4    0    0    2    1    1       523   16    1 CMpure    14   13   10   11
    3   13    1    1    2    2    1    2    1    0      3914    2    1 CMpure     5    2
    3   14    1    1    2    2    1    2    1    0       514    6    1 CMpure     1    6
    3   15    2    1    4    0    0    2    1    1       600   12    1 CMpure    11   15   10    9
    3   16    1    1    4    2    3    2    1    0       601    8    1 CMpure     3    8    1    4
    3   17    2    1    2    0    0    2    1    1      1173   13    1 CMpure    10    9
    3   18    1    1    4    4    1    1    1    1       576    3    1 CMpure    15    9   16   11
    3   19    2    1    8    0    0    1    1    0       782   16    1 CMpure     1    3    7    4    8    5    6    2
    3   20    1    1    2    2    1    1    1    1       643    4    1 CMpure    13   12
    3   21    1    1    4    3    2    2    1    0       659    3    1 CMpure     1    2    3    5
    3   22    2    1    8    0    0    2    1    1       733   11    1 CMpure    12   13   15   10   16    9   14   11
    3   23    1    1    8    5    4    1    1    1       868    7    1 CMpure    13   16   12   11   15    9   14   10
    3   24    1    1    8    4    5    2    1    0       614    1    1 CMpure     8    4    6    1    2    7    5    3
    4    1    2    1    4    0    0    1    1    0       423   14    1 CMpure     5    4    3    2
    4    2    1    1    8    2    7    1    1    1      1515    6    1 CMpure     9   14   15   16   11   10   13   12
    4    3    2    1    4    0    0    1    1    0       776   11    1 CMpure     4    8    5    7
    4    4    1    1    2    2    1    1    1    1       702    8    1 CMpure    15   16
    4    5    1    1    2    1    2    1    1    1       677    4    1 CMpure    12   11
    4    6    2    1    4    0    0    1    1    0       580   12    1 CMpure     8    6    2    4
    4    7    1    1    8    3    6    1    1    1       738    8    1 CMpure    15   10   16   14   12   11    9   13
    4    8    2    1    2    0    0    1    1    0       665   16    1 CMpure     7    6
    4    9    2    1    8    0    0    1    1    0      1138    9    1 CMpure     4    6    1    8    7    2    5    3
    4   10    2    1    4    0    0    1    1    0      1775   16    1 CMpure     6    5    7    1
    4   11    2    1    2    0    0    1    1    0       652   10    1 CMpure     8    1
    4   12    2    1    8    0    0    2    1    1       705   10    1 CMpure    12   15   10   13   14   11   16    9
    4   13    2    1    8    0    0    2    1    1       457   12    1 CMpure    13   15   10   11   14    9   16   12
    4   14    2    1    2    0    0    2    1    1       603   13    1 CMpure    12   10
    4   15    1    1    8    2    7    1    1    1       760    4    1 CMpure    16   12   11    9   13   15   10   14
    4   16    2    1    8    0    0    1    1    0       606   16    1 CMpure     6    2    7    1    4    5    3    8
    4   17    2    1    2    0    0    2    1    1       570   10    1 CMpure    10   13
    4   18    2    1    2    0    0    2    1    1       536   11    1 CMpure    14   15
    4   19    1    1    2    1    2    1    1    1       887    6    1 CMpure    14   11
    4   20    1    1    2    2    1    1    1    1       567    7    1 CMpure    14   15
    4   21    1    1    4    2    3    2    1    0       522    6    1 CMpure     1    6    8    7
    4   22    2    1    8    0    0    2    1    1       570   11    1 CMpure     9   15   14   16   10   11   12   13
    4   23    2    1    8    0    0    1    1    0       791   14    1 CMpure     5    6    8    3    2    4    7    1
    4   24    2    1    2    0    0    2    1    1       476   10    1 CMpure    14    9
    5    1    2    1    8    0    0    1    1    0       557   10    1 CMpure     1    7    4    8    3    2    5    6
    5    2    2    1    8    0    0    1    1    0       604   11    1 CMpure     3    8    6    4    7    2    5    1
    5    3    1    1    2    2    1    2    1    0       504    5    1 CMpure     2    5
    5    4    1    1    8    1    8    1    1    1      2072    8    1 CMpure    16   10   13    9   14   15   11   12
    5    5    2    1    4    0    0    1    1    0       575   14    1 CMpure     6    5    2    7
    5    6    2    1    8    0    0    1    1    0       493    9    1 CMpure     7    1    8    3    4    5    6    2
    5    7    1    1    2    1    2    1    1    1       877    7    1 CMpure    15   11
    5    8    2    1    2    0    0    1    1    0       623    9    1 CMpure     7    2
    5    9    2    1    8    0    0    1    1    0       618   13    1 CMpure     1    6    8    2    7    5    4    3
    5   10    1    1    8    2    7    2    1    0      1142    6    1 CMpure     3    6    8    2    1    5    7    4
    5   11    1    1    8    1    8    2    1    0       716    1    1 CMpure     1    3    7    6    2    8    4    5
    5   12    2    1    8    0    0    1    0    1       452   15    1 CMpure    15   10   13   14   12    9   16   11
    5   13    1    1    2    2    1    1    1    1       582    4    1 CMpure    16   12
    5   14    1    1    2    2    1    1    1    1       419    5    1 CMpure    15   13
    5   15    2    1    8    0    0    2    1    1       551   13    1 CMpure    11   14   16   13   12   10   15    9
    5   16    2    1    8    0    0    2    1    1       501   12    1 CMpure     9   12   11   10   16   15   14   13
    5   17    2    1    8    0    0    2    1    1       581    9    1 CMpure     9   16   15   13   10   11   12   14
    5   18    2    1    4    0    0    1    1    0       551   14    1 CMpure     5    8    2    4
    5   19    1    1    8    4    5    2    1    0       613    3    1 CMpure     8    2    5    3    1    4    7    6
    5   20    2    1    2    0    0    2    1    1       689   11    1 CMpure    13   14
    5   21    1    1    2    1    2    2    1    0       362    7    1 CMpure     7    3
    5   22    1    1    4    2    3    1    1    1      1269    1    1 CMpure    11    9   12   16
    5   23    1    1    8    1    8    2    1    0       775    7    1 CMpure     7    1    2    4    8    3    6    5
    5   24    1    1    4    4    1    1    1    1       673    3    1 CMpure    15   14   16   11
    6    1    1    1    4    2    3    2    1    0       995    8    1 CMpure     2    8    4    6
    6    2    2    1    2    0    0    2    1    1       608   16    1 CMpure    15   14
    6    3    1    1    8    5    4    2    1    0       556    3    1 CMpure     6    7    4    1    3    5    8    2
    6    4    1    1    2    2    1    1    1    1       634    7    1 CMpure    12   15
    6    5    1    1    8    2    7    1    1    1       805    3    1 CMpure    14   11   10    9   13   15   12   16
    6    6    2    1    2    0    0    2    1    1       521   16    1 CMpure    15   11
    6    7    1    1    2    1    2    2    1    0      1064    3    1 CMpure     3    1
    6    8    2    1    2    0    0    1    1    0       818   10    1 CMpure     4    5
    6    9    1    1    8    4    5    2    1    0       565    3    1 CMpure     7    6    8    3    5    4    1    2
    6   10    1    1    2    2    1    1    1    1       594    7    1 CMpure    16   15
    6   11    1    1    8    6    3    1    1    1       816    4    1 CMpure     9   16   10   13   14   12   11   15
    6   12    2    1    2    0    0    2    1    1       499   10    1 CMpure    12   11
    6   13    2    1    2    0    0    2    1    1       675   15    1 CMpure     9   10
    6   14    2    1    2    0    0    2    1    1       620   10    1 CMpure    16    9
    6   15    1    1    2    1    2    2    1    0      1144    6    1 CMpure     6    8
    6   16    1    1    4    3    2    1    1    1       676    2    1 CMpure     9   12   10   13
    6   17    2    1    4    0    0    1    1    0      1123   13    1 CMpure     5    6    3    7
    6   18    2    1    4    0    0    2    1    1      1280   12    1 CMpure    14   12   15   10
    6   19    2    1    4    0    0    1    1    0       918   10    1 CMpure     4    2    7    6
    6   20    2    1    4    0    0    1    1    0      1146   14    1 CMpure     8    3    2    6
    6   21    2    1    8    0    0    2    1    1       593   16    1 CMpure    13   14   15   10   11   12    9   16
    6   22    2    1    8    0    0    2    1    1      3134   10    1 CMpure    12   13   15   14   11   16   10    9
    6   23    2    1    2    0    0    1    1    0       868   16    1 CMpure     4    8
    6   24    2    1    2    0    0    1    1    0      1062   13    1 CMpure     7    5
    7    1    2    1    2    0    0    2    1    1       472   16    1 CMpure    10   14
    7    2    2    1    4    0    0    1    1    0       767   13    1 CMpure     3    1    4    8
    7    3    1    1    8    7    2    2    1    0       645    8    1 CMpure     5    3    4    1    7    2    8    6
    7    4    1    1    4    2    3    2    1    0       997    3    1 CMpure     5    3    7    1
    7    5    1    1    8    7    2    2    1    0       785    6    1 CMpure     3    4    8    2    1    5    6    7
    7    6    1    1    8    1    8    2    1    0      1542    3    1 CMpure     3    2    8    5    7    1    4    6
    7    7    1    1    2    1    2    1    1    1       748    7    1 CMpure    15    9
    7    8    2    1    8    0    0    2    1    1       563   14    1 CMpure    12   11   10   16    9   15   14   13
    7    9    1    1    8    7    2    1    1    1       801    3    1 CMpure    16   15   14   13    9   12   11   10
    7   10    1    1    4    2    3    2    1    0       971    8    1 CMpure     3    8    4    1
    7   11    1    1    4    3    2    2    1    0       973    4    1 CMpure     5    3    4    7
    7   12    2    1    8    0    0    1    1    0      1723    9    1 CMpure     8    5    6    7    3    4    1    2
    7   13    2    1    8    0    0    1    1    0      1963   14    1 CMpure     1    8    7    2    5    6    4    3
    7   14    2    1    2    0    0    2    1    1      1088   15    1 CMpure    15   13
    7   15    1    1    8    6    3    1    1    1      1273    5    1 CMpure    15    9   14   12   10   13   16   11
    7   16    1    1    8    5    4    1    1    1      1179    7    1 CMpure    14   11   13   12   15    9   10   16
    7   17    1    1    2    2    1    1    1    1       465    3    1 CMpure     9   11
    7   18    2    1    2    0    0    2    1    1       466   11    1 CMpure    12   10
    7   19    2    1    2    0    0    1    1    0       900   10    1 CMpure     7    6
    7   20    1    1    2    2    1    2    1    0       292    7    1 CMpure     3    7
    7   21    1    1    8    3    6    1    1    1      1228    5    1 CMpure    16   10   13   14   12   15   11    9
    7   22    2    1    4    0    0    1    1    0       629   16    1 CMpure     2    6    5    1
    7   23    2    1    8    0    0    2    1    1       865    9    1 CMpure    15    9   12   13   14   11   16   10
    7   24    2    1    2    0    0    2    0    0      1043   14    1 CMpure     2    5
    8    1    2    1    8    0    0    1    1    0       846   11    1 CMpure     1    3    5    2    6    8    7    4
    8    2    1    1    4    3    2    1    1    1      1030    4    1 CMpure    15   10   12   11
    8    3    2    1    4    0    0    1    1    0       982   15    1 CMpure     3    2    1    8
    8    4    1    1    4    4    1    2    1    0       808    3    1 CMpure     7    1    5    3
    8    5    2    1    8    0    0    1    1    0       956   10    1 CMpure     2    1    7    4    3    5    6    8
    8    6    2    1    2    0    0    2    1    1      2554   13    1 CMpure    11   12
    8    7    1    1    2    2    1    2    1    0      2472    5    1 CMpure     8    5
    8    8    2    1    8    0    0    2    1    1       442   10    1 CMpure    11   13   14   12   15   10    9   16
    8    9    2    1    4    0    0    1    1    0      2386   11    1 CMpure     8    4    2    7
    8   10    2    1    4    0    0    2    1    1      1820    9    1 CMpure    14   16   15   11
    8   11    2    1    8    0    0    1    1    0       696   15    1 CMpure     4    7    3    5    6    1    2    8
    8   12    2    1    2    0    0    1    1    0       881   13    1 CMpure     3    1
    8   13    1    1    8    4    5    1    1    1       866    5    1 CMpure    15   11    9   13   12   10   14   16
    8   14    1    1    8    6    3    1    1    1       660    4    1 CMpure    15    9   14   16   10   12   13   11
    8   15    2    1    8    0    0    2    1    1       670   12    1 CMpure    16    9   13   11   10   15   14   12
    8   16    2    1    2    0    0    2    1    1       664   14    1 CMpure    15    9
    8   17    2    1    4    0    0    2    1    1       774   11    1 CMpure     9   14   15   13
    8   18    2    1    4    0    0    2    1    1       625   16    1 CMpure    10   15   13   16
    8   19    1    1    4    2    3    1    0    0      1282    8    1 CMpure     4    8    7    5
    8   20    1    1    8    1    8    1    1    1       787    4    1 CMpure    12    9   16   11   15   13   14   10
    8   21    1    1    8    1    8    1    1    1       808    7    1 CMpure    15   11   13    9   16   14   10   12
    8   22    2    1    2    0    0    2    1    1       604    9    1 CMpure    11   15
    8   23    1    1    8    4    5    1    1    1       745    8    1 CMpure    15   10   11   16   14   13   12    9
    8   24    1    1    2    2    1    1    1    1      2831    3    1 CMpure    15   11
    9    1    1    1    2    2    1    1    1    1       927    6    1 CMpure    10   14
    9    2    2    1    2    0    0    1    1    0       430   10    1 CMpure     6    1
    9    3    1    1    8    4    5    1    1    1       497    6    1 CMpure    15    9   12   14   11   16   10   13
    9    4    1    1    8    2    7    1    1    1       834    6    1 CMpure    13   14   12   15   16   11    9   10
    9    5    1    1    8    1    8    2    1    0      1701    2    1 CMpure     2    6    4    8    7    5    1    3
    9    6    2    1    8    0    0    1    1    0       629   12    1 CMpure     8    2    1    3    7    4    6    5
    9    7    1    1    2    2    1    1    1    1      3920    8    1 CMpure    12   16
    9    8    2    1    2    0    0    2    1    1       840   15    1 CMpure    14   10
    9    9    2    1    4    0    0    1    1    0      1728   14    1 CMpure     2    7    4    6
    9   10    1    1    2    2    1    1    1    1      3680    8    1 CMpure    10   16
    9   11    1    1    2    2    1    2    1    0      1552    7    1 CMpure     4    7
    9   12    1    1    8    6    3    2    1    0       903    5    1 CMpure     7    3    1    4    6    5    8    2
    9   13    2    1    2    0    0    2    1    1      3639    9    1 CMpure     9   12
    9   14    2    1    2    0    0    2    1    1       986   13    1 CMpure    16   11
    9   15    2    1    4    0    0    2    1    1       812   15    1 CMpure    10   11    9   14
    9   16    1    1    8    5    4    2    1    0       593    6    1 CMpure     1    2    3    5    6    4    8    7
    9   17    1    1    2    1    2    1    1    1      4701    8    1 CMpure    16   13
    9   18    2    1    8    0    0    2    1    1      1030    9    1 CMpure    15   16    9   10   14   12   11   13
    9   19    2    1    2    0    0    1    1    0       737   13    1 CMpure     3    7
    9   20    1    1    8    8    1    2    1    0       823    2    1 CMpure     6    8    4    3    5    1    7    2
    9   21    2    1    8    0    0    1    1    0       843    9    1 CMpure     8    5    4    2    6    1    3    7
    9   22    2    1    2    0    0    1    1    0      2382   16    1 CMpure     1    8
    9   23    2    1    2    0    0    2    1    1      4851   11    1 CMpure    12   15
    9   24    2    1    4    0    0    1    1    0       890   12    1 CMpure     4    6    3    8
