    1    1    1    1    2    1    2    1    1    1      2973   11    1 CMpure    11    9
    1    2    1    1    4    3    2    1    1    1       892   11    1 CMpure     9   12   11   15
    1    3    1    1    2    2    1    1    1    1       925   15    1 CMpure     9   15
    1    4    2    1    4    0    0    2    1    1      3807    6    1 CMpure    12   11   14   15
    1    5    2    1    8    0    0    1    1    0      8329   11    1 CMpure     1    5    7    6    4    2    8    3
    1    6    2    1    4    0    0    2    0    0      1190   13    1 CMpure     2    4    8    5
    1    7    2    1    4    0    0    2    1    1      1632    1    1 CMpure    10   11   14   13
    1    8    1    1    8    3    6    1    1    1      1027   15    1 CMpure    10    9   15   11   12   13   14   16
    1    9    1    1    8    7    2    1    1    1       863   13    1 CMpure    11   10   15    9   12   14   13   16
    1   10    2    1    2    0    0    1    1    0      1217    9    1 CMpure     7    5
    1   11    2    1    8    0    0    1    1    0       821   12    1 CMpure     7    4    3    6    2    5    1    8
    1   12    2    1    8    0    0    1    1    0       936    9    1 CMpure     8    6    3    1    2    7    5    4
    1   13    1    1    2    1    2    1    1    1      1111   10    1 CMpure    10   13
    1   14    2    1    8    0    0    2    0    0      1183   10    1 CMpure     1    7    5    4    3    8    6    2
    1   15    1    1    8    1    8    1    1    1       469   10    1 CMpure    10   14   11    9   12   13   16   15
    1   16    2    1    4    0    0    2    1    1       843    7    1 CMpure    15   10    9   11
    1   17    2    1    2    0    0    1    1    0       558   16    1 CMpure     2    4
    1   18    1    1    4    4    1    1    1    1       770   10    1 CMpure    14   13   15   10
    1   19    1    1    2    2    1    2    1    0       599    7    1 CMpure     8    7
    1   20    2    1    2    0    0    1    1    0       707    9    1 CMpure     8    3
    1   21    2    1    2    0    0    1    1    0       636   13    1 CMpure     2    3
    1   22    2    1    2    0    0    2    1    1      1030    8    1 CMpure    12   15
    1   23    1    1    4    1    4    1    1    1      1719   16    1 CMpure    16   10   12   11
    1   24    1    1    2    1    2    2    1    0       807    8    1 CMpure     8    7
    2    1    1    1    4    4    1    1    1    1       415   15    1 CMpure    13   16   11   15
    2    2    1    1    2    2    1    2    1    0       418    3    1 CMpure     7    3
    2    3    1    1    4    2    3    1    1    1       843   10    1 CMpure    15   10    9   12
    2    4    2    1    2    0    0    2    1    1      1758    5    1 CMpure    16   10
    2    5    1    1    2    2    1    2    1    0       540    5    1 CMpure     8    5
    2    6    1    1    2    1    2    2    1    0       475    6    1 CMpure     6    3
    2    7    1    1    4    3    2    2    1    0       610    8    1 CMpure     7    4    8    5
    2    8    1    1    4    4    1    1    1    1       500   12    1 CMpure    16   11    9   12
    2    9    2    1    8    0    0    2    0    0      1124   11    1 CMpure     3    8    7    1    6    4    2    5
    2   10    1    1    4    4    1    2    1    0       657    2    1 CMpure     8    6    4    2
    2   11    2    1    2    0    0    2    1    1      1835    5    1 CMpure    12   16
    2   12    2    1    2    0    0    1    1    0       630   10    1 CMpure     7    5
    2   13    2    1    4    0    0    2    1    1      1175    2    1 CMpure    16   14   15   13
    2   14    1    1    8    3    6    2    1    0      1196    3    1 CMpure     8    4    3    2    6    5    7    1
    2   15    1    1    8    1    8    1    1    1      1233   11    1 CMpure    11   12    9   13   15   10   14   16
    2   16    2    1    2    0    0    1    1    0       644    9    1 CMpure     6    8
    2   17    2    1    4    0    0    2    1    1       884    2    1 CMpure    10   14   12   11
    2   18    1    1    8    2    7    1    1    1       501   10    1 CMpure    12   10   11    9   16   14   13   15
    2   19    2    1    8    0    0    2    0    0      1606   14    1 CMpure     3    2    1    4    7    5    8    6
    2   20    2    1    4    0    0    2    1    1      1487    4    1 CMpure    10   15   11   13
    2   21    1    1    2    2    1    1    1    1       744   16    1 CMpure     9   16
    2   22    2    1    4    0    0    1    1    0       644   11    1 CMpure     4    6    7    8
    2   23    1    1    4    1    4    1    1    1       948   15    1 CMpure    15   10    9   13
    2   24    2    1    4    0    0    2    1    1       984    5    1 CMpure    10   13   16   14
    3    1    1    1    2    1    2    2    1    0       765    3    1 CMpure     3    4
    3    2    1    1    4    1    4    2    1    0       664    4    1 CMpure     4    7    5    3
    3    3    1    1    8    7    2    1    1    1      1026   15    1 CMpure    14   16   12   11   13   10   15    9
    3    4    1    1    4    3    2    1    1    1       547   13    1 CMpure    10   12   13   11
    3    5    2    1    2    0    0    2    1    1       754    2    1 CMpure    14   11
    3    6    1    1    4    1    4    2    1    0       477    2    1 CMpure     2    4    3    5
    3    7    2    1    8    0    0    1    0    1       799    2    1 CMpure    12    9   16   14   10   11   13   15
    3    8    1    1    8    8    1    2    1    0       627    1    1 CMpure     3    7    2    8    5    6    4    1
    3    9    2    1    2    0    0    1    1    0       671   12    1 CMpure     3    5
    3   10    1    1    8    8    1    2    1    0       600    6    1 CMpure     8    3    2    4    5    7    1    6
    3   11    1    1    2    1    2    1    1    1       788    9    1 CMpure     9   11
    3   12    2    1    2    0    0    1    1    0       569   11    1 CMpure     1    8
    3   13    1    1    2    2    1    2    1    0       503    3    1 CMpure     4    3
    3   14    2    1    2    0    0    1    1    0       455   15    1 CMpure     5    7
    3   15    2    1    4    0    0    1    1    0       559    9    1 CMpure     4    8    7    6
    3   16    2    1    4    0    0    1    1    0       962   15    1 CMpure     7    4    6    5
    3   17    2    1    8    0    0    1    1    0       864   15    1 CMpure     8    1    4    3    7    2    5    6
    3   18    1    1    4    4    1    1    1    1       743   15    1 CMpure    12   13   11   15
    3   19    1    1    8    1    8    1    1    1       830   16    1 CMpure    16   14   15   12   13    9   10   11
    3   20    1    1    4    4    1    1    1    1       423    9    1 CMpure    11   10   15    9
    3   21    2    1    8    0    0    2    1    1       891    1    1 CMpure    15   10   11   12   14    9   13   16
    3   22    1    1    4    3    2    1    1    1       897   16    1 CMpure    11   15   16   14
    3   23    2    1    8    0    0    1    1    0      2178   16    1 CMpure     7    8    1    6    2    4    5    3
    3   24    1    1    4    2    3    2    1    0      1397    4    1 CMpure     7    4    5    2
    4    1    2    1    2    0    0    1    1    0       486   10    1 CMpure     5    3
    4    2    2    1    8    0    0    2    1    1       839    8    1 CMpure     9   12   14   15   11   13   10   16
    4    3    2    1    2    0    0    1    1    0       634   13    1 CMpure     2    5
    4    4    2    1    8    0    0    1    1    0       613    9    1 CMpure     7    6    3    5    4    1    2    8
    4    5    2    1    2    0    0    2    1    1       641    1    1 CMpure    11   14
    4    6    1    1    8    4    5    1    1    1       668   12    1 CMpure    14    9   11   12   16   13   15   10
    4    7    1    1    4    3    2    1    1    1       618   16    1 CMpure    11   15   16   14
    4    8    1    1    8    2    7    1    1    1      1110   13    1 CMpure    12   13   16   11   15   10   14    9
    4    9    1    1    2    1    2    2    1    0       446    2    1 CMpure     2    3
    4   10    1    1    2    2    1    2    1    0       449    5    1 CMpure     7    5
    4   11    1    1    8    5    4    1    1    1       595   13    1 CMpure    16   10   14    9   13   15   11   12
    4   12    1    1    4    2    3    2    1    0       598    6    1 CMpure     2    6    3    7
    4   13    1    1    4    2    3    2    1    0       616    8    1 CMpure     1    8    7    4
    4   14    1    1    8    5    4    2    1    0      2372    5    1 CMpure     4    7    2    1    5    3    6    8
    4   15    1    1    8    4    5    1    1    1       617   11    1 CMpure    14   12    9   11   16   10   15   13
    4   16    2    1    4    0    0    1    1    0       970   13    1 CMpure     7    2    4    1
    4   17    1    1    4    1    4    2    1    0       525    6    1 CMpure     6    1    7    5
    4   18    2    1    8    0    0    1    1    0      1149    9    1 CMpure     2    3    6    5    8    4    1    7
    4   19    2    1    2    0    0    1    1    0      2146   14    1 CMpure     4    1
    4   20    1    1    2    2    1    1    1    1       673   16    1 CMpure    13   16
    4   21    1    1    2    2    1    2    1    0       459    6    1 CMpure     1    6
    4   22    1    1    8    6    3    1    1    1       605   16    1 CMpure    10   12   15   14    9   16   11   13
    4   23    1    1    8    3    6    1    1    1       490   11    1 CMpure    16   12   11    9   14   13   10   15
    4   24    2    1    4    0    0    1    1    0       704   10    1 CMpure     3    8    1    6
    5    1    2    1    4    0    0    1    1    0       458   10    1 CMpure     6    5    3    4
    5    2    2    1    4    0    0    2    1    1       641    6    1 CMpure    10   12    9   11
    5    3    1    1    4    1    4    2    1    0       689    4    1 CMpure     4    3    1    7
    5    4    1    1    4    4    1    2    1    0       463    8    1 CMpure     4    6    1    8
    5    5    1    1    8    5    4    1    1    1       354   10    1 CMpure     9   13   12   14   10   11   15   16
    5    6    2    1    8    0    0    2    1    1       632    3    1 CMpure    13   12   14    9   15   10   16   11
    5    7    1    1    8    5    4    1    1    1       483   12    1 CMpure     9   13   10   11   12   15   14   16
    5    8    2    1    4    0    0    2    1    1       601    6    1 CMpure    16   15   14   10
    5    9    2    1    2    0    0    2    1    1       630    5    1 CMpure    12    9
    5   10    2    1    8    0    0    2    1    1       513    7    1 CMpure    14   16    9   10   13   12   11   15
    5   11    2    1    8    0    0    1    1    0       865   10    1 CMpure     6    7    2    5    1    8    3    4
    5   12    1    1    4    2    3    2    1    0       760    2    1 CMpure     3    2    5    8
    5   13    2    1    8    0    0    2    1    1       495    7    1 CMpure    16   13   10   12   15   14    9   11
    5   14    1    1    8    1    8    1    1    1       703   15    1 CMpure    15   16   13    9   11   10   12   14
    5   15    2    1    8    0    0    2    1    1       680    1    1 CMpure    14   16   15   12   13    9   11   10
    5   16    1    1    8    4    5    1    1    1       562   16    1 CMpure    12   10    9   16   15   13   14   11
    5   17    1    1    2    1    2    1    1    1      1168   16    1 CMpure    16   13
    5   18    2    1    2    0    0    2    1    1       645    4    1 CMpure    13   11
    5   19    2    1    4    0    0    2    1    1       789    8    1 CMpure    16   12    9   13
    5   20    1    1    2    2    1    2    1    0       602    5    1 CMpure     1    5
    5   21    2    1    8    0    0    2    1    1       662    8    1 CMpure     9   14   13   12   16   10   11   15
    5   22    1    1    4    4    1    1    1    1       598    9    1 CMpure    10   14   11    9
    5   23    2    1    2    0    0    1    1    0       626   15    1 CMpure     7    6
    5   24    2    1    2    0    0    2    1    1       510    3    1 CMpure    16   14
    6    1    2    1    8    0    0    1    1    0       777   13    1 CMpure     2    8    4    3    7    1    6    5
    6    2    2    1    2    0    0    1    1    0       398   14    1 CMpure     8    5
    6    3    1    1    8    6    3    2    1    0       499    4    1 CMpure     5    2    6    1    3    4    8    7
    6    4    2    1    2    0    0    2    1    1       659    5    1 CMpure    13   14
    6    5    1    1    8    3    6    1    1    1      1293   12    1 CMpure    16   14   12   10    9   11   13   15
    6    6    1    1    8    4    5    1    1    1       878   16    1 CMpure    13   10   15   16   14    9   11   12
    6    7    2    1    8    0    0    1    1    0       736   16    1 CMpure     2    3    7    4    6    8    1    5
    6    8    2    1    8    0    0    1    1    0       599    9    1 CMpure     5    3    2    8    7    6    1    4
    6    9    2    1    2    0    0    1    1    0       499   14    1 CMpure     1    7
    6   10    1    1    4    1    4    1    1    1       760   14    1 CMpure    14   13   15    9
    6   11    1    1    4    2    3    2    1    0       628    6    1 CMpure     8    6    3    2
    6   12    2    1    4    0    0    2    1    1       629    1    1 CMpure     9   14   16   15
    6   13    1    1    8    8    1    1    1    1       720   13    1 CMpure    15   14   11    9   16   12   10   13
    6   14    2    1    8    0    0    2    1    1       472    1    1 CMpure    13   10    9   11   15   12   14   16
    6   15    2    1    2    0    0    1    1    0       473   15    1 CMpure     7    8
    6   16    2    1    8    0    0    2    1    1      1291    8    1 CMpure    13   14   10   15   11    9   16   12
    6   17    1    1    8    5    4    1    1    1       556   12    1 CMpure     9   16   11   14   12   13   10   15
    6   18    2    1    2    0    0    1    1    0       474   10    1 CMpure     1    5
    6   19    2    1    4    0    0    2    1    1       545    3    1 CMpure    16   13   10   11
    6   20    2    1    2    0    0    1    1    0       656   14    1 CMpure     7    8
    6   21    1    1    8    1    8    2    1    0       634    1    1 CMpure     1    5    6    2    4    8    7    3
    6   22    1    1    8    7    2    2    1    0       645    6    1 CMpure     4    3    2    1    5    7    6    8
    6   23    1    1    2    2    1    1    1    1      2144   16    1 CMpure    13   16
    6   24    2    1    8    0    0    1    1    0       943   11    1 CMpure     1    2    8    5    7    4    6    3
    7    1    2    1    8    0    0    1    1    0       534   12    1 CMpure     3    7    1    5    8    4    2    6
    7    2    1    1    8    4    5    1    1    1       565   15    1 CMpure    10   13   16   15   11   12    9   14
    7    3    2    1    8    0    0    1    1    0       962   15    1 CMpure     3    5    6    7    4    8    1    2
    7    4    1    1    8    4    5    2    1    0       688    4    1 CMpure     8    7    3    4    6    5    2    1
    7    5    1    1    4    2    3    2    1    0       623    7    1 CMpure     6    7    5    4
    7    6    1    1    2    2    1    2    1    0       410    5    1 CMpure     8    5
    7    7    2    1    4    0    0    2    1    1       644    5    1 CMpure    10   14   13   12
    7    8    1    1    2    2    1    2    1    0      3502    2    1 CMpure     6    2
    7    9    2    1    4    0    0    2    1    1       572    5    1 CMpure    10   16   15   12
    7   10    1    1    4    3    2    2    1    0       719    5    1 CMpure     3    8    5    1
    7   11    2    1    2    0    0    1    1    0      2534   16    1 CMpure     7    1
    7   12    2    1    8    0    0    2    1    1       662    8    1 CMpure    15   12   10   14   13   16   11    9
    7   13    1    1    8    3    6    2    1    0       816    5    1 CMpure     8    7    5    2    6    1    4    3
    7   14    2    1    2    0    0    1    1    0      1251   14    1 CMpure     1    3
    7   15    2    1    8    0    0    1    1    0       966   15    1 CMpure     1    8    4    3    5    2    7    6
    7   16    1    1    4    1    4    2    1    0       505    5    1 CMpure     5    3    4    7
    7   17    1    1    4    1    4    1    1    1       686   11    1 CMpure    11   13   12   10
    7   18    1    1    2    2    1    2    1    0      2327    1    1 CMpure     8    1
    7   19    1    1    4    3    2    2    1    0       452    4    1 CMpure     1    6    4    2
    7   20    1    1    4    1    4    2    0    1       539   13    1 CMpure    13   15   16   14
    7   21    2    1    8    0    0    2    1    1       522    1    1 CMpure    15   16   13   11   14   12   10    9
    7   22    1    1    2    2    1    1    1    1      1657   11    1 CMpure    12   11
    7   23    2    1    8    0    0    1    1    0       732   10    1 CMpure     3    6    4    1    2    5    8    7
    7   24    2    1    4    0    0    2    1    1       680    3    1 CMpure    16   11   13   10
    8    1    2    1    2    0    0    1    1    0       458   11    1 CMpure     3    5
    8    2    2    1    4    0    0    1    1    0       466   14    1 CMpure     2    4    1    7
    8    3    1    1    4    3    2    1    1    1       552   10    1 CMpure    11   13   10   16
    8    4    2    1    2    0    0    2    1    1       342    3    1 CMpure    15   12
    8    5    1    1    4    4    1    1    1    1       675    9    1 CMpure    10   14   15    9
    8    6    1    1    2    2    1    2    1    0       396    2    1 CMpure     1    2
    8    7    2    1    4    0    0    2    1    1       598    4    1 CMpure    12   14    9   15
    8    8    2    1    2    0    0    1    1    0       770   14    1 CMpure     3    6
    8    9    1    1    2    1    2    1    1    1       552   15    1 CMpure    15   16
    8   10    2    1    8    0    0    2    1    1       566    3    1 CMpure    16   15   10   13   11    9   12   14
    8   11    2    1    8    0    0    1    1    0       564   10    1 CMpure     1    8    3    6    7    5    2    4
    8   12    2    1    4    0    0    1    1    0       423   14    1 CMpure     8    2    7    6
    8   13    1    1    8    3    6    1    1    1       859   12    1 CMpure    15   16   12    9   13   11   14   10
    8   14    2    1    2    0    0    1    1    0      3293   14    1 CMpure     7    3
    8   15    2    1    2    0    0    2    1    1      4126    1    1 CMpure     9   11
    8   16    1    1    2    2    1    2    1    0       606    6    1 CMpure     3    6
    8   17    1    1    2    1    2    2    1    0       378    6    1 CMpure     6    8
    8   18    2    1    2    0    0    2    1    1       431    5    1 CMpure    14   11
    8   19    2    1    2    0    0    1    1    0       466   16    1 CMpure     7    1
    8   20    2    1    8    0    0    1    1    0      1156   13    1 CMpure     1    7    4    6    3    2    8    5
    8   21    1    1    4    2    3    1    1    1       543   16    1 CMpure    11   16   14   15
    8   22    1    1    8    8    1    1    1    1       510   15    1 CMpure    13   14   16   11   12    9   10   15
    8   23    2    1    8    0    0    2    1    1      4894    2    1 CMpure    14   11   12   16   13    9   15   10
    8   24    1    1    2    1    2    2    1    0       399    2    1 CMpure     2    1
    9    1    1    1    4    1    4    2    1    0       580    1    1 CMpure     1    4    5    7
    9    2    1    1    4    1    4    1    1    1       583    9    1 CMpure     9   14   15   12
    9    3    2    1    2    0    0    2    1    1      3092    1    1 CMpure    10   16
    9    4    2    1    2    0    0    1    1    0       509   11    1 CMpure     5    3
    9    5    2    1    4    0    0    1    1    0      1155   12    1 CMpure     4    3    2    5
    9    6    2    1    4    0    0    2    1    1       606    1    1 CMpure    16    9   15   14
    9    7    2    1    8    0    0    2    1    1       603    2    1 CMpure    11   12   14    9   15   16   10   13
    9    8    2    1    2    0    0    2    1    1       470    7    1 CMpure    10   11
    9    9    1    1    8    8    1    1    1    1       408   11    1 CMpure    10   16    9   15   14   12   13   11
    9   10    1    1    8    2    7    1    1    1       573   13    1 CMpure    16   13   14    9   11   12   10   15
    9   11    1    1    8    8    1    1    1    1       490   16    1 CMpure    13   10   15   14   11   12    9   16
    9   12    2    1    8    0    0    2    1    1       635    5    1 CMpure    11   15   12    9   10   16   14   13
    9   13    1    1    8    6    3    2    1    0       646    6    1 CMpure     5    7    2    8    4    6    3    1
    9   14    1    1    2    1    2    2    1    0      1617    7    1 CMpure     7    6
    9   15    1    1    4    4    1    1    1    1       570   14    1 CMpure    12    9   15   14
    9   16    2    1    4    0    0    2    1    1       765    8    1 CMpure    12    9   15   16
    9   17    1    1    2    2    1    1    1    1      1170    9    1 CMpure    14    9
    9   18    2    1    4    0    0    1    1    0       717   15    1 CMpure     4    8    2    6
    9   19    2    1    8    0    0    1    1    0       597    9    1 CMpure     5    6    1    3    8    2    7    4
    9   20    1    1    4    3    2    1    1    1       663    9    1 CMpure    12   15    9   10
    9   21    1    1    4    1    4    2    1    0       982    3    1 CMpure     3    6    7    8
    9   22    1    1    8    7    2    2    1    0       755    1    1 CMpure     8    7    3    2    4    6    1    5
    9   23    1    1    2    2    1    2    1    0      2009    3    1 CMpure     4    3
    9   24    2    1    8    0    0    1    1    0       510   11    1 CMpure     3    8    5    7    6    1    2    4
