    1    1    2    1    4    0    0    1    1    0    108797    9    1 CMpure     5    3    4    6
    1    2    2    1    2    0    0    2    1    1      3156   10    1 CMpure     9   10
    1    3    1    1    2    1    2    2    0    1       953    1    1 CMpure     9   15
    1    4    2    1    4    0    0    1    0    1      2170   10    1 CMpure    12   11   14   13
    1    5    2    1    8    0    0    2    0    0      1109   12    1 CMpure     5    4    6    1    7    8    2    3
    1    6    1    1    8    4    5    2    1    0       797    7    1 CMpure     4    2    1    7    8    5    6    3
    1    7    1    1    8    7    2    2    1    0       691    6    1 CMpure     7    4    1    8    3    5    6    2
    1    8    1    1    4    4    1    1    1    1       576    8    1 CMpure    11    9   13   16
    1    9    2    1    8    0    0    2    0    0       750   14    1 CMpure     3    8    2    7    4    6    5    1
    1   10    2    1    2    0    0    1    1    0      1796   13    1 CMpure     1    7
    1   11    2    1    8    0    0    2    1    1       673   15    1 CMpure    10   13   11    9   12   15   16   14
    1   12    1    1    4    3    2    1    1    1       944    1    1 CMpure    13   14    9   11
    1   13    1    1    4    2    3    1    1    1      1108    2    1 CMpure    12   10   16   15
    1   14    1    1    2    2    1    1    1    1      1244    1    1 CMpure    10    9
    1   15    2    1    8    0    0    1    1    0      1151    9    1 CMpure     7    3    5    4    2    6    1    8
    1   16    2    1    8    0    0    2    1    1       805   12    1 CMpure    15   12   11   14   10   13    9   16
    1   17    2    1    2    0    0    1    1    0       746   13    1 CMpure     3    6
    1   18    2    1    2    0    0    1    1    0       960   10    1 CMpure     3    1
    1   19    2    1    2    0    0    1    0    1      1518   11    1 CMpure    14   10
    1   20    2    1    8    0    0    2    0    0      1238   11    1 CMpure     7    5    3    1    4    6    2    8
    1   21    1    1    2    1    2    2    0    1       985    1    1 CMpure     9   10
    1   22    1    1    4    1    4    2    1    0       875    5    1 CMpure     5    3    7    4
    1   23    1    1    8    8    1    1    1    1      1469    3    1 CMpure    10    9   13   14   15   16   12   11
    1   24    1    1    8    7    2    2    1    0       886    4    1 CMpure     8    3    2    1    7    6    4    5
    2    1    2    1    8    0    0    1    1    0       808   13    1 CMpure     7    3    5    4    1    2    6    8
    2    2    1    1    4    1    4    2    1    0       738    1    1 CMpure     1    5    3    6
    2    3    2    1    2    0    0    1    1    0       537   13    1 CMpure     5    3
    2    4    1    1    2    1    2    2    1    0       744    1    1 CMpure     1    4
    2    5    1    1    4    3    2    1    1    1       788    2    1 CMpure     9   16   10   15
    2    6    2    1    8    0    0    2    1    1       793   11    1 CMpure    15   12   11   16    9   13   14   10
    2    7    2    1    2    0    0    1    1    0       717   15    1 CMpure     5    2
    2    8    1    1    8    6    3    1    0    0       725    8    1 CMpure     6    4    3    5    1    8    7    2
    2    9    1    1    2    1    2    1    1    1      1133    3    1 CMpure    11   16
    2   10    1    1    2    2    1    2    1    0       803    1    1 CMpure     3    1
    2   11    2    1    4    0    0    2    1    1       829   11    1 CMpure    14   15   10   11
    2   12    1    1    2    2    1    2    1    0       768    8    1 CMpure     3    8
    2   13    1    1    4    3    2    1    1    1       891    7    1 CMpure    16   11   15   10
    2   14    2    1    8    0    0    1    1    0       684   15    1 CMpure     7    1    6    5    4    2    3    8
    2   15    2    1    8    0    0    1    1    0       853   16    1 CMpure     2    3    8    6    5    7    4    1
    2   16    1    1    2    1    2    2    1    0      1287    3    1 CMpure     3    5
    2   17    2    1    8    0    0    2    1    1       792   14    1 CMpure    12   11   14   10    9   16   15   13
    2   18    2    1    2    0    0    2    1    1      1037   13    1 CMpure    11   14
    2   19    1    1    4    4    1    1    0    0      3080    7    1 CMpure     4    1    5    7
    2   20    2    1    8    0    0    1    1    0       817   10    1 CMpure     5    3    8    4    7    2    1    6
    2   21    2    1    2    0    0    1    1    0       692   14    1 CMpure     2    3
    2   22    1    1    2    1    2    2    0    1       845    6    1 CMpure    14   10
    2   23    2    1    8    0    0    2    1    1      1408   15    1 CMpure     9   15   12   11   16   10   14   13
    2   24    2    1    4    0    0    1    1    0       818   15    1 CMpure     7    8    2    3
    3    1    2    1    2    0    0    2    0    0      2852   12    1 CMpure     6    1
    3    2    1    1    2    1    2    1    0    0       757    5    1 CMpure     5    3
    3    3    2    1    2    0    0    1    1    0       812   11    1 CMpure     7    6
    3    4    2    1    4    0    0    2    1    1       965   11    1 CMpure     9   15   11   12
    3    5    1    1    8    1    8    1    1    1      1043    7    1 CMpure    15    9   10   13   11   16   14   12
    3    6    2    1    2    0    0    1    1    0      1022    9    1 CMpure     8    6
    3    7    1    1    2    2    1    2    1    0       745    8    1 CMpure     3    8
    3    8    2    1    8    0    0    2    1    1       880   13    1 CMpure    15   13   10   16   14   11   12    9
    3    9    1    1    8    2    7    2    0    1      1121    1    1 CMpure    10    9   15   14   13   11   12   16
    3   10    2    1    4    0    0    1    1    0       814   13    1 CMpure     8    4    6    1
    3   11    1    1    4    3    2    2    1    0       823    6    1 CMpure     5    2    6    8
    3   12    2    1    2    0    0    2    1    1       810   13    1 CMpure     9   10
    3   13    2    1    2    0    0    1    1    0       910   11    1 CMpure     2    5
    3   14    1    1    2    1    2    1    0    0       943    5    1 CMpure     5    2
    3   15    1    1    8    3    6    1    0    0       910    3    1 CMpure     2    8    3    5    4    7    1    6
    3   16    2    1    8    0    0    2    1    1      1022    9    1 CMpure    10   13    9   15   14   16   12   11
    3   17    1    1    8    1    8    2    0    1       762    5    1 CMpure    13    9   16   14   15   12   11   10
    3   18    2    1    2    0    0    2    1    1      1136   15    1 CMpure    15   16
    3   19    1    1    2    1    2    1    1    1       903    5    1 CMpure    13   14
    3   20    1    1    8    2    7    1    0    0       791    7    1 CMpure     6    7    5    8    1    4    2    3
    3   21    2    1    8    0    0    2    1    1       828   15    1 CMpure    12   10   15   11   14   16    9   13
    3   22    1    1    2    1    2    2    1    0      1023    3    1 CMpure     3    8
    3   23    2    1    2    0    0    1    1    0       683   10    1 CMpure     4    1
    3   24    2    1    8    0    0    2    1    1       900   14    1 CMpure    13   16    9   15   11   12   10   14
    4    1    1    1    4    3    2    1    1    1      1128    5    1 CMpure    15   12   13    9
    4    2    1    1    8    1    8    1    1    1      1248    2    1 CMpure    10   15   12   13   14   16    9   11
    4    3    1    1    8    5    4    2    1    0      1186    2    1 CMpure     4    6    5    3    2    7    1    8
    4    4    2    1    2    0    0    1    1    0       615   10    1 CMpure     5    4
    4    5    2    1    4    0    0    1    0    1      1240   12    1 CMpure    11   14   12   15
    4    6    2    1    4    0    0    1    1    0      1265   12    1 CMpure     7    2    6    8
    4    7    2    1    8    0    0    2    1    1      1026   13    1 CMpure    12   16   14   10   13   11   15    9
    4    8    1    1    8    8    1    1    1    1       830    3    1 CMpure    16   13   10   12   15    9   14   11
    4    9    1    1    2    1    2    1    0    0       689    7    1 CMpure     7    8
    4   10    1    1    2    2    1    1    1    1       793    7    1 CMpure     9   15
    4   11    1    1    8    1    8    1    1    1       830    7    1 CMpure    15   12    9   10   11   16   13   14
    4   12    2    1    4    0    0    2    0    0       822   14    1 CMpure     7    5    3    4
    4   13    1    1    2    1    2    1    1    1       634    3    1 CMpure    11    9
    4   14    1    1    8    7    2    1    1    1       885    3    1 CMpure    13   14   12   10   16   15   11    9
    4   15    1    1    2    2    1    2    1    0       758    8    1 CMpure     5    8
    4   16    1    1    8    3    6    1    1    1       940    5    1 CMpure    14   12   13   11   10   16   15    9
    4   17    2    1    8    0    0    2    0    0      1147   10    1 CMpure     2    6    1    5    8    4    7    3
    4   18    2    1    2    0    0    2    1    1       737   15    1 CMpure     9   13
    4   19    1    1    8    7    2    1    1    1       744    6    1 CMpure    16   11   12    9   10   13   14   15
    4   20    1    1    2    1    2    2    1    0       815    1    1 CMpure     1    6
    4   21    1    1    2    2    1    2    1    0       802    8    1 CMpure     2    8
    4   22    1    1    8    3    6    2    1    0       838    8    1 CMpure     6    1    8    7    4    3    5    2
    4   23    1    1    2    1    2    1    1    1       457    8    1 CMpure    16   13
    4   24    1    1    8    5    4    2    1    0       668    6    1 CMpure     5    2    1    7    6    3    8    4
    5    1    2    1    2    0    0    1    1    0      1038    9    1 CMpure     6    2
    5    2    1    1    8    5    4    2    1    0       856    8    1 CMpure     3    2    6    5    8    4    1    7
    5    3    1    1    2    1    2    1    1    1       523    8    1 CMpure    16    9
    5    4    1    1    8    4    5    1    1    1       778    6    1 CMpure    10   16   15   14    9   12   13   11
    5    5    1    1    2    1    2    1    1    1       608    1    1 CMpure     9   10
    5    6    2    1    4    0    0    2    1    1       657   13    1 CMpure    12   10   14    9
    5    7    2    1    2    0    0    2    1    1       715   10    1 CMpure    14   11
    5    8    2    1    4    0    0    1    1    0       904   14    1 CMpure     5    1    6    4
    5    9    2    1    8    0    0    2    1    1       936   12    1 CMpure    12   15   11   13    9   14   16   10
    5   10    1    1    8    1    8    1    1    1       760    8    1 CMpure    16   15    9   10   12   14   11   13
    5   11    1    1    2    2    1    2    1    0       814    6    1 CMpure     7    6
    5   12    1    1    4    4    1    2    1    0       919    4    1 CMpure     2    8    3    4
    5   13    1    1    8    6    3    2    1    0       678    6    1 CMpure     7    8    3    1    5    6    2    4
    5   14    1    1    8    1    8    1    1    1       624    8    1 CMpure    16   11   12   10   13   15   14    9
    5   15    2    1    8    0    0    2    1    1       539   11    1 CMpure    13   16   10    9   15   11   14   12
    5   16    2    1    4    0    0    1    1    0       864   16    1 CMpure     3    1    6    5
    5   17    2    1    4    0    0    1    1    0       630   11    1 CMpure     5    4    3    6
    5   18    1    1    4    2    3    2    1    0       855    3    1 CMpure     4    3    6    2
    5   19    2    1    4    0    0    1    1    0       638   13    1 CMpure     8    2    7    3
    5   20    2    1    2    0    0    1    1    0       633   12    1 CMpure     2    8
    5   21    2    1    8    0    0    2    1    1       772    9    1 CMpure     9   11   15   16   14   10   12   13
    5   22    1    1    2    2    1    1    1    1       745    5    1 CMpure    12   13
    5   23    1    1    2    1    2    2    1    0       624    1    1 CMpure     1    5
    5   24    2    1    2    0    0    1    1    0       652   15    1 CMpure     7    8
    6    1    1    1    2    2    1    1    1    1       696    5    1 CMpure    10   13
    6    2    2    1    4    0    0    1    1    0       758   11    1 CMpure     2    8    6    3
    6    3    2    1    4    0    0    2    1    1       785   13    1 CMpure    10   13   16   12
    6    4    1    1    2    2    1    2    0    1       886    5    1 CMpure    10   13
    6    5    2    1    4    0    0    1    1    0       748   12    1 CMpure     3    8    4    7
    6    6    1    1    2    1    2    2    1    0      1202    3    1 CMpure     3    4
    6    7    1    1    8    6    3    2    1    0      1063    7    1 CMpure     3    4    5    2    8    7    1    6
    6    8    2    1    8    0    0    1    0    1       913    9    1 CMpure     9   13   15   16   14   12   11   10
    6    9    2    1    8    0    0    2    1    1       673   13    1 CMpure    10   13   14   11    9   15   16   12
    6   10    2    1    8    0    0    2    1    1       970   12    1 CMpure    13   15   12   11   14   16    9   10
    6   11    1    1    8    8    1    2    1    0       840    3    1 CMpure     8    1    4    7    2    6    5    3
    6   12    1    1    4    2    3    1    1    1       736    1    1 CMpure    14    9   12   13
    6   13    2    1    8    0    0    1    1    0       727   16    1 CMpure     6    5    8    2    3    4    1    7
    6   14    1    1    4    1    4    2    1    0       980    1    1 CMpure     1    8    4    5
    6   15    1    1    8    5    4    1    1    1       945    2    1 CMpure    16   11    9   14   10   12   15   13
    6   16    1    1    4    1    4    1    1    1       597    1    1 CMpure     9   12   10   11
    6   17    2    1    2    0    0    2    1    1       673   12    1 CMpure    10   12
    6   18    2    1    8    0    0    1    1    0      1019   13    1 CMpure     5    7    8    3    1    4    2    6
    6   19    2    1    2    0    0    2    1    1       566   12    1 CMpure    10   11
    6   20    2    1    4    0    0    1    1    0       617   10    1 CMpure     7    1    4    6
    6   21    2    1    8    0    0    1    1    0       773    9    1 CMpure     5    1    8    3    2    7    4    6
    6   22    2    1    4    0    0    2    1    1       720   14    1 CMpure    16   10   12   13
    6   23    2    1    4    0    0    2    1    1       797   15    1 CMpure    12   11   14   15
    6   24    1    1    8    3    6    2    1    0       737    6    1 CMpure     3    8    6    5    7    2    1    4
    7    1    2    1    8    0    0    1    1    0      1595   15    1 CMpure     2    3    4    5    1    8    6    7
    7    2    2    1    2    0    0    1    1    0       751   11    1 CMpure     2    5
    7    3    2    1    8    0    0    1    1    0       678   16    1 CMpure     2    1    3    4    7    8    5    6
    7    4    1    1    4    4    1    1    1    1       868    1    1 CMpure    11   16   10    9
    7    5    1    1    2    1    2    2    1    0       886    1    1 CMpure     1    5
    7    6    2    1    8    0    0    1    1    0       663   11    1 CMpure     2    8    7    1    4    3    5    6
    7    7    1    1    2    1    2    1    1    1       561    5    1 CMpure    13   11
    7    8    2    1    4    0    0    2    1    1       788   15    1 CMpure    12   13   15   14
    7    9    1    1    4    3    2    2    1    0       846    7    1 CMpure     3    1    7    6
    7   10    2    1    4    0    0    1    1    0       806   16    1 CMpure     5    8    4    7
    7   11    2    1    2    0    0    1    1    0       634    9    1 CMpure     2    8
    7   12    2    1    8    0    0    1    1    0      1285    9    1 CMpure     1    7    8    4    6    5    2    3
    7   13    2    1    8    0    0    2    1    1      1254   12    1 CMpure    11   10   13    9   12   15   14   16
    7   14    2    1    4    0    0    2    1    1      1245    9    1 CMpure    16   12   13   15
    7   15    2    1    2    0    0    1    1    0       608   15    1 CMpure     6    8
    7   16    2    1    2    0    0    2    1    1       733   16    1 CMpure    12   13
    7   17    1    1    4    1    4    2    1    0      1113    1    1 CMpure     1    4    6    2
    7   18    1    1    8    7    2    2    1    0      1025    4    1 CMpure     1    8    3    7    5    6    4    2
    7   19    1    1    2    2    1    1    1    1       780    7    1 CMpure    10   15
    7   20    2    1    2    0    0    2    1    1       593   14    1 CMpure    14   12
    7   21    1    1    2    1    2    2    1    0      1022    7    1 CMpure     7    5
    7   22    2    1    8    0    0    1    1    0       666   13    1 CMpure     2    5    7    4    3    8    1    6
    7   23    1    1    4    3    2    2    1    0       905    5    1 CMpure     3    1    5    8
    7   24    2    1    4    0    0    1    1    0       494    9    1 CMpure     7    6    3    1
    8    1    2    1    2    0    0    2    1    1       741   15    1 CMpure    10   11
    8    2    1    1    4    1    4    2    1    0      1041    3    1 CMpure     3    6    8    1
    8    3    1    1    8    3    6    1    1    1       924    1    1 CMpure    14   12    9   11   16   10   15   13
    8    4    2    1    8    0    0    1    1    0       716   10    1 CMpure     5    1    7    3    8    6    4    2
    8    5    2    1    8    0    0    1    1    0       579   15    1 CMpure     3    6    4    2    1    8    5    7
    8    6    1    1    2    2    1    1    1    1       800    3    1 CMpure    13   11
    8    7    1    1    8    2    7    2    1    0       741    8    1 CMpure     7    8    4    5    1    6    2    3
    8    8    1    1    8    2    7    2    1    0       668    3    1 CMpure     7    3    5    4    8    1    2    6
    8    9    2    1    4    0    0    1    1    0       571    9    1 CMpure     4    8    6    2
    8   10    2    1    8    0    0    1    1    0       664   14    1 CMpure     7    6    1    4    3    2    8    5
    8   11    2    1    8    0    0    1    1    0       658   16    1 CMpure     5    6    4    1    8    2    3    7
    8   12    2    1    4    0    0    2    1    1       626    9    1 CMpure    14   16   12    9
    8   13    2    1    8    0    0    1    1    0       477   11    1 CMpure     2    4    7    1    6    5    8    3
    8   14    1    1    2    1    2    1    1    1       671    8    1 CMpure    16   11
    8   15    1    1    4    3    2    1    1    1       605    8    1 CMpure    13   11   16   15
    8   16    1    1    4    3    2    2    0    1       863    4    1 CMpure    15   16   12   10
    8   17    2    1    4    0    0    2    1    1       630   13    1 CMpure    14    9   16   15
    8   18    1    1    4    1    4    1    1    1      1286    8    1 CMpure    16   15   10    9
    8   19    1    1    2    1    2    2    1    0       919    4    1 CMpure     4    8
    8   20    1    1    8    7    2    1    1    1       887    2    1 CMpure    14   12   15   13   16   11   10    9
    8   21    2    1    8    0    0    2    1    1       808   12    1 CMpure    10   11   12   15    9   14   16   13
    8   22    2    1    4    0    0    1    1    0       641   11    1 CMpure     2    8    4    5
    8   23    1    1    8    1    8    2    1    0       828    8    1 CMpure     8    5    3    1    2    6    7    4
    8   24    2    1    2    0    0    2    1    1       975   10    1 CMpure    14   10
    9    1    1    1    8    7    2    2    1    0       727    3    1 CMpure     6    7    8    5    1    4    3    2
    9    2    2    1    2    0    0    2    1    1       623   14    1 CMpure     9   11
    9    3    1    1    4    3    2    2    1    0       688    6    1 CMpure     5    1    6    3
    9    4    1    1    4    1    4    1    1    1      1102    1    1 CMpure     9   15   12   10
    9    5    1    1    8    7    2    1    1    1       678    7    1 CMpure    14   16   13   12   10   11   15    9
    9    6    1    1    8    3    6    1    0    0      1200    2    1 CMpure     3    7    2    8    1    5    6    4
    9    7    1    1    8    8    1    2    1    0       916    1    1 CMpure     4    3    8    6    7    5    2    1
    9    8    2    1    4    0    0    2    1    1       633   15    1 CMpure    11   13   10   15
    9    9    2    1    2    0    0    2    1    1       516   14    1 CMpure    10   11
    9   10    1    1    2    2    1    2    1    0       756    8    1 CMpure     1    8
    9   11    2    1    2    0    0    1    1    0       666   13    1 CMpure     1    4
    9   12    2    1    2    0    0    1    1    0      1347   12    1 CMpure     5    7
    9   13    2    1    2    0    0    2    1    1       625   14    1 CMpure    12   11
    9   14    1    1    8    7    2    2    1    0       669    6    1 CMpure     3    4    5    8    2    1    6    7
    9   15    1    1    2    1    2    2    1    0       630    6    1 CMpure     6    3
    9   16    1    1    8    8    1    1    1    1       705    7    1 CMpure     9   16   13   10   14   11   12   15
    9   17    1    1    4    4    1    1    1    1       623    6    1 CMpure    12    9   13   14
    9   18    1    1    4    2    3    2    1    0       704    8    1 CMpure     7    8    3    2
    9   19    1    1    2    2    1    2    1    0       616    8    1 CMpure     6    8
    9   20    1    1    8    7    2    1    1    1       659    5    1 CMpure    10   16   11   15    9   12   13   14
    9   21    2    1    8    0    0    2    1    1      1694   10    1 CMpure    12    9   11   14   15   16   10   13
    9   22    1    1    4    1    4    2    1    0       708    6    1 CMpure     6    2    8    1
    9   23    2    1    8    0    0    1    1    0       844   10    1 CMpure     5    3    4    7    2    6    8    1
    9   24    1    1    4    2    3    2    1    0       837    4    1 CMpure     3    4    1    7
