    1    1    2    1    2    0    0    1    1    0      7591    3    0 ANpure     1    2
    1    2    2    1    2    0    0    2    1    1      1652    6    0 ANpure     4    5
    1    3    2    1    2    0    0    1    1    0      1087    9    0 ANpure     7    8
    1    4    2    1    8    0    0    2    1    1      1038   18    0 ANpure    10   11   12   13   14   15   16   17
    1    5    2    1    4    0    0    2    1    1       911   23    0 ANpure    19   20   21   22
    1    6    1    1    4    2    3    1    1    1       884   25    0 ANpure    24   25   26   27
    1    7    1    1    2    2    1    1    1    1      1069   29    0 ANpure    28   29
    1    8    1    1    8    8    1    1    1    1       790   37    0 ANpure    30   31   32   33   34   35   36   37
    1    9    1    1    2    2    1    1    1    1       612   39    0 ANpure    38   39
    1   10    1    1    8    4    5    2    1    0       911   43    0 ANpure    40   41   42   43   44   45   46   47
    1   11    2    1    2    0    0    2    1    1      1157   50    0 ANpure    48   49
    1   12    2    1    8    0    0    2    0    0      3027   59    0 ANpure    51   52   53   54   55   56   57   58
    1   13    1    1    8    8    1    2    1    0      1230   67    0 ANpure    60   61   62   63   64   65   66   67
    1   14    2    1    2    0    0    1    1    0      1114   70    0 ANpure    68   69
    1   15    1    1    4    3    2    2    1    0       958   73    0 ANpure    71   72   73   74
    1   16    1    1    4    1    4    1    1    1       928   75    0 ANpure    75   76   77   78
    1   17    2    1    4    0    0    1    1    0      1045   83    0 ANpure    79   80   81   82
    1   18    2    1    4    0    0    2    1    1      1406   88    0 ANpure    84   85   86   87
    1   19    2    1    4    0    0    1    1    0      1023   93    0 ANpure    89   90   91   92
    1   20    2    1    2    0    0    2    1    1      1594   96    0 ANpure    94   95
    1   21    1    1    8    2    7    2    1    0      1014   98    0 ANpure    97   98   99  100  101  102  103  104
    1   22    2    1    2    0    0    2    1    1      2033  107    0 ANpure   105  106
    1   23    2    1    4    0    0    1    1    0       954  112    0 ANpure   108  109  110  111
    1   24    1    1    4    3    2    2    1    0       910  115    0 ANpure   113  114  115  116
    2    1    2    1    2    0    0    1    1    0       915  119    0 ANpure   117  118
    2    2    1    1    8    2    7    2    1    0       804  121    0 ANpure   120  121  122  123  124  125  126  127
    2    3    1    1    8    1    8    2    1    0       624  128    0 ANpure   128  129  130  131  132  133  134  135
    2    4    2    1    4    0    0    2    1    1       856  140    0 ANpure   136  137  138  139
    2    5    1    1    2    1    2    1    1    1       851  141    0 ANpure   141  142
    2    6    2    1    2    0    0    1    1    0       869  145    0 ANpure   143  144
    2    7    1    1    8    3    6    2    1    0      1094  148    0 ANpure   146  147  148  149  150  151  152  153
    2    8    2    1    4    0    0    1    1    0      1389  158    0 ANpure   154  155  156  157
    2    9    2    1    2    0    0    2    1    1      1106  161    0 ANpure   159  160
    2   10    1    1    4    1    4    1    1    1       951  162    0 ANpure   162  163  164  165
    2   11    1    1    4    3    2    1    1    1       731  168    0 ANpure   166  167  168  169
    2   12    1    1    2    1    2    1    1    1       554  170    0 ANpure   170  171
    2   13    2    1    2    0    0    2    1    1      1097  174    0 ANpure   172  173
    2   14    1    1    8    7    2    2    1    0       640  181    0 ANpure   175  176  177  178  179  180  181  182
    2   15    1    1    8    3    6    1    1    1       763  185    0 ANpure   183  184  185  186  187  188  189  190
    2   16    1    1    2    2    1    2    1    0       833  192    0 ANpure   191  192
    2   17    1    1    4    3    2    2    1    0       658  195    0 ANpure   193  194  195  196
    2   18    1    1    4    2    3    2    1    0       602  198    0 ANpure   197  198  199  200
    2   19    2    1    2    0    0    1    1    0       719  203    0 ANpure   201  202
    2   20    2    1    8    0    0    1    1    0       918  212    0 ANpure   204  205  206  207  208  209  210  211
    2   21    2    1    8    0    0    1    1    0      1069  221    0 ANpure   213  214  215  216  217  218  219  220
    2   22    2    1    4    0    0    2    1    1       843  226    0 ANpure   222  223  224  225
    2   23    1    1    8    1    8    1    1    1       774  227    0 ANpure   227  228  229  230  231  232  233  234
    2   24    1    1    4    3    2    1    1    1       761  237    0 ANpure   235  236  237  238
    3    1    2    1    4    0    0    1    1    0       884  243    0 ANpure   239  240  241  242
    3    2    1    1    2    2    1    2    1    0       845  245    0 ANpure   244  245
    3    3    1    1    4    3    2    2    1    0       893  248    0 ANpure   246  247  248  249
    3    4    2    1    4    0    0    2    1    1       772  254    0 ANpure   250  251  252  253
    3    5    2    1    2    0    0    2    1    1       706  257    0 ANpure   255  256
    3    6    2    1    4    0    0    1    1    0      1326  262    0 ANpure   258  259  260  261
    3    7    2    1    8    0    0    1    0    1       894  271    0 ANpure   263  264  265  266  267  268  269  270
    3    8    2    1    4    0    0    1    1    0      1244  276    0 ANpure   272  273  274  275
    3    9    1    1    2    2    1    1    1    1      1023  278    0 ANpure   277  278
    3   10    2    1    4    0    0    2    1    1       936  283    0 ANpure   279  280  281  282
    3   11    2    1    4    0    0    1    1    0       724  288    0 ANpure   284  285  286  287
    3   12    1    1    4    3    2    2    1    0       905  291    0 ANpure   289  290  291  292
    3   13    2    1    4    0    0    2    1    1       839  297    0 ANpure   293  294  295  296
    3   14    1    1    4    2    3    2    1    0       848  299    0 ANpure   298  299  300  301
    3   15    1    1    4    3    2    1    1    1       711  304    0 ANpure   302  303  304  305
    3   16    2    1    4    0    0    1    1    0       772  310    0 ANpure   306  307  308  309
    3   17    2    1    4    0    0    2    1    1       783  315    0 ANpure   311  312  313  314
    3   18    1    1    8    4    5    1    1    1       869  319    0 ANpure   316  317  318  319  320  321  322  323
    3   19    2    1    2    0    0    2    1    1       687  326    0 ANpure   324  325
    3   20    2    1    8    0    0    2    1    1      1072  335    0 ANpure   327  328  329  330  331  332  333  334
    3   21    1    1    2    1    2    1    1    1       642  336    0 ANpure   336  337
    3   22    1    1    2    1    2    2    1    0       870  338    0 ANpure   338  339
    3   23    1    1    2    2    1    1    1    1       535  341    0 ANpure   340  341
    3   24    2    1    8    0    0    1    1    0       735  350    0 ANpure   342  343  344  345  346  347  348  349
    4    1    1    1    4    1    4    2    1    0       812  351    0 ANpure   351  352  353  354
    4    2    1    1    4    4    1    2    1    0       501  358    0 ANpure   355  356  357  358
    4    3    2    1    4    0    0    2    1    1       665  363    0 ANpure   359  360  361  362
    4    4    1    1    2    2    1    2    1    0       923  365    0 ANpure   364  365
    4    5    2    1    4    0    0    1    1    0       721  370    0 ANpure   366  367  368  369
    4    6    2    1    8    0    0    2    1    1       966  379    0 ANpure   371  372  373  374  375  376  377  378
    4    7    1    1    8    6    3    1    1    1       732  385    0 ANpure   380  381  382  383  384  385  386  387
    4    8    2    1    8    0    0    1    1    0       804  396    0 ANpure   388  389  390  391  392  393  394  395
    4    9    1    1    4    3    2    2    1    0       757  399    0 ANpure   397  398  399  400
    4   10    2    1    2    0    0    2    1    1       867  403    0 ANpure   401  402
    4   11    1    1    2    1    2    1    1    1       605  404    0 ANpure   404  405
    4   12    2    1    2    0    0    1    1    0       761  408    0 ANpure   406  407
    4   13    1    1    4    3    2    2    1    0       757  411    0 ANpure   409  410  411  412
    4   14    1    1    4    2    3    1    1    1       680  414    0 ANpure   413  414  415  416
    4   15    2    1    4    0    0    2    1    1       734  421    0 ANpure   417  418  419  420
    4   16    2    1    8    0    0    1    1    0       766  430    0 ANpure   422  423  424  425  426  427  428  429
    4   17    2    1    4    0    0    1    1    0       729  435    0 ANpure   431  432  433  434
    4   18    2    1    4    0    0    2    1    1       766  440    0 ANpure   436  437  438  439
    4   19    1    1    2    1    2    2    1    0       836  441    0 ANpure   441  442
    4   20    1    1    2    2    1    1    1    1       703  444    0 ANpure   443  444
    4   21    2    1    2    0    0    2    1    1       702  447    0 ANpure   445  446
    4   22    1    1    4    3    2    1    1    1       573  450    0 ANpure   448  449  450  451
    4   23    1    1    4    2    3    2    1    0       872  453    0 ANpure   452  453  454  455
    4   24    2    1    2    0    0    1    1    0       594  458    0 ANpure   456  457
    5    1    1    1    4    3    2    2    1    0       786  461    0 ANpure   459  460  461  462
    5    2    1    1    2    1    2    2    1    0       592  463    0 ANpure   463  464
    5    3    2    1    2    0    0    2    1    1       932  467    0 ANpure   465  466
    5    4    1    1    2    2    1    2    1    0       948  469    0 ANpure   468  469
    5    5    1    1    2    2    1    1    1    1       594  471    0 ANpure   470  471
    5    6    2    1    2    0    0    1    1    0       807  474    0 ANpure   472  473
    5    7    2    1    2    0    0    1    1    0       843  477    0 ANpure   475  476
    5    8    1    1    4    4    1    2    1    0       667  481    0 ANpure   478  479  480  481
    5    9    2    1    2    0    0    2    1    1       781  484    0 ANpure   482  483
    5   10    2    1    8    0    0    1    1    0       754  493    0 ANpure   485  486  487  488  489  490  491  492
    5   11    2    1    4    0    0    1    1    0      1045  498    0 ANpure   494  495  496  497
    5   12    2    1    4    0    0    1    1    0       678  503    0 ANpure   499  500  501  502
    5   13    1    1    8    7    2    2    1    0       887  510    0 ANpure   504  505  506  507  508  509  510  511
    5   14    2    1    2    0    0    2    1    1       688  514    0 ANpure   512  513
    5   15    1    1    2    1    2    1    1    1       665  515    0 ANpure   515  516
    5   16    2    1    8    0    0    2    1    1       787  525    0 ANpure   517  518  519  520  521  522  523  524
    5   17    2    1    8    0    0    2    1    1       792  534    0 ANpure   526  527  528  529  530  531  532  533
    5   18    1    1    4    3    2    1    1    1       698  537    0 ANpure   535  536  537  538
    5   19    1    1    2    2    1    1    1    1       539  540    0 ANpure   539  540
    5   20    1    1    4    4    1    2    1    0       550  544    0 ANpure   541  542  543  544
    5   21    2    1    2    0    0    2    1    1       572  547    0 ANpure   545  546
    5   22    1    1    2    2    1    1    1    1       568  549    0 ANpure   548  549
    5   23    1    1    4    4    1    1    1    1       532  553    0 ANpure   550  551  552  553
    5   24    2    1    2    0    0    2    1    1       570  556    0 ANpure   554  555
    6    1    1    1    4    4    1    2    1    0       500  560    0 ANpure   557  558  559  560
    6    2    1    1    4    3    2    1    1    1       657  563    0 ANpure   561  562  563  564
    6    3    2    1    4    0    0    2    1    1       768  569    0 ANpure   565  566  567  568
    6    4    1    1    8    4    5    2    1    0       790  573    0 ANpure   570  571  572  573  574  575  576  577
    6    5    2    1    8    0    0    1    1    0      1019  586    0 ANpure   578  579  580  581  582  583  584  585
    6    6    1    1    4    4    1    2    1    0       581  590    0 ANpure   587  588  589  590
    6    7    2    1    8    0    0    1    0    1       849  599    0 ANpure   591  592  593  594  595  596  597  598
    6    8    1    1    2    1    2    2    1    0       771  600    0 ANpure   600  601
    6    9    1    1    2    1    2    1    1    1       608  602    0 ANpure   602  603
    6   10    2    1    8    0    0    2    1    1       692  612    0 ANpure   604  605  606  607  608  609  610  611
    6   11    1    1    4    4    1    2    1    0       530  616    0 ANpure   613  614  615  616
    6   12    2    1    4    0    0    2    1    1       687  621    0 ANpure   617  618  619  620
    6   13    2    1    4    0    0    1    1    0       620  626    0 ANpure   622  623  624  625
    6   14    2    1    4    0    0    2    1    1       749  631    0 ANpure   627  628  629  630
    6   15    2    1    2    0    0    2    1    1       627  634    0 ANpure   632  633
    6   16    1    1    2    2    1    1    1    1       446  636    0 ANpure   635  636
    6   17    1    1    2    1    2    1    0    0       521  637    0 ANpure   637  638
    6   18    1    1    2    2    1    2    1    0       465  640    0 ANpure   639  640
    6   19    2    1    2    0    0    1    1    0       683  643    0 ANpure   641  642
    6   20    1    1    2    1    2    1    1    1       980  644    0 ANpure   644  645
    6   21    1    1    4    2    3    1    1    1       687  647    0 ANpure   646  647  648  649
    6   22    1    1    4    2    3    2    1    0       742  651    0 ANpure   650  651  652  653
    6   23    2    1    2    0    0    1    1    0       732  656    0 ANpure   654  655
    6   24    1    1    8    6    3    2    1    0       874  662    0 ANpure   657  658  659  660  661  662  663  664
    7    1    2    1    2    0    0    1    1    0       883  667    0 ANpure   665  666
    7    2    1    1    8    6    3    1    1    1       522  673    0 ANpure   668  669  670  671  672  673  674  675
    7    3    2    1    2    0    0    1    1    0       729  678    0 ANpure   676  677
    7    4    2    1    4    0    0    1    1    0       765  683    0 ANpure   679  680  681  682
    7    5    1    1    2    1    2    1    1    1       691  684    0 ANpure   684  685
    7    6    1    1    8    5    4    2    1    0       996  690    0 ANpure   686  687  688  689  690  691  692  693
    7    7    2    1    2    0    0    2    1    1       618  696    0 ANpure   694  695
    7    8    1    1    4    4    1    2    1    0       659  700    0 ANpure   697  698  699  700
    7    9    1    1    2    2    1    1    1    1       509  702    0 ANpure   701  702
    7   10    2    1    2    0    0    1    1    0       662  705    0 ANpure   703  704
    7   11    2    1    2    0    0    1    1    0       640  708    0 ANpure   706  707
    7   12    2    1    2    0    0    1    1    0       755  711    0 ANpure   709  710
    7   13    2    1    2    0    0    1    1    0       650  714    0 ANpure   712  713
    7   14    2    1    2    0    0    1    1    0       892  717    0 ANpure   715  716
    7   15    1    1    2    2    1    1    1    1       781  719    0 ANpure   718  719
    7   16    1    1    4    3    2    1    1    1       855  722    0 ANpure   720  721  722  723
    7   17    1    1    4    1    4    1    1    1       637  724    0 ANpure   724  725  726  727
    7   18    2    1    8    0    0    2    1    1       681  736    0 ANpure   728  729  730  731  732  733  734  735
    7   19    2    1    4    0    0    2    1    1       639  741    0 ANpure   737  738  739  740
    7   20    2    1    2    0    0    1    1    0       745  744    0 ANpure   742  743
    7   21    2    1    8    0    0    2    1    1      1151  753    0 ANpure   745  746  747  748  749  750  751  752
    7   22    1    1    2    2    1    1    1    1       606  755    0 ANpure   754  755
    7   23    2    1    4    0    0    2    1    1       696  760    0 ANpure   756  757  758  759
    7   24    2    1    8    0    0    1    1    0       664  769    0 ANpure   761  762  763  764  765  766  767  768
    8    1    1    1    8    5    4    2    1    0       728  774    0 ANpure   770  771  772  773  774  775  776  777
    8    2    1    1    2    1    2    1    1    1       680  778    0 ANpure   778  779
    8    3    1    1    2    1    2    2    1    0       618  780    0 ANpure   780  781
    8    4    1    1    2    1    2    1    1    1       602  782    0 ANpure   782  783
    8    5    1    1    4    1    4    2    1    0       637  784    0 ANpure   784  785  786  787
    8    6    2    1    4    0    0    2    1    1       981  792    0 ANpure   788  789  790  791
    8    7    2    1    4    0    0    2    1    1       999  797    0 ANpure   793  794  795  796
    8    8    2    1    2    0    0    1    1    0      1123  800    0 ANpure   798  799
    8    9    2    1    2    0    0    1    1    0       827  803    0 ANpure   801  802
    8   10    2    1    4    0    0    2    1    1       933  808    0 ANpure   804  805  806  807
    8   11    1    1    8    5    4    1    1    1       660  813    0 ANpure   809  810  811  812  813  814  815  816
    8   12    2    1    2    0    0    1    1    0       853  819    0 ANpure   817  818
    8   13    1    1    8    5    4    2    1    0       752  824    0 ANpure   820  821  822  823  824  825  826  827
    8   14    2    1    4    0    0    2    1    1       715  832    0 ANpure   828  829  830  831
    8   15    2    1    2    0    0    1    1    0       635  835    0 ANpure   833  834
    8   16    2    1    8    0    0    1    1    0       719  844    0 ANpure   836  837  838  839  840  841  842  843
    8   17    2    1    4    0    0    2    1    1       916  849    0 ANpure   845  846  847  848
    8   18    1    1    8    2    7    2    1    0       660  851    0 ANpure   850  851  852  853  854  855  856  857
    8   19    1    1    8    2    7    1    1    1       670  859    0 ANpure   858  859  860  861  862  863  864  865
    8   20    2    1    4    0    0    2    1    1       629  870    0 ANpure   866  867  868  869
    8   21    2    1    8    0    0    2    1    1       752  879    0 ANpure   871  872  873  874  875  876  877  878
    8   22    2    1    2    0    0    2    1    1       655  882    0 ANpure   880  881
    8   23    1    1    2    1    2    2    1    0       945  883    0 ANpure   883  884
    8   24    1    1    4    1    4    2    1    0       900  885    0 ANpure   885  886  887  888
    9    1    2    1    2    0    0    1    1    0       745  891    0 ANpure   889  890
    9    2    1    1    8    5    4    2    1    0       736  896    0 ANpure   892  893  894  895  896  897  898  899
    9    3    2    1    2    0    0    2    1    1       615  902    0 ANpure   900  901
    9    4    2    1    8    0    0    1    1    0       730  911    0 ANpure   903  904  905  906  907  908  909  910
    9    5    1    1    8    8    1    2    1    0       554  919    0 ANpure   912  913  914  915  916  917  918  919
    9    6    1    1    4    1    4    1    1    1       614  920    0 ANpure   920  921  922  923
    9    7    1    1    8    4    5    1    0    0      1193  927    0 ANpure   924  925  926  927  928  929  930  931
    9    8    2    1    4    0    0    1    1    0       732  936    0 ANpure   932  933  934  935
    9    9    2    1    8    0    0    1    1    0       764  945    0 ANpure   937  938  939  940  941  942  943  944
    9   10    2    1    2    0    0    2    1    1       681  948    0 ANpure   946  947
    9   11    2    1    2    0    0    2    1    1       962  951    0 ANpure   949  950
    9   12    1    1    2    2    1    1    1    1       695  953    0 ANpure   952  953
    9   13    1    1    4    3    2    2    1    0       629  956    0 ANpure   954  955  956  957
    9   14    1    1    2    2    1    1    1    1       529  959    0 ANpure   958  959
    9   15    1    1    2    2    1    1    1    1       464  961    0 ANpure   960  961
    9   16    1    1    4    4    1    1    1    1       463  965    0 ANpure   962  963  964  965
    9   17    1    1    4    2    3    2    1    0       751  967    0 ANpure   966  967  968  969
    9   18    2    1    4    0    0    2    1    1       689  974    0 ANpure   970  971  972  973
    9   19    2    1    8    0    0    1    1    0       681  983    0 ANpure   975  976  977  978  979  980  981  982
    9   20    1    1    8    2    7    2    1    0       752  985    0 ANpure   984  985  986  987  988  989  990  991
    9   21    2    1    4    0    0    2    1    1       940  996    0 ANpure   992  993  994  995
    9   22    2    1    4    0    0    1    1    0       943 1001    0 ANpure   997  998  999 1000
    9   23    1    1    8    1    8    1    1    1       749 1002    0 ANpure  1002 1003 1004 1005 1006 1007 1008 1009
    9   24    2    1    2    0    0    2    1    1       579 1012    0 ANpure  1010 1011
