    1    1    1    1    8    5    4    2    1    0      2680    5    0 ANpure     1    2    3    4    5    6    7    8
    1    2    2    1    4    0    0    1    1    0      2897   13    0 ANpure     9   10   11   12
    1    3    2    1    4    0    0    2    1    1      1539   18    0 ANpure    14   15   16   17
    1    4    2    1    4    0    0    1    1    0      1261   23    0 ANpure    19   20   21   22
    1    5    1    1    4    3    2    2    1    0      1137   26    0 ANpure    24   25   26   27
    1    6    2    1    4    0    0    1    1    0      1243   32    0 ANpure    28   29   30   31
    1    7    1    1    4    3    2    2    1    0      1280   35    0 ANpure    33   34   35   36
    1    8    1    1    2    1    2    2    1    0       704   37    0 ANpure    37   38
    1    9    1    1    4    3    2    1    1    1      1434   41    0 ANpure    39   40   41   42
    1   10    2    1    8    0    0    2    1    1       991   51    0 ANpure    43   44   45   46   47   48   49   50
    1   11    1    1    8    5    4    2    1    0      1111   56    0 ANpure    52   53   54   55   56   57   58   59
    1   12    2    1    8    0    0    1    1    0      1817   68    0 ANpure    60   61   62   63   64   65   66   67
    1   13    2    1    4    0    0    2    1    1      2214   73    0 ANpure    69   70   71   72
    1   14    1    1    8    1    8    2    1    0      1180   74    0 ANpure    74   75   76   77   78   79   80   81
    1   15    2    1    8    0    0    1    1    0      1723   90    0 ANpure    82   83   84   85   86   87   88   89
    1   16    2    1    2    0    0    2    1    1      7385   93    0 ANpure    91   92
    1   17    2    1    8    0    0    1    1    0      5088  102    0 ANpure    94   95   96   97   98   99  100  101
    1   18    1    1    2    1    2    2    1    0      1256  103    0 ANpure   103  104
    1   19    2    1    2    0    0    1    1    0      2151  107    0 ANpure   105  106
    1   20    1    1    8    2    7    1    1    1      1056  109    0 ANpure   108  109  110  111  112  113  114  115
    1   21    2    1    8    0    0    1    1    0       787  124    0 ANpure   116  117  118  119  120  121  122  123
    1   22    2    1    4    0    0    1    1    0      1418  129    0 ANpure   125  126  127  128
    1   23    1    1    4    3    2    1    1    1      1176  132    0 ANpure   130  131  132  133
    1   24    2    1    4    0    0    1    1    0      1057  138    0 ANpure   134  135  136  137
    2    1    1    1    4    3    2    1    1    1      1132  141    0 ANpure   139  140  141  142
    2    2    2    1    4    0    0    1    1    0      1108  147    0 ANpure   143  144  145  146
    2    3    1    1    8    1    8    2    1    0       983  148    0 ANpure   148  149  150  151  152  153  154  155
    2    4    2    1    4    0    0    1    0    1      1190  160    0 ANpure   156  157  158  159
    2    5    2    1    8    0    0    1    1    0       151  169    0 ANpure   161  162  163  164  165  166  167  168
    2    6    2    1    2    0    0    1    1    0      2212  172    0 ANpure   170  171
    2    7    2    1    2    0    0    1    1    0      1790  175    0 ANpure   173  174
    2    8    2    1    2    0    0    1    1    0      2313  178    0 ANpure   176  177
    2    9    1    1    2    2    1    2    1    0      1455  180    0 ANpure   179  180
    2   10    2    1    4    0    0    1    1    0       955  185    0 ANpure   181  182  183  184
    2   11    1    1    2    1    2    1    1    1      1495  186    0 ANpure   186  187
    2   12    2    1    2    0    0    1    0    1      2398  190    0 ANpure   188  189
    2   13    2    1    2    0    0    1    1    0      2800  193    0 ANpure   191  192
    2   14    1    1    2    2    1    2    1    0      1076  195    0 ANpure   194  195
    2   15    1    1    2    2    1    1    1    1      1212  197    0 ANpure   196  197
    2   16    2    1    8    0    0    2    1    1      1291  206    0 ANpure   198  199  200  201  202  203  204  205
    2   17    1    1    2    1    2    2    1    0      1242  207    0 ANpure   207  208
    2   18    2    1    2    0    0    2    1    1      1884  211    0 ANpure   209  210
    2   19    1    1    8    1    8    2    1    0      1183  212    0 ANpure   212  213  214  215  216  217  218  219
    2   20    2    1    4    0    0    2    1    1      1943  224    0 ANpure   220  221  222  223
    2   21    1    1    8    6    3    1    1    1      1416  230    0 ANpure   225  226  227  228  229  230  231  232
    2   22    1    1    4    1    4    2    1    0      1927  233    0 ANpure   233  234  235  236
    2   23    2    1    2    0    0    1    1    0      3469  239    0 ANpure   237  238
    2   24    1    1    8    3    6    1    1    1      1171  242    0 ANpure   240  241  242  243  244  245  246  247
    3    1    1    1    2    1    2    2    1    0       851  248    0 ANpure   248  249
    3    2    1    1    2    2    1    2    1    0       867  251    0 ANpure   250  251
    3    3    1    1    2    2    1    2    1    0       852  253    0 ANpure   252  253
    3    4    2    1    2    0    0    1    0    1       725  256    0 ANpure   254  255
    3    5    1    1    8    8    1    1    1    1      1093  264    0 ANpure   257  258  259  260  261  262  263  264
    3    6    2    1    8    0    0    1    1    0      1049  273    0 ANpure   265  266  267  268  269  270  271  272
    3    7    1    1    8    3    6    2    1    0      1356  276    0 ANpure   274  275  276  277  278  279  280  281
    3    8    1    1    2    1    2    2    1    0      1305  282    0 ANpure   282  283
    3    9    2    1    4    0    0    2    0    0       684  288    0 ANpure   284  285  286  287
    3   10    2    1    2    0    0    2    1    1      3395  291    0 ANpure   289  290
    3   11    2    1    8    0    0    1    0    1      1880  300    0 ANpure   292  293  294  295  296  297  298  299
    3   12    2    1    4    0    0    2    1    1       834  305    0 ANpure   301  302  303  304
    3   13    1    1    2    1    2    1    1    1      1268  306    0 ANpure   306  307
    3   14    2    1    4    0    0    2    1    1      1143  312    0 ANpure   308  309  310  311
    3   15    2    1    8    0    0    1    0    1      1240  321    0 ANpure   313  314  315  316  317  318  319  320
    3   16    1    1    2    1    2    2    1    0      1130  322    0 ANpure   322  323
    3   17    1    1    4    2    3    2    1    0       723  325    0 ANpure   324  325  326  327
    3   18    1    1    8    6    3    2    1    0       645  333    0 ANpure   328  329  330  331  332  333  334  335
    3   19    1    1    2    1    2    2    1    0       655  336    0 ANpure   336  337
    3   20    2    1    4    0    0    1    0    1      1308  342    0 ANpure   338  339  340  341
    3   21    2    1    4    0    0    2    0    0      1102  347    0 ANpure   343  344  345  346
    3   22    1    1    2    2    1    2    1    0      1077  349    0 ANpure   348  349
    3   23    2    1    8    0    0    1    0    1      1129  358    0 ANpure   350  351  352  353  354  355  356  357
    3   24    1    1    8    2    7    1    1    1      1100  360    0 ANpure   359  360  361  362  363  364  365  366
    4    1    1    1    2    2    1    2    1    0       853  368    0 ANpure   367  368
    4    2    1    1    8    6    3    1    1    1      1039  374    0 ANpure   369  370  371  372  373  374  375  376
    4    3    1    1    8    7    2    2    1    0      1075  383    0 ANpure   377  378  379  380  381  382  383  384
    4    4    1    1    4    4    1    2    1    0       496  388    0 ANpure   385  386  387  388
    4    5    1    1    4    1    4    1    1    1      1060  389    0 ANpure   389  390  391  392
    4    6    2    1    4    0    0    1    1    0      1054  397    0 ANpure   393  394  395  396
    4    7    2    1    2    0    0    2    1    1      1877  400    0 ANpure   398  399
    4    8    2    1    2    0    0    2    0    0      1134  403    0 ANpure   401  402
    4    9    1    1    8    6    3    1    1    1       990  409    0 ANpure   404  405  406  407  408  409  410  411
    4   10    1    1    4    3    2    2    1    0      1278  414    0 ANpure   412  413  414  415
    4   11    1    1    2    2    1    2    1    0       878  417    0 ANpure   416  417
    4   12    2    1    2    0    0    1    0    1      1389  420    0 ANpure   418  419
    4   13    2    1    2    0    0    1    0    1      2009  423    0 ANpure   421  422
    4   14    2    1    8    0    0    2    0    0      1016  432    0 ANpure   424  425  426  427  428  429  430  431
    4   15    1    1    4    1    4    2    1    0       997  433    0 ANpure   433  434  435  436
    4   16    1    1    2    1    2    2    1    0      1600  437    0 ANpure   437  438
    4   17    1    1    8    6    3    2    1    0      1087  444    0 ANpure   439  440  441  442  443  444  445  446
    4   18    2    1    8    0    0    1    1    0       658  455    0 ANpure   447  448  449  450  451  452  453  454
    4   19    2    1    2    0    0    1    0    1      2314  458    0 ANpure   456  457
    4   20    1    1    4    3    2    2    1    0       725  461    0 ANpure   459  460  461  462
    4   21    2    1    4    0    0    2    1    1      1967  467    0 ANpure   463  464  465  466
    4   22    2    1    4    0    0    2    0    0       839  472    0 ANpure   468  469  470  471
    4   23    2    1    4    0    0    1    1    0      1468  477    0 ANpure   473  474  475  476
    4   24    1    1    2    2    1    1    1    1      1124  479    0 ANpure   478  479
    5    1    2    1    8    0    0    2    1    1      1856  488    0 ANpure   480  481  482  483  484  485  486  487
    5    2    2    1    2    0    0    1    0    1       998  491    0 ANpure   489  490
    5    3    1    1    2    2    1    2    1    0       482  493    0 ANpure   492  493
    5    4    2    1    4    0    0    1    1    0       581  498    0 ANpure   494  495  496  497
    5    5    2    1    4    0    0    2    1    1      1460  503    0 ANpure   499  500  501  502
    5    6    2    1    8    0    0    1    1    0       953  512    0 ANpure   504  505  506  507  508  509  510  511
    5    7    1    1    2    1    2    1    1    1      1430  513    0 ANpure   513  514
    5    8    1    1    4    2    3    1    1    1       884  516    0 ANpure   515  516  517  518
    5    9    1    1    8    1    8    2    1    0      1088  519    0 ANpure   519  520  521  522  523  524  525  526
    5   10    1    1    2    2    1    2    1    0       744  528    0 ANpure   527  528
    5   11    1    1    2    1    2    2    1    0       766  529    0 ANpure   529  530
    5   12    2    1    8    0    0    2    0    0      1149  539    0 ANpure   531  532  533  534  535  536  537  538
    5   13    2    1    2    0    0    1    1    0       593  542    0 ANpure   540  541
    5   14    1    1    2    2    1    2    1    0      1196  544    0 ANpure   543  544
    5   15    2    1    4    0    0    2    1    1      1747  549    0 ANpure   545  546  547  548
    5   16    2    1    8    0    0    1    0    1      1468  558    0 ANpure   550  551  552  553  554  555  556  557
    5   17    2    1    4    0    0    2    0    0      1288  563    0 ANpure   559  560  561  562
    5   18    2    1    2    0    0    2    0    0      1176  566    0 ANpure   564  565
    5   19    2    1    8    0    0    1    1    0       868  575    0 ANpure   567  568  569  570  571  572  573  574
    5   20    2    1    8    0    0    1    1    0       771  584    0 ANpure   576  577  578  579  580  581  582  583
    5   21    2    1    8    0    0    1    1    0       756  593    0 ANpure   585  586  587  588  589  590  591  592
    5   22    1    1    2    1    2    1    1    1      1320  594    0 ANpure   594  595
    5   23    2    1    2    0    0    2    1    1      1333  598    0 ANpure   596  597
    5   24    2    1    4    0    0    1    1    0       807  603    0 ANpure   599  600  601  602
    6    1    1    1    8    1    8    2    1    0       805  604    0 ANpure   604  605  606  607  608  609  610  611
    6    2    2    1    8    0    0    2    0    0       788  620    0 ANpure   612  613  614  615  616  617  618  619
    6    3    2    1    4    0    0    1    1    0       652  625    0 ANpure   621  622  623  624
    6    4    1    1    8    3    6    2    1    0      1120  628    0 ANpure   626  627  628  629  630  631  632  633
    6    5    2    1    2    0    0    2    1    1      1495  636    0 ANpure   634  635
    6    6    2    1    2    0    0    1    1    0      4670  639    0 ANpure   637  638
    6    7    2    1    8    0    0    1    1    0       947  648    0 ANpure   640  641  642  643  644  645  646  647
    6    8    1    1    8    3    6    2    1    0       876  651    0 ANpure   649  650  651  652  653  654  655  656
    6    9    1    1    4    4    1    1    1    1      1008  660    0 ANpure   657  658  659  660
    6   10    1    1    8    2    7    2    1    0       871  662    0 ANpure   661  662  663  664  665  666  667  668
    6   11    1    1    4    4    1    2    1    0       539  672    0 ANpure   669  670  671  672
    6   12    2    1    4    0    0    1    1    0       669  677    0 ANpure   673  674  675  676
    6   13    2    1    8    0    0    2    1    1      1139  686    0 ANpure   678  679  680  681  682  683  684  685
    6   14    1    1    8    1    8    1    1    1      1044  687    0 ANpure   687  688  689  690  691  692  693  694
    6   15    1    1    2    1    2    2    1    0      1806  695    0 ANpure   695  696
    6   16    1    1    4    4    1    1    1    1       940  700    0 ANpure   697  698  699  700
    6   17    1    1    4    3    2    1    1    1       701  703    0 ANpure   701  702  703  704
    6   18    1    1    4    3    2    2    1    0       537  707    0 ANpure   705  706  707  708
    6   19    2    1    8    0    0    2    0    0       530  717    0 ANpure   709  710  711  712  713  714  715  716
    6   20    2    1    4    0    0    1    1    0      1186  722    0 ANpure   718  719  720  721
    6   21    1    1    8    4    5    1    1    1       882  726    0 ANpure   723  724  725  726  727  728  729  730
    6   22    2    1    8    0    0    2    1    1       878  739    0 ANpure   731  732  733  734  735  736  737  738
    6   23    2    1    8    0    0    1    1    0       666  748    0 ANpure   740  741  742  743  744  745  746  747
    6   24    1    1    2    1    2    2    0    1       691  749    0 ANpure   749  750
    7    1    1    1    2    2    1    1    1    1       676  752    0 ANpure   751  752
    7    2    2    1    4    0    0    2    1    1       863  757    0 ANpure   753  754  755  756
    7    3    2    1    4    0    0    2    1    1      1171  762    0 ANpure   758  759  760  761
    7    4    2    1    8    0    0    1    1    0       914  771    0 ANpure   763  764  765  766  767  768  769  770
    7    5    2    1    8    0    0    1    1    0      1148  780    0 ANpure   772  773  774  775  776  777  778  779
    7    6    2    1    2    0    0    1    1    0      3057  783    0 ANpure   781  782
    7    7    1    1    2    2    1    2    1    0       714  785    0 ANpure   784  785
    7    8    2    1    2    0    0    1    1    0       879  788    0 ANpure   786  787
    7    9    1    1    2    2    1    1    1    1      1231  790    0 ANpure   789  790
    7   10    2    1    4    0    0    1    1    0      1220  795    0 ANpure   791  792  793  794
    7   11    2    1    2    0    0    2    1    1      1781  798    0 ANpure   796  797
    7   12    2    1    8    0    0    2    1    1      1244  807    0 ANpure   799  800  801  802  803  804  805  806
    7   13    2    1    2    0    0    2    0    0       621  810    0 ANpure   808  809
    7   14    1    1    4    4    1    1    1    1       731  814    0 ANpure   811  812  813  814
    7   15    2    1    2    0    0    1    1    0      1183  817    0 ANpure   815  816
    7   16    2    1    4    0    0    1    1    0       935  822    0 ANpure   818  819  820  821
    7   17    2    1    4    0    0    1    1    0      2584  827    0 ANpure   823  824  825  826
    7   18    2    1    2    0    0    1    1    0      1411  830    0 ANpure   828  829
    7   19    1    1    8    2    7    2    1    0       698  832    0 ANpure   831  832  833  834  835  836  837  838
    7   20    2    1    2    0    0    2    1    1      1985  841    0 ANpure   839  840
    7   21    1    1    2    1    2    1    1    1      1189  842    0 ANpure   842  843
    7   22    1    1    2    1    2    2    1    0      1304  844    0 ANpure   844  845
    7   23    2    1    8    0    0    2    0    0       739  854    0 ANpure   846  847  848  849  850  851  852  853
    7   24    2    1    4    0    0    2    1    1      1069  859    0 ANpure   855  856  857  858
    8    1    2    1    4    0    0    2    1    1      1393  864    0 ANpure   860  861  862  863
    8    2    1    1    4    3    2    2    1    0      4642  867    0 ANpure   865  866  867  868
    8    3    2    1    4    0    0    2    1    1       880  873    0 ANpure   869  870  871  872
    8    4    2    1    8    0    0    2    1    1       841  882    0 ANpure   874  875  876  877  878  879  880  881
    8    5    2    1    2    0    0    1    0    1      4921  885    0 ANpure   883  884
    8    6    1    1    2    1    2    2    1    0       888  886    0 ANpure   886  887
    8    7    2    1    8    0    0    1    1    0       740  896    0 ANpure   888  889  890  891  892  893  894  895
    8    8    2    1    4    0    0    1    1    0       670  901    0 ANpure   897  898  899  900
    8    9    2    1    4    0    0    1    0    1       889  906    0 ANpure   902  903  904  905
    8   10    1    1    4    4    1    2    1    0       364  910    0 ANpure   907  908  909  910
    8   11    1    1    4    4    1    2    1    0       373  914    0 ANpure   911  912  913  914
    8   12    2    1    4    0    0    2    1    1      1085  919    0 ANpure   915  916  917  918
    8   13    2    1    4    0    0    1    1    0       967  924    0 ANpure   920  921  922  923
    8   14    1    1    4    1    4    1    1    1      1304  925    0 ANpure   925  926  927  928
    8   15    2    1    8    0    0    2    1    1       642  937    0 ANpure   929  930  931  932  933  934  935  936
    8   16    2    1    4    0    0    2    1    1       639  942    0 ANpure   938  939  940  941
    8   17    1    1    4    3    2    2    1    0       829  945    0 ANpure   943  944  945  946
    8   18    1    1    2    1    2    2    1    0      1455  947    0 ANpure   947  948
    8   19    2    1    4    0    0    1    1    0       794  953    0 ANpure   949  950  951  952
    8   20    1    1    2    2    1    1    1    1       974  955    0 ANpure   954  955
    8   21    2    1    8    0    0    2    1    1       919  964    0 ANpure   956  957  958  959  960  961  962  963
    8   22    1    1    4    3    2    1    1    1       985  967    0 ANpure   965  966  967  968
    8   23    2    1    8    0    0    2    1    1       960  977    0 ANpure   969  970  971  972  973  974  975  976
    8   24    1    1    2    1    2    2    1    0      1054  978    0 ANpure   978  979
    9    1    2    1    4    0    0    1    0    1      1572  984    0 ANpure   980  981  982  983
    9    2    1    1    8    5    4    2    1    0      1523  989    0 ANpure   985  986  987  988  989  990  991  992
    9    3    1    1    8    1    8    2    1    0       582  993    0 ANpure   993  994  995  996  997  998  999 1000
    9    4    2    1    2    0    0    1    1    0      6001 1003    0 ANpure  1001 1002
    9    5    1    1    2    2    1    2    1    0       851 1005    0 ANpure  1004 1005
    9    6    1    1    2    1    2    2    1    0       579 1006    0 ANpure  1006 1007
    9    7    1    1    8    3    6    1    1    1      1003 1010    0 ANpure  1008 1009 1010 1011 1012 1013 1014 1015
    9    8    2    1    4    0    0    2    1    1       569 1020    0 ANpure  1016 1017 1018 1019
    9    9    1    1    2    1    2    2    1    0       486 1021    0 ANpure  1021 1022
    9   10    2    1    4    0    0    1    1    0       601 1027    0 ANpure  1023 1024 1025 1026
    9   11    2    1    8    0    0    2    1    1       910 1036    0 ANpure  1028 1029 1030 1031 1032 1033 1034 1035
    9   12    1    1    2    1    2    1    1    1      2460 1037    0 ANpure  1037 1038
    9   13    2    1    2    0    0    2    1    1      1004 1041    0 ANpure  1039 1040
    9   14    1    1    4    1    4    1    1    1       587 1042    0 ANpure  1042 1043 1044 1045
    9   15    2    1    8    0    0    1    1    0      1124 1054    0 ANpure  1046 1047 1048 1049 1050 1051 1052 1053
    9   16    1    1    8    1    8    1    1    1       871 1055    0 ANpure  1055 1056 1057 1058 1059 1060 1061 1062
    9   17    2    1    4    0    0    1    1    0      1033 1067    0 ANpure  1063 1064 1065 1066
    9   18    2    1    8    0    0    1    1    0       735 1076    0 ANpure  1068 1069 1070 1071 1072 1073 1074 1075
    9   19    2    1    4    0    0    1    1    0       631 1081    0 ANpure  1077 1078 1079 1080
    9   20    2    1    8    0    0    2    1    1       685 1090    0 ANpure  1082 1083 1084 1085 1086 1087 1088 1089
    9   21    2    1    8    0    0    2    1    1       736 1099    0 ANpure  1091 1092 1093 1094 1095 1096 1097 1098
    9   22    2    1    4    0    0    2    1    1      1034 1104    0 ANpure  1100 1101 1102 1103
    9   23    1    1    2    1    2    2    1    0       628 1105    0 ANpure  1105 1106
    9   24    2    1    2    0    0    1    0    1       734 1109    0 ANpure  1107 1108
