    1    1    2    1    2    0    0    1    1    0      3774   13    1 CMpure     4    6
    1    2    1    1    2    2    1    1    1    1       921    3    1 CMpure    13   11
    1    3    1    1    8    8    1    1    1    1       659    3    1 CMpure    14   10   16    9   13   12   15   11
    1    4    1    1    4    1    4    2    0    1      3730    2    1 CMpure    10   16   11   15
    1    5    2    1    8    0    0    1    1    0      1131   16    1 CMpure     5    2    6    4    3    1    8    7
    1    6    1    1    8    1    8    2    1    0       769    8    1 CMpure     8    2    7    5    1    6    3    4
    1    7    1    1    4    2    3    1    1    1       652    8    1 CMpure    10   16   13   11
    1    8    2    1    2    0    0    1    1    0      3733   12    1 CMpure     8    3
    1    9    2    1    2    0    0    1    1    0      1076   11    1 CMpure     1    8
    1   10    2    1    8    0    0    2    1    1       796   12    1 CMpure     9   10   15   13   14   16   12   11
    1   11    1    1    2    1    2    2    0    1       784    6    1 CMpure    14    9
    1   12    2    1    8    0    0    2    1    1       933   11    1 CMpure    11   16   12   15   13   10   14    9
    1   13    1    1    8    7    2    1    1    1      1043    1    1 CMpure    10   11   16   13   12   15    9   14
    1   14    1    1    8    5    4    2    1    0       701    1    1 CMpure     4    7    2    8    1    3    5    6
    1   15    2    1    8    0    0    2    1    1       868   12    1 CMpure    10   14   15   16   12   13   11    9
    1   16    2    1    4    0    0    2    1    1       891   15    1 CMpure    13   14   10    9
    1   17    1    1    8    4    5    1    1    1       699    8    1 CMpure    15   13   14   16   11   10    9   12
    1   18    2    1    4    0    0    1    1    0       856   13    1 CMpure     2    1    5    4
    1   19    2    1    2    0    0    2    1    1      1946   12    1 CMpure    16   10
    1   20    2    1    2    0    0    2    1    1       864   11    1 CMpure    12   15
    1   21    1    1    2    1    2    1    1    1       705    3    1 CMpure    11   12
    1   22    1    1    2    1    2    1    1    1       681    7    1 CMpure    15    9
    1   23    2    1    4    0    0    2    1    1       727   12    1 CMpure    14    9   12   10
    1   24    1    1    2    1    2    2    1    0       637    1    1 CMpure     1    4
    2    1    2    1    8    0    0    1    1    0       599   10    1 CMpure     2    5    1    7    4    6    8    3
    2    2    2    1    2    0    0    1    1    0       643   15    1 CMpure     1    8
    2    3    2    1    2    0    0    2    1    1       701   15    1 CMpure    16   15
    2    4    2    1    2    0    0    2    1    1       581   15    1 CMpure    11   16
    2    5    1    1    2    1    2    1    1    1       769    2    1 CMpure    10   13
    2    6    2    1    4    0    0    2    1    1       652   11    1 CMpure    14   15   13   11
    2    7    1    1    4    3    2    1    1    1       635    6    1 CMpure    13   11   14    9
    2    8    1    1    8    7    2    1    1    1       645    4    1 CMpure    10   13    9   11   16   14   12   15
    2    9    2    1    4    0    0    2    1    1       500   13    1 CMpure    15    9   10   13
    2   10    1    1    8    1    8    1    1    1       980    7    1 CMpure    15   14    9   13   16   10   12   11
    2   11    2    1    8    0    0    1    1    0       960   16    1 CMpure     2    3    8    6    5    7    4    1
    2   12    1    1    2    1    2    1    1    1       621    7    1 CMpure    15   10
    2   13    2    1    4    0    0    2    1    1       878   12    1 CMpure    13   14   12   10
    2   14    1    1    4    3    2    1    1    1       579    7    1 CMpure    10    9   15   16
    2   15    2    1    2    0    0    2    1    1       608   15    1 CMpure     9   16
    2   16    1    1    8    1    8    2    1    0       540    6    1 CMpure     6    1    2    7    8    4    3    5
    2   17    1    1    2    2    1    1    1    1       570    1    1 CMpure    16    9
    2   18    2    1    4    0    0    2    1    1       557   13    1 CMpure    14   12   16    9
    2   19    1    1    4    2    3    2    1    0       704    1    1 CMpure     2    1    8    7
    2   20    2    1    4    0    0    2    1    1       685    9    1 CMpure    15   16   13    9
    2   21    1    1    2    1    2    2    1    0       581    7    1 CMpure     7    2
    2   22    2    1    8    0    0    1    1    0       674   14    1 CMpure     2    5    6    1    4    3    7    8
    2   23    1    1    4    2    3    2    1    0       544    2    1 CMpure     6    2    8    3
    2   24    1    1    2    2    1    2    1    0       398    1    1 CMpure     7    1
    3    1    1    1    4    4    1    2    1    0       607    5    1 CMpure     2    6    8    5
    3    2    2    1    8    0    0    2    1    1       491   13    1 CMpure    16    9   10   13   11   15   14   12
    3    3    1    1    8    2    7    2    1    0       859    3    1 CMpure     5    3    1    8    7    6    2    4
    3    4    1    1    2    1    2    1    1    1       429    7    1 CMpure    15   12
    3    5    1    1    2    1    2    2    1    0       575    8    1 CMpure     8    5
    3    6    2    1    8    0    0    2    1    1      1788   14    1 CMpure    15    9   11   12   16   13   14   10
    3    7    2    1    2    0    0    1    1    0       569   14    1 CMpure     7    3
    3    8    2    1    8    0    0    2    1    1       582    9    1 CMpure    12   14    9   16   11   15   13   10
    3    9    1    1    2    1    2    1    1    1       514    5    1 CMpure    13   14
    3   10    2    1    4    0    0    1    1    0       551   14    1 CMpure     6    2    3    1
    3   11    1    1    4    2    3    2    1    0       570    5    1 CMpure     3    5    7    8
    3   12    2    1    4    0    0    2    1    1       540   11    1 CMpure    14   11    9   13
    3   13    1    1    2    2    1    2    1    0       411    1    1 CMpure     5    1
    3   14    1    1    2    2    1    1    1    1       446    6    1 CMpure    12   14
    3   15    2    1    8    0    0    1    1    0       623   11    1 CMpure     8    6    5    3    7    1    4    2
    3   16    1    1    4    2    3    1    1    1       576    5    1 CMpure    10   13   12    9
    3   17    2    1    2    0    0    1    1    0      2669   14    1 CMpure     7    2
    3   18    1    1    2    2    1    2    1    0       485    5    1 CMpure     7    5
    3   19    2    1    8    0    0    2    1    1       726   12    1 CMpure    15   16   13   10   11   14    9   12
    3   20    2    1    8    0    0    1    1    0       573   16    1 CMpure     4    7    2    5    3    6    1    8
    3   21    2    1    2    0    0    2    1    1      2394   11    1 CMpure    11   13
    3   22    1    1    8    7    2    2    1    0       750    4    1 CMpure     1    2    5    3    7    6    4    8
    3   23    2    1    4    0    0    2    1    1       617   14    1 CMpure    16   15   12   13
    3   24    2    1    2    0    0    2    1    1      1828   11    1 CMpure    10   15
    4    1    2    1    8    0    0    1    1    0       514   16    1 CMpure     6    1    2    8    4    7    5    3
    4    2    1    1    2    2    1    1    1    1       449    6    1 CMpure    15   14
    4    3    2    1    4    0    0    1    1    0       552   11    1 CMpure     2    8    7    3
    4    4    1    1    2    2    1    2    1    0       406    3    1 CMpure     5    3
    4    5    1    1    2    2    1    2    1    0       474    2    1 CMpure     8    2
    4    6    1    1    8    4    5    2    1    0       619    3    1 CMpure     4    1    5    3    2    7    6    8
    4    7    1    1    8    1    8    2    1    0       566    7    1 CMpure     7    4    2    1    8    5    3    6
    4    8    1    1    8    7    2    2    1    0       451    7    1 CMpure     4    2    8    1    6    3    7    5
    4    9    1    1    2    2    1    2    1    0       533    8    1 CMpure     5    8
    4   10    2    1    2    0    0    1    1    0       563   15    1 CMpure     4    6
    4   11    1    1    8    4    5    1    1    1       528    3    1 CMpure    10   12   13   11   15   16    9   14
    4   12    2    1    2    0    0    1    1    0       543   14    1 CMpure     4    8
    4   13    1    1    8    5    4    1    1    1       685    5    1 CMpure    12   15   16   14   13   10   11    9
    4   14    2    1    8    0    0    1    1    0       645    9    1 CMpure     3    6    8    7    4    1    5    2
    4   15    1    1    8    7    2    1    1    1       478    8    1 CMpure    10    9   11   12   13   15   16   14
    4   16    1    1    2    1    2    1    1    1       719    4    1 CMpure    12   10
    4   17    2    1    2    0    0    1    1    0       534   10    1 CMpure     5    4
    4   18    1    1    2    2    1    1    1    1       405    1    1 CMpure    15    9
    4   19    2    1    8    0    0    2    1    1       568   14    1 CMpure    11   13   16   14    9   15   12   10
    4   20    2    1    4    0    0    2    1    1       523   13    1 CMpure    11   14   16   10
    4   21    2    1    8    0    0    2    1    1       842   15    1 CMpure    16   13   14   11    9   15   12   10
    4   22    2    1    2    0    0    1    1    0       508   15    1 CMpure     3    2
    4   23    1    1    8    6    3    2    1    0       508    5    1 CMpure     3    2    8    4    1    5    7    6
    4   24    2    1    4    0    0    2    1    1       785   13    1 CMpure    12   15   13   10
    5    1    2    1    2    0    0    1    1    0       523   14    1 CMpure     2    4
    5    2    1    1    4    3    2    2    1    0       415    4    1 CMpure     8    2    4    1
    5    3    1    1    8    5    4    1    1    1       418    1    1 CMpure    10   11   12   13    9   15   16   14
    5    4    2    1    2    0    0    2    1    1       517    9    1 CMpure    15   11
    5    5    1    1    4    2    3    2    1    0       602    1    1 CMpure     5    1    7    2
    5    6    2    1    2    0    0    2    1    1       486   13    1 CMpure    16   15
    5    7    1    1    8    3    6    2    1    0       454    2    1 CMpure     5    1    2    7    3    8    4    6
    5    8    1    1    4    3    2    2    1    0       525    7    1 CMpure     1    6    7    8
    5    9    1    1    4    2    3    2    1    0       402    7    1 CMpure     4    7    1    8
    5   10    2    1    8    0    0    2    1    1       564    9    1 CMpure    14   11   13   12   10   16   15    9
    5   11    2    1    8    0    0    2    1    1       657   15    1 CMpure    15   14   10   16    9   13   12   11
    5   12    2    1    4    0    0    2    1    1       512    9    1 CMpure    14   11   15   13
    5   13    2    1    2    0    0    2    1    1       527   14    1 CMpure    10    9
    5   14    2    1    8    0    0    2    1    1       877   11    1 CMpure    16   15   10   14   11    9   13   12
    5   15    2    1    2    0    0    2    1    1       446   13    1 CMpure    13   10
    5   16    1    1    2    2    1    2    1    0       352    2    1 CMpure     7    2
    5   17    2    1    8    0    0    2    1    1       469   10    1 CMpure    12   16    9   11   15   14   13   10
    5   18    1    1    4    3    2    1    1    1       556    4    1 CMpure     9   11   12   14
    5   19    2    1    4    0    0    1    1    0       495   14    1 CMpure     5    1    4    8
    5   20    1    1    2    2    1    2    1    0       351    1    1 CMpure     8    1
    5   21    2    1    8    0    0    1    1    0       468   13    1 CMpure     1    5    2    8    7    4    6    3
    5   22    1    1    4    4    1    2    1    0       410    2    1 CMpure     7    5    1    2
    5   23    2    1    4    0    0    2    1    1       579   12    1 CMpure    12   15    9   16
    5   24    1    1    2    1    2    2    1    0       495    8    1 CMpure     8    3
    6    1    1    1    2    1    2    1    1    1       386    3    1 CMpure    11   12
    6    2    1    1    4    2    3    1    1    1       683    2    1 CMpure    13   10   16   11
    6    3    2    1    8    0    0    2    1    1       436   14    1 CMpure    15   16   12   10   13    9   11   14
    6    4    2    1    4    0    0    2    1    1       523   10    1 CMpure    14   16   12   10
    6    5    1    1    2    2    1    1    1    1       571    2    1 CMpure    16   10
    6    6    1    1    2    2    1    1    1    1       327    5    1 CMpure     9   13
    6    7    1    1    2    2    1    2    1    0       334    6    1 CMpure     1    6
    6    8    2    1    2    0    0    2    1    1       547   12    1 CMpure    10   14
    6    9    1    1    2    2    1    2    1    0       369    8    1 CMpure     4    8
    6   10    1    1    8    3    6    2    1    0       550    8    1 CMpure     3    1    8    6    4    5    2    7
    6   11    2    1    4    0    0    1    1    0       665   11    1 CMpure     2    1    7    6
    6   12    1    1    8    1    8    1    1    1       514    8    1 CMpure    16   15   10   12   11    9   14   13
    6   13    1    1    2    2    1    1    1    1      2817    5    1 CMpure    12   13
    6   14    2    1    4    0    0    2    1    1       777    9    1 CMpure    14   16    9   11
    6   15    2    1    4    0    0    2    1    1       514    9    1 CMpure    10   12   13   14
    6   16    2    1    8    0    0    2    1    1       433   10    1 CMpure    12   14   10    9   16   11   13   15
    6   17    2    1    4    0    0    1    1    0       489   16    1 CMpure     3    7    2    5
    6   18    2    1    4    0    0    2    1    1       511   12    1 CMpure    14    9   16   15
    6   19    1    1    8    8    1    1    1    1       589    1    1 CMpure    11   13   12   14   10   15   16    9
    6   20    1    1    4    4    1    2    1    0       399    6    1 CMpure     5    4    7    6
    6   21    1    1    2    1    2    2    1    0      1043    2    1 CMpure     2    1
    6   22    2    1    4    0    0    2    1    1       546    9    1 CMpure    11   13   10   14
    6   23    1    1    2    1    2    2    1    0       448    6    1 CMpure     6    4
    6   24    2    1    8    0    0    1    1    0       498   14    1 CMpure     4    2    8    5    1    7    3    6
    7    1    2    1    8    0    0    1    1    0       454   16    1 CMpure     5    4    2    6    3    8    7    1
    7    2    1    1    2    1    2    2    1    0      1080    2    1 CMpure     2    1
    7    3    2    1    2    0    0    1    1    0       417   15    1 CMpure     2    3
    7    4    2    1    2    0    0    2    1    1       388   13    1 CMpure    12    9
    7    5    1    1    2    1    2    2    1    0       376    2    1 CMpure     2    1
    7    6    2    1    4    0    0    2    1    1       610   11    1 CMpure     9   11   16   14
    7    7    2    1    4    0    0    1    1    0       435   11    1 CMpure     8    6    7    2
    7    8    2    1    4    0    0    1    1    0       410   13    1 CMpure     8    5    2    7
    7    9    1    1    2    1    2    1    1    1       494    2    1 CMpure    10   11
    7   10    2    1    8    0    0    2    1    1       493   14    1 CMpure     9   11   12   10   15   14   13   16
    7   11    2    1    4    0    0    2    1    1       435   13    1 CMpure    10   16   13   12
    7   12    2    1    2    0    0    2    1    1       549   14    1 CMpure    10   14
    7   13    2    1    4    0    0    1    1    0       440   16    1 CMpure     2    6    7    3
    7   14    2    1    2    0    0    2    1    1       587   14    1 CMpure    16   11
    7   15    1    1    4    1    4    2    1    0       540    3    1 CMpure     3    8    2    4
    7   16    2    1    2    0    0    2    1    1       571   16    1 CMpure    16    9
    7   17    2    1    2    0    0    2    1    1       488   10    1 CMpure     9   16
    7   18    1    1    4    1    4    2    1    0       526    5    1 CMpure     5    7    3    6
    7   19    1    1    8    5    4    1    1    1       557    5    1 CMpure    15   12   11   14   13   16    9   10
    7   20    2    1    2    0    0    1    1    0       475    9    1 CMpure     6    7
    7   21    1    1    2    2    1    2    1    0       411    8    1 CMpure     3    8
    7   22    2    1    4    0    0    2    1    1       499   16    1 CMpure    14   16   10   13
    7   23    1    1    8    8    1    1    1    1       386    7    1 CMpure    10   14   11   16    9   12   13   15
    7   24    1    1    2    1    2    2    1    0       406    5    1 CMpure     5    4
    8    1    2    1    8    0    0    2    1    1       477   16    1 CMpure    10   12   14   13    9   16   15   11
    8    2    1    1    4    4    1    1    1    1       339    2    1 CMpure    12   16   13   10
    8    3    1    1    2    1    2    1    1    1      1209    7    1 CMpure    15   13
    8    4    1    1    2    1    2    2    1    0       525    6    1 CMpure     6    7
    8    5    1    1    8    6    3    1    1    1       492    2    1 CMpure    15    9   13   16   12   10   14   11
    8    6    1    1    2    1    2    1    1    1       972    7    1 CMpure    15   13
    8    7    2    1    2    0    0    2    1    1       425   13    1 CMpure    12   14
    8    8    2    1    4    0    0    1    1    0       449   16    1 CMpure     2    8    3    1
    8    9    1    1    4    1    4    2    1    0       455    1    1 CMpure     1    7    6    3
    8   10    1    1    2    1    2    1    1    1       361    8    1 CMpure    16   15
    8   11    1    1    4    4    1    2    1    0       356    1    1 CMpure     7    6    3    1
    8   12    2    1    8    0    0    1    1    0       506   16    1 CMpure     5    7    1    4    2    3    8    6
    8   13    2    1    8    0    0    1    1    0       408   13    1 CMpure     8    3    2    7    5    6    1    4
    8   14    2    1    8    0    0    2    1    1       540   15    1 CMpure     9   12   10   15   16   14   11   13
    8   15    1    1    4    2    3    1    1    1       480    4    1 CMpure     9   12   13   10
    8   16    1    1    4    2    3    1    1    1       470    8    1 CMpure    11   16   13   12
    8   17    2    1    8    0    0    2    1    1       663    9    1 CMpure    13   14   15   16   12   11    9   10
    8   18    2    1    2    0    0    1    1    0       576   13    1 CMpure     7    2
    8   19    1    1    2    1    2    1    1    1       492    2    1 CMpure    10   14
    8   20    2    1    4    0    0    2    1    1       402   11    1 CMpure    13   14   11   15
    8   21    2    1    4    0    0    2    1    1       507   15    1 CMpure    13   14   16   15
    8   22    1    1    8    5    4    1    0    0       379    3    1 CMpure     7    4    2    5    3    6    8    1
    8   23    1    1    8    1    8    2    1    0       479    2    1 CMpure     2    3    1    7    6    8    5    4
    8   24    1    1    4    1    4    1    1    1       628    6    1 CMpure    14   12   10   15
    9    1    1    1    8    8    1    2    1    0       359    7    1 CMpure     2    1    5    4    3    6    8    7
    9    2    2    1    8    0    0    2    1    1       524   14    1 CMpure    15    9   11   16   14   10   13   12
    9    3    1    1    4    2    3    1    1    1       528    7    1 CMpure    10   15   16   13
    9    4    1    1    4    2    3    2    1    0       548    4    1 CMpure     6    4    7    2
    9    5    1    1    8    1    8    1    1    1       530    5    1 CMpure    13    9   16   12   11   14   10   15
    9    6    1    1    8    4    5    1    1    1       752    3    1 CMpure    15   16   13   11   14   10   12    9
    9    7    2    1    2    0    0    2    0    0      1318   12    1 CMpure     3    2
    9    8    2    1    8    0    0    1    1    0       613   12    1 CMpure     5    8    4    7    2    3    6    1
    9    9    1    1    2    2    1    1    1    1       528    7    1 CMpure    10   15
    9   10    1    1    4    4    1    2    1    0       404    7    1 CMpure     3    1    4    7
    9   11    1    1    4    3    2    1    1    1       589    7    1 CMpure    14   16   15   11
    9   12    2    1    4    0    0    1    1    0       494   14    1 CMpure     1    6    4    3
    9   13    1    1    4    3    2    1    1    1       627    3    1 CMpure    12   15   11    9
    9   14    1    1    4    1    4    2    1    0       483    3    1 CMpure     3    2    1    6
    9   15    2    1    4    0    0    2    1    1       505   13    1 CMpure    16   10   14   15
    9   16    2    1    8    0    0    1    1    0       601    9    1 CMpure     4    1    7    2    3    8    6    5
    9   17    1    1    2    1    2    1    1    1       453    7    1 CMpure    15   13
    9   18    1    1    2    2    1    1    1    1       470    7    1 CMpure    11   15
    9   19    1    1    2    2    1    1    1    1       392    8    1 CMpure    15   16
    9   20    2    1    4    0    0    2    1    1       497   10    1 CMpure    14   12   15   10
    9   21    2    1    2    0    0    1    1    0       545   14    1 CMpure     1    5
    9   22    2    1    8    0    0    1    1    0       558    9    1 CMpure     4    6    1    2    5    7    3    8
    9   23    2    1    8    0    0    2    1    1       507   15    1 CMpure    14   13   16   10    9   15   12   11
    9   24    1    1    2    2    1    1    1    1       347    6    1 CMpure    10   14
