    1    1    2    1    8    0    0    2    0    0      3368   12    1 CMpure     7    5    3    8    2    4    1    6
    1    2    2    1    2    0    0    1    0    1      2773    7    1 CMpure    14   11
    1    3    2    1    4    0    0    1    0    1      2151    6    1 CMpure    16    9   13   10
    1    4    2    1    8    0    0    2    1    1      1206    5    1 CMpure    16   15   13   12   14   10    9   11
    1    5    2    1    2    0    0    2    1    1      1491    2    1 CMpure    16   11
    1    6    1    1    4    2    3    1    0    0      1386    4    1 CMpure     7    4    8    1
    1    7    2    1    4    0    0    2    0    0      1484   14    1 CMpure     3    5    7    6
    1    8    1    1    8    1    8    1    0    0       926    3    1 CMpure     3    6    1    7    2    4    5    8
    1    9    1    1    2    2    1    1    1    1      3326   16    1 CMpure    11   16
    1   10    2    1    2    0    0    1    1    0      1926   10    1 CMpure     6    7
    1   11    1    1    8    7    2    1    1    1       910   14    1 CMpure    13   15    9   12   11   16   14   10
    1   12    1    1    4    2    3    2    1    0      1188    8    1 CMpure     3    8    4    7
    1   13    2    1    2    0    0    1    1    0       882   14    1 CMpure     5    7
    1   14    2    1    4    0    0    2    1    1       841    1    1 CMpure    14   12   16   11
    1   15    2    1    8    0    0    1    1    0       988   16    1 CMpure     4    6    3    5    7    1    2    8
    1   16    1    1    4    1    4    1    1    1      1527   12    1 CMpure    12    9   13   15
    1   17    2    1    2    0    0    2    1    1      2663    8    1 CMpure    12   15
    1   18    1    1    4    3    2    2    1    0       759    4    1 CMpure     7    6    4    8
    1   19    2    1    8    0    0    1    1    0       902   16    1 CMpure     5    4    2    1    8    3    7    6
    1   20    1    1    2    1    2    2    1    0      1279    2    1 CMpure     2    1
    1   21    2    1    8    0    0    2    1    1      1138    6    1 CMpure    10   15   11   12   13    9   14   16
    1   22    2    1    8    0    0    2    1    1      1217    7    1 CMpure    13   11   10   14    9   16   12   15
    1   23    1    1    4    3    2    1    1    1       931   15    1 CMpure    16   12   15   11
    1   24    1    1    8    5    4    1    1    1      1531   14    1 CMpure    16   11   15   10   14   13    9   12
    2    1    2    1    4    0    0    1    1    0       888   12    1 CMpure     3    5    6    1
    2    2    2    1    8    0    0    1    1    0      2257   14    1 CMpure     3    7    1    4    2    5    8    6
    2    3    1    1    8    4    5    2    1    0       997    7    1 CMpure     3    8    2    7    5    4    1    6
    2    4    2    1    8    0    0    2    1    1      1210    6    1 CMpure    10   14    9   12   13   11   16   15
    2    5    2    1    2    0    0    2    1    1      2519    4    1 CMpure    15    9
    2    6    2    1    8    0    0    1    1    0       735   13    1 CMpure     4    8    3    2    7    1    5    6
    2    7    2    1    2    0    0    2    1    1      1134    5    1 CMpure    15   13
    2    8    2    1    4    0    0    1    1    0      1179   15    1 CMpure     5    1    4    7
    2    9    2    1    2    0    0    1    1    0       785   16    1 CMpure     7    8
    2   10    1    1    2    1    2    1    1    1      1382   15    1 CMpure    15   11
    2   11    1    1    8    1    8    1    1    1      1068   16    1 CMpure    16    9   13   12   11   15   10   14
    2   12    2    1    8    0    0    1    1    0      1055   14    1 CMpure     1    3    7    2    4    6    8    5
    2   13    2    1    2    0    0    1    1    0       825   16    1 CMpure     3    4
    2   14    2    1    4    0    0    2    1    1       899    6    1 CMpure    15    9   13   16
    2   15    2    1    4    0    0    1    1    0       881   16    1 CMpure     1    3    8    4
    2   16    1    1    4    1    4    2    1    0      1064    5    1 CMpure     5    8    4    2
    2   17    1    1    8    2    7    2    1    0       922    4    1 CMpure     5    4    1    6    3    2    7    8
    2   18    1    1    8    8    1    1    1    1       611    9    1 CMpure    12   14   16   10   15   11   13    9
    2   19    2    1    4    0    0    1    1    0       829   15    1 CMpure     4    2    6    5
    2   20    2    1    8    0    0    2    1    1      1297    2    1 CMpure    12   16   15   11   10    9   14   13
    2   21    1    1    4    2    3    2    1    0       671    5    1 CMpure     2    5    6    4
    2   22    2    1    2    0    0    2    1    1       617    5    1 CMpure    10   15
    2   23    2    1    8    0    0    2    1    1       902    4    1 CMpure    14   15   11    9   13   16   12   10
    2   24    2    1    8    0    0    1    1    0      1231   13    1 CMpure     7    8    6    3    4    2    5    1
    3    1    2    1    2    0    0    1    1    0       807   11    1 CMpure     4    1
    3    2    2    1    8    0    0    1    1    0       828   12    1 CMpure     5    4    6    2    7    3    8    1
    3    3    2    1    4    0    0    1    1    0       790   11    1 CMpure     5    2    1    8
    3    4    1    1    8    3    6    2    1    0       875    4    1 CMpure     6    2    4    1    3    8    5    7
    3    5    2    1    4    0    0    2    1    1      2092    6    1 CMpure    15   12   16   13
    3    6    2    1    2    0    0    2    1    1       684    6    1 CMpure     9   10
    3    7    2    1    2    0    0    2    1    1       717    4    1 CMpure    11   13
    3    8    1    1    2    1    2    1    1    1       821   10    1 CMpure    10   16
    3    9    1    1    2    2    1    1    1    1       617    9    1 CMpure    16    9
    3   10    2    1    2    0    0    2    1    1       685    3    1 CMpure    10   15
    3   11    1    1    8    3    6    1    1    1       575   13    1 CMpure    15   10   13   11   14   12    9   16
    3   12    2    1    8    0    0    1    1    0       733   16    1 CMpure     6    7    4    1    3    8    5    2
    3   13    1    1    2    2    1    1    1    1      1572    9    1 CMpure    10    9
    3   14    2    1    4    0    0    1    1    0       736   16    1 CMpure     2    8    5    4
    3   15    1    1    2    1    2    1    1    1      1143   16    1 CMpure    16   13
    3   16    2    1    2    0    0    2    1    1       670    4    1 CMpure     9   13
    3   17    2    1    4    0    0    1    1    0       685   16    1 CMpure     5    1    7    3
    3   18    2    1    2    0    0    2    1    1      2702    1    1 CMpure    10   12
    3   19    1    1    8    3    6    2    1    0       864    5    1 CMpure     3    4    5    7    1    6    8    2
    3   20    1    1    4    1    4    1    1    1      1063   15    1 CMpure    15   11   13    9
    3   21    1    1    4    3    2    1    1    1       575   14    1 CMpure    10   13   14    9
    3   22    1    1    8    4    5    2    1    0       509    1    1 CMpure     2    6    7    1    4    8    5    3
    3   23    1    1    2    1    2    1    1    1       566   10    1 CMpure    10   13
    3   24    1    1    4    3    2    1    1    1       545    9    1 CMpure    11   10    9   15
    4    1    2    1    2    0    0    2    0    0       491    9    1 CMpure     4    7
    4    2    2    1    8    0    0    1    1    0       797   12    1 CMpure     6    5    2    7    4    1    8    3
    4    3    1    1    2    1    2    2    1    0       825    6    1 CMpure     6    1
    4    4    2    1    4    0    0    2    1    1       771    4    1 CMpure     9   12   15   11
    4    5    1    1    2    1    2    1    1    1       625   16    1 CMpure    16   15
    4    6    1    1    4    1    4    1    1    1       698   14    1 CMpure    14   13   10   11
    4    7    2    1    2    0    0    2    1    1       642    5    1 CMpure    11   16
    4    8    2    1    4    0    0    1    1    0       635   11    1 CMpure     1    7    3    4
    4    9    2    1    8    0    0    1    1    0       631   13    1 CMpure     1    3    2    7    6    5    4    8
    4   10    2    1    2    0    0    2    1    1       882    7    1 CMpure    14   15
    4   11    2    1    8    0    0    1    1    0       732   10    1 CMpure     6    3    5    7    8    4    2    1
    4   12    2    1    4    0    0    1    1    0       633   16    1 CMpure     7    2    8    6
    4   13    1    1    2    2    1    1    1    1       836    9    1 CMpure    14    9
    4   14    1    1    2    2    1    1    1    1       711   12    1 CMpure    10   12
    4   15    1    1    2    2    1    2    1    0       488    6    1 CMpure     4    6
    4   16    2    1    4    0    0    1    1    0       623   11    1 CMpure     6    5    2    3
    4   17    2    1    8    0    0    2    1    1       635    5    1 CMpure    10   15   12    9   16   11   14   13
    4   18    1    1    8    5    4    2    1    0       590    4    1 CMpure     2    1    8    5    4    7    6    3
    4   19    2    1    8    0    0    1    1    0      1644   15    1 CMpure     2    5    1    3    4    8    6    7
    4   20    2    1    8    0    0    1    1    0       640   10    1 CMpure     3    8    1    6    5    2    4    7
    4   21    1    1    4    1    4    1    1    1       641   15    1 CMpure    15   10    9   11
    4   22    1    1    2    1    2    2    1    0      1284    3    1 CMpure     3    1
    4   23    2    1    2    0    0    2    1    1       781    5    1 CMpure     9   10
    4   24    2    1    8    0    0    1    1    0      1611   14    1 CMpure     4    2    1    7    3    6    8    5
    5    1    2    1    8    0    0    1    1    0       604   11    1 CMpure     2    3    6    1    5    8    7    4
    5    2    1    1    8    4    5    1    1    1       689   14    1 CMpure    16   10   11   14   13   15    9   12
    5    3    2    1    2    0    0    1    1    0       706   15    1 CMpure     5    1
    5    4    2    1    8    0    0    2    1    1       684    1    1 CMpure    15   14   13   10   11    9   16   12
    5    5    1    1    8    5    4    1    1    1       742   15    1 CMpure     9   12   16   10   15   14   13   11
    5    6    1    1    8    1    8    1    1    1       541   13    1 CMpure    13   12   16   11   15    9   10   14
    5    7    2    1    4    0    0    1    1    0       794   10    1 CMpure     5    8    3    1
    5    8    2    1    8    0    0    2    1    1       656    7    1 CMpure    10   13   16   15    9   11   12   14
    5    9    1    1    4    2    3    1    1    1       568   11    1 CMpure    10   11   15   16
    5   10    1    1    4    4    1    2    1    0       540    2    1 CMpure     8    1    6    2
    5   11    2    1    8    0    0    2    1    1      1411    8    1 CMpure     9   13   11   10   14   16   15   12
    5   12    1    1    2    2    1    1    1    1       768   12    1 CMpure    16   12
    5   13    1    1    8    8    1    1    1    1       455   14    1 CMpure    10   11   15   12    9   16   13   14
    5   14    1    1    4    3    2    1    1    1       623    9    1 CMpure    12   13    9   16
    5   15    1    1    4    1    4    1    1    1       592   15    1 CMpure    15   13    9   12
    5   16    2    1    4    0    0    1    1    0       643   13    1 CMpure     2    5    3    1
    5   17    1    1    4    4    1    2    1    0       500    8    1 CMpure     2    6    4    8
    5   18    2    1    8    0    0    1    1    0       749   12    1 CMpure     2    5    1    8    6    3    4    7
    5   19    2    1    2    0    0    2    1    1       907    2    1 CMpure    10   12
    5   20    2    1    4    0    0    2    1    1       609    2    1 CMpure    14   10   15   16
    5   21    2    1    4    0    0    1    1    0       707   13    1 CMpure     7    5    2    8
    5   22    1    1    8    3    6    2    1    0       860    3    1 CMpure     1    2    3    4    7    5    6    8
    5   23    1    1    8    7    2    1    1    1       536    9    1 CMpure    10   14   12   16   15   11    9   13
    5   24    2    1    4    0    0    1    1    0      1212    9    1 CMpure     2    7    4    1
    6    1    2    1    8    0    0    1    1    0       618   15    1 CMpure     4    8    6    1    7    3    2    5
    6    2    2    1    4    0    0    2    1    1       667    5    1 CMpure    14   15   13    9
    6    3    1    1    4    4    1    2    1    0       666    6    1 CMpure     4    1    5    6
    6    4    2    1    8    0    0    2    1    1      2853    8    1 CMpure    10   11   13   16   15    9   14   12
    6    5    2    1    4    0    0    2    1    1       637    5    1 CMpure    14   16    9   10
    6    6    2    1    4    0    0    1    1    0       566   11    1 CMpure     3    4    8    7
    6    7    1    1    4    4    1    2    1    0       577    7    1 CMpure     3    2    1    7
    6    8    1    1    2    1    2    2    1    0      1743    5    1 CMpure     5    1
    6    9    2    1    4    0    0    1    1    0       572   11    1 CMpure     1    3    4    8
    6   10    2    1    8    0    0    2    1    1       699    4    1 CMpure    12   10   13   16    9   11   14   15
    6   11    2    1    2    0    0    2    1    1      1915    1    1 CMpure    12   13
    6   12    2    1    8    0    0    2    1    1       620    2    1 CMpure    16   12    9   11   10   15   13   14
    6   13    1    1    4    1    4    1    1    1      1437   10    1 CMpure    10    9   14   12
    6   14    1    1    2    2    1    1    1    1      2784   13    1 CMpure    16   13
    6   15    1    1    4    3    2    2    1    0       563    1    1 CMpure     3    5    1    2
    6   16    1    1    4    2    3    1    1    1       575    9    1 CMpure    14    9   16   10
    6   17    2    1    2    0    0    2    1    1       901    5    1 CMpure    15   10
    6   18    2    1    8    0    0    1    1    0       710   14    1 CMpure     7    3    2    5    1    4    6    8
    6   19    1    1    8    4    5    1    1    1       567   11    1 CMpure    14   16   13   11   15    9   10   12
    6   20    1    1    8    1    8    1    1    1       526   10    1 CMpure    10   15   16   11   12   14    9   13
    6   21    2    1    2    0    0    2    1    1       581    7    1 CMpure    13    9
    6   22    2    1    8    0    0    1    1    0      1419   14    1 CMpure     6    7    1    5    2    8    4    3
    6   23    2    1    2    0    0    1    1    0      2199    9    1 CMpure     4    8
    6   24    1    1    8    3    6    1    1    1       660   16    1 CMpure    10   12   16   13   14    9   11   15
    7    1    2    1    2    0    0    1    1    0      1605   12    1 CMpure     1    6
    7    2    2    1    2    0    0    1    1    0      1034   11    1 CMpure     6    8
    7    3    2    1    8    0    0    1    1    0       494   11    1 CMpure     5    8    2    4    3    7    1    6
    7    4    1    1    4    1    4    1    1    1       556   13    1 CMpure    13    9   10   12
    7    5    1    1    8    4    5    2    1    0       740    8    1 CMpure     1    4    5    8    2    7    3    6
    7    6    1    1    4    3    2    1    1    1       616   10    1 CMpure     9   11   10   16
    7    7    1    1    8    8    1    2    1    0       469    1    1 CMpure     2    3    8    4    6    5    7    1
    7    8    1    1    8    3    6    2    1    0       639    8    1 CMpure     7    6    8    4    3    1    5    2
    7    9    2    1    8    0    0    1    1    0       627   15    1 CMpure     3    6    7    2    1    5    4    8
    7   10    2    1    4    0    0    2    1    1       852    4    1 CMpure    14   16   13   12
    7   11    1    1    2    1    2    2    1    0       647    1    1 CMpure     1    4
    7   12    1    1    2    2    1    2    1    0       930    8    1 CMpure     4    8
    7   13    1    1    2    2    1    2    1    0      1601    5    1 CMpure     1    5
    7   14    1    1    8    2    7    2    1    0       639    8    1 CMpure     7    8    1    2    5    4    3    6
    7   15    2    1    8    0    0    2    1    1       707    7    1 CMpure    10   15   16   12    9   11   13   14
    7   16    1    1    2    1    2    2    1    0       547    7    1 CMpure     7    4
    7   17    1    1    8    6    3    1    1    1       546   10    1 CMpure    12    9   15   11   13   10   14   16
    7   18    1    1    2    2    1    1    1    1       546   13    1 CMpure    10   13
    7   19    2    1    8    0    0    1    1    0       553   15    1 CMpure     4    6    7    5    1    2    8    3
    7   20    1    1    4    1    4    2    1    0       789    3    1 CMpure     3    5    2    1
    7   21    2    1    2    0    0    2    1    1       915    7    1 CMpure    16    9
    7   22    1    1    4    3    2    2    1    0       744    8    1 CMpure     2    6    8    4
    7   23    1    1    2    1    2    1    1    1       503   13    1 CMpure    13   15
    7   24    1    1    2    2    1    2    1    0       520    2    1 CMpure     4    2
    8    1    2    1    8    0    0    1    1    0       701   10    1 CMpure     5    7    6    2    3    8    4    1
    8    2    1    1    2    1    2    2    1    0      2286    1    1 CMpure     1    8
    8    3    1    1    4    3    2    1    1    1       469   11    1 CMpure    15   13   11    9
    8    4    1    1    2    2    1    1    1    1       415   11    1 CMpure    10   11
    8    5    2    1    4    0    0    2    1    1       544    1    1 CMpure    12   10    9   13
    8    6    2    1    4    0    0    1    1    0       541   14    1 CMpure     3    4    7    5
    8    7    2    1    4    0    0    2    1    1       778    8    1 CMpure    12   10   13   11
    8    8    1    1    8    4    5    2    1    0       712    5    1 CMpure     3    7    1    5    4    6    8    2
    8    9    2    1    4    0    0    1    1    0      1934   16    1 CMpure     2    8    3    6
    8   10    2    1    2    0    0    2    1    1       654    8    1 CMpure    15   10
    8   11    1    1    4    1    4    1    1    1       646   13    1 CMpure    13   14    9   11
    8   12    2    1    8    0    0    1    1    0       754    9    1 CMpure     4    8    1    6    7    2    5    3
    8   13    2    1    4    0    0    1    1    0       613   15    1 CMpure     5    1    8    2
    8   14    1    1    2    2    1    2    1    0       826    4    1 CMpure     8    4
    8   15    1    1    2    2    1    2    1    0      1990    6    1 CMpure     3    6
    8   16    1    1    4    3    2    2    1    0       792    5    1 CMpure     7    4    5    8
    8   17    1    1    4    2    3    1    1    1       827    9    1 CMpure    13    9   11   10
    8   18    1    1    8    5    4    1    1    1       792   16    1 CMpure    14   11   10    9   16   15   12   13
    8   19    1    1    2    2    1    2    1    0       733    7    1 CMpure     2    7
    8   20    2    1    2    0    0    1    1    0       692   14    1 CMpure     5    8
    8   21    1    1    8    5    4    1    1    1       646   14    1 CMpure     9   11   13   10   14   15   16   12
    8   22    2    1    8    0    0    2    1    1       626    5    1 CMpure    15   12   13    9   14   16   10   11
    8   23    2    1    4    0    0    2    1    1       843    4    1 CMpure    11   13   14   10
    8   24    1    1    8    1    8    1    1    1       607   11    1 CMpure    11   10   16   13   15   14   12    9
    9    1    2    1    8    0    0    2    1    1       591    5    1 CMpure    16    9   11   15   10   14   12   13
    9    2    1    1    4    1    4    1    1    1      3889   16    1 CMpure    16   15    9   12
    9    3    2    1    2    0    0    2    1    1       587    6    1 CMpure    12   15
    9    4    1    1    2    1    2    1    1    1       944   15    1 CMpure    15   13
    9    5    1    1    4    1    4    2    1    0       685    4    1 CMpure     4    7    5    2
    9    6    1    1    4    4    1    2    1    0       619    5    1 CMpure     2    1    6    5
    9    7    1    1    2    1    2    2    1    0      1727    4    1 CMpure     4    7
    9    8    1    1    4    1    4    2    1    0       989    1    1 CMpure     1    8    3    5
    9    9    2    1    8    0    0    2    1    1       667    4    1 CMpure    15   11   12   14   13    9   16   10
    9   10    1    1    8    4    5    1    1    1       621   10    1 CMpure     9   13   15   10   16   14   11   12
    9   11    1    1    8    7    2    1    1    1       554   15    1 CMpure    13   16   10   12   11    9   15   14
    9   12    1    1    8    5    4    2    1    0      1785    7    1 CMpure     3    5    8    2    7    6    1    4
    9   13    2    1    8    0    0    2    1    1      1863    8    1 CMpure     9   11   15   10   13   12   16   14
    9   14    2    1    8    0    0    2    1    1      2522    8    1 CMpure    12   10   16   14   15    9   11   13
    9   15    1    1    2    2    1    2    1    0      4530    3    1 CMpure     4    3
    9   16    2    1    2    0    0    2    1    1      1644    2    1 CMpure    14   16
    9   17    2    1    4    0    0    2    1    1      1338    7    1 CMpure    12   10   15   14
    9   18    2    1    2    0    0    1    1    0      2114   13    1 CMpure     8    7
    9   19    2    1    8    0    0    2    1    1      1114    8    1 CMpure    16   15   11   12   13   10    9   14
    9   20    1    1    4    4    1    2    1    0      1320    4    1 CMpure     3    2    1    4
    9   21    1    1    2    2    1    1    1    1      1312    9    1 CMpure    13    9
    9   22    1    1    2    2    1    2    1    0      1217    2    1 CMpure     4    2
    9   23    1    1    4    1    4    2    1    0       874    7    1 CMpure     7    6    2    5
    9   24    1    1    8    2    7    1    1    1       892   10    1 CMpure    11   10   16   15   13   14   12    9
