    1    1    1    1    2    1    2    1    1    1       685    1    0 ANpure     1    2
    1    2    2    1    8    0    0    2    1    1       733   11    0 ANpure     3    4    5    6    7    8    9   10
    1    3    2    1    2    0    0    2    1    1       656   14    0 ANpure    12   13
    1    4    1    1    8    7    2    1    1    1       931   21    0 ANpure    15   16   17   18   19   20   21   22
    1    5    2    1    2    0    0    2    1    1       558   25    0 ANpure    23   24
    1    6    2    1    2    0    0    2    1    1      1320   28    0 ANpure    26   27
    1    7    2    1    8    0    0    1    1    0       654   37    0 ANpure    29   30   31   32   33   34   35   36
    1    8    2    1    4    0    0    1    1    0       682   42    0 ANpure    38   39   40   41
    1    9    1    1    2    1    2    2    1    0       865   43    0 ANpure    43   44
    1   10    1    1    4    1    4    2    1    0       756   45    0 ANpure    45   46   47   48
    1   11    1    1    2    2    1    1    1    1       712   50    0 ANpure    49   50
    1   12    1    1    4    4    1    1    0    0       801   54    0 ANpure    51   52   53   54
    1   13    2    1    4    0    0    2    0    0       725   59    0 ANpure    55   56   57   58
    1   14    2    1    2    0    0    1    1    0      1418   62    0 ANpure    60   61
    1   15    1    1    4    4    1    1    1    1       646   66    0 ANpure    63   64   65   66
    1   16    1    1    2    2    1    2    1    0       607   68    0 ANpure    67   68
    1   17    1    1    2    1    2    2    1    0       570   69    0 ANpure    69   70
    1   18    1    1    2    2    1    2    1    0       341   72    0 ANpure    71   72
    1   19    1    1    2    2    1    2    1    0       427   74    0 ANpure    73   74
    1   20    1    1    2    2    1    2    1    0       476   76    0 ANpure    75   76
    1   21    2    1    4    0    0    2    0    0       732   81    0 ANpure    77   78   79   80
    1   22    2    1    2    0    0    2    1    1       944   84    0 ANpure    82   83
    1   23    2    1    8    0    0    1    1    0       711   93    0 ANpure    85   86   87   88   89   90   91   92
    1   24    1    1    4    4    1    2    1    0       545   97    0 ANpure    94   95   96   97
    2    1    2    1    4    0    0    2    1    1       657  102    0 ANpure    98   99  100  101
    2    2    1    1    2    1    2    1    1    1       857  103    0 ANpure   103  104
    2    3    2    1    4    0    0    1    1    0       796  109    0 ANpure   105  106  107  108
    2    4    2    1    2    0    0    1    1    0       525  112    0 ANpure   110  111
    2    5    2    1    4    0    0    2    0    0       685  117    0 ANpure   113  114  115  116
    2    6    1    1    8    2    7    1    1    1       621  119    0 ANpure   118  119  120  121  122  123  124  125
    2    7    1    1    8    2    7    1    0    0       753  127    0 ANpure   126  127  128  129  130  131  132  133
    2    8    1    1    2    1    2    2    1    0       806  134    0 ANpure   134  135
    2    9    2    1    4    0    0    2    1    1      1148  140    0 ANpure   136  137  138  139
    2   10    1    1    4    1    4    1    1    1       914  141    0 ANpure   141  142  143  144
    2   11    2    1    2    0    0    1    1    0       671  147    0 ANpure   145  146
    2   12    2    1    2    0    0    1    0    1       581  150    0 ANpure   148  149
    2   13    1    1    2    2    1    2    1    0       575  152    0 ANpure   151  152
    2   14    1    1    2    2    1    2    1    0       491  154    0 ANpure   153  154
    2   15    1    1    2    2    1    2    1    0       392  156    0 ANpure   155  156
    2   16    2    1    2    0    0    1    1    0       538  159    0 ANpure   157  158
    2   17    1    1    4    1    4    1    1    1      1308  160    0 ANpure   160  161  162  163
    2   18    1    1    2    1    2    1    1    1       475  164    0 ANpure   164  165
    2   19    1    1    2    2    1    2    1    0       539  167    0 ANpure   166  167
    2   20    1    1    8    4    5    1    1    1       928  171    0 ANpure   168  169  170  171  172  173  174  175
    2   21    2    1    8    0    0    1    1    0      1656  184    0 ANpure   176  177  178  179  180  181  182  183
    2   22    2    1    4    0    0    2    1    1      1099  189    0 ANpure   185  186  187  188
    2   23    1    1    4    1    4    2    0    1       549  190    0 ANpure   190  191  192  193
    2   24    1    1    2    2    1    1    1    1       401  195    0 ANpure   194  195
    3    1    2    1    8    0    0    2    1    1      1220  204    0 ANpure   196  197  198  199  200  201  202  203
    3    2    1    1    8    2    7    1    1    1       993  206    0 ANpure   205  206  207  208  209  210  211  212
    3    3    1    1    2    2    1    2    1    0       412  214    0 ANpure   213  214
    3    4    2    1    4    0    0    2    1    1      1039  219    0 ANpure   215  216  217  218
    3    5    1    1    2    1    2    1    1    1       665  220    0 ANpure   220  221
    3    6    2    1    4    0    0    2    1    1       771  226    0 ANpure   222  223  224  225
    3    7    2    1    4    0    0    2    1    1       730  231    0 ANpure   227  228  229  230
    3    8    1    1    8    6    3    2    1    0       938  237    0 ANpure   232  233  234  235  236  237  238  239
    3    9    2    1    4    0    0    2    1    1       873  244    0 ANpure   240  241  242  243
    3   10    1    1    2    1    2    2    1    0       601  245    0 ANpure   245  246
    3   11    1    1    4    3    2    2    1    0       757  249    0 ANpure   247  248  249  250
    3   12    1    1    2    2    1    2    1    0       458  252    0 ANpure   251  252
    3   13    1    1    8    3    6    2    1    0       900  255    0 ANpure   253  254  255  256  257  258  259  260
    3   14    1    1    2    2    1    2    1    0       451  262    0 ANpure   261  262
    3   15    2    1    4    0    0    1    1    0       678  267    0 ANpure   263  264  265  266
    3   16    2    1    8    0    0    2    1    1       677  276    0 ANpure   268  269  270  271  272  273  274  275
    3   17    1    1    4    1    4    2    1    0       832  277    0 ANpure   277  278  279  280
    3   18    2    1    2    0    0    2    1    1       512  283    0 ANpure   281  282
    3   19    2    1    4    0    0    1    1    0       639  288    0 ANpure   284  285  286  287
    3   20    2    1    2    0    0    1    0    1       631  291    0 ANpure   289  290
    3   21    1    1    2    2    1    1    1    1       864  293    0 ANpure   292  293
    3   22    2    1    8    0    0    2    1    1       873  302    0 ANpure   294  295  296  297  298  299  300  301
    3   23    1    1    2    1    2    2    1    0       824  303    0 ANpure   303  304
    3   24    1    1    4    2    3    2    1    0      1038  306    0 ANpure   305  306  307  308
    4    1    2    1    8    0    0    1    1    0       694  317    0 ANpure   309  310  311  312  313  314  315  316
    4    2    1    1    8    2    7    2    1    0       584  319    0 ANpure   318  319  320  321  322  323  324  325
    4    3    1    1    2    2    1    2    1    0       467  327    0 ANpure   326  327
    4    4    1    1    8    4    5    2    1    0       590  331    0 ANpure   328  329  330  331  332  333  334  335
    4    5    2    1    4    0    0    2    1    1       748  340    0 ANpure   336  337  338  339
    4    6    2    1    8    0    0    1    1    0       715  349    0 ANpure   341  342  343  344  345  346  347  348
    4    7    2    1    2    0    0    2    1    1       592  352    0 ANpure   350  351
    4    8    2    1    8    0    0    2    1    1       691  361    0 ANpure   353  354  355  356  357  358  359  360
    4    9    1    1    4    2    3    1    1    1       637  363    0 ANpure   362  363  364  365
    4   10    1    1    8    3    6    2    1    0       544  368    0 ANpure   366  367  368  369  370  371  372  373
    4   11    1    1    8    4    5    2    1    0       647  377    0 ANpure   374  375  376  377  378  379  380  381
    4   12    1    1    8    3    6    1    1    1       634  384    0 ANpure   382  383  384  385  386  387  388  389
    4   13    1    1    4    3    2    1    1    1       695  392    0 ANpure   390  391  392  393
    4   14    2    1    2    0    0    1    1    0      1564  396    0 ANpure   394  395
    4   15    1    1    2    1    2    1    1    1       608  397    0 ANpure   397  398
    4   16    2    1    2    0    0    1    1    0       522  401    0 ANpure   399  400
    4   17    1    1    4    1    4    1    1    1       458  402    0 ANpure   402  403  404  405
    4   18    2    1    8    0    0    2    1    1       646  414    0 ANpure   406  407  408  409  410  411  412  413
    4   19    2    1    4    0    0    2    1    1       672  419    0 ANpure   415  416  417  418
    4   20    2    1    8    0    0    1    1    0       594  428    0 ANpure   420  421  422  423  424  425  426  427
    4   21    1    1    2    1    2    2    1    0       556  429    0 ANpure   429  430
    4   22    1    1    4    3    2    1    1    1       557  433    0 ANpure   431  432  433  434
    4   23    1    1    2    1    2    1    1    1       457  435    0 ANpure   435  436
    4   24    1    1    4    1    4    2    1    0       380  437    0 ANpure   437  438  439  440
    5    1    1    1    8    6    3    2    1    0       523  446    0 ANpure   441  442  443  444  445  446  447  448
    5    2    1    1    4    3    2    2    1    0       429  451    0 ANpure   449  450  451  452
    5    3    2    1    4    0    0    2    1    1       480  457    0 ANpure   453  454  455  456
    5    4    1    1    2    2    1    2    1    0       319  459    0 ANpure   458  459
    5    5    2    1    4    0    0    1    1    0       582  464    0 ANpure   460  461  462  463
    5    6    2    1    8    0    0    2    1    1       586  473    0 ANpure   465  466  467  468  469  470  471  472
    5    7    1    1    8    3    6    2    1    0       607  476    0 ANpure   474  475  476  477  478  479  480  481
    5    8    2    1    8    0    0    2    1    1       547  490    0 ANpure   482  483  484  485  486  487  488  489
    5    9    1    1    8    3    6    2    1    0       538  493    0 ANpure   491  492  493  494  495  496  497  498
    5   10    2    1    2    0    0    2    1    1       486  501    0 ANpure   499  500
    5   11    2    1    2    0    0    1    1    0       436  504    0 ANpure   502  503
    5   12    2    1    4    0    0    1    1    0       456  509    0 ANpure   505  506  507  508
    5   13    1    1    2    2    1    2    1    0       472  511    0 ANpure   510  511
    5   14    2    1    4    0    0    2    1    1      1019  516    0 ANpure   512  513  514  515
    5   15    2    1    2    0    0    2    1    1       467  519    0 ANpure   517  518
    5   16    2    1    2    0    0    2    1    1       465  522    0 ANpure   520  521
    5   17    2    1    2    0    0    1    1    0       463  525    0 ANpure   523  524
    5   18    1    1    2    2    1    2    1    0       462  527    0 ANpure   526  527
    5   19    2    1    4    0    0    2    1    1       416  532    0 ANpure   528  529  530  531
    5   20    1    1    8    4    5    1    1    1       588  536    0 ANpure   533  534  535  536  537  538  539  540
    5   21    1    1    4    1    4    1    1    1       620  541    0 ANpure   541  542  543  544
    5   22    1    1    8    2    7    1    1    1       417  546    0 ANpure   545  546  547  548  549  550  551  552
    5   23    2    1    2    0    0    2    1    1       499  555    0 ANpure   553  554
    5   24    1    1    4    4    1    2    1    0       388  559    0 ANpure   556  557  558  559
    6    1    2    1    8    0    0    2    1    1       575  568    0 ANpure   560  561  562  563  564  565  566  567
    6    2    2    1    2    0    0    2    1    1       618  571    0 ANpure   569  570
    6    3    2    1    4    0    0    2    1    1       694  576    0 ANpure   572  573  574  575
    6    4    2    1    2    0    0    2    1    1       827  579    0 ANpure   577  578
    6    5    1    1    2    2    1    1    1    1       539  581    0 ANpure   580  581
    6    6    1    1    4    4    1    1    1    1       474  585    0 ANpure   582  583  584  585
    6    7    2    1    4    0    0    1    1    0       797  590    0 ANpure   586  587  588  589
    6    8    2    1    4    0    0    1    1    0       611  595    0 ANpure   591  592  593  594
    6    9    2    1    2    0    0    2    1    1       588  598    0 ANpure   596  597
    6   10    2    1    2    0    0    2    1    1       438  601    0 ANpure   599  600
    6   11    1    1    8    3    6    2    1    0       609  604    0 ANpure   602  603  604  605  606  607  608  609
    6   12    1    1    8    8    1    1    1    1       438  617    0 ANpure   610  611  612  613  614  615  616  617
    6   13    2    1    2    0    0    2    1    1       486  620    0 ANpure   618  619
    6   14    1    1    8    7    2    2    1    0       545  627    0 ANpure   621  622  623  624  625  626  627  628
    6   15    1    1    2    1    2    2    0    1       509  629    0 ANpure   629  630
    6   16    2    1    8    0    0    2    1    1       709  639    0 ANpure   631  632  633  634  635  636  637  638
    6   17    2    1    8    0    0    1    1    0       533  648    0 ANpure   640  641  642  643  644  645  646  647
    6   18    1    1    4    3    2    2    1    0       533  651    0 ANpure   649  650  651  652
    6   19    2    1    8    0    0    1    1    0       603  661    0 ANpure   653  654  655  656  657  658  659  660
    6   20    1    1    4    4    1    1    1    1       392  665    0 ANpure   662  663  664  665
    6   21    1    1    4    4    1    2    1    0       415  669    0 ANpure   666  667  668  669
    6   22    1    1    4    2    3    1    1    1       597  671    0 ANpure   670  671  672  673
    6   23    1    1    2    1    2    1    1    1       463  674    0 ANpure   674  675
    6   24    1    1    2    2    1    2    1    0       318  677    0 ANpure   676  677
    7    1    2    1    2    0    0    2    1    1       509  680    0 ANpure   678  679
    7    2    1    1    4    1    4    2    1    0       446  681    0 ANpure   681  682  683  684
    7    3    2    1    2    0    0    1    1    0       446  687    0 ANpure   685  686
    7    4    1    1    4    4    1    2    1    0       337  691    0 ANpure   688  689  690  691
    7    5    1    1    2    1    2    1    1    1       534  692    0 ANpure   692  693
    7    6    1    1    8    7    2    2    1    0       461  700    0 ANpure   694  695  696  697  698  699  700  701
    7    7    1    1    4    1    4    1    1    1       448  702    0 ANpure   702  703  704  705
    7    8    1    1    8    7    2    1    1    1       571  712    0 ANpure   706  707  708  709  710  711  712  713
    7    9    2    1    4    0    0    1    1    0       537  718    0 ANpure   714  715  716  717
    7   10    1    1    2    1    2    2    1    0       501  719    0 ANpure   719  720
    7   11    1    1    8    5    4    1    1    1       526  725    0 ANpure   721  722  723  724  725  726  727  728
    7   12    1    1    2    1    2    2    1    0       395  729    0 ANpure   729  730
    7   13    1    1    2    1    2    2    1    0       350  731    0 ANpure   731  732
    7   14    2    1    2    0    0    1    1    0       514  735    0 ANpure   733  734
    7   15    1    1    8    2    7    1    1    1       682  737    0 ANpure   736  737  738  739  740  741  742  743
    7   16    2    1    4    0    0    2    1    1       628  748    0 ANpure   744  745  746  747
    7   17    1    1    8    2    7    1    1    1       503  750    0 ANpure   749  750  751  752  753  754  755  756
    7   18    1    1    4    2    3    1    1    1       504  758    0 ANpure   757  758  759  760
    7   19    1    1    8    2    7    2    1    0       529  762    0 ANpure   761  762  763  764  765  766  767  768
    7   20    2    1    4    0    0    2    1    1       544  773    0 ANpure   769  770  771  772
    7   21    1    1    4    1    4    1    1    1       655  774    0 ANpure   774  775  776  777
    7   22    1    1    2    2    1    1    1    1       296  779    0 ANpure   778  779
    7   23    2    1    2    0    0    2    1    1       445  782    0 ANpure   780  781
    7   24    1    1    2    2    1    2    1    0       429  784    0 ANpure   783  784
    8    1    1    1    4    2    3    1    1    1       437  786    0 ANpure   785  786  787  788
    8    2    1    1    2    1    2    2    1    0       518  789    0 ANpure   789  790
    8    3    2    1    2    0    0    1    1    0       418  793    0 ANpure   791  792
    8    4    1    1    4    2    3    1    1    1       502  795    0 ANpure   794  795  796  797
    8    5    2    1    4    0    0    1    1    0       663  802    0 ANpure   798  799  800  801
    8    6    2    1    4    0    0    1    1    0       561  807    0 ANpure   803  804  805  806
    8    7    2    1    4    0    0    2    1    1       560  812    0 ANpure   808  809  810  811
    8    8    2    1    8    0    0    2    1    1       614  821    0 ANpure   813  814  815  816  817  818  819  820
    8    9    1    1    2    1    2    2    1    0       543  822    0 ANpure   822  823
    8   10    2    1    4    0    0    1    1    0       638  828    0 ANpure   824  825  826  827
    8   11    2    1    4    0    0    2    1    1       618  833    0 ANpure   829  830  831  832
    8   12    2    1    4    0    0    2    1    1       567  838    0 ANpure   834  835  836  837
    8   13    2    1    2    0    0    2    1    1       498  841    0 ANpure   839  840
    8   14    1    1    8    2    7    2    1    0       586  843    0 ANpure   842  843  844  845  846  847  848  849
    8   15    2    1    4    0    0    2    1    1       710  854    0 ANpure   850  851  852  853
    8   16    2    1    2    0    0    2    1    1       506  857    0 ANpure   855  856
    8   17    1    1    2    1    2    1    1    1       472  858    0 ANpure   858  859
    8   18    1    1    2    1    2    1    1    1       456  860    0 ANpure   860  861
    8   19    1    1    4    2    3    1    1    1       636  863    0 ANpure   862  863  864  865
    8   20    1    1    2    2    1    1    1    1       374  867    0 ANpure   866  867
    8   21    2    1    8    0    0    2    1    1       611  876    0 ANpure   868  869  870  871  872  873  874  875
    8   22    2    1    2    0    0    2    1    1       443  879    0 ANpure   877  878
    8   23    1    1    2    2    1    2    1    0       410  881    0 ANpure   880  881
    8   24    2    1    4    0    0    2    1    1       350  886    0 ANpure   882  883  884  885
    9    1    2    1    4    0    0    1    0    1       359  891    0 ANpure   887  888  889  890
    9    2    1    1    2    2    1    2    1    0       363  893    0 ANpure   892  893
    9    3    2    1    4    0    0    1    1    0       658  898    0 ANpure   894  895  896  897
    9    4    2    1    2    0    0    2    1    1       537  901    0 ANpure   899  900
    9    5    2    1    8    0    0    1    1    0       544  910    0 ANpure   902  903  904  905  906  907  908  909
    9    6    2    1    4    0    0    2    1    1       671  915    0 ANpure   911  912  913  914
    9    7    2    1    4    0    0    2    1    1       409  920    0 ANpure   916  917  918  919
    9    8    2    1    8    0    0    2    1    1       773  929    0 ANpure   921  922  923  924  925  926  927  928
    9    9    2    1    4    0    0    1    1    0       507  934    0 ANpure   930  931  932  933
    9   10    2    1    8    0    0    1    1    0       469  943    0 ANpure   935  936  937  938  939  940  941  942
    9   11    2    1    2    0    0    2    1    1       465  946    0 ANpure   944  945
    9   12    1    1    4    4    1    1    1    1       484  950    0 ANpure   947  948  949  950
    9   13    1    1    4    2    3    2    1    0       375  952    0 ANpure   951  952  953  954
    9   14    2    1    2    0    0    2    0    0       443  957    0 ANpure   955  956
    9   15    2    1    2    0    0    2    1    1       506  960    0 ANpure   958  959
    9   16    2    1    8    0    0    2    1    1       463  969    0 ANpure   961  962  963  964  965  966  967  968
    9   17    2    1    8    0    0    1    1    0       727  978    0 ANpure   970  971  972  973  974  975  976  977
    9   18    2    1    8    0    0    1    1    0       598  987    0 ANpure   979  980  981  982  983  984  985  986
    9   19    1    1    2    2    1    2    1    0       448  989    0 ANpure   988  989
    9   20    2    1    8    0    0    1    1    0       523  998    0 ANpure   990  991  992  993  994  995  996  997
    9   21    1    1    4    2    3    2    1    0       589 1000    0 ANpure   999 1000 1001 1002
    9   22    1    1    8    7    2    2    1    0       499 1009    0 ANpure  1003 1004 1005 1006 1007 1008 1009 1010
    9   23    1    1    4    1    4    2    1    0       597 1011    0 ANpure  1011 1012 1013 1014
    9   24    1    1    2    2    1    2    1    0       351 1016    0 ANpure  1015 1016
