    1    1    1    1    4    3    2    1    1    1      2163    3    0 ANpure     1    2    3    4
    1    2    1    1    4    3    2    2    1    0       867    7    0 ANpure     5    6    7    8
    1    3    2    1    8    0    0    1    1    0       774   17    0 ANpure     9   10   11   12   13   14   15   16
    1    4    1    1    2    2    1    1    1    1      1220   19    0 ANpure    18   19
    1    5    2    1    4    0    0    2    0    0       791   24    0 ANpure    20   21   22   23
    1    6    2    1    8    0    0    1    1    0       730   33    0 ANpure    25   26   27   28   29   30   31   32
    1    7    1    1    4    4    1    2    1    0       813   37    0 ANpure    34   35   36   37
    1    8    2    1    4    0    0    1    1    0       661   42    0 ANpure    38   39   40   41
    1    9    1    1    8    3    6    2    1    0       870   45    0 ANpure    43   44   45   46   47   48   49   50
    1   10    1    1    2    1    2    1    1    1       587   51    0 ANpure    51   52
    1   11    1    1    4    1    4    2    1    0       883   53    0 ANpure    53   54   55   56
    1   12    2    1    2    0    0    2    1    1       726   59    0 ANpure    57   58
    1   13    1    1    2    2    1    1    1    1       457   61    0 ANpure    60   61
    1   14    2    1    2    0    0    2    1    1      1449   64    0 ANpure    62   63
    1   15    1    1    2    1    2    1    1    1       580   65    0 ANpure    65   66
    1   16    1    1    4    3    2    1    1    1       559   69    0 ANpure    67   68   69   70
    1   17    1    1    8    1    8    1    1    1       672   71    0 ANpure    71   72   73   74   75   76   77   78
    1   18    1    1    2    2    1    1    1    1       701   80    0 ANpure    79   80
    1   19    1    1    4    2    3    2    1    0      1629   82    0 ANpure    81   82   83   84
    1   20    2    1    8    0    0    2    1    1       822   93    0 ANpure    85   86   87   88   89   90   91   92
    1   21    2    1    2    0    0    2    1    1       454   96    0 ANpure    94   95
    1   22    1    1    8    8    1    1    0    0       809  104    0 ANpure    97   98   99  100  101  102  103  104
    1   23    2    1    8    0    0    2    1    1       754  113    0 ANpure   105  106  107  108  109  110  111  112
    1   24    2    1    4    0    0    1    1    0      1386  118    0 ANpure   114  115  116  117
    2    1    1    1    8    2    7    2    1    0       760  120    0 ANpure   119  120  121  122  123  124  125  126
    2    2    2    1    2    0    0    1    1    0      1005  129    0 ANpure   127  128
    2    3    1    1    4    1    4    2    1    0       974  130    0 ANpure   130  131  132  133
    2    4    2    1    8    0    0    2    1    1       844  142    0 ANpure   134  135  136  137  138  139  140  141
    2    5    2    1    8    0    0    1    0    1      1007  151    0 ANpure   143  144  145  146  147  148  149  150
    2    6    1    1    2    1    2    2    1    0       914  152    0 ANpure   152  153
    2    7    2    1    2    0    0    2    1    1       687  156    0 ANpure   154  155
    2    8    2    1    8    0    0    2    1    1       797  165    0 ANpure   157  158  159  160  161  162  163  164
    2    9    1    1    4    1    4    1    1    1       851  166    0 ANpure   166  167  168  169
    2   10    1    1    8    1    8    2    0    1       747  170    0 ANpure   170  171  172  173  174  175  176  177
    2   11    2    1    2    0    0    1    1    0       745  180    0 ANpure   178  179
    2   12    2    1    2    0    0    2    0    0      5403  183    0 ANpure   181  182
    2   13    1    1    2    2    1    2    1    0       545  185    0 ANpure   184  185
    2   14    1    1    2    1    2    1    1    1       559  186    0 ANpure   186  187
    2   15    1    1    4    3    2    1    1    1       796  190    0 ANpure   188  189  190  191
    2   16    1    1    4    4    1    1    1    1      5111  195    0 ANpure   192  193  194  195
    2   17    2    1    4    0    0    2    0    0       730  200    0 ANpure   196  197  198  199
    2   18    2    1    8    0    0    2    1    1       685  209    0 ANpure   201  202  203  204  205  206  207  208
    2   19    2    1    8    0    0    2    1    1      3347  218    0 ANpure   210  211  212  213  214  215  216  217
    2   20    2    1    4    0    0    2    1    1      1862  223    0 ANpure   219  220  221  222
    2   21    2    1    2    0    0    2    1    1      2222  226    0 ANpure   224  225
    2   22    2    1    8    0    0    2    1    1       929  235    0 ANpure   227  228  229  230  231  232  233  234
    2   23    2    1    2    0    0    2    0    0       639  238    0 ANpure   236  237
    2   24    2    1    8    0    0    2    0    0      3069  247    0 ANpure   239  240  241  242  243  244  245  246
    3    1    2    1    8    0    0    1    1    0       755  256    0 ANpure   248  249  250  251  252  253  254  255
    3    2    1    1    2    1    2    1    1    1      1521  257    0 ANpure   257  258
    3    3    2    1    4    0    0    1    0    1      2972  263    0 ANpure   259  260  261  262
    3    4    1    1    4    3    2    2    1    0      1015  266    0 ANpure   264  265  266  267
    3    5    1    1    4    3    2    1    1    1      1007  270    0 ANpure   268  269  270  271
    3    6    1    1    2    1    2    2    1    0       527  272    0 ANpure   272  273
    3    7    1    1    4    3    2    2    1    0       738  276    0 ANpure   274  275  276  277
    3    8    2    1    8    0    0    1    0    1       834  286    0 ANpure   278  279  280  281  282  283  284  285
    3    9    2    1    4    0    0    1    0    1      7658  291    0 ANpure   287  288  289  290
    3   10    2    1    2    0    0    1    1    0       640  294    0 ANpure   292  293
    3   11    1    1    2    2    1    2    1    0       814  296    0 ANpure   295  296
    3   12    1    1    2    1    2    2    1    0      1041  297    0 ANpure   297  298
    3   13    2    1    2    0    0    1    1    0       942  301    0 ANpure   299  300
    3   14    2    1    8    0    0    1    1    0       993  310    0 ANpure   302  303  304  305  306  307  308  309
    3   15    2    1    4    0    0    2    1    1      1444  315    0 ANpure   311  312  313  314
    3   16    1    1    4    1    4    2    1    0      1144  316    0 ANpure   316  317  318  319
    3   17    2    1    2    0    0    1    0    1      4468  322    0 ANpure   320  321
    3   18    1    1    4    3    2    2    1    0      1526  325    0 ANpure   323  324  325  326
    3   19    2    1    2    0    0    1    1    0       803  329    0 ANpure   327  328
    3   20    1    1    2    2    1    2    1    0      1073  331    0 ANpure   330  331
    3   21    2    1    2    0    0    1    1    0      3979  334    0 ANpure   332  333
    3   22    1    1    2    1    2    2    1    0       910  335    0 ANpure   335  336
    3   23    2    1    8    0    0    2    0    0      3796  345    0 ANpure   337  338  339  340  341  342  343  344
    3   24    2    1    2    0    0    2    1    1      1708  348    0 ANpure   346  347
    4    1    1    1    2    1    2    2    1    0       688  349    0 ANpure   349  350
    4    2    1    1    4    2    3    2    1    0       875  352    0 ANpure   351  352  353  354
    4    3    1    1    2    1    2    2    1    0       757  355    0 ANpure   355  356
    4    4    2    1    4    0    0    2    1    1      1262  361    0 ANpure   357  358  359  360
    4    5    2    1    8    0    0    2    0    0      3881  370    0 ANpure   362  363  364  365  366  367  368  369
    4    6    2    1    4    0    0    1    1    0       947  375    0 ANpure   371  372  373  374
    4    7    2    1    8    0    0    1    1    0      1476  384    0 ANpure   376  377  378  379  380  381  382  383
    4    8    1    1    8    8    1    2    1    0      1005  392    0 ANpure   385  386  387  388  389  390  391  392
    4    9    2    1    2    0    0    1    0    1      1949  395    0 ANpure   393  394
    4   10    1    1    8    3    6    1    1    1       835  398    0 ANpure   396  397  398  399  400  401  402  403
    4   11    2    1    8    0    0    1    1    0      2291  412    0 ANpure   404  405  406  407  408  409  410  411
    4   12    1    1    4    2    3    2    1    0      1254  414    0 ANpure   413  414  415  416
    4   13    2    1    4    0    0    2    1    1      1158  421    0 ANpure   417  418  419  420
    4   14    1    1    8    3    6    1    0    0       962  424    0 ANpure   422  423  424  425  426  427  428  429
    4   15    2    1    8    0    0    2    0    0       402  438    0 ANpure   430  431  432  433  434  435  436  437
    4   16    1    1    8    2    7    1    1    1       971  440    0 ANpure   439  440  441  442  443  444  445  446
    4   17    2    1    8    0    0    2    1    1      1195  455    0 ANpure   447  448  449  450  451  452  453  454
    4   18    2    1    8    0    0    2    1    1       907  464    0 ANpure   456  457  458  459  460  461  462  463
    4   19    2    1    4    0    0    2    1    1      2180  469    0 ANpure   465  466  467  468
    4   20    1    1    8    1    8    1    1    1      1946  470    0 ANpure   470  471  472  473  474  475  476  477
    4   21    2    1    2    0    0    2    1    1      1476  480    0 ANpure   478  479
    4   22    1    1    2    2    1    1    1    1      1351  482    0 ANpure   481  482
    4   23    1    1    4    1    4    1    0    0      1075  483    0 ANpure   483  484  485  486
    4   24    2    1    2    0    0    1    1    0      5226  489    0 ANpure   487  488
    5    1    1    1    2    1    2    1    1    1       630  490    0 ANpure   490  491
    5    2    2    1    2    0    0    1    1    0       574  494    0 ANpure   492  493
    5    3    2    1    8    0    0    1    1    0       249  503    0 ANpure   495  496  497  498  499  500  501  502
    5    4    2    1    2    0    0    2    1    1      2678  506    0 ANpure   504  505
    5    5    1    1    8    6    3    1    1    1       789  512    0 ANpure   507  508  509  510  511  512  513  514
    5    6    1    1    8    2    7    1    0    0      1194  516    0 ANpure   515  516  517  518  519  520  521  522
    5    7    2    1    8    0    0    2    1    1      1920  531    0 ANpure   523  524  525  526  527  528  529  530
    5    8    1    1    2    1    2    1    1    1      1648  532    0 ANpure   532  533
    5    9    1    1    8    5    4    1    0    0       470  538    0 ANpure   534  535  536  537  538  539  540  541
    5   10    2    1    2    0    0    1    0    1      1646  544    0 ANpure   542  543
    5   11    2    1    8    0    0    2    1    1      1604  553    0 ANpure   545  546  547  548  549  550  551  552
    5   12    1    1    8    7    2    1    1    1      3042  560    0 ANpure   554  555  556  557  558  559  560  561
    5   13    2    1    4    0    0    2    0    0       584  566    0 ANpure   562  563  564  565
    5   15    2    1    8    0    0    1    1    0      1014  583    0 ANpure   575  576  577  578  579  580  581  582
    5   17    1    1    2    1    2    1    1    1       809  593    0 ANpure   593  594
    5   18    2    1    4    0    0    1    1    0       831  599    0 ANpure   595  596  597  598
    5   19    1    1    2    1    2    1    1    1       751  600    0 ANpure   600  601
    5   20    2    1    8    0    0    1    1    0       877  610    0 ANpure   602  603  604  605  606  607  608  609
    5   21    2    1    2    0    0    2    0    0      4069  613    0 ANpure   611  612
    5   22    2    1    8    0    0    1    1    0       640  622    0 ANpure   614  615  616  617  618  619  620  621
    5   23    2    1    2    0    0    2    1    1      1000  625    0 ANpure   623  624
    5   24    1    1    4    1    4    2    1    0      1409  626    0 ANpure   626  627  628  629
    6    1    2    1    2    0    0    1    1    0      1409  632    0 ANpure   630  631
    6    2    2    1    4    0    0    1    1    0       692  637    0 ANpure   633  634  635  636
    6    3    2    1    8    0    0    2    0    0      3191  646    0 ANpure   638  639  640  641  642  643  644  645
    6    4    1    1    2    2    1    1    1    1      1312  648    0 ANpure   647  648
    6    5    1    1    8    1    8    1    0    0       656  649    0 ANpure   649  650  651  652  653  654  655  656
    6    6    1    1    4    4    1    2    1    0      2224  660    0 ANpure   657  658  659  660
    6    7    2    1    4    0    0    2    1    1      1681  665    0 ANpure   661  662  663  664
    6    8    1    1    8    1    8    2    1    0      3740  666    0 ANpure   666  667  668  669  670  671  672  673
    6    9    1    1    2    1    2    1    0    0      1319  674    0 ANpure   674  675
    6   10    1    1    4    1    4    1    0    0      1626  676    0 ANpure   676  677  678  679
    6   11    1    1    2    1    2    2    1    0      3202  680    0 ANpure   680  681
    6   12    2    1    8    0    0    1    0    1       762  690    0 ANpure   682  683  684  685  686  687  688  689
    6   13    2    1    2    0    0    1    1    0      1499  693    0 ANpure   691  692
    6   14    1    1    4    1    4    1    1    1      2691  694    0 ANpure   694  695  696  697
    6   15    2    1    2    0    0    2    1    1      2955  700    0 ANpure   698  699
    6   16    2    1    4    0    0    2    0    0      2083  705    0 ANpure   701  702  703  704
    6   17    1    1    8    6    3    1    1    1      1292  711    0 ANpure   706  707  708  709  710  711  712  713
    6   18    1    1    8    2    7    2    0    1       119  715    0 ANpure   714  715  716  717  718  719  720  721
    6   19    1    1    4    1    4    1    1    1      5951  722    0 ANpure   722  723  724  725
    6   20    1    1    2    2    1    1    0    0      4671  727    0 ANpure   726  727
    6   21    2    1    8    0    0    2    1    1       560  736    0 ANpure   728  729  730  731  732  733  734  735
    6   22    1    1    2    2    1    1    0    0      4126  738    0 ANpure   737  738
    6   23    2    1    8    0    0    1    1    0      2425  747    0 ANpure   739  740  741  742  743  744  745  746
    6   24    1    1    8    4    5    1    0    0        18  751    0 ANpure   748  749  750  751  752  753  754  755
    7    1    1    1    2    1    2    2    1    0       647  756    0 ANpure   756  757
    7    2    1    1    4    4    1    1    1    1      4794  761    0 ANpure   758  759  760  761
    7    3    2    1    4    0    0    2    1    1      7255  766    0 ANpure   762  763  764  765
    7    4    1    1    8    3    6    1    0    0      2201  769    0 ANpure   767  768  769  770  771  772  773  774
    7    5    2    1    2    0    0    2    0    0      7019  777    0 ANpure   775  776
    7    6    2    1    4    0    0    2    1    1      1151  782    0 ANpure   778  779  780  781
    7    7    2    1    4    0    0    2    1    1      1209  787    0 ANpure   783  784  785  786
    7    8    1    1    8    6    3    1    0    0      6298  793    0 ANpure   788  789  790  791  792  793  794  795
    7    9    2    1    4    0    0    1    1    0      4293  800    0 ANpure   796  797  798  799
    7   10    2    1    4    0    0    1    0    1      1808  805    0 ANpure   801  802  803  804
    7   11    1    1    4    1    4    1    0    0      2153  806    0 ANpure   806  807  808  809
    7   12    2    1    2    0    0    1    1    0       614  812    0 ANpure   810  811
    7   13    1    1    4    3    2    1    0    0      3065  815    0 ANpure   813  814  815  816
    7   14    2    1    8    0    0    1    1    0      3306  825    0 ANpure   817  818  819  820  821  822  823  824
    7   15    1    1    2    2    1    2    1    0      7431  827    0 ANpure   826  827
    7   16    2    1    4    0    0    1    0    1      4914  832    0 ANpure   828  829  830  831
    7   17    2    1    4    0    0    2    0    0       254  837    0 ANpure   833  834  835  836
    7   18    1    1    8    2    7    1    0    0      2969  839    0 ANpure   838  839  840  841  842  843  844  845
    7   19    2    1    8    0    0    1    0    1       708  854    0 ANpure   846  847  848  849  850  851  852  853
    7   20    1    1    4    3    2    1    1    1       132  857    0 ANpure   855  856  857  858
    7   21    1    1    4    4    1    1    1    1       893  862    0 ANpure   859  860  861  862
    7   22    2    1    8    0    0    2    0    0      2493  871    0 ANpure   863  864  865  866  867  868  869  870
    7   23    2    1    8    0    0    2    1    1      1262  880    0 ANpure   872  873  874  875  876  877  878  879
    7   24    2    1    4    0    0    1    0    1      3331  885    0 ANpure   881  882  883  884
    8    1    1    1    8    1    8    2    1    0       759  886    0 ANpure   886  887  888  889  890  891  892  893
    8    2    1    1    2    2    1    2    1    0       679  895    0 ANpure   894  895
    8    3    1    1    8    1    8    2    0    1       909  896    0 ANpure   896  897  898  899  900  901  902  903
    8    4    1    1    8    3    6    1    0    0      1688  906    0 ANpure   904  905  906  907  908  909  910  911
    8    5    2    1    8    0    0    1    0    1     10183  920    0 ANpure   912  913  914  915  916  917  918  919
    8    6    2    1    8    0    0    1    1    0       841  929    0 ANpure   921  922  923  924  925  926  927  928
    8    7    1    1    8    6    3    1    1    1       887  935    0 ANpure   930  931  932  933  934  935  936  937
    8    8    1    1    8    1    8    2    0    1      1021  938    0 ANpure   938  939  940  941  942  943  944  945
    8    9    2    1    2    0    0    2    1    1       690  948    0 ANpure   946  947
    8   10    2    1    4    0    0    2    0    0      1005  953    0 ANpure   949  950  951  952
    8   11    2    1    2    0    0    2    0    0      1298  956    0 ANpure   954  955
    8   12    2    1    4    0    0    2    1    1      1925  961    0 ANpure   957  958  959  960
    8   13    2    1    8    0    0    1    0    1      1070  970    0 ANpure   962  963  964  965  966  967  968  969
    8   14    2    1    8    0    0    2    1    1      2753  979    0 ANpure   971  972  973  974  975  976  977  978
    8   15    1    1    2    1    2    1    1    1       676  980    0 ANpure   980  981
    8   16    2    1    2    0    0    1    1    0      1252  984    0 ANpure   982  983
    8   17    2    1    8    0    0    2    1    1       954  993    0 ANpure   985  986  987  988  989  990  991  992
    8   18    1    1    8    1    8    1    1    1       717  994    0 ANpure   994  995  996  997  998  999 1000 1001
    8   19    1    1    2    2    1    1    1    1       565 1003    0 ANpure  1002 1003
    8   20    2    1    4    0    0    2    1    1       664 1008    0 ANpure  1004 1005 1006 1007
    8   21    2    1    4    0    0    1    1    0      1494 1013    0 ANpure  1009 1010 1011 1012
    8   22    1    1    2    1    2    1    1    1       579 1014    0 ANpure  1014 1015
    8   23    2    1    4    0    0    1    1    0       262 1020    0 ANpure  1016 1017 1018 1019
    8   24    1    1    8    7    2    1    1    1       884 1027    0 ANpure  1021 1022 1023 1024 1025 1026 1027 1028
    9    1    2    1    2    0    0    1    1    0       935 1031    0 ANpure  1029 1030
    9    2    2    1    8    0    0    1    1    0      1370 1040    0 ANpure  1032 1033 1034 1035 1036 1037 1038 1039
    9    3    2    1    8    0    0    2    0    0       848 1049    0 ANpure  1041 1042 1043 1044 1045 1046 1047 1048
    9    4    2    1    4    0    0    2    1    1       718 1054    0 ANpure  1050 1051 1052 1053
    9    5    2    1    8    0    0    2    1    1       798 1063    0 ANpure  1055 1056 1057 1058 1059 1060 1061 1062
    9    6    2    1    8    0    0    2    1    1       662 1072    0 ANpure  1064 1065 1066 1067 1068 1069 1070 1071
    9    7    1    1    4    2    3    1    1    1       674 1074    0 ANpure  1073 1074 1075 1076
    9    8    1    1    8    8    1    1    1    1       711 1084    0 ANpure  1077 1078 1079 1080 1081 1082 1083 1084
    9    9    2    1    4    0    0    1    0    1      1135 1089    0 ANpure  1085 1086 1087 1088
    9   10    2    1    8    0    0    2    1    1      1208 1098    0 ANpure  1090 1091 1092 1093 1094 1095 1096 1097
    9   11    1    1    4    3    2    1    1    1       904 1101    0 ANpure  1099 1100 1101 1102
    9   12    1    1    4    2    3    2    1    0      1043 1104    0 ANpure  1103 1104 1105 1106
    9   13    2    1    4    0    0    1    1    0       732 1111    0 ANpure  1107 1108 1109 1110
    9   14    2    1    2    0    0    1    1    0       735 1114    0 ANpure  1112 1113
    9   15    2    1    8    0    0    2    1    1      2692 1123    0 ANpure  1115 1116 1117 1118 1119 1120 1121 1122
    9   16    2    1    4    0    0    1    0    1      3020 1128    0 ANpure  1124 1125 1126 1127
    9   17    2    1    2    0    0    1    1    0      2119 1131    0 ANpure  1129 1130
    9   18    2    1    8    0    0    1    1    0      1629 1140    0 ANpure  1132 1133 1134 1135 1136 1137 1138 1139
    9   19    1    1    4    2    3    2    1    0      3605 1142    0 ANpure  1141 1142 1143 1144
    9   20    1    1    8    4    5    2    1    0      1294 1148    0 ANpure  1145 1146 1147 1148 1149 1150 1151 1152
    9   21    2    1    2    0    0    2    0    0      3238 1155    0 ANpure  1153 1154
    9   22    1    1    8    5    4    2    0    1       804 1160    0 ANpure  1156 1157 1158 1159 1160 1161 1162 1163
    9   23    1    1    8    2    7    1    1    1      3210 1165    0 ANpure  1164 1165 1166 1167 1168 1169 1170 1171
    9   24    2    1    4    0    0    1    1    0       592 1176    0 ANpure  1172 1173 1174 1175
