    1    1    1    1    4    1    4    2    1    0      1606    2    1 CMpure     2    7    5    3
    1    2    2    1    2    0    0    1    1    0       934    9    1 CMpure     1    3
    1    3    1    1    2    1    2    1    1    1       867   15    1 CMpure    15   16
    1    4    1    1    8    4    5    2    1    0      1074    6    1 CMpure     3    1    4    6    8    2    5    7
    1    5    2    1    4    0    0    1    1    0      1105   16    1 CMpure     5    2    3    6
    1    6    1    1    2    2    1    1    1    1       647   15    1 CMpure    12   15
    1    7    2    1    4    0    0    1    1    0      1206    9    1 CMpure     5    4    1    6
    1    8    1    1    4    4    1    1    1    1       844   16    1 CMpure    13   15   14   16
    1    9    1    1    8    1    8    1    1    1       957   15    1 CMpure    15    9   16   11   10   14   12   13
    1   10    1    1    8    7    2    2    1    0       683    1    1 CMpure     3    7    2    8    6    5    1    4
    1   11    1    1    8    6    3    2    1    0       660    3    1 CMpure     8    6    4    5    7    3    1    2
    1   12    2    1    8    0    0    1    0    1       893    5    1 CMpure    12   10   15   14   13    9   16   11
    1   13    2    1    8    0    0    1    0    1      1022    4    1 CMpure    11    9   10   16   13   12   15   14
    1   14    1    1    4    1    4    2    1    0       735    2    1 CMpure     2    1    6    7
    1   15    1    1    4    2    3    1    0    0       971    3    1 CMpure     7    3    1    4
    1   16    2    1    4    0    0    1    1    0       669   10    1 CMpure     1    3    6    4
    1   17    2    1    8    0    0    2    1    1      1286    5    1 CMpure    10   12   16   13   11   15   14    9
    1   18    2    1    2    0    0    1    1    0      2183   14    1 CMpure     6    1
    1   19    1    1    2    2    1    2    1    0       884    5    1 CMpure     8    5
    1   20    2    1    8    0    0    2    1    1      1060    8    1 CMpure    13   12   11   10    9   15   14   16
    1   21    1    1    4    1    4    1    0    0       772    7    1 CMpure     7    2    6    8
    1   22    2    1    2    0    0    2    1    1       713    6    1 CMpure     9   10
    1   23    2    1    4    0    0    1    1    0       726   16    1 CMpure     5    8    4    1
    1   24    1    1    8    7    2    2    1    0       909    5    1 CMpure     3    6    1    7    2    4    5    8
    2    1    2    1    8    0    0    1    0    1       927    1    1 CMpure    15    9   10   14   16   11   13   12
    2    2    2    1    2    0    0    1    1    0      1263    9    1 CMpure     8    1
    2    3    1    1    2    2    1    2    1    0      1889    6    1 CMpure     3    6
    2    4    2    1    8    0    0    1    1    0       745    9    1 CMpure     4    2    3    5    1    7    6    8
    2    5    2    1    8    0    0    2    0    0       960    9    1 CMpure     1    8    3    6    2    4    7    5
    2    6    1    1    8    8    1    1    1    1       798   12    1 CMpure    16   10   11   15    9   13   14   12
    2    7    1    1    2    2    1    2    1    0       594    2    1 CMpure     5    2
    2    8    1    1    4    1    4    2    0    1       868    9    1 CMpure     9   12   14   11
    2    9    2    1    2    0    0    2    1    1      1109    7    1 CMpure    14   11
    2   10    2    1    8    0    0    2    0    0      1149   14    1 CMpure     4    6    2    5    7    3    1    8
    2   11    1    1    8    6    3    2    1    0      1170    5    1 CMpure     2    1    3    4    8    5    6    7
    2   12    2    1    8    0    0    1    0    1      1064    1    1 CMpure    11   16   10   15   14   13   12    9
    2   13    2    1    8    0    0    1    1    0      2337   14    1 CMpure     1    3    8    7    5    4    6    2
    2   14    1    1    2    1    2    1    1    1      1127   11    1 CMpure    11   16
    2   15    1    1    4    2    3    2    0    1       916    9    1 CMpure    12    9   10   14
    2   16    2    1    2    0    0    2    1    1       787    5    1 CMpure    15   11
    2   17    2    1    4    0    0    2    1    1      1517    4    1 CMpure    15   16   10   13
    2   18    1    1    8    7    2    2    1    0      1013    6    1 CMpure     2    8    4    1    3    7    6    5
    2   19    2    1    8    0    0    2    1    1       848    7    1 CMpure    11   10   13   16   12   14   15    9
    2   20    2    1    8    0    0    2    1    1      1666    5    1 CMpure    10    9   14   15   12   16   13   11
    2   21    2    1    2    0    0    1    1    0       771    9    1 CMpure     5    1
    2   22    2    1    2    0    0    1    1    0       841   10    1 CMpure     8    6
    2   23    1    1    4    1    4    1    1    1      1152   15    1 CMpure    15    9   11   16
    2   24    2    1    2    0    0    1    1    0       678   13    1 CMpure     7    4
    3    1    2    1    2    0    0    2    1    1       768    7    1 CMpure    12    9
    3    2    2    1    4    0    0    2    1    1       747    8    1 CMpure     9   11   14   13
    3    3    2    1    8    0    0    2    1    1      1105    2    1 CMpure    11   15    9   10   16   12   14   13
    3    4    2    1    4    0    0    2    1    1       798    7    1 CMpure    10   15   12   16
    3    5    2    1    8    0    0    2    1    1      1058    1    1 CMpure    12   10   14   13   16   15    9   11
    3    6    1    1    2    1    2    2    1    0       812    4    1 CMpure     4    8
    3    7    2    1    2    0    0    1    1    0       816   13    1 CMpure     5    2
    3    8    1    1    2    1    2    2    1    0       771    6    1 CMpure     6    2
    3    9    1    1    8    6    3    2    1    0       921    7    1 CMpure     6    3    2    4    8    7    1    5
    3   10    1    1    8    5    4    2    1    0       632    6    1 CMpure     8    7    5    4    6    1    3    2
    3   11    1    1    4    1    4    1    1    1       872   10    1 CMpure    10   13    9   14
    3   12    1    1    8    4    5    1    1    1       569   15    1 CMpure    10   13    9   15   16   14   12   11
    3   13    2    1    2    0    0    1    1    0       823   12    1 CMpure     3    4
    3   14    1    1    4    3    2    2    0    1       527   14    1 CMpure    10   12   14   11
    3   15    1    1    4    4    1    1    1    1       612   15    1 CMpure    16   12   13   15
    3   16    1    1    4    4    1    2    1    0       597    7    1 CMpure     6    3    4    7
    3   17    1    1    8    8    1    2    1    0       417    3    1 CMpure     2    8    1    7    6    4    5    3
    3   18    2    1    8    0    0    1    0    1       884    5    1 CMpure    16    9   15   13   10   11   14   12
    3   19    2    1    4    0    0    1    1    0       826   10    1 CMpure     4    6    3    7
    3   20    2    1    2    0    0    1    1    0       830   15    1 CMpure     5    6
    3   21    1    1    4    1    4    2    1    0      1046    3    1 CMpure     3    7    5    2
    3   22    1    1    8    3    6    2    1    0       960    8    1 CMpure     3    7    8    6    1    4    2    5
    3   23    2    1    4    0    0    1    1    0       659    9    1 CMpure     6    7    2    4
    3   24    1    1    8    1    8    2    1    0       958    5    1 CMpure     5    6    1    2    7    3    8    4
    4    1    1    1    2    1    2    1    1    1      1169   12    1 CMpure    12   15
    4    2    1    1    4    4    1    2    1    0       764    2    1 CMpure     6    4    3    2
    4    3    2    1    2    0    0    1    1    0       561   15    1 CMpure     6    2
    4    4    1    1    8    6    3    1    1    1       639   11    1 CMpure    16    9   10   12   14   11   15   13
    4    5    2    1    2    0    0    1    1    0      1146   11    1 CMpure     6    2
    4    6    2    1    8    0    0    1    1    0      1137   11    1 CMpure     7    1    5    6    3    2    4    8
    4    7    2    1    8    0    0    1    1    0      1111   14    1 CMpure     5    7    2    3    6    4    1    8
    4    8    2    1    8    0    0    1    0    1      1151    1    1 CMpure    12   13    9   10   14   16   11   15
    4    9    1    1    2    1    2    1    1    1       581   11    1 CMpure    11   15
    4   10    1    1    2    1    2    2    1    0       834    4    1 CMpure     4    7
    4   11    2    1    4    0    0    2    1    1       842    8    1 CMpure    16   14    9   11
    4   12    2    1    4    0    0    1    1    0       674   12    1 CMpure     3    5    8    4
    4   13    1    1    4    2    3    1    1    1       992   15    1 CMpure    14   15   11    9
    4   14    2    1    4    0    0    2    1    1      1122    4    1 CMpure     9   10   15   14
    4   15    2    1    4    0    0    2    1    1       815    2    1 CMpure    12   15   11   13
    4   16    2    1    8    0    0    2    1    1       754    1    1 CMpure    16   11   13   10   12    9   14   15
    4   17    1    1    8    3    6    1    1    1      1224   14    1 CMpure    12    9   14   15   10   11   13   16
    4   18    1    1    4    2    3    1    1    1       673   16    1 CMpure    11   16    9   12
    4   19    1    1    2    1    2    2    1    0       602    2    1 CMpure     2    3
    4   20    1    1    2    1    2    1    1    1       566   11    1 CMpure    11    9
    4   21    1    1    2    2    1    2    1    0       563    7    1 CMpure     6    7
    4   22    1    1    2    2    1    1    1    1       816   11    1 CMpure     9   11
    4   23    2    1    2    0    0    1    1    0      1140   11    1 CMpure     7    4
    4   24    2    1    8    0    0    1    1    0       682   10    1 CMpure     6    7    4    8    1    5    3    2
    5    1    2    1    8    0    0    1    1    0       781   11    1 CMpure     2    3    1    4    8    5    6    7
    5    2    2    1    8    0    0    1    0    1       866    6    1 CMpure    12   11   13    9   10   14   15   16
    5    3    2    1    8    0    0    1    1    0       755   14    1 CMpure     3    2    5    7    1    6    4    8
    5    4    1    1    8    4    5    2    1    0       617    2    1 CMpure     1    6    5    2    3    7    8    4
    5    5    1    1    8    3    6    2    1    0       772    8    1 CMpure     6    3    8    5    2    7    1    4
    5    6    1    1    8    7    2    2    1    0       634    2    1 CMpure     3    8    7    4    6    5    2    1
    5    7    1    1    8    1    8    1    1    1       596   10    1 CMpure    10    9   12   11   13   15   16   14
    5    8    1    1    4    1    4    2    1    0       582    2    1 CMpure     2    5    1    8
    5    9    1    1    8    7    2    2    1    0       771    1    1 CMpure     3    2    6    8    5    4    1    7
    5   10    2    1    8    0    0    2    1    1       824    3    1 CMpure    16   10   12    9   15   13   14   11
    5   11    2    1    2    0    0    2    1    1       731    3    1 CMpure    14   15
    5   12    2    1    4    0    0    1    1    0       599   12    1 CMpure     5    7    2    3
    5   13    2    1    2    0    0    1    1    0       515   13    1 CMpure     4    8
    5   14    1    1    4    4    1    2    1    0      1096    4    1 CMpure     8    5    1    4
    5   15    1    1    2    2    1    2    1    0       720    2    1 CMpure     7    2
    5   16    1    1    8    3    6    2    1    0      1128    3    1 CMpure     8    2    3    4    1    7    6    5
    5   17    1    1    8    8    1    1    1    1       639   11    1 CMpure    14   12   15   13   16    9   10   11
    5   18    2    1    8    0    0    1    1    0       666   10    1 CMpure     8    1    4    3    5    6    7    2
    5   19    1    1    2    2    1    2    1    0       771    3    1 CMpure     8    3
    5   20    2    1    8    0    0    1    1    0       552   15    1 CMpure     7    3    1    2    6    8    4    5
    5   21    2    1    4    0    0    1    1    0       508   12    1 CMpure     8    7    2    5
    5   22    2    1    4    0    0    2    1    1      1297    5    1 CMpure    12   16   10    9
    5   23    1    1    2    1    2    2    0    1       657   16    1 CMpure    16   12
    5   24    2    1    2    0    0    1    1    0       811   12    1 CMpure     8    6
    6    1    2    1    4    0    0    2    1    1       879    6    1 CMpure    15   14   10   11
    6    2    2    1    2    0    0    2    1    1       849    3    1 CMpure     9   11
    6    3    2    1    8    0    0    2    1    1      1347    8    1 CMpure     9   11   16   14   12   13   15   10
    6    4    2    1    8    0    0    1    1    0       865   13    1 CMpure     7    4    1    8    3    2    5    6
    6    5    2    1    8    0    0    2    1    1      1346    5    1 CMpure    10   12   15   14   16   11    9   13
    6    6    1    1    2    2    1    2    1    0       720    7    1 CMpure     4    7
    6    7    1    1    4    3    2    2    1    0       781    8    1 CMpure     6    5    8    7
    6    8    1    1    2    1    2    1    1    1       786    9    1 CMpure     9   14
    6    9    1    1    8    1    8    2    0    1       982   13    1 CMpure    13   15   10   16   11    9   14   12
    6   10    2    1    2    0    0    2    1    1       883    6    1 CMpure    11   14
    6   11    2    1    2    0    0    2    1    1       900    4    1 CMpure     9   11
    6   12    2    1    8    0    0    2    1    1       884    1    1 CMpure    12   14   10   16   11   13    9   15
    6   13    1    1    2    2    1    1    1    1       964   16    1 CMpure     9   16
    6   14    1    1    2    2    1    1    1    1       802   11    1 CMpure    10   11
    6   15    1    1    4    3    2    1    1    1       603   14    1 CMpure    10   15   14   12
    6   16    2    1    4    0    0    1    1    0       924   15    1 CMpure     8    5    4    7
    6   17    1    1    8    8    1    1    1    1      1115   13    1 CMpure     9   14   12   16   15   11   10   13
    6   18    2    1    4    0    0    1    1    0       984   16    1 CMpure     2    8    6    3
    6   19    2    1    8    0    0    1    0    1       853    6    1 CMpure    14    9   15   12   16   10   11   13
    6   20    1    1    4    3    2    2    1    0       748    8    1 CMpure     7    5    8    6
    6   21    1    1    2    2    1    1    1    1       562   12    1 CMpure    15   12
    6   22    1    1    8    1    8    1    0    0      1024    2    1 CMpure     2    5    7    1    4    8    6    3
    6   23    1    1    8    1    8    2    1    0       667    5    1 CMpure     5    4    3    1    7    6    8    2
    6   24    1    1    8    1    8    1    1    1       836   11    1 CMpure    11   13   14   12    9   10   15   16
    7    1    1    1    4    4    1    1    1    1       489   10    1 CMpure    11    9   16   10
    7    2    2    1    8    0    0    2    1    1       954    4    1 CMpure     9   10   12   13   11   16   14   15
    7    3    1    1    2    2    1    2    1    0       712    2    1 CMpure     6    2
    7    4    2    1    8    0    0    1    1    0       703   15    1 CMpure     8    7    3    5    6    2    1    4
    7    5    1    1    4    3    2    2    1    0       653    3    1 CMpure     1    4    3    2
    7    6    2    1    2    0    0    2    1    1       935    4    1 CMpure    16   13
    7    7    1    1    8    5    4    1    0    0       741    7    1 CMpure     3    6    5    4    7    1    8    2
    7    8    1    1    8    6    3    1    1    1      1020   13    1 CMpure    10   15   14   11   12   13   16    9
    7    9    1    1    8    3    6    2    1    0      1095    8    1 CMpure     3    5    8    7    2    6    1    4
    7   10    2    1    4    0    0    2    1    1       949    6    1 CMpure    12    9   14   10
    7   11    2    1    2    0    0    1    1    0       595   12    1 CMpure     5    8
    7   12    2    1    2    0    0    2    1    1       864    3    1 CMpure    16   15
    7   13    1    1    8    4    5    2    0    1      1713   14    1 CMpure    16   10   15   14   11   13   12    9
    7   14    2    1    4    0    0    1    1    0       710   16    1 CMpure     4    8    3    6
    7   15    2    1    2    0    0    1    1    0      1326   13    1 CMpure     8    4
    7   16    1    1    8    1    8    1    1    1       941   11    1 CMpure    11   15   13   16   12   10   14    9
    7   17    2    1    2    0    0    1    1    0       764   13    1 CMpure     7    5
    7   18    1    1    4    3    2    2    1    0      1030    2    1 CMpure     1    7    2    3
    7   19    1    1    8    8    1    2    1    0      1409    5    1 CMpure     1    8    2    4    7    6    3    5
    7   20    1    1    2    1    2    1    1    1      2381   10    1 CMpure    10   13
    7   21    2    1    4    0    0    1    1    0      1831   11    1 CMpure     1    6    7    8
    7   22    1    1    8    3    6    1    1    1      1009   13    1 CMpure    15   14   13   11   12   16   10    9
    7   23    1    1    4    2    3    1    1    1       659   16    1 CMpure    12   16   13   10
    7   24    2    1    2    0    0    2    1    1       621    4    1 CMpure    16   13
    8    1    1    1    8    5    4    1    1    1       537   11    1 CMpure    13    9   16   10   11   15   14   12
    8    2    2    1    2    0    0    2    1    1       503    7    1 CMpure    11   13
    8    3    2    1    4    0    0    1    1    0       604   15    1 CMpure     5    2    7    1
    8    4    2    1    8    0    0    2    0    0       872   13    1 CMpure     1    8    6    2    5    4    3    7
    8    5    1    1    4    1    4    1    1    1       591   13    1 CMpure    13   14   10   16
    8    6    2    1    2    0    0    2    1    1       620    4    1 CMpure    15   16
    8    7    1    1    8    5    4    2    1    0       679    7    1 CMpure     3    1    4    8    7    2    6    5
    8    8    1    1    8    2    7    1    1    1       496   10    1 CMpure    12   10   11   16   15    9   14   13
    8    9    2    1    2    0    0    2    1    1       576    7    1 CMpure    11    9
    8   10    2    1    4    0    0    2    1    1       563    2    1 CMpure    15   10   16   11
    8   11    2    1    8    0    0    2    1    1       880    8    1 CMpure    15    9   16   10   11   13   12   14
    8   12    2    1    2    0    0    1    1    0       673   13    1 CMpure     8    2
    8   13    2    1    8    0    0    2    1    1       858    3    1 CMpure    14   16   12   13    9   15   10   11
    8   14    1    1    8    2    7    1    1    1       539   10    1 CMpure    12   10    9   11   13   14   16   15
    8   15    1    1    8    1    8    2    0    1      1626   14    1 CMpure    14   16   15   10   13   11    9   12
    8   16    2    1    2    0    0    2    1    1       797    8    1 CMpure    16    9
    8   17    1    1    8    8    1    1    1    1      1105   11    1 CMpure    14   15   12   16   10   13    9   11
    8   18    2    1    2    0    0    1    1    0       825   11    1 CMpure     6    4
    8   19    1    1    4    3    2    2    1    0       818    1    1 CMpure     4    5    1    6
    8   20    1    1    8    2    7    1    1    1       613   14    1 CMpure    12   14   13   16   15   11    9   10
    8   21    1    1    2    1    2    2    1    0       976    4    1 CMpure     4    8
    8   22    2    1    2    0    0    1    1    0       654   12    1 CMpure     6    8
    8   23    1    1    8    3    6    1    0    0       696    4    1 CMpure     1    3    4    5    6    7    2    8
    8   24    2    1    2    0    0    1    1    0       688   14    1 CMpure     4    2
    9    1    2    1    2    0    0    2    1    1       821    8    1 CMpure     9   12
    9    2    1    1    2    2    1    1    1    1       520    9    1 CMpure    13    9
    9    3    2    1    2    0    0    2    1    1       488    4    1 CMpure    15   11
    9    4    1    1    4    4    1    2    1    0       558    7    1 CMpure     1    6    4    7
    9    5    2    1    8    0    0    1    1    0       683   10    1 CMpure     7    6    5    8    4    3    1    2
    9    6    1    1    4    3    2    2    1    0       650    1    1 CMpure     8    2    1    4
    9    7    2    1    2    0    0    1    1    0       531   11    1 CMpure     1    6
    9    8    2    1    4    0    0    1    1    0       855    9    1 CMpure     4    2    8    7
    9    9    1    1    4    1    4    2    1    0       719    7    1 CMpure     7    3    4    5
    9   10    1    1    4    1    4    1    1    1       523   10    1 CMpure    10   13   15   12
    9   11    1    1    2    2    1    1    1    1       523   12    1 CMpure    13   12
    9   12    2    1    8    0    0    1    0    1       714    5    1 CMpure    11    9   16   10   14   13   15   12
    9   13    2    1    2    0    0    2    1    1       641    1    1 CMpure    16   15
    9   14    2    1    2    0    0    2    1    1       892    2    1 CMpure    15   13
    9   15    2    1    2    0    0    2    1    1       652    1    1 CMpure     9   15
    9   16    1    1    8    2    7    2    1    0       998    8    1 CMpure     3    8    4    6    5    7    1    2
    9   17    1    1    8    6    3    1    1    1       578   16    1 CMpure     9   12   13   14   10   16   11   15
    9   18    2    1    2    0    0    2    1    1       480    3    1 CMpure    10   13
    9   19    2    1    2    0    0    2    1    1       688    5    1 CMpure     9   15
    9   20    2    1    2    0    0    2    1    1       537    8    1 CMpure    13    9
    9   21    1    1    4    2    3    1    1    1      1053   13    1 CMpure    10   13   16   11
    9   22    1    1    4    1    4    2    1    0       604    8    1 CMpure     8    3    5    2
    9   23    1    1    2    2    1    1    1    1       472   14    1 CMpure    11   14
    9   24    1    1    8    8    1    1    1    1       426   12    1 CMpure    10   16   15    9   11   14   13   12
