    1    1    2    1    4    0    0    1    1    0      1399   12    1 CMpure     7    4    2    8
    1    2    1    1    4    3    2    1    0    0       887    5    1 CMpure     8    7    5    3
    1    3    1    1    2    1    2    2    1    0       582    2    1 CMpure     2    4
    1    4    1    1    2    2    1    2    1    0       547    4    1 CMpure     7    4
    1    5    2    1    2    0    0    2    1    1      1103    6    1 CMpure    15   11
    1    6    1    1    4    3    2    2    0    1       778    9    1 CMpure    10   14    9   15
    1    7    1    1    2    2    1    2    1    0       671    8    1 CMpure     4    8
    1    8    2    1    8    0    0    2    1    1      1175    5    1 CMpure    15   10   14   12   16    9   13   11
    1    9    2    1    8    0    0    1    1    0      1131   11    1 CMpure     3    1    5    8    6    2    4    7
    1   10    2    1    8    0    0    2    1    1       914    7    1 CMpure     9   14   10   16   15   11   12   13
    1   11    2    1    8    0    0    2    1    1       817    7    1 CMpure    16   11   12   10   14    9   13   15
    1   12    1    1    2    2    1    2    1    0       917    1    1 CMpure     7    1
    1   13    1    1    8    2    7    1    0    0       900    3    1 CMpure     5    3    6    2    7    1    8    4
    1   14    1    1    4    3    2    1    1    1       953   14    1 CMpure    12    9   14   13
    1   15    2    1    8    0    0    2    1    1       855    6    1 CMpure    15   12   14   13   10    9   11   16
    1   16    2    1    4    0    0    1    1    0       702   14    1 CMpure     8    5    3    4
    1   17    1    1    8    6    3    1    1    1       870   11    1 CMpure    15   10    9   14   13   11   12   16
    1   18    1    1    8    6    3    2    1    0       807    6    1 CMpure     8    3    7    4    1    6    2    5
    1   19    2    1    2    0    0    2    1    1      1371    4    1 CMpure    10   16
    1   20    1    1    4    1    4    2    1    0       638    6    1 CMpure     6    8    1    5
    1   21    1    1    2    2    1    1    1    1       953   16    1 CMpure    12   16
    1   22    2    1    2    0    0    2    1    1       839    4    1 CMpure     9   11
    1   23    2    1    8    0    0    1    1    0       585   13    1 CMpure     7    3    1    6    5    4    8    2
    1   24    1    1    8    7    2    1    1    1       566   11    1 CMpure    10    9   15   16   12   13   11   14
    2    1    2    1    2    0    0    1    1    0      1041    9    1 CMpure     1    8
    2    2    2    1    2    0    0    1    1    0       732    9    1 CMpure     7    2
    2    3    2    1    8    0    0    1    1    0       819   12    1 CMpure     3    6    4    7    1    5    2    8
    2    4    2    1    4    0    0    2    1    1       683    6    1 CMpure     9   15   10   11
    2    5    2    1    8    0    0    2    1    1       964    1    1 CMpure    16   13   15   10   11    9   12   14
    2    6    1    1    8    8    1    1    1    1       961   14    1 CMpure     9   10   13   15   12   11   16   14
    2    7    2    1    2    0    0    2    1    1      1199    5    1 CMpure    14   12
    2    8    1    1    8    3    6    1    1    1       691   12    1 CMpure     9   14   12   10   11   13   15   16
    2    9    2    1    8    0    0    2    1    1       635    1    1 CMpure     9   10   15   13   12   16   11   14
    2   10    2    1    2    0    0    2    1    1       742    2    1 CMpure    15   12
    2   11    2    1    8    0    0    2    1    1       685    5    1 CMpure    12   11   13   14    9   15   16   10
    2   12    1    1    8    5    4    2    1    0       725    7    1 CMpure     3    2    8    4    7    1    6    5
    2   13    2    1    8    0    0    1    1    0       829   11    1 CMpure     6    7    3    2    1    4    8    5
    2   14    1    1    8    7    2    2    1    0       687    6    1 CMpure     5    7    3    2    4    8    6    1
    2   15    2    1    8    0    0    2    1    1       871    7    1 CMpure    15   16   10   13   12    9   11   14
    2   16    1    1    4    1    4    2    1    0       638    2    1 CMpure     2    1    3    4
    2   17    2    1    8    0    0    1    1    0       649   15    1 CMpure     8    2    1    5    3    4    6    7
    2   18    2    1    4    0    0    2    1    1       904    6    1 CMpure    16   12   10   13
    2   19    1    1    4    3    2    2    1    0       733    4    1 CMpure     1    5    4    6
    2   20    2    1    4    0    0    1    1    0       601   15    1 CMpure     6    1    3    2
    2   21    1    1    8    5    4    2    1    0       613    6    1 CMpure     3    5    7    1    6    2    4    8
    2   22    2    1    4    0    0    1    1    0       614   12    1 CMpure     1    3    6    8
    2   23    1    1    8    3    6    1    1    1       689    9    1 CMpure    10   15    9   11   13   12   14   16
    2   24    1    1    8    3    6    2    1    0       762    8    1 CMpure     1    2    8    6    4    5    3    7
    3    1    2    1    2    0    0    2    1    1       921    6    1 CMpure    16   13
    3    2    1    1    4    2    3    2    1    0       766    2    1 CMpure     1    2    5    7
    3    3    1    1    4    1    4    1    1    1       953   12    1 CMpure    12   15    9   11
    3    4    1    1    2    2    1    1    1    1       838   10    1 CMpure    14   10
    3    5    2    1    2    0    0    1    1    0       521   14    1 CMpure     7    5
    3    6    1    1    8    6    3    2    1    0       664    3    1 CMpure     1    4    2    7    6    3    8    5
    3    7    1    1    8    4    5    2    1    0       689    2    1 CMpure     4    3    7    2    1    6    8    5
    3    8    1    1    2    1    2    2    1    0       522    4    1 CMpure     4    8
    3    9    2    1    4    0    0    2    1    1       910    1    1 CMpure    11   12   14   15
    3   10    2    1    8    0    0    2    1    1      1278    1    1 CMpure    10   13    9   11   12   16   14   15
    3   11    1    1    2    1    2    2    1    0       432    1    1 CMpure     1    2
    3   12    2    1    2    0    0    1    1    0       466   10    1 CMpure     5    2
    3   13    2    1    2    0    0    1    1    0       500   12    1 CMpure     4    3
    3   14    2    1    4    0    0    1    1    0       521   15    1 CMpure     3    4    1    8
    3   15    1    1    4    2    3    2    1    0       558    5    1 CMpure     3    5    1    7
    3   16    2    1    4    0    0    2    1    1       752    3    1 CMpure     9   14   12   13
    3   17    1    1    8    6    3    2    1    0       550    3    1 CMpure     5    7    8    1    6    3    2    4
    3   18    1    1    2    2    1    1    1    1       516   15    1 CMpure    13   15
    3   19    2    1    4    0    0    1    1    0       745   12    1 CMpure     1    2    3    7
    3   20    2    1    4    0    0    1    1    0       533   16    1 CMpure     7    3    8    2
    3   21    2    1    8    0    0    2    1    1       563    6    1 CMpure    12   15   14   13   16    9   11   10
    3   22    1    1    2    2    1    2    1    0       432    7    1 CMpure     3    7
    3   23    1    1    8    3    6    1    1    1       627   13    1 CMpure    10   14   13   16   15   11    9   12
    3   24    2    1    2    0    0    1    1    0       558   13    1 CMpure     5    2
    4    1    1    1    8    3    6    1    1    1       609   14    1 CMpure     9   13   14   10   16   15   11   12
    4    2    1    1    8    2    7    1    1    1       637   14    1 CMpure    16   14   13    9   10   11   12   15
    4    3    2    1    2    0    0    1    1    0       663   12    1 CMpure     5    1
    4    4    2    1    8    0    0    1    1    0       672   11    1 CMpure     2    6    7    4    1    3    5    8
    4    5    2    1    4    0    0    1    1    0       558   10    1 CMpure     6    1    7    2
    4    6    1    1    4    3    2    1    1    1       498    9    1 CMpure    15   10    9   16
    4    7    1    1    8    3    6    1    1    1       738   12    1 CMpure    10   16   12    9   11   13   14   15
    4    8    2    1    2    0    0    2    1    1       456    2    1 CMpure    15   16
    4    9    2    1    4    0    0    1    1    0       960    9    1 CMpure     4    8    5    1
    4   10    1    1    8    8    1    1    1    1       606   15    1 CMpure    13   16   12   11   10   14    9   15
    4   11    2    1    4    0    0    2    1    1       589    8    1 CMpure    11    9   13   12
    4   12    2    1    2    0    0    2    1    1       490    1    1 CMpure    13   14
    4   13    1    1    2    2    1    2    1    0       619    8    1 CMpure     1    8
    4   14    2    1    2    0    0    2    1    1       582    3    1 CMpure    13   10
    4   15    2    1    8    0    0    2    1    1       611    4    1 CMpure     9   13   14   11   16   15   10   12
    4   16    1    1    4    1    4    2    1    0       756    2    1 CMpure     2    1    5    8
    4   17    1    1    8    7    2    2    1    0       794    3    1 CMpure     7    4    1    5    6    8    3    2
    4   18    1    1    8    2    7    2    1    0       719    6    1 CMpure     5    6    7    4    8    3    2    1
    4   19    1    1    2    2    1    1    1    1       566   11    1 CMpure    16   11
    4   20    1    1    8    5    4    2    1    0       579    6    1 CMpure     3    7    1    2    6    8    5    4
    4   21    1    1    8    3    6    1    1    1       592    9    1 CMpure    13   10    9   11   16   15   14   12
    4   22    1    1    8    8    1    1    1    1       541   15    1 CMpure    10   16   11   14   13    9   12   15
    4   23    1    1    8    1    8    1    1    1       779   10    1 CMpure    10   12   15   13   14   16    9   11
    4   24    1    1    4    4    1    2    1    0       486    6    1 CMpure     3    1    8    6
    5    1    2    1    4    0    0    2    1    1       611    2    1 CMpure    11   12   13   10
    5    2    2    1    8    0    0    1    1    0       799   12    1 CMpure     8    7    4    5    6    2    1    3
    5    3    2    1    2    0    0    2    1    1      2403    6    1 CMpure    13   15
    5    4    1    1    2    2    1    2    1    0       487    7    1 CMpure     5    7
    5    5    2    1    8    0    0    2    1    1       855    8    1 CMpure    13   15   11   10   14   12   16    9
    5    6    1    1    4    1    4    1    1    1       927   13    1 CMpure    13   11   16   12
    5    7    2    1    8    0    0    2    1    1       622    8    1 CMpure    15   12    9   16   10   14   13   11
    5    8    1    1    8    5    4    2    1    0       489    1    1 CMpure     6    3    2    8    1    5    7    4
    5    9    1    1    2    2    1    1    1    1       506   10    1 CMpure    13   10
    5   10    1    1    8    4    5    2    1    0       522    5    1 CMpure     8    3    7    5    4    2    6    1
    5   11    2    1    4    0    0    2    1    1       510    8    1 CMpure    14   13   16   12
    5   12    1    1    8    4    5    2    0    1      1182   11    1 CMpure    14   16    9   11   12   10   13   15
    5   13    1    1    8    5    4    1    1    1       899   12    1 CMpure    14   16   10   13   12   15    9   11
    5   14    2    1    8    0    0    2    1    1       691    6    1 CMpure    12   10    9   11   14   16   13   15
    5   15    1    1    8    8    1    1    1    1       587   13    1 CMpure    11   14   12   15    9   16   10   13
    5   16    1    1    2    2    1    1    1    1       408   10    1 CMpure    14   10
    5   17    2    1    4    0    0    2    1    1       689    1    1 CMpure    15   11    9   13
    5   18    2    1    2    0    0    1    1    0       394   10    1 CMpure     1    5
    5   19    2    1    8    0    0    2    1    1       655    4    1 CMpure    13   11   15   10   12   14    9   16
    5   20    1    1    2    1    2    1    1    1       953   10    1 CMpure    10   12
    5   21    2    1    2    0    0    2    1    1       455    2    1 CMpure     9   13
    5   22    2    1    4    0    0    2    1    1       590    3    1 CMpure     9   13   15   12
    5   23    1    1    2    2    1    1    1    1       507   15    1 CMpure    12   15
    5   24    1    1    8    8    1    2    1    0       443    7    1 CMpure     6    2    8    1    3    4    5    7
    6    1    1    1    8    2    7    2    1    0       593    6    1 CMpure     3    6    1    4    2    8    5    7
    6    2    1    1    4    4    1    1    1    1       499   12    1 CMpure     9   11   15   12
    6    3    2    1    8    0    0    1    1    0       644   11    1 CMpure     3    8    4    1    5    7    6    2
    6    4    2    1    8    0    0    1    1    0       573   10    1 CMpure     1    6    4    2    3    5    7    8
    6    5    2    1    8    0    0    1    1    0       554   10    1 CMpure     4    6    3    8    2    7    5    1
    6    6    1    1    2    2    1    2    1    0       664    1    1 CMpure     6    1
    6    7    2    1    8    0    0    2    1    1       577    4    1 CMpure     9   16   12   15   14   13   11   10
    6    8    1    1    8    1    8    1    1    1       462   12    1 CMpure    12   14   15   16   13   11   10    9
    6    9    1    1    4    4    1    1    1    1       389   13    1 CMpure    14    9   11   13
    6   10    2    1    8    0    0    2    1    1       442    6    1 CMpure    13   11   15   10   12   14    9   16
    6   11    2    1    4    0    0    2    1    1       514    3    1 CMpure    14   10   11   13
    6   12    1    1    8    6    3    1    1    1       593   10    1 CMpure    12   15   16   13    9   10   11   14
    6   13    2    1    4    0    0    1    1    0       467   10    1 CMpure     5    6    8    2
    6   14    1    1    8    6    3    1    1    1       516   11    1 CMpure    15   14   10    9   13   11   12   16
    6   15    1    1    8    1    8    1    1    1       484   16    1 CMpure    16   15   11   12   13    9   10   14
    6   16    1    1    8    2    7    1    1    1       660   11    1 CMpure    12   11   14   15   16   10    9   13
    6   17    2    1    4    0    0    1    1    0       596   11    1 CMpure     7    8    5    2
    6   18    2    1    2    0    0    1    1    0       464   14    1 CMpure     8    6
    6   19    2    1    8    0    0    1    1    0       513   11    1 CMpure     1    2    4    8    3    5    6    7
    6   20    2    1    8    0    0    1    1    0       673   16    1 CMpure     2    4    8    7    5    3    6    1
    6   21    1    1    4    1    4    1    1    1       703   14    1 CMpure    14    9   13   15
    6   22    2    1    8    0    0    2    1    1       807    8    1 CMpure    13   10   14   15   11    9   12   16
    6   23    2    1    4    0    0    1    1    0       417   15    1 CMpure     3    6    4    2
    6   24    1    1    4    2    3    2    1    0       553    5    1 CMpure     1    5    7    6
    7    1    1    1    8    6    3    2    1    0       493    2    1 CMpure     7    4    3    8    1    2    6    5
    7    2    1    1    4    3    2    2    1    0       467    8    1 CMpure     3    7    8    5
    7    3    2    1    4    0    0    2    1    1       633    8    1 CMpure    15    9   11   13
    7    4    1    1    2    2    1    2    1    0       372    1    1 CMpure     4    1
    7    5    2    1    8    0    0    1    1    0       505   11    1 CMpure     2    7    1    6    4    3    5    8
    7    6    1    1    2    1    2    2    0    1       425   12    1 CMpure    12   11
    7    7    1    1    4    3    2    1    1    1       546   11    1 CMpure    16   13   11   15
    7    8    1    1    8    5    4    1    1    1       544   13    1 CMpure    16   11   12   10   13   14    9   15
    7    9    2    1    2    0    0    1    1    0       479   11    1 CMpure     8    7
    7   10    1    1    4    1    4    1    1    1      1094   10    1 CMpure    10   13   14    9
    7   11    2    1    2    0    0    1    1    0       462   14    1 CMpure     7    4
    7   12    1    1    8    6    3    2    1    0       624    3    1 CMpure     8    2    1    5    4    3    7    6
    7   13    2    1    8    0    0    1    1    0       572   14    1 CMpure     6    7    4    1    5    2    3    8
    7   14    2    1    8    0    0    2    1    1       553    8    1 CMpure    10   16   14   11   15    9   12   13
    7   15    1    1    8    3    6    1    1    1       599   10    1 CMpure    13   11   10   16   14   12    9   15
    7   16    1    1    2    2    1    1    1    1       467   10    1 CMpure    15   10
    7   17    1    1    4    4    1    2    1    0       617    1    1 CMpure     6    5    8    1
    7   18    2    1    4    0    0    2    1    1       682    6    1 CMpure    15   14   16   10
    7   19    1    1    2    2    1    1    1    1       467    9    1 CMpure    13    9
    7   20    1    1    2    2    1    2    1    0       404    8    1 CMpure     6    8
    7   21    2    1    2    0    0    1    1    0       504   15    1 CMpure     6    1
    7   22    1    1    2    1    2    2    1    0       600    4    1 CMpure     4    3
    7   23    1    1    2    2    1    1    1    1       420   13    1 CMpure    10   13
    7   24    1    1    8    8    1    1    1    1       423   12    1 CMpure    11   14   16   10   13    9   15   12
    8    1    1    1    4    2    3    2    1    0      1075    4    1 CMpure     6    4    2    1
    8    2    2    1    2    0    0    2    1    1       573    3    1 CMpure     9   16
    8    3    1    1    8    8    1    2    1    0       426    1    1 CMpure     7    3    6    2    8    4    5    1
    8    4    1    1    8    1    8    1    1    1       701   16    1 CMpure    16   14   15   12   13   10   11    9
    8    5    1    1    2    2    1    2    1    0      1029    2    1 CMpure     8    2
    8    6    1    1    8    4    5    2    1    0       480    2    1 CMpure     4    8    7    2    1    3    5    6
    8    7    1    1    2    1    2    1    1    1       801   13    1 CMpure    13   14
    8    8    1    1    2    2    1    1    1    1       517   14    1 CMpure    13   14
    8    9    1    1    4    4    1    1    1    1       522   16    1 CMpure     9   15   10   16
    8   10    1    1    2    1    2    1    1    1       745   15    1 CMpure    15   12
    8   11    1    1    4    4    1    1    1    1       389   10    1 CMpure    16   14   11   10
    8   12    2    1    2    0    0    1    1    0       809    9    1 CMpure     4    5
    8   13    1    1    8    6    3    2    1    0       573    5    1 CMpure     7    4    3    6    1    5    2    8
    8   14    1    1    8    7    2    2    1    0       619    7    1 CMpure     2    6    8    1    3    4    7    5
    8   15    1    1    8    8    1    2    1    0       614    4    1 CMpure     1    7    3    6    2    5    8    4
    8   16    2    1    4    0    0    1    1    0       551   14    1 CMpure     4    5    7    2
    8   17    2    1    4    0    0    1    1    0       442   11    1 CMpure     7    1    8    4
    8   18    2    1    2    0    0    1    1    0       445    9    1 CMpure     7    8
    8   19    2    1    4    0    0    2    1    1       517    8    1 CMpure    16   14   15   12
    8   20    1    1    2    1    2    1    1    1       644   11    1 CMpure    11   15
    8   21    2    1    2    0    0    1    1    0       462   13    1 CMpure     4    5
    8   22    2    1    4    0    0    1    1    0       454   12    1 CMpure     5    3    8    7
    8   23    2    1    4    0    0    1    1    0       509   11    1 CMpure     6    4    5    7
    8   24    2    1    8    0    0    1    1    0       461    9    1 CMpure     3    5    2    8    4    7    1    6
    9    1    2    1    2    0    0    2    1    1       459    7    1 CMpure    14   12
    9    2    2    1    8    0    0    2    1    1       877    5    1 CMpure    16   10   14   15   11   12   13    9
    9    3    2    1    8    0    0    2    1    1       702    3    1 CMpure    15   13   11   14   16   10   12    9
    9    4    2    1    8    0    0    1    1    0       550   13    1 CMpure     3    4    2    7    6    5    8    1
    9    5    1    1    8    1    8    2    1    0       740    1    1 CMpure     1    5    4    7    6    3    2    8
    9    6    2    1    8    0    0    2    1    1       699    7    1 CMpure    14   11   15    9   13   12   10   16
    9    7    1    1    4    3    2    1    1    1       584   14    1 CMpure     9   11   14   10
    9    8    2    1    2    0    0    2    1    1       517    2    1 CMpure    16   15
    9    9    2    1    4    0    0    1    1    0       473   11    1 CMpure     6    8    1    7
    9   10    1    1    2    1    2    1    1    1       619   11    1 CMpure    11   14
    9   11    1    1    4    2    3    1    1    1       651   15    1 CMpure    14   15   10    9
    9   12    2    1    4    0    0    1    1    0       683    9    1 CMpure     3    4    5    7
    9   13    1    1    4    4    1    1    1    1       456   13    1 CMpure    15    9   16   13
    9   14    2    1    8    0    0    1    1    0       778   13    1 CMpure     7    4    3    1    6    8    5    2
    9   15    1    1    8    7    2    1    1    1       560   13    1 CMpure    10   15   14    9   11   12   13   16
    9   16    2    1    4    0    0    2    1    1       627    5    1 CMpure    13   14   15   10
    9   17    1    1    8    1    8    2    1    0      1454    6    1 CMpure     6    5    1    3    4    8    7    2
    9   18    2    1    8    0    0    2    1    1       552    4    1 CMpure    13   15   11   16   10   12    9   14
    9   19    2    1    8    0    0    1    1    0       438   13    1 CMpure     1    3    8    7    5    6    4    2
    9   20    2    1    8    0    0    2    1    1       473    5    1 CMpure    10   15   13   16   14   11    9   12
    9   21    1    1    4    3    2    1    1    1       591   15    1 CMpure    16   13   15    9
    9   22    1    1    4    4    1    2    1    0       417    1    1 CMpure     2    7    5    1
    9   23    1    1    4    1    4    2    1    0      1050    7    1 CMpure     7    6    1    2
    9   24    1    1    2    2    1    1    1    1       404   12    1 CMpure    13   12
