    1    1    1    1    8    7    2    1    1    1      2427    7    0 ANpure     1    2    3    4    5    6    7    8
    1    2    1    1    4    1    4    1    0    0       762    9    0 ANpure     9   10   11   12
    1    3    1    1    4    2    3    2    1    0       956   14    0 ANpure    13   14   15   16
    1    4    1    1    8    8    1    1    1    1       866   24    0 ANpure    17   18   19   20   21   22   23   24
    1    5    2    1    4    0    0    2    1    1      2537   29    0 ANpure    25   26   27   28
    1    6    1    1    8    1    8    1    1    1      1055   30    0 ANpure    30   31   32   33   34   35   36   37
    1    7    2    1    2    0    0    2    1    1      2273   40    0 ANpure    38   39
    1    8    2    1    8    0    0    2    1    1      1154   49    0 ANpure    41   42   43   44   45   46   47   48
    1    9    2    1    4    0    0    2    1    1      1061   54    0 ANpure    50   51   52   53
    1   10    2    1    2    0    0    1    1    0      1248   57    0 ANpure    55   56
    1   11    2    1    2    0    0    2    1    1      1043   60    0 ANpure    58   59
    1   12    2    1    8    0    0    2    1    1      1013   69    0 ANpure    61   62   63   64   65   66   67   68
    1   13    2    1    4    0    0    1    1    0      1398   74    0 ANpure    70   71   72   73
    1   14    2    1    2    0    0    2    1    1       938   77    0 ANpure    75   76
    1   15    1    1    8    4    5    1    1    1      1145   81    0 ANpure    78   79   80   81   82   83   84   85
    1   16    1    1    4    2    3    1    1    1       885   87    0 ANpure    86   87   88   89
    1   17    2    1    4    0    0    1    1    0       994   94    0 ANpure    90   91   92   93
    1   18    2    1    2    0    0    1    0    1      1101   97    0 ANpure    95   96
    1   19    1    1    8    2    7    1    0    0      1117   99    0 ANpure    98   99  100  101  102  103  104  105
    1   20    1    1    8    6    3    2    1    0      1403  111    0 ANpure   106  107  108  109  110  111  112  113
    1   21    2    1    2    0    0    1    1    0      2088  116    0 ANpure   114  115
    1   22    1    1    8    8    1    1    1    1       872  124    0 ANpure   117  118  119  120  121  122  123  124
    1   23    1    1    4    4    1    2    1    0      1262  128    0 ANpure   125  126  127  128
    1   24    2    1    4    0    0    2    0    0      1509  133    0 ANpure   129  130  131  132
    2    1    2    1    2    0    0    1    1    0      3288  136    0 ANpure   134  135
    2    2    1    1    4    4    1    1    1    1      1246  140    0 ANpure   137  138  139  140
    2    3    2    1    2    0    0    2    0    0      2009  143    0 ANpure   141  142
    2    4    1    1    8    4    5    2    1    0      1213  147    0 ANpure   144  145  146  147  148  149  150  151
    2    5    2    1    4    0    0    1    1    0      2294  156    0 ANpure   152  153  154  155
    2    6    1    1    8    7    2    1    1    1      1382  163    0 ANpure   157  158  159  160  161  162  163  164
    2    7    1    1    8    1    8    1    1    1      1249  165    0 ANpure   165  166  167  168  169  170  171  172
    2    8    2    1    4    0    0    1    1    0      1905  177    0 ANpure   173  174  175  176
    2    9    2    1    4    0    0    2    1    1      1654  182    0 ANpure   178  179  180  181
    2   10    1    1    8    2    7    1    0    0      3223  184    0 ANpure   183  184  185  186  187  188  189  190
    2   11    1    1    4    3    2    2    1    0      3128  193    0 ANpure   191  192  193  194
    2   12    1    1    2    2    1    2    1    0      1184  196    0 ANpure   195  196
    2   13    1    1    8    4    5    2    1    0       956  200    0 ANpure   197  198  199  200  201  202  203  204
    2   14    2    1    8    0    0    1    1    0      1546  213    0 ANpure   205  206  207  208  209  210  211  212
    2   15    2    1    2    0    0    2    1    1      3721  216    0 ANpure   214  215
    2   16    2    1    2    0    0    2    1    1      1977  219    0 ANpure   217  218
    2   17    1    1    2    2    1    2    1    0      1118  221    0 ANpure   220  221
    2   18    1    1    4    4    1    2    1    0       795  225    0 ANpure   222  223  224  225
    2   19    2    1    8    0    0    2    1    1      1287  234    0 ANpure   226  227  228  229  230  231  232  233
    2   20    1    1    8    4    5    2    1    0      1832  238    0 ANpure   235  236  237  238  239  240  241  242
    2   21    1    1    4    3    2    2    1    0      1495  245    0 ANpure   243  244  245  246
    2   22    1    1    2    2    1    1    1    1      1360  248    0 ANpure   247  248
    2   23    2    1    8    0    0    2    1    1      1926  257    0 ANpure   249  250  251  252  253  254  255  256
    2   24    1    1    4    3    2    2    1    0      1473  260    0 ANpure   258  259  260  261
    3    1    2    1    8    0    0    1    0    1      2166  270    0 ANpure   262  263  264  265  266  267  268  269
    3    2    2    1    2    0    0    1    1    0      8259  273    0 ANpure   271  272
    3    3    2    1    4    0    0    1    1    0      1458  278    0 ANpure   274  275  276  277
    3    4    2    1    2    0    0    1    1    0      1916  281    0 ANpure   279  280
    3    5    2    1    4    0    0    1    1    0      3768  286    0 ANpure   282  283  284  285
    3    6    2    1    8    0    0    2    1    1      2244  295    0 ANpure   287  288  289  290  291  292  293  294
    3    7    1    1    4    2    3    2    1    0      1315  297    0 ANpure   296  297  298  299
    3    8    1    1    2    2    1    1    1    1      1379  301    0 ANpure   300  301
    3    9    2    1    8    0    0    2    1    1      2152  310    0 ANpure   302  303  304  305  306  307  308  309
    3   10    2    1    8    0    0    1    1    0      1325  319    0 ANpure   311  312  313  314  315  316  317  318
    3   11    1    1    4    1    4    2    1    0      1203  320    0 ANpure   320  321  322  323
    3   12    1    1    8    2    7    1    1    1      1583  325    0 ANpure   324  325  326  327  328  329  330  331
    3   13    1    1    2    1    2    1    0    0      6843  332    0 ANpure   332  333
    3   14    1    1    2    2    1    1    1    1      1278  335    0 ANpure   334  335
    3   15    2    1    4    0    0    1    0    1      1701  340    0 ANpure   336  337  338  339
    3   16    2    1    2    0    0    1    1    0      2917  343    0 ANpure   341  342
    3   17    2    1    8    0    0    2    0    0      2556  352    0 ANpure   344  345  346  347  348  349  350  351
    3   18    2    1    4    0    0    2    1    1      3672  357    0 ANpure   353  354  355  356
    3   19    2    1    4    0    0    1    0    1      2567  362    0 ANpure   358  359  360  361
    3   20    2    1    4    0    0    2    1    1      2178  367    0 ANpure   363  364  365  366
    3   21    2    1    2    0    0    1    1    0      2607  370    0 ANpure   368  369
    3   22    1    1    2    2    1    2    0    1      3508  372    0 ANpure   371  372
    3   23    2    1    4    0    0    1    1    0      2512  377    0 ANpure   373  374  375  376
    3   24    2    1    8    0    0    2    1    1      2560  386    0 ANpure   378  379  380  381  382  383  384  385
    4    1    2    1    8    0    0    1    0    1     12359  395    0 ANpure   387  388  389  390  391  392  393  394
    4    2    1    1    2    2    1    1    1    1     19678  397    0 ANpure   396  397
    4    3    2    1    2    0    0    2    1    1      6080  400    0 ANpure   398  399
    4    4    1    1    2    2    1    2    1    0      2090  402    0 ANpure   401  402
    4    5    1    1    8    1    8    1    1    1      2129  403    0 ANpure   403  404  405  406  407  408  409  410
    4    6    1    1    4    1    4    1    1    1      1253  411    0 ANpure   411  412  413  414
    4    7    1    1    2    1    2    2    1    0      2095  415    0 ANpure   415  416
    4    8    1    1    2    1    2    2    1    0      1800  417    0 ANpure   417  418
    4    9    1    1    8    1    8    1    1    1      1387  419    0 ANpure   419  420  421  422  423  424  425  426
    4   10    2    1    8    0    0    2    1    1      1455  435    0 ANpure   427  428  429  430  431  432  433  434
    4   11    2    1    2    0    0    2    1    1      3049  438    0 ANpure   436  437
    4   12    1    1    4    1    4    1    1    1      1208  439    0 ANpure   439  440  441  442
    4   13    2    1    2    0    0    2    1    1      2492  445    0 ANpure   443  444
    4   14    2    1    4    0    0    1    1    0      3705  450    0 ANpure   446  447  448  449
    4   15    2    1    8    0    0    2    1    1      5825  459    0 ANpure   451  452  453  454  455  456  457  458
    4   16    1    1    4    1    4    2    0    1      4787  460    0 ANpure   460  461  462  463
    4   17    1    1    2    2    1    1    1    1      1160  465    0 ANpure   464  465
    4   18    1    1    2    2    1    2    1    0      1543  467    0 ANpure   466  467
    4   19    2    1    4    0    0    1    1    0     18147  472    0 ANpure   468  469  470  471
    4   20    2    1    2    0    0    2    1    1     24338  475    0 ANpure   473  474
    4   21    1    1    8    2    7    1    1    1      1284  477    0 ANpure   476  477  478  479  480  481  482  483
    4   22    2    1    8    0    0    1    0    1      1300  492    0 ANpure   484  485  486  487  488  489  490  491
    4   23    1    1    8    3    6    1    1    1     15532  495    0 ANpure   493  494  495  496  497  498  499  500
    4   24    1    1    4    1    4    1    1    1      1226  501    0 ANpure   501  502  503  504
    5    1    2    1    2    0    0    2    1    1      2411  507    0 ANpure   505  506
    5    2    1    1    2    2    1    1    1    1      1704  509    0 ANpure   508  509
    5    3    2    1    2    0    0    1    0    1      1472  512    0 ANpure   510  511
    5    4    1    1    2    1    2    1    0    0      1474  513    0 ANpure   513  514
    5    5    2    1    2    0    0    1    1    0      1051  517    0 ANpure   515  516
    5    6    2    1    8    0    0    1    1    0      1293  526    0 ANpure   518  519  520  521  522  523  524  525
    5    7    2    1    8    0    0    1    1    0      1484  535    0 ANpure   527  528  529  530  531  532  533  534
    5    8    1    1    2    2    1    1    0    0      5910  537    0 ANpure   536  537
    5    9    2    1    8    0    0    2    0    0     12958  546    0 ANpure   538  539  540  541  542  543  544  545
    5   10    1    1    2    2    1    2    1    0      1229  548    0 ANpure   547  548
    5   11    1    1    8    8    1    2    1    0      3586  556    0 ANpure   549  550  551  552  553  554  555  556
    5   12    1    1    4    1    4    2    0    1      3101  557    0 ANpure   557  558  559  560
    5   13    2    1    2    0    0    1    1    0      2653  563    0 ANpure   561  562
    5   14    1    1    4    1    4    2    1    0      1332  564    0 ANpure   564  565  566  567
    5   15    1    1    8    6    3    1    0    0      2282  573    0 ANpure   568  569  570  571  572  573  574  575
    5   16    1    1    2    1    2    2    1    0      2163  576    0 ANpure   576  577
    5   17    1    1    4    2    3    2    0    1      1094  579    0 ANpure   578  579  580  581
    5   18    1    1    8    7    2    1    1    1      2230  588    0 ANpure   582  583  584  585  586  587  588  589
    5   19    1    1    8    3    6    1    1    1      1320  592    0 ANpure   590  591  592  593  594  595  596  597
    5   20    1    1    4    2    3    1    0    0      6886  599    0 ANpure   598  599  600  601
    5   21    2    1    4    0    0    2    1    1      2915  606    0 ANpure   602  603  604  605
    5   22    2    1    4    0    0    1    1    0      3457  611    0 ANpure   607  608  609  610
    5   23    2    1    2    0    0    2    1    1      2739  614    0 ANpure   612  613
    5   24    1    1    2    2    1    1    1    1      1178  616    0 ANpure   615  616
    6    1    1    1    2    1    2    2    1    0      1339  617    0 ANpure   617  618
    6    2    1    1    2    1    2    2    0    1      1834  619    0 ANpure   619  620
    6    3    1    1    8    3    6    2    1    0      1238  623    0 ANpure   621  622  623  624  625  626  627  628
    6    4    1    1    2    2    1    1    0    0      9472  630    0 ANpure   629  630
    6    5    2    1    2    0    0    2    0    0      2811  633    0 ANpure   631  632
    6    6    1    1    4    3    2    1    1    1      5428  636    0 ANpure   634  635  636  637
    6    7    2    1    2    0    0    1    1    0      3503  640    0 ANpure   638  639
    6    8    1    1    4    3    2    2    0    1      2885  643    0 ANpure   641  642  643  644
    6    9    1    1    8    8    1    1    1    1       989  652    0 ANpure   645  646  647  648  649  650  651  652
    6   10    1    1    8    6    3    1    1    1      1122  658    0 ANpure   653  654  655  656  657  658  659  660
    6   11    2    1    2    0    0    2    1    1      1736  663    0 ANpure   661  662
    6   12    1    1    2    2    1    2    1    0      1431  665    0 ANpure   664  665
    6   13    1    1    2    1    2    1    1    1      1913  666    0 ANpure   666  667
    6   14    2    1    8    0    0    2    1    1      1306  676    0 ANpure   668  669  670  671  672  673  674  675
    6   15    2    1    2    0    0    2    1    1      1170  679    0 ANpure   677  678
    6   16    1    1    4    1    4    2    1    0      1972  680    0 ANpure   680  681  682  683
    6   17    2    1    8    0    0    1    1    0       961  692    0 ANpure   684  685  686  687  688  689  690  691
    6   18    1    1    2    2    1    2    1    0       904  694    0 ANpure   693  694
    6   19    2    1    4    0    0    2    1    1       995  699    0 ANpure   695  696  697  698
    6   20    2    1    4    0    0    1    1    0      1429  704    0 ANpure   700  701  702  703
    6   21    2    1    8    0    0    2    1    1      1784  713    0 ANpure   705  706  707  708  709  710  711  712
    6   22    1    1    4    1    4    2    1    0      3131  714    0 ANpure   714  715  716  717
    6   23    2    1    2    0    0    2    1    1      1218  720    0 ANpure   718  719
    6   24    2    1    8    0    0    1    1    0      1275  729    0 ANpure   721  722  723  724  725  726  727  728
    7    1    2    1    2    0    0    2    1    1      4454  732    0 ANpure   730  731
    7    2    2    1    2    0    0    2    1    1      4520  735    0 ANpure   733  734
    7    3    1    1    2    1    2    1    0    0      3839  736    0 ANpure   736  737
    7    4    1    1    8    8    1    1    1    1      1832  745    0 ANpure   738  739  740  741  742  743  744  745
    7    5    1    1    2    1    2    2    1    0      2156  746    0 ANpure   746  747
    7    6    2    1    8    0    0    1    1    0      1994  756    0 ANpure   748  749  750  751  752  753  754  755
    7    7    1    1    8    5    4    1    1    1      1767  761    0 ANpure   757  758  759  760  761  762  763  764
    7    8    1    1    8    5    4    1    0    0      1205  769    0 ANpure   765  766  767  768  769  770  771  772
    7    9    2    1    2    0    0    1    1    0      2817  775    0 ANpure   773  774
    7   10    1    1    4    4    1    1    1    1      1715  779    0 ANpure   776  777  778  779
    7   11    2    1    2    0    0    1    1    0      2450  782    0 ANpure   780  781
    7   12    1    1    2    2    1    1    1    1       932  784    0 ANpure   783  784
    7   13    2    1    2    0    0    2    1    1      1819  787    0 ANpure   785  786
    7   14    1    1    2    1    2    1    1    1       831  788    0 ANpure   788  789
    7   15    1    1    2    2    1    1    1    1      1050  791    0 ANpure   790  791
    7   16    1    1    2    2    1    1    1    1      1164  793    0 ANpure   792  793
    7   17    1    1    2    2    1    2    1    0      1602  795    0 ANpure   794  795
    7   18    1    1    4    3    2    2    1    0      1155  798    0 ANpure   796  797  798  799
    7   19    2    1    2    0    0    1    1    0      1818  802    0 ANpure   800  801
    7   20    2    1    2    0    0    2    1    1       894  805    0 ANpure   803  804
    7   21    2    1    8    0    0    1    1    0      1086  814    0 ANpure   806  807  808  809  810  811  812  813
    7   22    2    1    4    0    0    1    1    0      2403  819    0 ANpure   815  816  817  818
    7   23    2    1    4    0    0    2    1    1      1061  824    0 ANpure   820  821  822  823
    7   24    2    1    2    0    0    2    1    1      3687  827    0 ANpure   825  826
    8    1    1    1    4    1    4    1    1    1      1285  828    0 ANpure   828  829  830  831
    8    2    2    1    2    0    0    2    1    1       710  834    0 ANpure   832  833
    8    3    2    1    4    0    0    2    1    1       676  839    0 ANpure   835  836  837  838
    8    4    2    1    4    0    0    2    1    1       706  844    0 ANpure   840  841  842  843
    8    5    2    1    4    0    0    1    1    0       632  849    0 ANpure   845  846  847  848
    8    6    1    1    2    1    2    1    1    1      1083  850    0 ANpure   850  851
    8    7    1    1    2    2    1    1    1    1       476  853    0 ANpure   852  853
    8    8    2    1    8    0    0    2    1    1       645  862    0 ANpure   854  855  856  857  858  859  860  861
    8    9    1    1    2    2    1    2    1    0      1159  864    0 ANpure   863  864
    8   10    1    1    4    1    4    2    1    0      1299  865    0 ANpure   865  866  867  868
    8   11    2    1    4    0    0    1    1    0      1409  873    0 ANpure   869  870  871  872
    8   12    1    1    8    4    5    1    1    1      1109  877    0 ANpure   874  875  876  877  878  879  880  881
    8   13    2    1    8    0    0    1    1    0      1885  890    0 ANpure   882  883  884  885  886  887  888  889
    8   14    1    1    2    2    1    2    1    0      1191  892    0 ANpure   891  892
    8   15    2    1    8    0    0    2    1    1      1186  901    0 ANpure   893  894  895  896  897  898  899  900
    8   16    1    1    2    1    2    2    1    0      1863  902    0 ANpure   902  903
    8   17    1    1    8    4    5    1    1    1      1001  907    0 ANpure   904  905  906  907  908  909  910  911
    8   18    1    1    4    1    4    2    1    0      2010  912    0 ANpure   912  913  914  915
    8   19    2    1    8    0    0    1    1    0       925  924    0 ANpure   916  917  918  919  920  921  922  923
    8   20    1    1    2    1    2    2    1    0      4940  925    0 ANpure   925  926
    8   21    1    1    2    2    1    2    1    0       796  928    0 ANpure   927  928
    8   22    2    1    4    0    0    1    1    0      1078  933    0 ANpure   929  930  931  932
    8   23    1    1    4    2    3    1    1    1      1381  935    0 ANpure   934  935  936  937
    8   24    2    1    2    0    0    2    1    1       913  940    0 ANpure   938  939
    9    1    2    1    8    0    0    1    1    0      4696  949    0 ANpure   941  942  943  944  945  946  947  948
    9    2    2    1    4    0    0    2    1    1      2158  954    0 ANpure   950  951  952  953
    9    3    2    1    8    0    0    1    1    0      2212  963    0 ANpure   955  956  957  958  959  960  961  962
    9    4    1    1    8    2    7    1    0    0      1792  965    0 ANpure   964  965  966  967  968  969  970  971
    9    5    2    1    2    0    0    2    1    1      1836  974    0 ANpure   972  973
    9    6    1    1    8    2    7    1    1    1      1479  976    0 ANpure   975  976  977  978  979  980  981  982
    9    7    2    1    8    0    0    2    1    1      1767  991    0 ANpure   983  984  985  986  987  988  989  990
    9    8    1    1    2    1    2    2    1    0      1844  992    0 ANpure   992  993
    9    9    2    1    8    0    0    1    1    0      2831 1002    0 ANpure   994  995  996  997  998  999 1000 1001
    9   10    2    1    2    0    0    1    1    0      3138 1005    0 ANpure  1003 1004
    9   11    2    1    4    0    0    2    1    1      1119 1010    0 ANpure  1006 1007 1008 1009
    9   12    2    1    2    0    0    1    1    0      2973 1013    0 ANpure  1011 1012
    9   13    1    1    8    5    4    2    1    0      1193 1018    0 ANpure  1014 1015 1016 1017 1018 1019 1020 1021
    9   14    1    1    8    6    3    1    1    1      1172 1027    0 ANpure  1022 1023 1024 1025 1026 1027 1028 1029
    9   15    2    1    4    0    0    1    1    0      1111 1034    0 ANpure  1030 1031 1032 1033
    9   16    2    1    8    0    0    2    1    1      1197 1043    0 ANpure  1035 1036 1037 1038 1039 1040 1041 1042
    9   17    2    1    2    0    0    1    1    0      1042 1046    0 ANpure  1044 1045
    9   18    2    1    2    0    0    2    1    1      1077 1049    0 ANpure  1047 1048
    9   19    2    1    4    0    0    1    1    0      1220 1054    0 ANpure  1050 1051 1052 1053
    9   20    1    1    4    1    4    1    1    1      1045 1055    0 ANpure  1055 1056 1057 1058
    9   21    1    1    4    2    3    2    1    0      1493 1060    0 ANpure  1059 1060 1061 1062
    9   22    1    1    8    6    3    1    1    1      1038 1068    0 ANpure  1063 1064 1065 1066 1067 1068 1069 1070
    9   23    2    1    4    0    0    1    1    0      1654 1075    0 ANpure  1071 1072 1073 1074
    9   24    1    1    8    3    6    2    1    0      1183 1078    0 ANpure  1076 1077 1078 1079 1080 1081 1082 1083
