    1    1    1    1    2    1    2    2    1    0      2571    1    0 ANpure     1    2
    1    2    1    1    8    1    8    1    0    0      2366    3    0 ANpure     3    4    5    6    7    8    9   10
    1    3    2    1    4    0    0    2    1    1      1809   15    0 ANpure    11   12   13   14
    1    4    1    1    2    2    1    2    1    0      1356   17    0 ANpure    16   17
    1    5    2    1    2    0    0    2    1    1      2024   20    0 ANpure    18   19
    1    6    2    1    4    0    0    1    1    0      1116   25    0 ANpure    21   22   23   24
    1    7    1    1    2    1    2    1    1    1      1343   26    0 ANpure    26   27
    1    8    1    1    8    6    3    2    1    0      1572   33    0 ANpure    28   29   30   31   32   33   34   35
    1    9    1    1    2    1    2    2    1    0      1429   36    0 ANpure    36   37
    1   10    2    1    2    0    0    2    1    1      1437   40    0 ANpure    38   39
    1   11    1    1    8    1    8    2    1    0      1684   41    0 ANpure    41   42   43   44   45   46   47   48
    1   12    1    1    8    6    3    2    1    0      1069   54    0 ANpure    49   50   51   52   53   54   55   56
    1   13    2    1    2    0    0    2    1    1      1428   59    0 ANpure    57   58
    1   14    2    1    2    0    0    2    1    1       766   62    0 ANpure    60   61
    1   15    2    1    4    0    0    1    1    0       946   67    0 ANpure    63   64   65   66
    1   16    2    1    8    0    0    2    0    0      1527   76    0 ANpure    68   69   70   71   72   73   74   75
    1   17    2    1    4    0    0    2    1    1      1376   81    0 ANpure    77   78   79   80
    1   18    2    1    8    0    0    1    1    0      1621   90    0 ANpure    82   83   84   85   86   87   88   89
    1   19    2    1    4    0    0    2    1    1      1259   95    0 ANpure    91   92   93   94
    1   20    2    1    8    0    0    2    1    1      1316  104    0 ANpure    96   97   98   99  100  101  102  103
    1   21    1    1    4    3    2    2    1    0       998  107    0 ANpure   105  106  107  108
    1   22    2    1    8    0    0    2    1    1      2813  117    0 ANpure   109  110  111  112  113  114  115  116
    1   23    1    1    2    1    2    2    1    0      1024  118    0 ANpure   118  119
    1   24    2    1    8    0    0    2    1    1      1059  128    0 ANpure   120  121  122  123  124  125  126  127
    2    1    2    1    8    0    0    1    1    0      1199  137    0 ANpure   129  130  131  132  133  134  135  136
    2    2    1    1    8    5    4    1    1    1      1117  142    0 ANpure   138  139  140  141  142  143  144  145
    2    3    2    1    4    0    0    1    1    0       920  150    0 ANpure   146  147  148  149
    2    4    2    1    2    0    0    1    1    0      2822  153    0 ANpure   151  152
    2    5    2    1    8    0    0    2    1    1       806  162    0 ANpure   154  155  156  157  158  159  160  161
    2    6    2    1    8    0    0    1    1    0      1202  171    0 ANpure   163  164  165  166  167  168  169  170
    2    7    1    1    4    3    2    1    1    1       889  174    0 ANpure   172  173  174  175
    2    8    2    1    2    0    0    2    1    1      4613  178    0 ANpure   176  177
    2    9    1    1    2    2    1    2    1    0      1567  180    0 ANpure   179  180
    2   10    2    1    8    0    0    1    0    1      1149  189    0 ANpure   181  182  183  184  185  186  187  188
    2   11    1    1    8    7    2    2    1    0       878  196    0 ANpure   190  191  192  193  194  195  196  197
    2   12    2    1    4    0    0    2    1    1       976  202    0 ANpure   198  199  200  201
    2   13    1    1    8    8    1    2    1    0       666  210    0 ANpure   203  204  205  206  207  208  209  210
    2   14    1    1    4    3    2    2    1    0       758  213    0 ANpure   211  212  213  214
    2   15    1    1    8    7    2    1    1    1      1159  221    0 ANpure   215  216  217  218  219  220  221  222
    2   16    2    1    8    0    0    1    1    0       855  231    0 ANpure   223  224  225  226  227  228  229  230
    2   17    2    1    8    0    0    1    1    0       739  240    0 ANpure   232  233  234  235  236  237  238  239
    2   18    2    1    2    0    0    1    1    0       776  243    0 ANpure   241  242
    2   19    1    1    2    2    1    2    1    0       812  245    0 ANpure   244  245
    2   20    1    1    4    2    3    1    1    1       754  247    0 ANpure   246  247  248  249
    2   21    1    1    2    2    1    2    1    0       967  251    0 ANpure   250  251
    2   22    2    1    4    0    0    1    1    0      2292  256    0 ANpure   252  253  254  255
    2   23    2    1    8    0    0    1    1    0       726  265    0 ANpure   257  258  259  260  261  262  263  264
    2   24    2    1    2    0    0    1    1    0       795  268    0 ANpure   266  267
    3    1    2    1    8    0    0    1    1    0       936  277    0 ANpure   269  270  271  272  273  274  275  276
    3    2    1    1    8    1    8    1    1    1       866  278    0 ANpure   278  279  280  281  282  283  284  285
    3    3    1    1    2    1    2    2    1    0       930  286    0 ANpure   286  287
    3    4    2    1    4    0    0    1    1    0      2388  292    0 ANpure   288  289  290  291
    3    5    2    1    2    0    0    1    1    0       935  295    0 ANpure   293  294
    3    6    2    1    8    0    0    1    1    0      1554  304    0 ANpure   296  297  298  299  300  301  302  303
    3    7    2    1    4    0    0    1    1    0       855  309    0 ANpure   305  306  307  308
    3    8    1    1    2    1    2    2    1    0       873  310    0 ANpure   310  311
    3    9    2    1    4    0    0    1    0    1       814  316    0 ANpure   312  313  314  315
    3   10    1    1    8    4    5    2    1    0       687  320    0 ANpure   317  318  319  320  321  322  323  324
    3   11    1    1    2    1    2    2    1    0       646  325    0 ANpure   325  326
    3   12    2    1    8    0    0    2    1    1      1308  335    0 ANpure   327  328  329  330  331  332  333  334
    3   13    1    1    8    5    4    1    1    1       968  340    0 ANpure   336  337  338  339  340  341  342  343
    3   14    1    1    8    6    3    1    1    1       706  349    0 ANpure   344  345  346  347  348  349  350  351
    3   15    2    1    2    0    0    1    1    0       648  354    0 ANpure   352  353
    3   16    1    1    8    7    2    2    1    0       684  361    0 ANpure   355  356  357  358  359  360  361  362
    3   17    1    1    2    2    1    1    1    1       516  364    0 ANpure   363  364
    3   18    2    1    4    0    0    1    1    0       823  369    0 ANpure   365  366  367  368
    3   19    1    1    4    1    4    1    1    1       606  370    0 ANpure   370  371  372  373
    3   20    2    1    8    0    0    1    1    0       901  382    0 ANpure   374  375  376  377  378  379  380  381
    3   21    1    1    8    6    3    1    1    1       834  388    0 ANpure   383  384  385  386  387  388  389  390
    3   22    1    1    4    1    4    1    1    1       650  391    0 ANpure   391  392  393  394
    3   23    1    1    4    1    4    1    0    0       742  395    0 ANpure   395  396  397  398
    3   24    1    1    8    4    5    2    1    0      1029  402    0 ANpure   399  400  401  402  403  404  405  406
    4    1    1    1    2    2    1    1    1    1       604  408    0 ANpure   407  408
    4    2    2    1    8    0    0    2    1    1      1843  417    0 ANpure   409  410  411  412  413  414  415  416
    4    3    2    1    2    0    0    2    1    1       907  420    0 ANpure   418  419
    4    4    2    1    4    0    0    1    1    0       892  425    0 ANpure   421  422  423  424
    4    5    2    1    4    0    0    2    1    1       768  430    0 ANpure   426  427  428  429
    4    6    1    1    2    2    1    2    1    0       725  432    0 ANpure   431  432
    4    7    1    1    8    2    7    2    1    0      1671  434    0 ANpure   433  434  435  436  437  438  439  440
    4    8    1    1    4    4    1    1    1    1      1036  444    0 ANpure   441  442  443  444
    4    9    1    1    4    2    3    2    1    0       698  446    0 ANpure   445  446  447  448
    4   10    1    1    8    8    1    2    1    0       734  456    0 ANpure   449  450  451  452  453  454  455  456
    4   11    1    1    2    1    2    1    1    1       675  457    0 ANpure   457  458
    4   12    1    1    8    3    6    1    1    1       760  461    0 ANpure   459  460  461  462  463  464  465  466
    4   13    1    1    8    3    6    1    1    1       935  469    0 ANpure   467  468  469  470  471  472  473  474
    4   14    2    1    8    0    0    1    1    0       815  483    0 ANpure   475  476  477  478  479  480  481  482
    4   15    1    1    4    1    4    1    1    1       837  484    0 ANpure   484  485  486  487
    4   16    2    1    2    0    0    2    1    1      1285  490    0 ANpure   488  489
    4   17    1    1    2    1    2    1    1    1       805  491    0 ANpure   491  492
    4   18    1    1    8    3    6    2    1    0      1189  495    0 ANpure   493  494  495  496  497  498  499  500
    4   19    2    1    2    0    0    1    1    0      1736  503    0 ANpure   501  502
    4   20    1    1    2    2    1    2    1    0       854  505    0 ANpure   504  505
    4   21    1    1    4    4    1    1    1    1      1401  509    0 ANpure   506  507  508  509
    4   22    1    1    4    1    4    2    1    0       744  510    0 ANpure   510  511  512  513
    4   23    1    1    8    2    7    1    1    1       952  515    0 ANpure   514  515  516  517  518  519  520  521
    4   24    2    1    4    0    0    1    1    0       855  526    0 ANpure   522  523  524  525
    5    1    2    1    8    0    0    1    1    0       880  535    0 ANpure   527  528  529  530  531  532  533  534
    5    2    2    1    8    0    0    2    1    1      1579  544    0 ANpure   536  537  538  539  540  541  542  543
    5    3    2    1    2    0    0    1    1    0       671  547    0 ANpure   545  546
    5    4    2    1    2    0    0    2    1    1       694  550    0 ANpure   548  549
    5    5    2    1    8    0    0    1    1    0       937  559    0 ANpure   551  552  553  554  555  556  557  558
    5    6    2    1    8    0    0    2    1    1      1616  568    0 ANpure   560  561  562  563  564  565  566  567
    5    7    1    1    4    4    1    1    1    1       679  572    0 ANpure   569  570  571  572
    5    8    1    1    2    1    2    2    1    0      1327  573    0 ANpure   573  574
    5    9    2    1    8    0    0    1    1    0      1944  583    0 ANpure   575  576  577  578  579  580  581  582
    5   10    1    1    8    5    4    2    1    0      1432  588    0 ANpure   584  585  586  587  588  589  590  591
    5   11    2    1    8    0    0    2    1    1      1628  600    0 ANpure   592  593  594  595  596  597  598  599
    5   12    1    1    8    4    5    1    1    1      1613  604    0 ANpure   601  602  603  604  605  606  607  608
    5   13    1    1    4    3    2    1    1    1      1029  611    0 ANpure   609  610  611  612
    5   14    1    1    8    4    5    2    1    0      1451  616    0 ANpure   613  614  615  616  617  618  619  620
    5   15    2    1    8    0    0    2    1    1      1695  629    0 ANpure   621  622  623  624  625  626  627  628
    5   16    1    1    8    4    5    2    1    0      1724  633    0 ANpure   630  631  632  633  634  635  636  637
    5   17    2    1    2    0    0    1    1    0       985  640    0 ANpure   638  639
    5   18    2    1    8    0    0    1    1    0      1264  649    0 ANpure   641  642  643  644  645  646  647  648
    5   19    2    1    4    0    0    1    1    0       966  654    0 ANpure   650  651  652  653
    5   20    1    1    8    2    7    2    1    0      1549  656    0 ANpure   655  656  657  658  659  660  661  662
    5   21    2    1    4    0    0    1    1    0       982  667    0 ANpure   663  664  665  666
    5   22    1    1    8    7    2    2    1    0      1357  674    0 ANpure   668  669  670  671  672  673  674  675
    5   23    2    1    2    0    0    1    1    0       906  678    0 ANpure   676  677
    5   24    1    1    2    1    2    1    1    1       921  679    0 ANpure   679  680
    6    1    1    1    4    4    1    1    1    1      1421  684    0 ANpure   681  682  683  684
    6    2    1    1    8    3    6    1    1    1       899  687    0 ANpure   685  686  687  688  689  690  691  692
    6    3    1    1    8    6    3    2    1    0      1196  698    0 ANpure   693  694  695  696  697  698  699  700
    6    4    1    1    2    2    1    1    1    1       831  702    0 ANpure   701  702
    6    5    1    1    4    3    2    2    1    0      1110  705    0 ANpure   703  704  705  706
    6    6    1    1    4    3    2    1    1    1       880  709    0 ANpure   707  708  709  710
    6    7    1    1    8    1    8    2    1    0      1214  711    0 ANpure   711  712  713  714  715  716  717  718
    6    8    1    1    2    2    1    2    1    0       993  720    0 ANpure   719  720
    6    9    1    1    8    3    6    2    0    1      1720  723    0 ANpure   721  722  723  724  725  726  727  728
    6   10    1    1    4    2    3    2    1    0       922  730    0 ANpure   729  730  731  732
    6   11    2    1    8    0    0    1    1    0      1346  741    0 ANpure   733  734  735  736  737  738  739  740
    6   12    2    1    4    0    0    2    1    1      1186  746    0 ANpure   742  743  744  745
    6   13    1    1    4    1    4    1    1    1       954  747    0 ANpure   747  748  749  750
    6   14    1    1    2    1    2    2    0    1      2742  751    0 ANpure   751  752
    6   15    1    1    8    1    8    1    1    1      1064  753    0 ANpure   753  754  755  756  757  758  759  760
    6   16    2    1    4    0    0    1    1    0       803  765    0 ANpure   761  762  763  764
    6   17    1    1    4    4    1    1    1    1       537  769    0 ANpure   766  767  768  769
    6   18    2    1    8    0    0    1    1    0      1108  778    0 ANpure   770  771  772  773  774  775  776  777
    6   19    1    1    2    2    1    1    1    1       585  780    0 ANpure   779  780
    6   20    1    1    8    8    1    2    1    0      1553  788    0 ANpure   781  782  783  784  785  786  787  788
    6   21    2    1    4    0    0    1    1    0      1387  793    0 ANpure   789  790  791  792
    6   22    1    1    8    3    6    2    1    0      1236  796    0 ANpure   794  795  796  797  798  799  800  801
    6   23    2    1    4    0    0    1    1    0      1034  806    0 ANpure   802  803  804  805
    6   24    1    1    8    8    1    1    1    1      1343  814    0 ANpure   807  808  809  810  811  812  813  814
    7    1    1    1    4    1    4    2    1    0      1701  815    0 ANpure   815  816  817  818
    7    2    1    1    8    7    2    1    1    1      1617  825    0 ANpure   819  820  821  822  823  824  825  826
    7    3    1    1    8    4    5    2    1    0      1807  830    0 ANpure   827  828  829  830  831  832  833  834
    7    4    1    1    4    1    4    1    1    1      1438  835    0 ANpure   835  836  837  838
    7    5    1    1    2    2    1    2    1    0      1225  840    0 ANpure   839  840
    7    6    2    1    4    0    0    1    1    0      2030  845    0 ANpure   841  842  843  844
    7    7    2    1    4    0    0    2    1    1      1413  850    0 ANpure   846  847  848  849
    7    8    2    1    8    0    0    1    1    0      1468  859    0 ANpure   851  852  853  854  855  856  857  858
    7    9    1    1    4    1    4    2    1    0      1529  860    0 ANpure   860  861  862  863
    7   10    2    1    4    0    0    2    1    1      1587  868    0 ANpure   864  865  866  867
    7   11    1    1    8    7    2    2    1    0      1747  875    0 ANpure   869  870  871  872  873  874  875  876
    7   12    1    1    8    4    5    2    1    0      2251  880    0 ANpure   877  878  879  880  881  882  883  884
    7   13    2    1    4    0    0    1    1    0      1400  889    0 ANpure   885  886  887  888
    7   14    1    1    2    1    2    1    1    1      1091  890    0 ANpure   890  891
    7   15    1    1    4    4    1    2    1    0      1502  895    0 ANpure   892  893  894  895
    7   16    2    1    2    0    0    2    1    1      1347  898    0 ANpure   896  897
    7   17    1    1    8    3    6    1    1    1      1694  901    0 ANpure   899  900  901  902  903  904  905  906
    7   18    2    1    4    0    0    2    1    1      1920  911    0 ANpure   907  908  909  910
    7   19    1    1    2    1    2    2    1    0      1350  912    0 ANpure   912  913
    7   20    1    1    4    3    2    2    1    0      1638  916    0 ANpure   914  915  916  917
    7   21    2    1    4    0    0    2    1    1      1772  922    0 ANpure   918  919  920  921
    7   22    1    1    2    1    2    2    1    0      1881  923    0 ANpure   923  924
    7   23    2    1    8    0    0    2    1    1      1519  933    0 ANpure   925  926  927  928  929  930  931  932
    7   24    1    1    4    4    1    2    1    0      1097  937    0 ANpure   934  935  936  937
    8    1    1    1    4    1    4    1    1    1      1311  938    0 ANpure   938  939  940  941
    8    2    1    1    8    4    5    2    1    0      2315  945    0 ANpure   942  943  944  945  946  947  948  949
    8    3    2    1    2    0    0    1    1    0      1488  952    0 ANpure   950  951
    8    4    2    1    8    0    0    1    1    0      1685  961    0 ANpure   953  954  955  956  957  958  959  960
    8    5    2    1    8    0    0    1    0    1      2030  970    0 ANpure   962  963  964  965  966  967  968  969
    8    6    2    1    2    0    0    1    1    0      1040  973    0 ANpure   971  972
    8    7    1    1    2    1    2    2    1    0      1130  974    0 ANpure   974  975
    8    8    2    1    2    0    0    2    0    0      4624  978    0 ANpure   976  977
    8    9    1    1    8    1    8    2    1    0      1414  979    0 ANpure   979  980  981  982  983  984  985  986
    8   10    2    1    2    0    0    2    1    1      1089  989    0 ANpure   987  988
    8   11    2    1    2    0    0    1    1    0      1144  992    0 ANpure   990  991
    8   12    2    1    4    0    0    2    1    1      1283  997    0 ANpure   993  994  995  996
    8   13    1    1    8    3    6    1    0    0      1437 1000    0 ANpure   998  999 1000 1001 1002 1003 1004 1005
    8   14    2    1    4    0    0    1    1    0      1132 1010    0 ANpure  1006 1007 1008 1009
    8   15    1    1    8    7    2    1    1    1       957 1017    0 ANpure  1011 1012 1013 1014 1015 1016 1017 1018
    8   16    2    1    8    0    0    2    1    1      1398 1027    0 ANpure  1019 1020 1021 1022 1023 1024 1025 1026
    8   17    2    1    2    0    0    1    1    0      1058 1030    0 ANpure  1028 1029
    8   18    1    1    4    4    1    2    1    0      1728 1034    0 ANpure  1031 1032 1033 1034
    8   19    1    1    2    2    1    2    1    0       782 1036    0 ANpure  1035 1036
    8   20    2    1    2    0    0    1    1    0      1010 1039    0 ANpure  1037 1038
    8   21    2    1    4    0    0    1    1    0      1329 1044    0 ANpure  1040 1041 1042 1043
    8   22    1    1    2    1    2    2    1    0      1169 1045    0 ANpure  1045 1046
    8   23    2    1    2    0    0    2    1    1      1348 1049    0 ANpure  1047 1048
    8   24    1    1    2    2    1    1    1    1      1040 1051    0 ANpure  1050 1051
    9    1    2    1    2    0    0    2    1    1      1362 1054    0 ANpure  1052 1053
    9    2    1    1    2    2    1    1    1    1      1358 1056    0 ANpure  1055 1056
    9    3    1    1    8    5    4    1    1    1      1639 1061    0 ANpure  1057 1058 1059 1060 1061 1062 1063 1064
    9    4    1    1    4    4    1    2    1    0      1965 1068    0 ANpure  1065 1066 1067 1068
    9    5    1    1    2    2    1    2    1    0       930 1070    0 ANpure  1069 1070
    9    6    1    1    2    2    1    2    1    0       944 1072    0 ANpure  1071 1072
    9    7    1    1    4    4    1    2    1    0      1378 1076    0 ANpure  1073 1074 1075 1076
    9    8    1    1    4    3    2    2    1    0      1284 1079    0 ANpure  1077 1078 1079 1080
    9    9    2    1    2    0    0    2    1    1      1523 1083    0 ANpure  1081 1082
    9   10    2    1    4    0    0    2    1    1      2141 1088    0 ANpure  1084 1085 1086 1087
    9   11    2    1    2    0    0    2    1    1      1064 1091    0 ANpure  1089 1090
    9   12    2    1    8    0    0    2    1    1       878 1100    0 ANpure  1092 1093 1094 1095 1096 1097 1098 1099
    9   13    2    1    2    0    0    1    1    0      1455 1103    0 ANpure  1101 1102
    9   14    1    1    4    1    4    2    1    0      1244 1104    0 ANpure  1104 1105 1106 1107
    9   15    2    1    4    0    0    1    1    0      1263 1112    0 ANpure  1108 1109 1110 1111
    9   16    1    1    4    2    3    1    1    1      1285 1114    0 ANpure  1113 1114 1115 1116
    9   17    2    1    8    0    0    2    1    1      1505 1125    0 ANpure  1117 1118 1119 1120 1121 1122 1123 1124
    9   18    2    1    4    0    0    1    1    0      2795 1130    0 ANpure  1126 1127 1128 1129
    9   19    1    1    2    2    1    2    1    0      1134 1132    0 ANpure  1131 1132
    9   20    1    1    2    1    2    1    1    1      1028 1133    0 ANpure  1133 1134
    9   21    1    1    2    2    1    2    1    0      1230 1136    0 ANpure  1135 1136
    9   22    2    1    4    0    0    1    1    0      1492 1141    0 ANpure  1137 1138 1139 1140
    9   23    1    1    4    1    4    1    1    1      1054 1142    0 ANpure  1142 1143 1144 1145
    9   24    1    1    2    2    1    1    1    1       680 1147    0 ANpure  1146 1147
