    1    1    2    1    4    0    0    2    1    1      2462   10    1 CMpure     9   11   15   10
    1    2    2    1    2    0    0    1    1    0      1933   11    1 CMpure     2    1
    1    3    1    1    8    1    8    1    1    1      1931    5    1 CMpure    13    9   10   15   14   16   12   11
    1    4    1    1    8    3    6    1    1    1      2105    3    1 CMpure    16   15   11    9   13   10   12   14
    1    5    2    1    4    0    0    1    1    0      1421   11    1 CMpure     6    3    4    8
    1    6    1    1    2    1    2    2    1    0      1105    7    1 CMpure     7    8
    1    7    1    1    8    2    7    2    1    0      1705    8    1 CMpure     5    8    3    4    2    7    1    6
    1    8    1    1    4    1    4    2    1    0      3208    4    1 CMpure     4    8    7    5
    1    9    2    1    8    0    0    2    1    1      1813    9    1 CMpure    11   16   13   10   12    9   14   15
    1   10    2    1    2    0    0    2    0    0      1218   10    1 CMpure     3    8
    1   11    1    1    8    4    5    2    1    0      1142    2    1 CMpure     8    6    5    2    7    4    3    1
    1   12    2    1    8    0    0    2    0    0      3422   15    1 CMpure     3    4    5    6    8    7    1    2
    1   13    1    1    2    1    2    2    1    0       922    4    1 CMpure     4    5
    1   14    1    1    4    1    4    1    1    1      1136    8    1 CMpure    16   12   14   11
    1   15    2    1    8    0    0    2    0    0      2200   12    1 CMpure     5    8    6    7    4    2    1    3
    1   16    2    1    4    0    0    1    1    0      1114   11    1 CMpure     5    8    4    2
    1   17    2    1    2    0    0    1    1    0      1842   11    1 CMpure     5    3
    1   18    1    1    4    1    4    1    1    1      1194    2    1 CMpure    10   14   13   12
    1   19    1    1    2    2    1    2    1    0      1272    2    1 CMpure     1    2
    1   20    2    1    8    0    0    1    1    0       914    9    1 CMpure     5    1    2    3    7    8    6    4
    1   21    1    1    8    1    8    2    1    0      1739    6    1 CMpure     6    1    4    8    2    5    7    3
    1   22    1    1    2    2    1    2    1    0       858    3    1 CMpure     5    3
    1   23    1    1    2    2    1    2    1    0       741    2    1 CMpure     7    2
    1   24    1    1    2    2    1    1    1    1       948    1    1 CMpure    15    9
    2    1    1    1    2    2    1    1    1    1       859    5    1 CMpure    12   13
    2    2    2    1    4    0    0    1    1    0      1347   16    1 CMpure     7    8    6    2
    2    3    2    1    2    0    0    2    1    1      1170    9    1 CMpure    12   13
    2    4    2    1    8    0    0    1    0    1      1432   15    1 CMpure    12   10   14   11    9   15   16   13
    2    5    2    1    4    0    0    1    1    0      2001   13    1 CMpure     5    3    4    2
    2    6    1    1    4    3    2    1    1    1      1475    5    1 CMpure    12   11   13   10
    2    7    2    1    2    0    0    2    1    1      1693   14    1 CMpure    13   10
    2    8    1    1    4    2    3    1    0    0      3644    2    1 CMpure     7    2    5    8
    2    9    1    1    8    5    4    2    1    0      1792    3    1 CMpure     5    2    6    4    3    7    1    8
    2   10    2    1    8    0    0    1    1    0       974   11    1 CMpure     8    4    5    1    7    2    3    6
    2   11    1    1    2    1    2    1    1    1      1012    1    1 CMpure     9   12
    2   12    2    1    8    0    0    1    1    0      1241   14    1 CMpure     7    8    2    3    1    5    6    4
    2   13    1    1    4    3    2    1    1    1       906    1    1 CMpure    12   16    9   13
    2   14    2    1    8    0    0    1    1    0      1611    9    1 CMpure     3    7    4    6    8    1    5    2
    2   15    1    1    4    4    1    2    1    0      1406    1    1 CMpure     8    3    2    1
    2   16    2    1    8    0    0    2    0    0      1643   13    1 CMpure     2    4    1    7    6    8    5    3
    2   17    2    1    4    0    0    1    1    0      1036   14    1 CMpure     1    2    4    3
    2   18    2    1    8    0    0    1    1    0       895   10    1 CMpure     8    6    4    5    7    3    1    2
    2   19    2    1    2    0    0    2    1    1       657   10    1 CMpure    10   12
    2   20    1    1    8    5    4    1    1    1      1220    3    1 CMpure     9   13   14   10   11   12   15   16
    2   21    2    1    4    0    0    2    0    0      2493    9    1 CMpure     8    3    7    5
    2   22    2    1    8    0    0    2    1    1      1335   15    1 CMpure    10   12   14    9   13   15   16   11
    2   23    2    1    2    0    0    2    1    1      1079   10    1 CMpure    13    9
    2   24    1    1    2    2    1    1    1    1       800    2    1 CMpure    14   10
    3    1    2    1    2    0    0    2    1    1      1011   16    1 CMpure    14   13
    3    2    1    1    4    2    3    2    1    0      1173    4    1 CMpure     2    4    3    1
    3    3    1    1    2    1    2    1    1    1      1115    7    1 CMpure    15   11
    3    4    2    1    4    0    0    1    1    0      1217   16    1 CMpure     1    6    3    4
    3    5    1    1    2    2    1    1    1    1       956    6    1 CMpure    15   14
    3    6    1    1    4    1    4    2    1    0      1104    4    1 CMpure     4    5    3    6
    3    7    2    1    8    0    0    2    1    1       753   15    1 CMpure     9   14   10   13   12   15   11   16
    3    8    2    1    4    0    0    2    1    1       702   15    1 CMpure    12   13   11   15
    3    9    2    1    8    0    0    2    1    1       759   14    1 CMpure    11   14   12   10   13    9   16   15
    3   10    2    1    4    0    0    2    1    1       811   14    1 CMpure     9   12   16   11
    3   11    2    1    4    0    0    1    1    0       869   16    1 CMpure     5    8    3    2
    3   12    1    1    4    1    4    2    1    0      1820    3    1 CMpure     3    2    7    6
    3   13    2    1    4    0    0    1    1    0       862   15    1 CMpure     1    6    4    5
    3   14    1    1    2    2    1    1    1    1       769    7    1 CMpure    11   15
    3   15    2    1    2    0    0    2    1    1       550   14    1 CMpure     9   15
    3   16    1    1    4    1    4    1    0    0       771    3    1 CMpure     3    6    8    4
    3   17    1    1    8    4    5    1    1    1      1273    6    1 CMpure    13   11   16   14   15   10    9   12
    3   18    2    1    8    0    0    1    1    0       980    9    1 CMpure     3    5    7    8    4    1    2    6
    3   19    1    1    2    1    2    2    1    0      3737    4    1 CMpure     4    8
    3   20    2    1    4    0    0    2    1    1       815    9    1 CMpure    16   13   11   15
    3   21    1    1    2    2    1    1    1    1       635    8    1 CMpure    14   16
    3   22    1    1    2    1    2    2    1    0       774    5    1 CMpure     5    1
    3   23    2    1    4    0    0    1    0    1      1009   13    1 CMpure    11   12   15   14
    3   24    2    1    4    0    0    2    1    1       803   10    1 CMpure    16   13    9   11
    4    1    2    1    2    0    0    1    1    0      1139   13    1 CMpure     4    1
    4    2    1    1    4    1    4    1    1    1       952    5    1 CMpure    13   14   10    9
    4    3    2    1    4    0    0    1    1    0       708   11    1 CMpure     5    3    7    8
    4    4    1    1    2    2    1    1    1    1       868    4    1 CMpure    14   12
    4    5    1    1    4    2    3    1    0    0      1012    8    1 CMpure     6    8    4    5
    4    6    1    1    4    4    1    2    1    0      1046    5    1 CMpure     2    1    7    5
    4    7    2    1    8    0    0    1    0    1      1074    9    1 CMpure     9   15   16   10   13   11   14   12
    4    8    2    1    8    0    0    1    0    1       788   16    1 CMpure    13   15   12   11    9   14   16   10
    4    9    1    1    4    4    1    1    1    1       999    4    1 CMpure    16   10   15   12
    4   10    2    1    2    0    0    1    1    0       700   13    1 CMpure     8    5
    4   11    1    1    4    1    4    2    1    0      1538    3    1 CMpure     3    1    7    8
    4   12    2    1    2    0    0    2    1    1       601   14    1 CMpure    11   16
    4   13    2    1    2    0    0    1    0    1       901   14    1 CMpure    12   14
    4   14    2    1    4    0    0    1    0    1       716    9    1 CMpure    16   14   10   13
    4   15    1    1    4    4    1    2    1    0      1073    7    1 CMpure     5    8    1    7
    4   16    1    1    8    1    8    2    1    0      1156    8    1 CMpure     8    3    6    2    4    1    5    7
    4   17    2    1    8    0    0    2    1    1      1323   15    1 CMpure    11   10   13   16   15   12    9   14
    4   18    2    1    8    0    0    1    0    1      1035   10    1 CMpure     9   12   13   14   15   10   16   11
    4   19    2    1    4    0    0    1    1    0       996   10    1 CMpure     2    1    7    6
    4   20    2    1    8    0    0    2    0    0      1122   14    1 CMpure     7    3    4    2    6    1    5    8
    4   21    1    1    2    2    1    2    1    0      2002    2    1 CMpure     5    2
    4   22    1    1    2    1    2    1    1    1      1207    3    1 CMpure    11   15
    4   23    2    1    8    0    0    1    1    0      1452   10    1 CMpure     4    2    1    7    6    5    3    8
    4   24    2    1    4    0    0    1    1    0       876   12    1 CMpure     6    4    3    8
    5    1    1    1    8    5    4    2    1    0      1688    3    1 CMpure     8    2    5    6    3    4    1    7
    5    2    1    1    8    4    5    2    1    0      1322    5    1 CMpure     8    4    6    5    2    3    7    1
    5    3    1    1    4    2    3    1    1    1      1423    7    1 CMpure    13   15   10   14
    5    4    2    1    4    0    0    2    1    1       921   11    1 CMpure    15   14   12   16
    5    5    1    1    8    4    5    2    1    0      1393    3    1 CMpure     7    6    8    3    5    2    4    1
    5    6    1    1    4    2    3    2    1    0       908    7    1 CMpure     4    7    6    3
    5    7    2    1    8    0    0    1    1    0      1093    9    1 CMpure     5    8    7    6    3    1    2    4
    5    8    2    1    8    0    0    2    1    1      1327   12    1 CMpure    11   15    9   14   10   16   12   13
    5    9    2    1    2    0    0    1    1    0       647    9    1 CMpure     5    2
    5   10    2    1    8    0    0    2    0    0      1043   10    1 CMpure     1    5    6    8    7    2    4    3
    5   11    2    1    8    0    0    2    1    1       854   14    1 CMpure    13   11   16   15   14   10   12    9
    5   12    2    1    2    0    0    2    1    1       937    9    1 CMpure    12   11
    5   13    2    1    4    0    0    1    1    0       653    9    1 CMpure     1    5    6    3
    5   14    2    1    2    0    0    2    1    1       704   16    1 CMpure    10    9
    5   15    2    1    8    0    0    1    0    1       857    9    1 CMpure     9   12   16   11   13   15   14   10
    5   16    1    1    2    1    2    2    1    0       668    5    1 CMpure     5    4
    5   17    2    1    2    0    0    1    1    0       710   15    1 CMpure     8    1
    5   18    1    1    4    2    3    1    1    1      1052    3    1 CMpure    16   11   10   13
    5   19    2    1    8    0    0    1    1    0      1791   11    1 CMpure     5    4    6    3    1    7    2    8
    5   20    2    1    8    0    0    2    1    1      1029   12    1 CMpure    15   10   13   14   16    9   12   11
    5   21    1    1    4    1    4    2    1    0      1238    6    1 CMpure     6    7    2    5
    5   22    2    1    2    0    0    1    1    0       434   16    1 CMpure     7    1
    5   23    1    1    8    4    5    2    1    0      1973    4    1 CMpure     1    7    6    4    2    5    8    3
    5   24    2    1    2    0    0    2    1    1       980   15    1 CMpure    11   16
    6    1    1    1    8    8    1    1    1    1       903    5    1 CMpure    16   11   10    9   15   12   14   13
    6    2    1    1    4    2    3    1    1    1       806    2    1 CMpure    15   10   16    9
    6    3    1    1    8    8    1    2    1    0      1443    4    1 CMpure     7    6    5    3    1    8    2    4
    6    4    1    1    8    6    3    1    1    1      7118    2    1 CMpure    11    9   12   16   13   10   15   14
    6    5    1    1    8    3    6    2    1    0      2408    2    1 CMpure     8    7    2    3    6    5    4    1
    6    6    2    1    2    0    0    1    1    0       700    9    1 CMpure     3    6
    6    7    2    1    4    0    0    1    1    0       651   12    1 CMpure     1    7    3    4
    6    8    1    1    4    3    2    2    1    0      1235    4    1 CMpure     8    7    4    2
    6    9    1    1    8    6    3    2    1    0       566    6    1 CMpure     4    3    2    7    8    6    1    5
    6   10    1    1    4    2    3    1    1    1      1994    6    1 CMpure    15   14   16   10
    6   11    2    1    8    0    0    2    1    1       952   14    1 CMpure     9   16   12   11   14   15   10   13
    6   12    1    1    8    2    7    2    1    0      1087    1    1 CMpure     5    1    2    7    6    4    3    8
    6   13    1    1    4    3    2    2    1    0       902    1    1 CMpure     2    4    1    3
    6   14    2    1    8    0    0    1    0    1      1335   13    1 CMpure     9   12   16   10   11   13   14   15
    6   15    1    1    2    2    1    2    1    0       654    1    1 CMpure     3    1
    6   16    1    1    8    5    4    1    1    1       665    2    1 CMpure    13   16   15   12   10   11    9   14
    6   17    2    1    4    0    0    2    1    1       721   10    1 CMpure    14   12   13   16
    6   18    2    1    2    0    0    2    0    0      4073   16    1 CMpure     8    2
    6   19    2    1    8    0    0    1    1    0       604   13    1 CMpure     3    2    5    6    1    8    4    7
    6   20    2    1    4    0    0    1    1    0       486    9    1 CMpure     8    2    4    6
    6   21    2    1    4    0    0    2    1    1       684   10    1 CMpure    14   10   13    9
    6   22    1    1    4    4    1    1    1    1       667    3    1 CMpure     9   16   15   11
    6   23    2    1    4    0    0    1    1    0       714   11    1 CMpure     4    7    2    6
    6   24    2    1    2    0    0    1    1    0       602   16    1 CMpure     5    1
    7    1    2    1    4    0    0    1    1    0       627   10    1 CMpure     3    4    7    1
    7    2    2    1    2    0    0    2    1    1       775   12    1 CMpure    16   11
    7    3    1    1    4    3    2    1    1    1       819    1    1 CMpure    15   16    9   11
    7    4    2    1    4    0    0    2    1    1       796    9    1 CMpure    16   15    9   11
    7    5    2    1    2    0    0    2    0    0      2673   11    1 CMpure     5    3
    7    6    1    1    8    3    6    1    1    1      1028    4    1 CMpure    16   15   12    9   11   13   10   14
    7    7    1    1    4    2    3    2    0    1      1078    2    1 CMpure    14   10   15    9
    7    8    1    1    2    1    2    1    1    1      2743    3    1 CMpure    11    9
    7    9    2    1    2    0    0    2    1    1      1567   15    1 CMpure    16   15
    7   10    2    1    2    0    0    1    1    0       541   16    1 CMpure     2    7
    7   11    1    1    8    5    4    2    1    0       645    1    1 CMpure     8    4    7    6    1    5    3    2
    7   12    2    1    2    0    0    1    1    0       904   16    1 CMpure     4    5
    7   13    1    1    2    2    1    2    1    0       632    2    1 CMpure     3    2
    7   14    2    1    4    0    0    2    1    1       793   11    1 CMpure    15   13   16   11
    7   15    2    1    8    0    0    2    1    1       879    9    1 CMpure     9   12   13   11   10   16   14   15
    7   16    1    1    2    1    2    1    1    1       833    7    1 CMpure    15   13
    7   17    2    1    2    0    0    2    0    0      1676   15    1 CMpure     1    7
    7   18    1    1    4    1    4    2    1    0     11627    8    1 CMpure     8    5    2    6
    7   19    2    1    4    0    0    1    1    0       430   12    1 CMpure     1    2    6    5
    7   20    1    1    8    8    1    2    0    1       450    4    1 CMpure    10    9   15   16   11   14   13   12
    7   21    2    1    2    0    0    1    1    0       572   11    1 CMpure     8    4
    7   22    1    1    8    6    3    1    1    1      1051    3    1 CMpure    14   16   12   15   13   11   10    9
    7   23    2    1    8    0    0    1    1    0      1486   12    1 CMpure     7    1    6    3    2    4    5    8
    7   24    1    1    4    1    4    2    1    0       749    7    1 CMpure     7    5    4    2
    8    1    2    1    8    0    0    1    0    1       696   12    1 CMpure    11    9   10   15   16   14   12   13
    8    2    1    1    4    1    4    1    1    1       959    3    1 CMpure    11    9   10   13
    8    3    2    1    8    0    0    2    0    0       958   13    1 CMpure     4    8    3    7    5    6    1    2
    8    4    2    1    2    0    0    2    1    1       876   15    1 CMpure     9   13
    8    5    1    1    4    4    1    1    1    1       740    6    1 CMpure    15    9   13   14
    8    6    2    1    8    0    0    1    1    0       980   14    1 CMpure     2    1    4    6    7    5    3    8
    8    7    1    1    2    2    1    2    1    0       794    1    1 CMpure     7    1
    8    8    2    1    4    0    0    2    1    1       780   12    1 CMpure    13   16   15   10
    8    9    2    1    4    0    0    2    1    1      1103   12    1 CMpure    12   11   13   16
    8   10    2    1    4    0    0    2    1    1      1029    9    1 CMpure    10   16   12   14
    8   11    1    1    8    5    4    2    1    0      2202    4    1 CMpure     6    7    2    1    4    3    8    5
    8   12    2    1    2    0    0    1    1    0       487   15    1 CMpure     4    8
    8   13    2    1    4    0    0    1    0    1      3413    9    1 CMpure    12   13   11   10
    8   14    2    1    4    0    0    1    1    0       663    9    1 CMpure     8    3    2    6
    8   15    1    1    2    1    2    2    0    1       745    8    1 CMpure    16   12
    8   16    1    1    2    1    2    1    1    1       937    4    1 CMpure    12   13
    8   17    1    1    2    1    2    2    1    0       728    6    1 CMpure     6    4
    8   18    2    1    8    0    0    2    1    1      2264   15    1 CMpure    13   12   15   10   14    9   11   16
    8   19    2    1    2    0    0    2    0    0      1962   14    1 CMpure     6    8
    8   20    1    1    4    2    3    1    1    1      1335    2    1 CMpure     9   10   12   13
    8   21    2    1    2    0    0    1    1    0      1390   16    1 CMpure     8    7
    8   22    1    1    4    3    2    2    1    0      1513    2    1 CMpure     8    4    2    3
    8   23    1    1    4    2    3    2    1    0       743    5    1 CMpure     6    5    8    1
    8   24    1    1    8    7    2    1    1    1      1031    8    1 CMpure    14   13   15   12   11   10   16    9
    9    1    1    1    8    5    4    1    1    1      1141    3    1 CMpure    16   12   10   14   11   15    9   13
    9    2    2    1    8    0    0    2    1    1       677   15    1 CMpure    11    9   12   10   14   16   13   15
    9    3    1    1    2    1    2    2    1    0      1223    2    1 CMpure     2    7
    9    4    2    1    4    0    0    1    0    1      4768   12    1 CMpure    14   10   16   11
    9    5    1    1    8    5    4    2    1    0      1119    8    1 CMpure     3    2    5    7    8    4    1    6
    9    6    2    1    4    0    0    2    1    1       541   14    1 CMpure    10   11   13    9
    9    7    2    1    2    0    0    2    1    1       444   11    1 CMpure    16   15
    9    8    1    1    4    4    1    1    1    1       925    6    1 CMpure    10   12   15   14
    9    9    2    1    8    0    0    2    1    1      1069   15    1 CMpure    10   14   13   16   11   12    9   15
    9   10    1    1    8    2    7    2    1    0      1560    3    1 CMpure     8    3    5    7    6    1    2    4
    9   11    2    1    4    0    0    2    0    0       644   15    1 CMpure     4    1    5    6
    9   12    2    1    2    0    0    2    1    1      3047   14    1 CMpure    16   12
    9   13    2    1    2    0    0    1    1    0       394    9    1 CMpure     6    5
    9   14    1    1    8    5    4    2    0    1      1888    7    1 CMpure    10    9   11   12   15   16   13   14
    9   15    2    1    8    0    0    1    0    1       481   15    1 CMpure    16   15   12   10   14    9   11   13
    9   16    1    1    8    2    7    2    1    0      1323    5    1 CMpure     1    5    2    8    6    3    4    7
    9   17    2    1    4    0    0    2    1    1       657    9    1 CMpure    15   12   14   13
    9   18    1    1    8    2    7    2    1    0       828    5    1 CMpure     6    5    1    3    2    8    4    7
    9   19    2    1    8    0    0    1    0    1      2697   13    1 CMpure    10   16   11   13   14   15    9   12
    9   20    1    1    8    5    4    1    1    1      1066    3    1 CMpure    10   16   14   12   11    9   15   13
    9   21    1    1    8    8    1    2    1    0       828    7    1 CMpure     6    5    3    8    1    4    2    7
    9   22    1    1    8    4    5    2    0    1      1081    3    1 CMpure    15   16   13   11   14   10    9   12
    9   23    1    1    2    2    1    2    1    0       618    2    1 CMpure     3    2
    9   24    2    1    2    0    0    1    1    0       494    9    1 CMpure     7    2
