    1    1    2    1    2    0    0    2    1    1      5807    3    0 ANpure     1    2
    1    2    2    1    4    0    0    2    1    1      2188    8    0 ANpure     4    5    6    7
    1    3    1    1    8    3    6    1    1    1      2500   11    0 ANpure     9   10   11   12   13   14   15   16
    1    4    1    1    4    1    4    1    1    1      2759   17    0 ANpure    17   18   19   20
    1    5    1    1    2    2    1    1    1    1      2413   22    0 ANpure    21   22
    1    6    1    1    2    1    2    1    1    1      1049   23    0 ANpure    23   24
    1    7    2    1    4    0    0    2    0    0      1807   29    0 ANpure    25   26   27   28
    1    8    1    1    4    1    4    1    0    0      2680   30    0 ANpure    30   31   32   33
    1    9    1    1    2    1    2    1    1    1      2104   34    0 ANpure    34   35
    1   10    2    1    2    0    0    2    1    1      2000   38    0 ANpure    36   37
    1   11    1    1    8    1    8    1    1    1      1763   39    0 ANpure    39   40   41   42   43   44   45   46
    1   12    1    1    8    2    7    2    0    1      2478   48    0 ANpure    47   48   49   50   51   52   53   54
    1   13    2    1    2    0    0    2    0    0      1998   57    0 ANpure    55   56
    1   14    1    1    4    1    4    1    0    0      2389   58    0 ANpure    58   59   60   61
    1   15    2    1    4    0    0    2    0    0      2406   66    0 ANpure    62   63   64   65
    1   16    1    1    8    4    5    1    0    0      2377   70    0 ANpure    67   68   69   70   71   72   73   74
    1   17    2    1    2    0    0    2    1    1      1685   77    0 ANpure    75   76
    1   18    1    1    8    7    2    1    0    0      2317   84    0 ANpure    78   79   80   81   82   83   84   85
    1   19    1    1    8    3    6    2    1    0      2256   88    0 ANpure    86   87   88   89   90   91   92   93
    1   20    2    1    4    0    0    2    1    1      2102   98    0 ANpure    94   95   96   97
    1   21    2    1    2    0    0    2    0    0      1902  101    0 ANpure    99  100
    1   22    2    1    4    0    0    2    1    1      1539  106    0 ANpure   102  103  104  105
    1   23    1    1    8    7    2    1    0    0      2248  113    0 ANpure   107  108  109  110  111  112  113  114
    1   24    2    1    4    0    0    2    1    1      1278  119    0 ANpure   115  116  117  118
    2    1    2    1    4    0    0    2    1    1      1804  124    0 ANpure   120  121  122  123
    2    2    2    1    4    0    0    2    0    0      1300  129    0 ANpure   125  126  127  128
    2    3    1    1    8    1    8    2    0    1      1550  130    0 ANpure   130  131  132  133  134  135  136  137
    2    4    2    1    2    0    0    2    1    1       796  140    0 ANpure   138  139
    2    5    2    1    8    0    0    2    1    1      1902  149    0 ANpure   141  142  143  144  145  146  147  148
    2    6    2    1    8    0    0    2    0    0       496  158    0 ANpure   150  151  152  153  154  155  156  157
    2    7    2    1    8    0    0    2    1    1      1500  167    0 ANpure   159  160  161  162  163  164  165  166
    2    8    2    1    2    0    0    2    1    1      1731  170    0 ANpure   168  169
    2    9    2    1    2    0    0    2    1    1      1265  173    0 ANpure   171  172
    2   10    2    1    2    0    0    2    1    1       858  176    0 ANpure   174  175
    2   11    2    1    2    0    0    2    0    0      1035  179    0 ANpure   177  178
    2   12    1    1    8    7    2    1    0    0      1922  186    0 ANpure   180  181  182  183  184  185  186  187
    2   13    1    1    8    7    2    1    1    1      1709  194    0 ANpure   188  189  190  191  192  193  194  195
    2   14    2    1    8    0    0    2    0    0      2012  204    0 ANpure   196  197  198  199  200  201  202  203
    2   15    1    1    2    1    2    1    1    1      1279  205    0 ANpure   205  206
    2   16    2    1    2    0    0    2    0    0       808  209    0 ANpure   207  208
    2   17    2    1    8    0    0    2    1    1      1505  218    0 ANpure   210  211  212  213  214  215  216  217
    2   18    2    1    8    0    0    1    1    0       381  227    0 ANpure   219  220  221  222  223  224  225  226
    2   19    2    1    8    0    0    2    1    1      1814  236    0 ANpure   228  229  230  231  232  233  234  235
    2   20    1    1    8    2    7    2    1    0      2868  238    0 ANpure   237  238  239  240  241  242  243  244
    2   21    1    1    8    1    8    2    1    0      1682  245    0 ANpure   245  246  247  248  249  250  251  252
    2   22    2    1    4    0    0    1    0    1      1680  257    0 ANpure   253  254  255  256
    2   23    1    1    2    1    2    1    0    0      2368  258    0 ANpure   258  259
    2   24    2    1    8    0    0    2    1    1      1730  268    0 ANpure   260  261  262  263  264  265  266  267
    3    1    1    1    2    2    1    1    1    1      1583  270    0 ANpure   269  270
    3    2    2    1    4    0    0    2    1    1      1463  275    0 ANpure   271  272  273  274
    3    3    1    1    2    1    2    1    1    1      3096  276    0 ANpure   276  277
    3    4    1    1    2    1    2    1    1    1       609  278    0 ANpure   278  279
    3    5    2    1    2    0    0    1    1    0      1853  282    0 ANpure   280  281
    3    6    1    1    2    2    1    1    1    1      1103  284    0 ANpure   283  284
    3    7    2    1    2    0    0    2    1    1      1470  287    0 ANpure   285  286
    3    8    1    1    8    7    2    1    1    1      1797  294    0 ANpure   288  289  290  291  292  293  294  295
    3    9    1    1    4    4    1    2    1    0      1483  299    0 ANpure   296  297  298  299
    3   10    1    1    2    1    2    2    1    0      1179  300    0 ANpure   300  301
    3   11    2    1    4    0    0    2    1    1      1805  306    0 ANpure   302  303  304  305
    3   12    1    1    4    4    1    1    1    1      1820  310    0 ANpure   307  308  309  310
    3   13    1    1    2    1    2    1    1    1      2183  311    0 ANpure   311  312
    3   14    1    1    2    1    2    2    1    0      1395  313    0 ANpure   313  314
    3   15    2    1    8    0    0    2    1    1      1716  323    0 ANpure   315  316  317  318  319  320  321  322
    3   16    1    1    4    1    4    2    1    0      2576  324    0 ANpure   324  325  326  327
    3   17    1    1    2    2    1    2    1    0      2981  329    0 ANpure   328  329
    3   18    1    1    8    6    3    2    1    0      2391  335    0 ANpure   330  331  332  333  334  335  336  337
    3   19    1    1    4    1    4    2    1    0      2719  338    0 ANpure   338  339  340  341
    3   20    2    1    4    0    0    2    1    1      2650  346    0 ANpure   342  343  344  345
    3   21    1    1    4    4    1    1    1    1      1393  350    0 ANpure   347  348  349  350
    3   22    2    1    4    0    0    2    0    0      1729  355    0 ANpure   351  352  353  354
    3   23    1    1    4    4    1    2    1    0      2116  359    0 ANpure   356  357  358  359
    3   24    1    1    8    7    2    1    1    1      1649  366    0 ANpure   360  361  362  363  364  365  366  367
    4    1    1    1    4    4    1    2    1    0      1479  371    0 ANpure   368  369  370  371
    4    2    2    1    2    0    0    2    1    1      1567  374    0 ANpure   372  373
    4    3    1    1    8    6    3    1    1    1      1624  380    0 ANpure   375  376  377  378  379  380  381  382
    4    4    1    1    4    3    2    2    1    0      1937  385    0 ANpure   383  384  385  386
    4    5    1    1    2    2    1    2    1    0      1056  388    0 ANpure   387  388
    4    6    2    1    4    0    0    2    1    1      1461  393    0 ANpure   389  390  391  392
    4    7    1    1    8    2    7    1    1    1      1708  395    0 ANpure   394  395  396  397  398  399  400  401
    4    8    2    1    4    0    0    2    1    1      1072  406    0 ANpure   402  403  404  405
    4    9    1    1    4    1    4    1    1    1      1989  407    0 ANpure   407  408  409  410
    4   10    1    1    8    8    1    2    1    0      2438  418    0 ANpure   411  412  413  414  415  416  417  418
    4   11    1    1    4    1    4    1    1    1      1342  419    0 ANpure   419  420  421  422
    4   12    2    1    8    0    0    1    1    0      1314  431    0 ANpure   423  424  425  426  427  428  429  430
    4   13    2    1    2    0    0    1    1    0      1074  434    0 ANpure   432  433
    4   14    2    1    4    0    0    2    1    1      1519  439    0 ANpure   435  436  437  438
    4   15    2    1    8    0    0    1    1    0      2209  448    0 ANpure   440  441  442  443  444  445  446  447
    4   16    1    1    8    8    1    2    1    0      1460  456    0 ANpure   449  450  451  452  453  454  455  456
    4   17    1    1    2    1    2    2    1    0      1653  457    0 ANpure   457  458
    4   18    1    1    2    2    1    2    1    0      1382  460    0 ANpure   459  460
    4   19    2    1    8    0    0    2    1    1      1264  469    0 ANpure   461  462  463  464  465  466  467  468
    4   20    2    1    2    0    0    1    1    0      1633  472    0 ANpure   470  471
    4   21    1    1    2    2    1    1    1    1      1571  474    0 ANpure   473  474
    4   22    2    1    8    0    0    1    1    0      2739  483    0 ANpure   475  476  477  478  479  480  481  482
    4   23    2    1    4    0    0    1    1    0      1623  488    0 ANpure   484  485  486  487
    4   24    2    1    2    0    0    2    1    1      1416  491    0 ANpure   489  490
    5    1    2    1    2    0    0    1    1    0      1184  494    0 ANpure   492  493
    5    2    1    1    2    2    1    1    0    0      1476  496    0 ANpure   495  496
    5    3    1    1    8    8    1    2    1    0      1298  504    0 ANpure   497  498  499  500  501  502  503  504
    5    4    2    1    8    0    0    2    1    1      2112  513    0 ANpure   505  506  507  508  509  510  511  512
    5    5    2    1    4    0    0    1    1    0      2115  518    0 ANpure   514  515  516  517
    5    6    2    1    2    0    0    2    1    1      1106  521    0 ANpure   519  520
    5    7    1    1    8    5    4    2    1    0      2466  526    0 ANpure   522  523  524  525  526  527  528  529
    5    8    2    1    2    0    0    1    1    0      2338  532    0 ANpure   530  531
    5    9    2    1    8    0    0    2    1    1      1583  541    0 ANpure   533  534  535  536  537  538  539  540
    5   10    1    1    8    2    7    2    0    1      1219  543    0 ANpure   542  543  544  545  546  547  548  549
    5   11    2    1    4    0    0    1    1    0      1610  554    0 ANpure   550  551  552  553
    5   12    1    1    8    4    5    1    1    1      1228  558    0 ANpure   555  556  557  558  559  560  561  562
    5   13    1    1    8    7    2    1    1    1      1396  569    0 ANpure   563  564  565  566  567  568  569  570
    5   14    2    1    8    0    0    1    1    0      1350  579    0 ANpure   571  572  573  574  575  576  577  578
    5   15    1    1    8    7    2    1    1    1      1602  586    0 ANpure   580  581  582  583  584  585  586  587
    5   16    1    1    2    1    2    1    1    1      1238  588    0 ANpure   588  589
    5   17    1    1    8    6    3    1    1    1      1476  595    0 ANpure   590  591  592  593  594  595  596  597
    5   18    1    1    4    2    3    1    1    1      1008  599    0 ANpure   598  599  600  601
    5   19    2    1    2    0    0    1    1    0      1194  604    0 ANpure   602  603
    5   20    2    1    4    0    0    1    1    0      2443  609    0 ANpure   605  606  607  608
    5   21    2    1    4    0    0    1    1    0      1146  614    0 ANpure   610  611  612  613
    5   22    1    1    8    1    8    1    1    1      1837  615    0 ANpure   615  616  617  618  619  620  621  622
    5   23    2    1    2    0    0    2    1    1      2862  625    0 ANpure   623  624
    5   24    2    1    4    0    0    2    1    1      1236  630    0 ANpure   626  627  628  629
    6    1    1    1    2    1    2    1    1    1      1739  631    0 ANpure   631  632
    6    2    1    1    2    1    2    1    1    1      1409  633    0 ANpure   633  634
    6    3    1    1    2    2    1    2    1    0      2028  636    0 ANpure   635  636
    6    4    2    1    2    0    0    1    1    0      2742  639    0 ANpure   637  638
    6    5    2    1    4    0    0    2    1    1      1761  644    0 ANpure   640  641  642  643
    6    6    2    1    8    0    0    1    1    0      1349  653    0 ANpure   645  646  647  648  649  650  651  652
    6    7    2    1    2    0    0    2    1    1      1219  656    0 ANpure   654  655
    6    8    2    1    4    0    0    1    1    0      1386  661    0 ANpure   657  658  659  660
    6    9    2    1    8    0    0    2    1    1      2089  670    0 ANpure   662  663  664  665  666  667  668  669
    6   10    2    1    2    0    0    1    1    0      1970  673    0 ANpure   671  672
    6   11    2    1    8    0    0    1    1    0      1262  682    0 ANpure   674  675  676  677  678  679  680  681
    6   12    1    1    8    1    8    2    1    0      1877  683    0 ANpure   683  684  685  686  687  688  689  690
    6   13    1    1    8    1    8    2    1    0      2212  691    0 ANpure   691  692  693  694  695  696  697  698
    6   14    2    1    8    0    0    2    1    1      1428  707    0 ANpure   699  700  701  702  703  704  705  706
    6   15    1    1    8    2    7    1    1    1      2652  709    0 ANpure   708  709  710  711  712  713  714  715
    6   16    2    1    2    0    0    1    1    0      1604  718    0 ANpure   716  717
    6   17    2    1    8    0    0    2    1    1      1573  727    0 ANpure   719  720  721  722  723  724  725  726
    6   18    1    1    8    7    2    2    1    0      1749  734    0 ANpure   728  729  730  731  732  733  734  735
    6   19    2    1    2    0    0    2    0    0      3578  738    0 ANpure   736  737
    6   20    2    1    2    0    0    1    1    0      2821  741    0 ANpure   739  740
    6   21    2    1    2    0    0    2    1    1      1582  744    0 ANpure   742  743
    6   22    1    1    8    5    4    1    1    1      2057  749    0 ANpure   745  746  747  748  749  750  751  752
    6   23    1    1    8    1    8    1    1    1      1743  753    0 ANpure   753  754  755  756  757  758  759  760
    6   24    2    1    8    0    0    2    1    1      1385  769    0 ANpure   761  762  763  764  765  766  767  768
    7    1    2    1    8    0    0    1    1    0      1748  778    0 ANpure   770  771  772  773  774  775  776  777
    7    2    2    1    8    0    0    2    1    1      1670  787    0 ANpure   779  780  781  782  783  784  785  786
    7    3    2    1    2    0    0    2    1    1      1182  790    0 ANpure   788  789
    7    4    1    1    4    2    3    1    1    1      1374  792    0 ANpure   791  792  793  794
    7    5    2    1    4    0    0    1    1    0      1479  799    0 ANpure   795  796  797  798
    7    6    2    1    8    0    0    1    1    0      1414  808    0 ANpure   800  801  802  803  804  805  806  807
    7    7    1    1    4    1    4    1    1    1      1900  809    0 ANpure   809  810  811  812
    7    8    2    1    2    0    0    2    1    1      1060  815    0 ANpure   813  814
    7    9    1    1    2    1    2    2    1    0      3348  816    0 ANpure   816  817
    7   10    1    1    8    3    6    1    1    1      1590  820    0 ANpure   818  819  820  821  822  823  824  825
    7   11    1    1    4    1    4    1    0    0      2039  826    0 ANpure   826  827  828  829
    7   12    2    1    4    0    0    1    1    0      1486  834    0 ANpure   830  831  832  833
    7   13    2    1    2    0    0    1    1    0      1559  837    0 ANpure   835  836
    7   14    1    1    4    1    4    1    1    1      1768  838    0 ANpure   838  839  840  841
    7   15    1    1    2    2    1    1    1    1      1422  843    0 ANpure   842  843
    7   16    2    1    8    0    0    2    1    1      1254  852    0 ANpure   844  845  846  847  848  849  850  851
    7   17    1    1    2    2    1    1    1    1      1200  854    0 ANpure   853  854
    7   18    2    1    4    0    0    1    1    0      2432  859    0 ANpure   855  856  857  858
    7   19    1    1    8    6    3    2    0    1      1952  865    0 ANpure   860  861  862  863  864  865  866  867
    7   20    2    1    4    0    0    1    1    0      2875  872    0 ANpure   868  869  870  871
    7   21    1    1    2    2    1    2    1    0      2204  874    0 ANpure   873  874
    7   22    2    1    2    0    0    1    1    0      1431  877    0 ANpure   875  876
    7   23    1    1    2    1    2    2    1    0      1858  878    0 ANpure   878  879
    7   24    1    1    4    2    3    2    1    0      1642  881    0 ANpure   880  881  882  883
    8    1    1    1    8    8    1    1    1    1      1522  891    0 ANpure   884  885  886  887  888  889  890  891
    8    2    1    1    8    4    5    1    1    1      1324  895    0 ANpure   892  893  894  895  896  897  898  899
    8    3    2    1    8    0    0    2    1    1      1496  908    0 ANpure   900  901  902  903  904  905  906  907
    8    4    2    1    8    0    0    2    1    1      1220  917    0 ANpure   909  910  911  912  913  914  915  916
    8    5    1    1    8    5    4    2    1    0      3115  922    0 ANpure   918  919  920  921  922  923  924  925
    8    6    2    1    2    0    0    1    1    0      1873  928    0 ANpure   926  927
    8    7    2    1    2    0    0    1    1    0      1179  931    0 ANpure   929  930
    8    8    1    1    4    2    3    2    1    0      2773  933    0 ANpure   932  933  934  935
    8    9    1    1    2    1    2    2    1    0      1691  936    0 ANpure   936  937
    8   10    2    1    8    0    0    2    1    1      1944  946    0 ANpure   938  939  940  941  942  943  944  945
    8   11    1    1    2    1    2    2    1    0      3879  947    0 ANpure   947  948
    8   12    1    1    2    1    2    2    1    0      1705  949    0 ANpure   949  950
    8   13    1    1    8    6    3    2    1    0      1942  956    0 ANpure   951  952  953  954  955  956  957  958
    8   14    2    1    4    0    0    1    1    0      3105  963    0 ANpure   959  960  961  962
    8   15    1    1    2    2    1    2    1    0      2553  965    0 ANpure   964  965
    8   16    1    1    2    1    2    2    1    0      1432  966    0 ANpure   966  967
    8   17    2    1    4    0    0    2    1    1      1206  972    0 ANpure   968  969  970  971
    8   18    2    1    4    0    0    2    1    1      1093  977    0 ANpure   973  974  975  976
    8   19    2    1    2    0    0    2    1    1       773  980    0 ANpure   978  979
    8   20    1    1    8    6    3    2    1    0      1856  986    0 ANpure   981  982  983  984  985  986  987  988
    8   21    2    1    2    0    0    2    1    1      1025  991    0 ANpure   989  990
    8   22    2    1    8    0    0    2    1    1       920 1000    0 ANpure   992  993  994  995  996  997  998  999
    8   23    2    1    2    0    0    2    1    1       853 1003    0 ANpure  1001 1002
    8   24    2    1    2    0    0    2    1    1       727 1006    0 ANpure  1004 1005
    9    1    2    1    4    0    0    1    1    0      1312 1011    0 ANpure  1007 1008 1009 1010
    9    2    2    1    4    0    0    2    1    1      2099 1016    0 ANpure  1012 1013 1014 1015
    9    3    2    1    2    0    0    2    1    1       897 1019    0 ANpure  1017 1018
    9    4    1    1    2    2    1    1    1    1      2103 1021    0 ANpure  1020 1021
    9    5    1    1    4    1    4    2    1    0      1812 1022    0 ANpure  1022 1023 1024 1025
    9    6    1    1    2    1    2    2    1    0      2145 1026    0 ANpure  1026 1027
    9    7    1    1    4    4    1    1    1    1      1788 1031    0 ANpure  1028 1029 1030 1031
    9    8    2    1    2    0    0    2    1    1       760 1034    0 ANpure  1032 1033
    9    9    1    1    2    1    2    1    1    1      1118 1035    0 ANpure  1035 1036
    9   10    1    1    8    6    3    2    1    0      2417 1042    0 ANpure  1037 1038 1039 1040 1041 1042 1043 1044
    9   11    2    1    4    0    0    2    1    1      1144 1049    0 ANpure  1045 1046 1047 1048
    9   12    1    1    8    2    7    1    1    1      1332 1051    0 ANpure  1050 1051 1052 1053 1054 1055 1056 1057
    9   13    1    1    8    3    6    2    1    0      1542 1060    0 ANpure  1058 1059 1060 1061 1062 1063 1064 1065
    9   14    1    1    4    4    1    2    1    0      2568 1069    0 ANpure  1066 1067 1068 1069
    9   15    1    1    4    2    3    1    1    1      1856 1071    0 ANpure  1070 1071 1072 1073
    9   16    1    1    8    8    1    2    1    0      1903 1081    0 ANpure  1074 1075 1076 1077 1078 1079 1080 1081
    9   17    1    1    8    3    6    2    0    1      1915 1084    0 ANpure  1082 1083 1084 1085 1086 1087 1088 1089
    9   18    2    1    2    0    0    1    1    0      1840 1092    0 ANpure  1090 1091
    9   19    2    1    4    0    0    2    1    1      1581 1097    0 ANpure  1093 1094 1095 1096
    9   20    1    1    8    4    5    1    0    0      2110 1101    0 ANpure  1098 1099 1100 1101 1102 1103 1104 1105
    9   21    1    1    2    1    2    1    1    1      3157 1106    0 ANpure  1106 1107
    9   22    2    1    8    0    0    1    1    0      1334 1116    0 ANpure  1108 1109 1110 1111 1112 1113 1114 1115
    9   23    2    1    2    0    0    2    1    1      1500 1119    0 ANpure  1117 1118
    9   24    1    1    8    7    2    2    1    0      4234 1126    0 ANpure  1120 1121 1122 1123 1124 1125 1126 1127
