    1    1    2    1    2    0    0    2    1    1      6402   10    1 CMpure    14    9
    1    2    2    1    8    0    0    1    1    0      1245   16    1 CMpure     7    1    8    3    6    4    2    5
    1    3    1    1    2    1    2    1    1    1      1872    6    1 CMpure    14   15
    1    4    1    1    8    5    4    1    1    1      1140    6    1 CMpure    10   16   15   12   14   13   11    9
    1    5    1    1    8    4    5    1    1    1       907    8    1 CMpure     9   10   13   16   12   15   14   11
    1    6    2    1    8    0    0    2    0    0      1355    9    1 CMpure     7    8    5    1    2    6    3    4
    1    7    1    1    8    3    6    1    1    1      1089    2    1 CMpure    13   11   10   14    9   12   16   15
    1    8    1    1    4    3    2    2    1    0       918    5    1 CMpure     3    1    5    8
    1    9    2    1    4    0    0    1    1    0      1019   14    1 CMpure     6    5    2    1
    1   10    2    1    4    0    0    2    1    1       996   11    1 CMpure    16   14   12   10
    1   11    1    1    4    1    4    2    0    1      1822    5    1 CMpure    13    9   14   16
    1   12    1    1    2    2    1    2    1    0      1185    2    1 CMpure     7    2
    1   13    1    1    8    2    7    2    1    0      1030    1    1 CMpure     7    1    2    4    3    6    8    5
    1   14    2    1    4    0    0    1    0    1      1902   16    1 CMpure    16   14    9   15
    1   15    1    1    8    4    5    2    1    0      4031    8    1 CMpure     7    1    5    8    4    3    2    6
    1   16    2    1    4    0    0    2    1    1      1367   15    1 CMpure    13   10   16   15
    1   17    1    1    4    3    2    2    1    0      1050    5    1 CMpure     6    7    5    3
    1   18    1    1    2    2    1    1    1    1       924    8    1 CMpure     9   16
    1   19    2    1    4    0    0    1    1    0      1001   12    1 CMpure     6    4    7    8
    1   20    1    1    4    4    1    1    1    1      1042    3    1 CMpure    12   10    9   11
    1   21    2    1    8    0    0    2    1    1       997   11    1 CMpure    11   14    9   12   16   13   10   15
    1   22    2    1    4    0    0    1    1    0      1031   16    1 CMpure     1    7    6    4
    1   23    2    1    2    0    0    1    1    0      1074   12    1 CMpure     2    5
    1   24    1    1    8    5    4    2    1    0      1739    8    1 CMpure     3    2    1    7    8    4    6    5
    2    1    1    1    2    2    1    1    1    1       930    4    1 CMpure    13   12
    2    2    2    1    2    0    0    1    1    0       953   14    1 CMpure     3    6
    2    3    1    1    8    3    6    2    1    0      1375    5    1 CMpure     6    7    5    3    1    4    2    8
    2    4    1    1    4    4    1    1    1    1       850    7    1 CMpure    14   12   11   15
    2    5    2    1    2    0    0    1    1    0       708   12    1 CMpure     3    6
    2    6    2    1    4    0    0    2    1    1      1041    9    1 CMpure     9   14   10   13
    2    7    2    1    2    0    0    1    1    0      1132    9    1 CMpure     6    5
    2    8    1    1    2    1    2    2    1    0       779    7    1 CMpure     7    5
    2    9    1    1    2    2    1    1    1    1       880    4    1 CMpure    11   12
    2   10    1    1    2    1    2    1    1    1       681    3    1 CMpure    11   10
    2   11    2    1    8    0    0    1    1    0      1410   12    1 CMpure     6    2    8    7    4    1    3    5
    2   12    1    1    4    3    2    1    1    1       964    5    1 CMpure    16   15   13   14
    2   13    2    1    2    0    0    2    1    1      6865   16    1 CMpure    11   13
    2   14    1    1    8    1    8    2    1    0      1435    6    1 CMpure     6    2    7    1    4    3    8    5
    2   15    2    1    2    0    0    1    1    0      1742   10    1 CMpure     4    5
    2   16    2    1    4    0    0    1    0    1      1610   12    1 CMpure    12   11   14   10
    2   17    1    1    2    2    1    2    1    0       870    5    1 CMpure     3    5
    2   18    2    1    4    0    0    1    1    0      1373    9    1 CMpure     7    2    5    8
    2   19    1    1    2    2    1    2    1    0      1178    4    1 CMpure     5    4
    2   20    1    1    4    4    1    2    1    0       749    7    1 CMpure     6    1    2    7
    2   21    2    1    8    0    0    1    1    0       995   13    1 CMpure     6    5    1    4    3    8    2    7
    2   22    1    1    8    5    4    1    1    1       903    4    1 CMpure    13   14   11   15   12   10    9   16
    2   23    1    1    8    8    1    1    1    1      1216    8    1 CMpure    14   11   10   12   15    9   13   16
    2   24    2    1    4    0    0    2    1    1       904   15    1 CMpure    14   13    9   16
    3    1    2    1    8    0    0    2    1    1      1948   12    1 CMpure    16   15   13    9   11   12   14   10
    3    2    1    1    2    2    1    2    1    0       994    1    1 CMpure     3    1
    3    3    1    1    2    1    2    1    1    1       950    3    1 CMpure    11   10
    3    4    2    1    4    0    0    2    1    1       866   11    1 CMpure    10   11   13   15
    3    5    2    1    2    0    0    2    1    1      1051    9    1 CMpure    10   11
    3    6    1    1    4    1    4    1    1    1      1723    7    1 CMpure    15   12   16    9
    3    7    1    1    4    4    1    1    1    1       815    7    1 CMpure    13   10    9   15
    3    8    1    1    2    1    2    2    1    0       907    8    1 CMpure     8    1
    3    9    1    1    4    1    4    2    1    0       984    5    1 CMpure     5    6    7    3
    3   10    2    1    2    0    0    2    1    1      1213   15    1 CMpure    10   13
    3   11    1    1    8    3    6    1    1    1       897    4    1 CMpure    16   11   12    9   14   10   13   15
    3   12    2    1    2    0    0    2    1    1       802    9    1 CMpure    14   10
    3   13    2    1    4    0    0    2    1    1       995    9    1 CMpure    16   12   11   10
    3   14    2    1    8    0    0    2    1    1      1192   14    1 CMpure    10   13    9   15   11   16   14   12
    3   15    2    1    4    0    0    1    1    0      2434   12    1 CMpure     8    2    5    4
    3   16    1    1    8    7    2    2    1    0      1596    5    1 CMpure     2    3    6    1    7    8    5    4
    3   17    2    1    8    0    0    1    1    0      1034   14    1 CMpure     5    8    3    2    4    7    6    1
    3   18    2    1    2    0    0    2    1    1      1228   13    1 CMpure    11   16
    3   19    1    1    8    5    4    1    1    1      2919    4    1 CMpure    11   10   15   13   12    9   16   14
    3   20    2    1    8    0    0    1    1    0      1391   10    1 CMpure     7    6    5    1    8    4    2    3
    3   21    1    1    8    7    2    2    1    0       843    2    1 CMpure     5    8    3    6    1    4    2    7
    3   22    1    1    2    1    2    2    1    0       902    3    1 CMpure     3    7
    3   23    1    1    8    2    7    2    1    0      1254    8    1 CMpure     3    8    2    6    5    4    1    7
    3   24    2    1    8    0    0    1    1    0      1104   12    1 CMpure     6    7    3    5    4    8    1    2
    4    1    2    1    8    0    0    2    1    1      1025   15    1 CMpure    14   11   10    9   16   13   15   12
    4    2    2    1    8    0    0    1    1    0       828   11    1 CMpure     6    5    4    1    8    7    2    3
    4    3    1    1    8    2    7    1    1    1       800    4    1 CMpure    13   12   11   14   10    9   15   16
    4    4    2    1    4    0    0    1    1    0      1145   14    1 CMpure     5    4    8    7
    4    5    2    1    2    0    0    2    1    1       816   14    1 CMpure     9   16
    4    6    1    1    4    4    1    2    1    0       825    3    1 CMpure     1    6    8    3
    4    7    2    1    2    0    0    1    1    0       908   10    1 CMpure     6    8
    4    8    1    1    8    3    6    1    1    1       852    7    1 CMpure    10   13   15   11   16    9   12   14
    4    9    1    1    2    1    2    2    1    0       910    6    1 CMpure     6    3
    4   10    2    1    4    0    0    1    1    0       995   16    1 CMpure     3    5    7    6
    4   11    1    1    2    2    1    2    1    0       944    5    1 CMpure     7    5
    4   12    1    1    4    2    3    2    1    0       788    7    1 CMpure     5    7    2    1
    4   13    1    1    8    1    8    1    0    0      3441    4    1 CMpure     4    6    1    3    5    8    2    7
    4   14    1    1    8    4    5    2    1    0       924    1    1 CMpure     5    2    4    1    7    6    3    8
    4   15    1    1    2    1    2    1    1    1       707    2    1 CMpure    10   14
    4   16    2    1    2    0    0    2    1    1       915   13    1 CMpure     9   10
    4   17    2    1    8    0    0    2    1    1       746   16    1 CMpure    10   14   15   11    9   13   16   12
    4   18    1    1    2    2    1    1    1    1       657    7    1 CMpure    14   15
    4   19    2    1    8    0    0    2    1    1      1115   14    1 CMpure    16   14    9   13   11   10   12   15
    4   20    2    1    8    0    0    2    1    1       771   10    1 CMpure    10   11   14    9   12   15   16   13
    4   21    1    1    2    1    2    2    1    0       512    2    1 CMpure     2    8
    4   22    1    1    8    4    5    1    0    0      1872    7    1 CMpure     3    6    2    7    4    8    1    5
    4   23    2    1    2    0    0    1    1    0       889   16    1 CMpure     7    4
    4   24    2    1    4    0    0    2    1    1       679    9    1 CMpure    14   15   10   11
    5    1    2    1    2    0    0    1    1    0      2227   10    1 CMpure     3    8
    5    2    2    1    4    0    0    2    1    1       780    9    1 CMpure     9   15   11   16
    5    3    2    1    2    0    0    2    1    1      3217   16    1 CMpure    14   15
    5    4    1    1    2    2    1    2    1    0       669    1    1 CMpure     4    1
    5    5    2    1    4    0    0    1    1    0      1259   16    1 CMpure     4    6    2    5
    5    6    1    1    2    1    2    2    1    0       518    8    1 CMpure     8    6
    5    7    1    1    4    3    2    1    1    1       922    8    1 CMpure    12   15   16   14
    5    8    1    1    4    1    4    1    1    1      1303    2    1 CMpure    10    9   11   12
    5    9    2    1    8    0    0    1    1    0       743   13    1 CMpure     4    8    7    5    1    2    6    3
    5   10    2    1    8    0    0    1    1    0      1038   14    1 CMpure     1    2    3    7    5    6    4    8
    5   11    1    1    8    5    4    1    1    1       897    3    1 CMpure    12   16   13   15   11   14   10    9
    5   12    1    1    8    2    7    1    1    1       858    4    1 CMpure    11   12   14   16    9   10   15   13
    5   13    1    1    2    1    2    2    1    0       579    6    1 CMpure     6    8
    5   14    2    1    8    0    0    1    1    0      1009   11    1 CMpure     3    8    2    5    7    1    4    6
    5   15    1    1    8    2    7    2    1    0      3213    8    1 CMpure     2    8    5    6    4    7    1    3
    5   16    2    1    8    0    0    2    1    1       953   11    1 CMpure    15   10    9   16   12   14   13   11
    5   17    1    1    2    2    1    2    1    0       487    8    1 CMpure     2    8
    5   18    1    1    4    2    3    1    1    1      1053    1    1 CMpure    16    9   14   12
    5   19    2    1    8    0    0    2    1    1       919   12    1 CMpure    14   12    9   13   15   11   10   16
    5   20    2    1    2    0    0    1    1    0       775   13    1 CMpure     4    5
    5   21    2    1    8    0    0    2    1    1       908   10    1 CMpure    13   10   11    9   14   15   16   12
    5   22    2    1    4    0    0    1    1    0      1081   16    1 CMpure     3    5    1    4
    5   23    2    1    8    0    0    2    1    1       826   12    1 CMpure    11    9   15   10   12   16   13   14
    5   24    2    1    4    0    0    1    1    0      1043    9    1 CMpure     2    1    8    5
    6    1    1    1    2    1    2    2    1    0       858    8    1 CMpure     8    2
    6    2    1    1    4    2    3    1    1    1       705    3    1 CMpure    13   11   15   12
    6    3    2    1    4    0    0    2    1    1      1014    9    1 CMpure     9   13   12   16
    6    4    1    1    2    1    2    1    1    1      1090    5    1 CMpure    13   16
    6    5    1    1    4    1    4    2    1    0       823    6    1 CMpure     6    8    5    1
    6    6    1    1    8    3    6    1    1    1       971    5    1 CMpure    12    9   13   10   14   16   15   11
    6    7    1    1    8    6    3    1    1    1       600    1    1 CMpure    12   15   10   16   14    9   11   13
    6    8    2    1    2    0    0    2    1    1       700   16    1 CMpure    13    9
    6    9    2    1    8    0    0    2    1    1       957   13    1 CMpure    12   11   10   14   15   13   16    9
    6   10    2    1    4    0    0    1    1    0       648   16    1 CMpure     8    1    7    3
    6   11    2    1    4    0    0    1    1    0       655   11    1 CMpure     7    8    6    4
    6   12    2    1    2    0    0    2    1    1       697   16    1 CMpure    13   14
    6   13    1    1    2    1    2    1    1    1       778    4    1 CMpure    12   13
    6   14    1    1    2    2    1    2    1    0       479    8    1 CMpure     6    8
    6   15    1    1    2    2    1    1    1    1      1217    5    1 CMpure    16   13
    6   16    1    1    2    2    1    1    1    1       524    4    1 CMpure    15   12
    6   17    2    1    4    0    0    2    1    1       697   14    1 CMpure    10   15   14   16
    6   18    1    1    4    1    4    2    1    0       863    1    1 CMpure     1    3    2    7
    6   19    2    1    8    0    0    1    1    0       849   16    1 CMpure     8    2    5    6    3    7    1    4
    6   20    2    1    2    0    0    2    1    1       707   14    1 CMpure    15   16
    6   21    2    1    2    0    0    1    1    0       747   15    1 CMpure     7    4
    6   22    2    1    8    0    0    1    1    0       690   15    1 CMpure     6    2    1    8    5    3    4    7
    6   23    2    1    2    0    0    2    1    1       635   16    1 CMpure    15   12
    6   24    2    1    4    0    0    2    1    1       530   10    1 CMpure    15   10   13   12
    7    1    1    1    2    1    2    2    1    0       515    4    1 CMpure     4    1
    7    2    1    1    8    6    3    2    1    0      1138    6    1 CMpure     3    2    5    1    7    6    8    4
    7    3    2    1    2    0    0    1    1    0       753   16    1 CMpure     3    5
    7    4    2    1    4    0    0    1    1    0       821   14    1 CMpure     7    8    6    3
    7    5    2    1    2    0    0    2    1    1       520   16    1 CMpure    15    9
    7    6    1    1    4    1    4    2    1    0       773    8    1 CMpure     8    6    4    1
    7    7    2    1    2    0    0    2    1    1       698   10    1 CMpure    16   10
    7    8    1    1    4    4    1    1    1    1       840    1    1 CMpure    10   13   11    9
    7    9    1    1    8    5    4    1    1    1       914    3    1 CMpure    10   15   14    9   11   16   13   12
    7   10    1    1    4    4    1    1    1    1       967    6    1 CMpure     9   12   16   14
    7   11    1    1    4    1    4    1    1    1       993    4    1 CMpure    12   15   16   10
    7   12    2    1    4    0    0    1    1    0       956   10    1 CMpure     3    6    2    5
    7   13    1    1    4    3    2    1    1    1       871    7    1 CMpure     9   12   15   14
    7   14    2    1    8    0    0    1    1    0       808   11    1 CMpure     7    3    8    5    1    6    4    2
    7   15    1    1    4    1    4    1    1    1      1026    4    1 CMpure    12    9   10   16
    7   16    2    1    8    0    0    2    1    1      2853   15    1 CMpure    10   14   15   16   13   12   11    9
    7   17    1    1    8    7    2    1    1    1       927    1    1 CMpure    13   16   14   10   15   12    9   11
    7   18    1    1    4    2    3    1    1    1      1332    2    1 CMpure    14   10   15   16
    7   19    1    1    4    1    4    1    1    1       824    3    1 CMpure    11   16    9   15
    7   20    2    1    8    0    0    1    1    0       683   14    1 CMpure     3    4    6    5    7    1    8    2
    7   21    2    1    4    0    0    1    1    0      1185   16    1 CMpure     2    4    7    5
    7   22    2    1    4    0    0    1    1    0       748   14    1 CMpure     2    7    6    8
    7   23    1    1    4    1    4    2    1    0      1039    7    1 CMpure     7    6    2    1
    7   24    1    1    2    2    1    1    1    1       857    5    1 CMpure    15   13
    8    1    2    1    8    0    0    2    1    1       809   10    1 CMpure    14   10   15   11   12    9   13   16
    8    2    1    1    8    1    8    1    1    1       702    7    1 CMpure    15   13   12   14   16    9   11   10
    8    3    2    1    8    0    0    1    1    0       734   13    1 CMpure     6    7    5    8    4    3    2    1
    8    4    2    1    4    0    0    2    1    1       778    9    1 CMpure    12   15   13   16
    8    5    1    1    8    2    7    1    1    1       719    3    1 CMpure    15   11    9   10   13   16   12   14
    8    6    1    1    4    4    1    1    1    1       604    1    1 CMpure    14   12   10    9
    8    7    1    1    2    1    2    2    1    0       768    7    1 CMpure     7    5
    8    8    1    1    2    1    2    1    1    1       797    2    1 CMpure    10   15
    8    9    1    1    8    8    1    2    1    0       714    4    1 CMpure     7    1    5    3    8    6    2    4
    8   10    1    1    8    6    3    1    1    1       562    1    1 CMpure    11   14   16   12   15    9   13   10
    8   11    1    1    8    4    5    1    1    1       544    5    1 CMpure    12   15   10   13    9   11   16   14
    8   12    2    1    8    0    0    2    1    1       687   16    1 CMpure     9   16   13   14   15   11   10   12
    8   13    1    1    2    1    2    2    1    0       504    4    1 CMpure     4    5
    8   14    2    1    4    0    0    1    1    0      1109   12    1 CMpure     7    4    8    1
    8   15    1    1    2    2    1    2    1    0       493    6    1 CMpure     4    6
    8   16    2    1    8    0    0    2    1    1       702   13    1 CMpure    14   16    9   12   10   11   13   15
    8   17    1    1    8    1    8    2    1    0      3358    3    1 CMpure     3    5    1    8    4    6    2    7
    8   18    1    1    2    1    2    1    1    1       644    1    1 CMpure     9   16
    8   19    1    1    2    1    2    2    1    0       494    8    1 CMpure     8    4
    8   20    2    1    2    0    0    2    1    1       671   15    1 CMpure    13   15
    8   21    1    1    8    6    3    1    1    1       561    3    1 CMpure    13   12   10    9   15   11   14   16
    8   22    2    1    4    0    0    2    1    1      1940   15    1 CMpure    16   13   12   10
    8   23    1    1    2    1    2    2    1    0       435    3    1 CMpure     3    2
    8   24    1    1    8    6    3    2    1    0       614    6    1 CMpure     2    4    5    3    7    6    1    8
    9    1    1    1    8    7    2    2    1    0       641    6    1 CMpure     8    2    5    7    4    3    6    1
    9    2    1    1    8    4    5    1    1    1       675    4    1 CMpure    15   13   14   12    9   11   10   16
    9    3    2    1    8    0    0    1    1    0      1157   12    1 CMpure     6    8    5    1    2    4    3    7
    9    4    1    1    8    3    6    1    1    1       851    8    1 CMpure    10   13   16   11    9   14   12   15
    9    5    1    1    8    3    6    1    1    1       685    8    1 CMpure    14   13   16    9   12   10   11   15
    9    6    2    1    2    0    0    2    1    1       590   16    1 CMpure    16   12
    9    7    1    1    8    3    6    2    1    0      1090    1    1 CMpure     8    7    1    5    6    3    2    4
    9    8    1    1    2    1    2    1    1    1      1971    4    1 CMpure    12   10
    9    9    2    1    8    0    0    1    1    0       793   16    1 CMpure     4    2    6    3    7    5    8    1
    9   10    2    1    4    0    0    2    1    1      1139   13    1 CMpure    16   12   15   10
    9   11    2    1    4    0    0    2    1    1       639   13    1 CMpure    13   11   12    9
    9   12    1    1    2    1    2    1    1    1      3489    5    1 CMpure    13   12
    9   13    1    1    4    2    3    1    1    1       663    8    1 CMpure    13   16   12   14
    9   14    1    1    8    7    2    1    1    1       930    1    1 CMpure    14   12   11   15   10   16    9   13
    9   15    1    1    4    4    1    2    1    0       750    7    1 CMpure     3    2    8    7
    9   16    2    1    2    0    0    1    1    0       804   15    1 CMpure     4    7
    9   17    2    1    4    0    0    1    1    0       654   14    1 CMpure     8    1    6    5
    9   18    1    1    8    1    8    2    1    0       744    2    1 CMpure     2    7    6    1    5    4    3    8
    9   19    2    1    2    0    0    1    1    0       663    9    1 CMpure     5    6
    9   20    2    1    2    0    0    2    1    1      7104   14    1 CMpure    14   16
    9   21    2    1    8    0    0    1    1    0       632   14    1 CMpure     2    6    5    7    3    4    8    1
    9   22    1    1    8    6    3    1    1    1       811    1    1 CMpure    12   10   11   14   15    9   13   16
    9   23    1    1    8    8    1    2    1    0       551    8    1 CMpure     6    3    2    5    4    1    7    8
    9   24    2    1    8    0    0    2    1    1       926   15    1 CMpure    10   13   14   11   15   16   12    9
