    1    1    2    1    8    0    0    1    1    0       921    9    0 ANpure     1    2    3    4    5    6    7    8
    1    2    1    1    4    2    3    1    1    1      1720   11    0 ANpure    10   11   12   13
    1    3    1    1    2    1    2    2    1    0      1254   14    0 ANpure    14   15
    1    4    1    1    4    2    3    2    1    0       970   17    0 ANpure    16   17   18   19
    1    5    2    1    2    0    0    2    1    1      1301   22    0 ANpure    20   21
    1    6    1    1    8    3    6    1    1    1      1168   25    0 ANpure    23   24   25   26   27   28   29   30
    1    7    1    1    2    1    2    2    1    0       723   31    0 ANpure    31   32
    1    8    2    1    8    0    0    2    1    1      1029   41    0 ANpure    33   34   35   36   37   38   39   40
    1    9    1    1    4    4    1    1    1    1       819   45    0 ANpure    42   43   44   45
    1   10    1    1    4    2    3    1    1    1       806   47    0 ANpure    46   47   48   49
    1   11    1    1    4    1    4    2    1    0       749   50    0 ANpure    50   51   52   53
    1   12    2    1    2    0    0    1    1    0       848   56    0 ANpure    54   55
    1   13    1    1    2    2    1    2    1    0       785   58    0 ANpure    57   58
    1   14    1    1    8    8    1    2    1    0       800   66    0 ANpure    59   60   61   62   63   64   65   66
    1   15    2    1    4    0    0    1    1    0       758   71    0 ANpure    67   68   69   70
    1   16    2    1    2    0    0    1    1    0       634   74    0 ANpure    72   73
    1   17    1    1    4    4    1    1    1    1       840   78    0 ANpure    75   76   77   78
    1   18    1    1    2    2    1    2    1    0       489   80    0 ANpure    79   80
    1   19    2    1    2    0    0    1    1    0       471   83    0 ANpure    81   82
    1   20    2    1    4    0    0    1    1    0       891   88    0 ANpure    84   85   86   87
    1   21    2    1    8    0    0    2    1    1       629   97    0 ANpure    89   90   91   92   93   94   95   96
    1   22    1    1    8    2    7    2    1    0       971   99    0 ANpure    98   99  100  101  102  103  104  105
    1   23    2    1    2    0    0    2    1    1       694  108    0 ANpure   106  107
    1   24    2    1    2    0    0    2    1    1      1661  111    0 ANpure   109  110
    2    1    1    1    8    2    7    1    1    1       867  113    0 ANpure   112  113  114  115  116  117  118  119
    2    2    1    1    8    2    7    2    1    0       815  121    0 ANpure   120  121  122  123  124  125  126  127
    2    3    2    1    4    0    0    1    1    0       564  132    0 ANpure   128  129  130  131
    2    4    1    1    2    2    1    1    1    1       817  134    0 ANpure   133  134
    2    5    2    1    4    0    0    2    1    1       519  139    0 ANpure   135  136  137  138
    2    6    1    1    2    1    2    2    1    0       549  140    0 ANpure   140  141
    2    7    1    1    4    4    1    2    1    0       405  145    0 ANpure   142  143  144  145
    2    8    1    1    8    4    5    2    1    0      1460  149    0 ANpure   146  147  148  149  150  151  152  153
    2    9    1    1    4    1    4    2    1    0       592  154    0 ANpure   154  155  156  157
    2   10    1    1    8    1    8    2    1    0       552  158    0 ANpure   158  159  160  161  162  163  164  165
    2   11    2    1    8    0    0    2    1    1      1264  174    0 ANpure   166  167  168  169  170  171  172  173
    2   12    1    1    4    2    3    2    1    0       835  176    0 ANpure   175  176  177  178
    2   13    1    1    4    3    2    2    1    0       568  181    0 ANpure   179  180  181  182
    2   14    1    1    2    2    1    1    1    1       420  184    0 ANpure   183  184
    2   15    1    1    4    1    4    2    1    0       441  185    0 ANpure   185  186  187  188
    2   16    2    1    2    0    0    1    0    1      3833  191    0 ANpure   189  190
    2   17    2    1    4    0    0    2    1    1      1061  196    0 ANpure   192  193  194  195
    2   18    2    1    4    0    0    2    0    0       833  201    0 ANpure   197  198  199  200
    2   19    1    1    8    8    1    2    1    0       781  209    0 ANpure   202  203  204  205  206  207  208  209
    2   20    1    1    8    6    3    2    1    0       988  215    0 ANpure   210  211  212  213  214  215  216  217
    2   21    1    1    4    3    2    1    1    1       651  220    0 ANpure   218  219  220  221
    2   22    1    1    8    3    6    2    1    0       686  224    0 ANpure   222  223  224  225  226  227  228  229
    2   23    2    1    2    0    0    2    1    1      1301  232    0 ANpure   230  231
    2   24    2    1    4    0    0    2    1    1       983  237    0 ANpure   233  234  235  236
    3    1    2    1    8    0    0    1    1    0      1110  246    0 ANpure   238  239  240  241  242  243  244  245
    3    2    2    1    2    0    0    2    1    1      1436  249    0 ANpure   247  248
    3    3    2    1    4    0    0    1    1    0       489  254    0 ANpure   250  251  252  253
    3    4    2    1    2    0    0    2    1    1       583  257    0 ANpure   255  256
    3    5    2    1    8    0    0    1    1    0       797  266    0 ANpure   258  259  260  261  262  263  264  265
    3    6    2    1    4    0    0    2    1    1       450  271    0 ANpure   267  268  269  270
    3    7    2    1    4    0    0    1    1    0       406  276    0 ANpure   272  273  274  275
    3    8    2    1    8    0    0    2    1    1       532  285    0 ANpure   277  278  279  280  281  282  283  284
    3    9    1    1    4    3    2    1    0    0       998  288    0 ANpure   286  287  288  289
    3   10    2    1    2    0    0    2    1    1      1040  292    0 ANpure   290  291
    3   11    2    1    8    0    0    1    1    0      1108  301    0 ANpure   293  294  295  296  297  298  299  300
    3   12    2    1    8    0    0    1    1    0       869  310    0 ANpure   302  303  304  305  306  307  308  309
    3   13    1    1    2    1    2    1    1    1      1109  311    0 ANpure   311  312
    3   14    2    1    8    0    0    2    1    1      1015  321    0 ANpure   313  314  315  316  317  318  319  320
    3   15    1    1    2    1    2    1    1    1       704  322    0 ANpure   322  323
    3   16    2    1    8    0    0    1    1    0      1026  332    0 ANpure   324  325  326  327  328  329  330  331
    3   17    2    1    4    0    0    1    1    0      1502  337    0 ANpure   333  334  335  336
    3   18    1    1    8    8    1    2    1    0       879  345    0 ANpure   338  339  340  341  342  343  344  345
    3   19    2    1    4    0    0    2    1    1       803  350    0 ANpure   346  347  348  349
    3   20    2    1    4    0    0    2    1    1       984  355    0 ANpure   351  352  353  354
    3   21    1    1    8    2    7    2    1    0       798  357    0 ANpure   356  357  358  359  360  361  362  363
    3   22    2    1    8    0    0    2    1    1       843  372    0 ANpure   364  365  366  367  368  369  370  371
    3   23    1    1    8    4    5    2    1    0       889  376    0 ANpure   373  374  375  376  377  378  379  380
    3   24    1    1    4    1    4    1    1    1       733  381    0 ANpure   381  382  383  384
    4    1    1    1    4    1    4    2    1    0       749  385    0 ANpure   385  386  387  388
    4    2    2    1    8    0    0    1    1    0       717  397    0 ANpure   389  390  391  392  393  394  395  396
    4    3    2    1    8    0    0    2    1    1       654  406    0 ANpure   398  399  400  401  402  403  404  405
    4    4    1    1    8    2    7    2    1    0       868  408    0 ANpure   407  408  409  410  411  412  413  414
    4    5    1    1    4    1    4    1    1    1       680  415    0 ANpure   415  416  417  418
    4    6    2    1    4    0    0    2    1    1      1618  423    0 ANpure   419  420  421  422
    4    7    2    1    2    0    0    1    1    0      1011  426    0 ANpure   424  425
    4    8    1    1    2    1    2    2    1    0       670  427    0 ANpure   427  428
    4    9    2    1    8    0    0    2    1    1       688  437    0 ANpure   429  430  431  432  433  434  435  436
    4   10    1    1    2    2    1    1    1    1       759  439    0 ANpure   438  439
    4   11    2    1    4    0    0    2    1    1       591  444    0 ANpure   440  441  442  443
    4   12    1    1    8    3    6    2    1    0       950  447    0 ANpure   445  446  447  448  449  450  451  452
    4   13    1    1    2    1    2    2    1    0       482  453    0 ANpure   453  454
    4   14    1    1    4    1    4    1    1    1       773  455    0 ANpure   455  456  457  458
    4   15    1    1    4    4    1    1    1    1       670  462    0 ANpure   459  460  461  462
    4   16    2    1    2    0    0    2    1    1       484  465    0 ANpure   463  464
    4   17    1    1    2    1    2    2    1    0       515  466    0 ANpure   466  467
    4   18    2    1    4    0    0    2    1    1       772  472    0 ANpure   468  469  470  471
    4   19    2    1    8    0    0    2    1    1       611  481    0 ANpure   473  474  475  476  477  478  479  480
    4   20    1    1    4    4    1    2    1    0       625  485    0 ANpure   482  483  484  485
    4   21    2    1    4    0    0    2    1    1       478  490    0 ANpure   486  487  488  489
    4   22    2    1    4    0    0    1    1    0       641  495    0 ANpure   491  492  493  494
    4   23    1    1    8    6    3    2    1    0       694  501    0 ANpure   496  497  498  499  500  501  502  503
    4   24    2    1    8    0    0    2    1    1       696  512    0 ANpure   504  505  506  507  508  509  510  511
    5    1    2    1    8    0    0    2    1    1       442  521    0 ANpure   513  514  515  516  517  518  519  520
    5    2    2    1    8    0    0    2    1    1       710  530    0 ANpure   522  523  524  525  526  527  528  529
    5    3    1    1    8    7    2    1    1    1       856  537    0 ANpure   531  532  533  534  535  536  537  538
    5    4    1    1    4    4    1    1    1    1       445  542    0 ANpure   539  540  541  542
    5    5    2    1    4    0    0    2    1    1       642  547    0 ANpure   543  544  545  546
    5    6    2    1    8    0    0    2    1    1       694  556    0 ANpure   548  549  550  551  552  553  554  555
    5    7    2    1    2    0    0    2    1    1       605  559    0 ANpure   557  558
    5    8    1    1    8    7    2    1    1    1       691  566    0 ANpure   560  561  562  563  564  565  566  567
    5    9    1    1    2    2    1    1    1    1       506  569    0 ANpure   568  569
    5   10    2    1    8    0    0    2    1    1       979  578    0 ANpure   570  571  572  573  574  575  576  577
    5   11    2    1    8    0    0    2    1    1      1289  587    0 ANpure   579  580  581  582  583  584  585  586
    5   12    2    1    2    0    0    2    1    1       631  590    0 ANpure   588  589
    5   13    1    1    8    5    4    1    1    1       860  595    0 ANpure   591  592  593  594  595  596  597  598
    5   14    1    1    8    4    5    2    1    0       615  602    0 ANpure   599  600  601  602  603  604  605  606
    5   15    1    1    2    2    1    2    1    0       625  608    0 ANpure   607  608
    5   16    1    1    4    4    1    2    1    0       386  612    0 ANpure   609  610  611  612
    5   17    2    1    2    0    0    1    1    0       690  615    0 ANpure   613  614
    5   18    1    1    4    3    2    1    1    1       509  618    0 ANpure   616  617  618  619
    5   19    2    1    4    0    0    1    1    0       607  624    0 ANpure   620  621  622  623
    5   20    2    1    4    0    0    2    0    0       652  629    0 ANpure   625  626  627  628
    5   21    2    1    4    0    0    2    1    1      1256  634    0 ANpure   630  631  632  633
    5   22    2    1    8    0    0    1    1    0       660  643    0 ANpure   635  636  637  638  639  640  641  642
    5   23    1    1    8    6    3    1    1    1       776  649    0 ANpure   644  645  646  647  648  649  650  651
    5   24    2    1    8    0    0    2    1    1       936  660    0 ANpure   652  653  654  655  656  657  658  659
    6    1    2    1    2    0    0    2    1    1      1268  663    0 ANpure   661  662
    6    2    1    1    8    7    2    1    1    1       768  670    0 ANpure   664  665  666  667  668  669  670  671
    6    3    2    1    8    0    0    2    1    1       670  680    0 ANpure   672  673  674  675  676  677  678  679
    6    4    2    1    4    0    0    2    1    1      1018  685    0 ANpure   681  682  683  684
    6    5    1    1    2    2    1    1    1    1       707  687    0 ANpure   686  687
    6    6    2    1    4    0    0    1    1    0       829  692    0 ANpure   688  689  690  691
    6    7    1    1    8    6    3    2    1    0      1067  698    0 ANpure   693  694  695  696  697  698  699  700
    6    8    1    1    4    4    1    2    1    0       518  704    0 ANpure   701  702  703  704
    6    9    1    1    2    2    1    2    1    0       451  706    0 ANpure   705  706
    6   10    1    1    2    2    1    1    1    1       419  708    0 ANpure   707  708
    6   11    1    1    2    1    2    1    1    1       469  709    0 ANpure   709  710
    6   12    1    1    4    4    1    1    1    1       393  714    0 ANpure   711  712  713  714
    6   13    1    1    8    6    3    1    1    1       535  720    0 ANpure   715  716  717  718  719  720  721  722
    6   14    1    1    2    2    1    1    1    1       437  724    0 ANpure   723  724
    6   15    2    1    4    0    0    2    1    1       538  729    0 ANpure   725  726  727  728
    6   16    1    1    8    3    6    1    1    1       580  732    0 ANpure   730  731  732  733  734  735  736  737
    6   17    2    1    8    0    0    1    1    0       810  746    0 ANpure   738  739  740  741  742  743  744  745
    6   18    1    1    4    3    2    1    1    1       481  749    0 ANpure   747  748  749  750
    6   19    2    1    4    0    0    1    1    0       724  755    0 ANpure   751  752  753  754
    6   20    2    1    2    0    0    2    1    1       441  758    0 ANpure   756  757
    6   21    1    1    4    2    3    2    1    0      1214  760    0 ANpure   759  760  761  762
    6   22    2    1    8    0    0    2    1    1       522  771    0 ANpure   763  764  765  766  767  768  769  770
    6   23    2    1    2    0    0    2    1    1       518  774    0 ANpure   772  773
    6   24    1    1    8    3    6    2    1    0       657  777    0 ANpure   775  776  777  778  779  780  781  782
    7    1    1    1    8    6    3    2    1    0       543  788    0 ANpure   783  784  785  786  787  788  789  790
    7    2    2    1    2    0    0    2    1    1       460  793    0 ANpure   791  792
    7    3    1    1    8    3    6    1    1    1       872  796    0 ANpure   794  795  796  797  798  799  800  801
    7    4    2    1    4    0    0    1    1    0       923  806    0 ANpure   802  803  804  805
    7    5    2    1    4    0    0    2    1    1       556  811    0 ANpure   807  808  809  810
    7    6    2    1    4    0    0    2    1    1      1484  816    0 ANpure   812  813  814  815
    7    7    2    1    2    0    0    1    0    1      4435  819    0 ANpure   817  818
    7    8    1    1    2    2    1    1    1    1       405  821    0 ANpure   820  821
    7    9    1    1    2    1    2    1    1    1       471  822    0 ANpure   822  823
    7   10    1    1    8    7    2    1    1    1       515  830    0 ANpure   824  825  826  827  828  829  830  831
    7   11    1    1    2    2    1    1    1    1       640  833    0 ANpure   832  833
    7   12    2    1    2    0    0    2    1    1      1065  836    0 ANpure   834  835
    7   13    1    1    2    2    1    1    1    1       416  838    0 ANpure   837  838
    7   14    1    1    4    2    3    1    1    1       566  840    0 ANpure   839  840  841  842
    7   15    2    1    8    0    0    2    1    1       701  851    0 ANpure   843  844  845  846  847  848  849  850
    7   16    1    1    8    5    4    2    1    0       591  856    0 ANpure   852  853  854  855  856  857  858  859
    7   17    1    1    8    3    6    2    1    0       678  862    0 ANpure   860  861  862  863  864  865  866  867
    7   18    2    1    2    0    0    1    1    0      1038  870    0 ANpure   868  869
    7   19    1    1    2    1    2    1    1    1       647  871    0 ANpure   871  872
    7   20    2    1    4    0    0    1    1    0       530  877    0 ANpure   873  874  875  876
    7   21    2    1    4    0    0    2    1    1       707  882    0 ANpure   878  879  880  881
    7   22    1    1    8    4    5    1    0    0       662  886    0 ANpure   883  884  885  886  887  888  889  890
    7   23    1    1    4    2    3    1    1    1       754  892    0 ANpure   891  892  893  894
    7   24    1    1    8    1    8    2    1    0       594  895    0 ANpure   895  896  897  898  899  900  901  902
    8    1    1    1    2    2    1    1    1    1       632  904    0 ANpure   903  904
    8    2    2    1    8    0    0    2    1    1       620  913    0 ANpure   905  906  907  908  909  910  911  912
    8    3    1    1    8    2    7    2    1    0       930  915    0 ANpure   914  915  916  917  918  919  920  921
    8    4    1    1    2    1    2    2    1    0       463  922    0 ANpure   922  923
    8    5    2    1    8    0    0    1    1    0       778  932    0 ANpure   924  925  926  927  928  929  930  931
    8    6    1    1    4    2    3    2    1    0       881  934    0 ANpure   933  934  935  936
    8    7    1    1    4    4    1    1    1    1       515  940    0 ANpure   937  938  939  940
    8    8    1    1    8    7    2    2    1    0       588  947    0 ANpure   941  942  943  944  945  946  947  948
    8    9    2    1    2    0    0    1    1    0       439  951    0 ANpure   949  950
    8   10    1    1    4    3    2    2    1    0       796  954    0 ANpure   952  953  954  955
    8   11    1    1    4    4    1    2    1    0       579  959    0 ANpure   956  957  958  959
    8   12    1    1    8    3    6    2    1    0       955  962    0 ANpure   960  961  962  963  964  965  966  967
    8   13    1    1    4    1    4    1    1    1       636  968    0 ANpure   968  969  970  971
    8   14    2    1    4    0    0    1    1    0       697  976    0 ANpure   972  973  974  975
    8   15    2    1    2    0    0    2    1    1       607  979    0 ANpure   977  978
    8   16    1    1    4    2    3    2    1    0       957  981    0 ANpure   980  981  982  983
    8   17    1    1    2    2    1    1    1    1      1786  985    0 ANpure   984  985
    8   18    1    1    4    3    2    2    1    0       712  988    0 ANpure   986  987  988  989
    8   19    1    1    4    3    2    1    1    1       546  992    0 ANpure   990  991  992  993
    8   20    2    1    8    0    0    2    1    1       730 1002    0 ANpure   994  995  996  997  998  999 1000 1001
    8   21    2    1    4    0    0    1    1    0       690 1007    0 ANpure  1003 1004 1005 1006
    8   22    2    1    8    0    0    2    1    1       918 1016    0 ANpure  1008 1009 1010 1011 1012 1013 1014 1015
    8   23    1    1    2    1    2    2    1    0       756 1017    0 ANpure  1017 1018
    8   24    1    1    8    1    8    1    1    1       803 1019    0 ANpure  1019 1020 1021 1022 1023 1024 1025 1026
    9    1    1    1    4    2    3    2    1    0       798 1028    0 ANpure  1027 1028 1029 1030
    9    2    2    1    8    0    0    2    1    1       683 1039    0 ANpure  1031 1032 1033 1034 1035 1036 1037 1038
    9    3    1    1    8    1    8    2    1    0      1005 1040    0 ANpure  1040 1041 1042 1043 1044 1045 1046 1047
    9    4    1    1    2    2    1    1    1    1      1832 1049    0 ANpure  1048 1049
    9    5    1    1    2    2    1    1    1    1       561 1051    0 ANpure  1050 1051
    9    6    1    1    2    1    2    2    1    0       510 1052    0 ANpure  1052 1053
    9    7    2    1    2    0    0    1    1    0       635 1056    0 ANpure  1054 1055
    9    8    2    1    4    0    0    2    1    1       951 1061    0 ANpure  1057 1058 1059 1060
    9    9    1    1    8    4    5    1    1    1       641 1065    0 ANpure  1062 1063 1064 1065 1066 1067 1068 1069
    9   10    2    1    2    0    0    1    1    0       457 1072    0 ANpure  1070 1071
    9   11    2    1    2    0    0    1    1    0       538 1075    0 ANpure  1073 1074
    9   12    1    1    4    4    1    2    1    0       651 1079    0 ANpure  1076 1077 1078 1079
    9   13    1    1    2    1    2    2    1    0       692 1080    0 ANpure  1080 1081
    9   14    2    1    8    0    0    2    1    1       599 1090    0 ANpure  1082 1083 1084 1085 1086 1087 1088 1089
    9   15    1    1    8    2    7    1    1    1       942 1092    0 ANpure  1091 1092 1093 1094 1095 1096 1097 1098
    9   16    2    1    8    0    0    2    1    1       789 1107    0 ANpure  1099 1100 1101 1102 1103 1104 1105 1106
    9   17    1    1    4    1    4    1    1    1       652 1108    0 ANpure  1108 1109 1110 1111
    9   18    2    1    8    0    0    2    1    1       688 1120    0 ANpure  1112 1113 1114 1115 1116 1117 1118 1119
    9   19    1    1    8    2    7    1    1    1       676 1122    0 ANpure  1121 1122 1123 1124 1125 1126 1127 1128
    9   20    1    1    2    1    2    2    1    0       556 1129    0 ANpure  1129 1130
    9   21    1    1    2    2    1    1    1    1       568 1132    0 ANpure  1131 1132
    9   22    2    1    2    0    0    2    1    1       532 1135    0 ANpure  1133 1134
    9   23    2    1    2    0    0    1    1    0       911 1138    0 ANpure  1136 1137
    9   24    2    1    8    0    0    2    1    1       714 1147    0 ANpure  1139 1140 1141 1142 1143 1144 1145 1146
