    1    1    2    1    8    0    0    2    1    1      2369    9    1 CMpure    15   13   10    9   16   14   12   11
    1    2    1    1    4    4    1    1    1    1       691    8    1 CMpure    11    9   14   16
    1    3    2    1    4    0    0    1    1    0      1116    9    1 CMpure     1    3    7    2
    1    4    2    1    2    0    0    2    1    1       698   12    1 CMpure    11   15
    1    5    2    1    8    0    0    2    1    1      1306   14    1 CMpure    14   11   13   15   16   10    9   12
    1    6    1    1    8    3    6    2    1    0       744    5    1 CMpure     4    1    5    6    3    8    7    2
    1    7    1    1    2    2    1    2    1    0      2191    1    1 CMpure     4    1
    1    8    1    1    4    3    2    1    1    1       881    8    1 CMpure     9   15   16   13
    1    9    2    1    8    0    0    1    1    0       762   12    1 CMpure     7    6    4    8    3    1    2    5
    1   10    1    1    4    4    1    1    1    1      1125    8    1 CMpure    15   10    9   16
    1   11    2    1    4    0    0    2    1    1      1058   14    1 CMpure    15   12    9   14
    1   12    1    1    8    3    6    1    1    1       908    8    1 CMpure    15    9   16   12   14   10   13   11
    1   13    2    1    2    0    0    2    1    1      3132    9    1 CMpure    13   11
    1   14    2    1    2    0    0    1    1    0      1075   14    1 CMpure     8    3
    1   15    2    1    2    0    0    2    1    1       756   15    1 CMpure    10   12
    1   16    2    1    2    0    0    1    1    0       746   15    1 CMpure     4    5
    1   17    1    1    4    3    2    1    0    0       486    5    1 CMpure     2    8    5    3
    1   18    2    1    4    0    0    1    1    0       588    9    1 CMpure     4    8    7    3
    1   19    1    1    4    4    1    2    1    0       526    7    1 CMpure     3    2    8    7
    1   20    2    1    2    0    0    2    1    1       718   12    1 CMpure    10   16
    1   21    2    1    8    0    0    2    0    0       805    9    1 CMpure     3    4    8    6    1    7    2    5
    1   22    2    1    4    0    0    1    1    0       630   10    1 CMpure     4    6    5    3
    1   23    1    1    2    2    1    1    1    1       626    3    1 CMpure    10   11
    1   24    2    1    8    0    0    2    1    1       869   11    1 CMpure    12   13   10    9   15   14   11   16
    2    1    1    1    2    1    2    1    1    1       537    5    1 CMpure    13   15
    2    2    1    1    2    1    2    2    1    0       487    8    1 CMpure     8    2
    2    3    1    1    4    2    3    1    1    1       605    8    1 CMpure    15   16   11   14
    2    4    2    1    4    0    0    2    1    1       495   15    1 CMpure    13   16   10   14
    2    5    1    1    8    2    7    2    1    0       663    6    1 CMpure     3    6    4    2    5    8    1    7
    2    6    2    1    8    0    0    2    1    1       794   15    1 CMpure    11   15    9   10   16   12   14   13
    2    7    1    1    4    1    4    2    1    0       540    6    1 CMpure     6    2    4    3
    2    8    2    1    4    0    0    1    1    0       656   16    1 CMpure     7    5    6    3
    2    9    2    1    8    0    0    2    1    1       658   14    1 CMpure    16   15   14   11   10    9   13   12
    2   10    1    1    2    1    2    1    1    1       484    4    1 CMpure    12   14
    2   11    2    1    4    0    0    1    1    0       698   15    1 CMpure     7    8    6    5
    2   12    1    1    8    5    4    1    1    1      1522    7    1 CMpure    16   12   13    9   15   14   11   10
    2   13    1    1    4    1    4    1    1    1       743    8    1 CMpure    16   10   15   11
    2   14    1    1    4    2    3    2    1    0       619    3    1 CMpure     6    3    2    7
    2   15    2    1    2    0    0    2    1    1       622   11    1 CMpure     9   14
    2   16    2    1    8    0    0    1    1    0       817   15    1 CMpure     4    2    5    3    8    6    7    1
    2   17    1    1    2    1    2    2    1    0       597    1    1 CMpure     1    6
    2   18    1    1    2    2    1    2    1    0       537    8    1 CMpure     6    8
    2   19    2    1    2    0    0    2    1    1       488   11    1 CMpure    13   10
    2   20    1    1    4    4    1    1    1    1       398    7    1 CMpure    12   11   10   15
    2   21    1    1    4    1    4    2    1    0       952    1    1 CMpure     1    5    8    3
    2   22    1    1    8    4    5    1    1    1       358    5    1 CMpure    11   15   16   13   14    9   10   12
    2   23    2    1    4    0    0    2    1    1       761   10    1 CMpure     9   15   12   16
    2   24    2    1    4    0    0    2    1    1       532   14    1 CMpure    10   16   13   12
    3    1    1    1    4    2    3    1    1    1       694    1    1 CMpure    13    9   10   11
    3    2    1    1    4    4    1    2    1    0       572    4    1 CMpure     6    8    7    4
    3    3    1    1    2    1    2    2    1    0       465    1    1 CMpure     1    3
    3    4    2    1    8    0    0    2    1    1       899   12    1 CMpure    10   12   16    9   13   14   15   11
    3    5    2    1    8    0    0    2    1    1       699   12    1 CMpure    14   13   12    9   16   11   15   10
    3    6    1    1    2    2    1    2    1    0       523    8    1 CMpure     1    8
    3    7    1    1    4    1    4    2    1    0       887    6    1 CMpure     6    2    4    3
    3    8    1    1    2    1    2    2    1    0       688    3    1 CMpure     3    6
    3    9    1    1    2    2    1    1    1    1       449    6    1 CMpure    11   14
    3   10    1    1    8    4    5    2    0    1       723    1    1 CMpure    10   11   12    9   16   15   13   14
    3   11    2    1    2    0    0    2    1    1       522   12    1 CMpure    15    9
    3   12    2    1    2    0    0    1    1    0       538   11    1 CMpure     1    8
    3   13    2    1    8    0    0    2    0    0       840   10    1 CMpure     8    3    4    7    2    6    1    5
    3   14    1    1    8    7    2    2    1    0       635    2    1 CMpure     6    4    8    3    5    7    2    1
    3   15    1    1    2    1    2    1    0    0       902    1    1 CMpure     1    8
    3   16    1    1    4    1    4    2    1    0       571    6    1 CMpure     6    4    7    5
    3   17    2    1    8    0    0    2    0    0       769    9    1 CMpure     6    1    4    3    5    2    8    7
    3   18    1    1    8    7    2    1    1    1       518    4    1 CMpure     9   15   11   10   14   16   12   13
    3   19    1    1    2    1    2    1    1    1       613    2    1 CMpure    10   14
    3   20    2    1    4    0    0    2    1    1       695   13    1 CMpure    13   10   11    9
    3   21    2    1    4    0    0    2    1    1       613   14    1 CMpure    11   16   15   14
    3   22    1    1    4    4    1    1    1    1       622    1    1 CMpure    10   12   16    9
    3   23    2    1    8    0    0    2    1    1       650   11    1 CMpure    16   11   14   10    9   13   12   15
    3   24    1    1    8    1    8    2    1    0      1259    5    1 CMpure     5    7    4    2    8    1    3    6
    4    1    1    1    4    2    3    1    1    1       707    7    1 CMpure    13   15   10    9
    4    2    2    1    8    0    0    1    1    0       547   16    1 CMpure     8    5    6    3    7    1    2    4
    4    3    2    1    2    0    0    1    1    0       673   16    1 CMpure     1    3
    4    4    1    1    4    2    3    1    1    1       584    6    1 CMpure    15   14   16   10
    4    5    1    1    8    2    7    2    1    0       821    2    1 CMpure     5    2    1    6    7    4    8    3
    4    6    1    1    2    2    1    1    1    1       440    2    1 CMpure    16   10
    4    7    2    1    2    0    0    2    1    1       491   13    1 CMpure    13   16
    4    8    2    1    8    0    0    1    1    0       476   12    1 CMpure     6    2    8    1    7    4    3    5
    4    9    2    1    8    0    0    1    0    1       597   14    1 CMpure    14   10   15   13   16   11   12    9
    4   10    2    1    2    0    0    1    1    0       506   12    1 CMpure     4    3
    4   11    2    1    8    0    0    1    1    0       786   14    1 CMpure     2    8    3    4    6    5    7    1
    4   12    1    1    8    7    2    2    1    0       591    2    1 CMpure     5    1    8    3    4    7    2    6
    4   13    2    1    4    0    0    1    1    0       609   10    1 CMpure     8    2    5    6
    4   14    1    1    4    1    4    1    1    1       594    4    1 CMpure    12   13   15   16
    4   15    2    1    8    0    0    1    1    0       527   16    1 CMpure     1    7    4    6    2    8    5    3
    4   16    2    1    2    0    0    1    1    0       478   13    1 CMpure     8    4
    4   17    2    1    8    0    0    2    1    1       920    9    1 CMpure    14   12   16   10   13    9   15   11
    4   18    2    1    8    0    0    2    1    1       495    9    1 CMpure    11   12    9   14   15   16   13   10
    4   19    1    1    2    1    2    1    1    1       392    2    1 CMpure    10   12
    4   20    2    1    2    0    0    2    1    1       541   14    1 CMpure    11   13
    4   21    1    1    2    2    1    1    1    1       443    5    1 CMpure    14   13
    4   22    1    1    4    2    3    1    1    1       587    8    1 CMpure     9   16   11   15
    4   23    1    1    4    2    3    1    1    1       685    2    1 CMpure    16   10   14   11
    4   24    1    1    2    1    2    1    1    1       550    8    1 CMpure    16   11
    5    1    2    1    8    0    0    2    1    1       576   10    1 CMpure    14   15    9   11   13   12   16   10
    5    2    2    1    8    0    0    1    1    0      1334   12    1 CMpure     4    5    6    7    1    3    2    8
    5    3    1    1    8    2    7    2    0    1       845    1    1 CMpure    16    9   14   11   15   13   12   10
    5    4    2    1    4    0    0    2    1    1       549    9    1 CMpure    14   11   15   13
    5    5    1    1    4    3    2    2    1    0       584    5    1 CMpure     1    2    5    7
    5    6    1    1    4    3    2    2    1    0       546    1    1 CMpure     5    4    1    2
    5    7    2    1    4    0    0    1    1    0       518   11    1 CMpure     3    7    2    4
    5    8    1    1    2    1    2    2    1    0       389    3    1 CMpure     3    8
    5    9    2    1    2    0    0    1    1    0       458   11    1 CMpure     4    2
    5   10    1    1    2    1    2    2    1    0       740    2    1 CMpure     2    8
    5   11    2    1    4    0    0    1    0    1      1040   12    1 CMpure     9   14   16   12
    5   12    2    1    8    0    0    2    1    1      1099   10    1 CMpure    11   15   10   14   12   13    9   16
    5   13    1    1    4    1    4    2    0    1       697    3    1 CMpure    11    9   13   10
    5   14    2    1    2    0    0    2    1    1       977   16    1 CMpure    10    9
    5   15    2    1    8    0    0    2    1    1       590   12    1 CMpure    10   12   15   14   13   16   11    9
    5   16    1    1    8    3    6    2    1    0       811    7    1 CMpure     8    2    7    4    1    3    6    5
    5   17    2    1    2    0    0    2    1    1       479   13    1 CMpure     9   16
    5   18    1    1    2    2    1    1    1    1       296    2    1 CMpure    15   10
    5   19    2    1    2    0    0    2    1    1       409   15    1 CMpure    10   13
    5   20    2    1    4    0    0    2    1    1       483   12    1 CMpure    14   15   12   16
    5   21    2    1    4    0    0    2    1    1       553    9    1 CMpure    15   10   12   13
    5   22    2    1    4    0    0    1    1    0       484   16    1 CMpure     8    5    2    7
    5   23    1    1    8    2    7    2    1    0       685    6    1 CMpure     8    6    7    3    4    2    5    1
    5   24    2    1    8    0    0    2    1    1       606   14    1 CMpure    11   12   15   10   16   13   14    9
    6    1    2    1    4    0    0    2    1    1       759   14    1 CMpure    15   10   12   11
    6    2    2    1    2    0    0    1    1    0       485   14    1 CMpure     3    6
    6    3    2    1    8    0    0    2    1    1       469   12    1 CMpure    16   13   15   10    9   12   14   11
    6    4    2    1    2    0    0    1    1    0       383   16    1 CMpure     4    2
    6    5    2    1    2    0    0    2    1    1      1331   15    1 CMpure    13   10
    6    6    2    1    4    0    0    2    1    1       487   12    1 CMpure    15   11   16   13
    6    7    1    1    4    2    3    2    1    0       542    5    1 CMpure     3    5    1    6
    6    8    2    1    2    0    0    1    1    0       388   16    1 CMpure     7    1
    6    9    1    1    2    1    2    2    1    0       361    5    1 CMpure     5    8
    6   10    1    1    4    2    3    1    1    1       548    1    1 CMpure    15    9   13   16
    6   11    1    1    4    2    3    2    1    0       663    1    1 CMpure     7    1    5    8
    6   12    2    1    8    0    0    1    1    0       538   11    1 CMpure     7    5    4    8    2    6    1    3
    6   13    2    1    8    0    0    2    1    1       769   13    1 CMpure    15   16   11   10   13    9   12   14
    6   14    1    1    4    1    4    1    1    1       547    7    1 CMpure    15   16   10    9
    6   15    1    1    8    3    6    2    1    0       610    8    1 CMpure     4    1    8    7    5    3    6    2
    6   16    2    1    8    0    0    1    1    0       622   15    1 CMpure     6    7    1    5    8    2    4    3
    6   17    1    1    2    1    2    2    1    0       513    3    1 CMpure     3    7
    6   18    2    1    8    0    0    2    1    1       722   14    1 CMpure    15   16   11   12   13    9   10   14
    6   19    2    1    2    0    0    2    1    1       977   10    1 CMpure    12   14
    6   20    2    1    2    0    0    2    1    1       590   14    1 CMpure    10   11
    6   21    2    1    2    0    0    1    1    0       491   13    1 CMpure     1    2
    6   22    1    1    2    2    1    1    0    0       476    8    1 CMpure     1    8
    6   23    1    1    4    4    1    2    1    0       426    4    1 CMpure     7    5    8    4
    6   24    2    1    4    0    0    2    1    1       667   14    1 CMpure    12    9   16   11
    7    1    2    1    2    0    0    1    1    0       422   10    1 CMpure     8    1
    7    2    2    1    8    0    0    1    1    0       521   11    1 CMpure     7    2    4    1    8    3    6    5
    7    3    2    1    4    0    0    2    1    1       614    9    1 CMpure    14    9   15   12
    7    4    2    1    8    0    0    1    1    0       690   12    1 CMpure     6    5    4    8    2    7    3    1
    7    5    1    1    2    2    1    2    1    0       483    3    1 CMpure     6    3
    7    6    1    1    2    2    1    1    1    1       419    2    1 CMpure    16   10
    7    7    2    1    4    0    0    2    1    1       500   15    1 CMpure    16   14   11   13
    7    8    2    1    4    0    0    2    1    1       593   12    1 CMpure    11   13   10   16
    7    9    2    1    8    0    0    1    1    0       662   10    1 CMpure     3    8    1    7    5    2    6    4
    7   10    1    1    2    1    2    1    1    1       480    8    1 CMpure    16   12
    7   11    1    1    2    2    1    2    1    0       521    7    1 CMpure     5    7
    7   12    2    1    4    0    0    2    1    1      1230   16    1 CMpure    13   16   11   10
    7   13    1    1    4    2    3    2    1    0       743    1    1 CMpure     5    1    7    2
    7   14    2    1    8    0    0    2    1    1       534    9    1 CMpure     9   14   16   11   12   15   13   10
    7   15    2    1    4    0    0    1    1    0       626   10    1 CMpure     8    4    3    6
    7   16    1    1    8    1    8    1    1    1       453    2    1 CMpure    10   11   14   16   12   15   13    9
    7   17    1    1    8    2    7    2    1    0       559    5    1 CMpure     2    5    3    8    6    1    7    4
    7   18    2    1    2    0    0    1    1    0       430   16    1 CMpure     2    6
    7   19    2    1    2    0    0    1    1    0       448   12    1 CMpure     2    3
    7   20    2    1    4    0    0    2    1    1       728   14    1 CMpure    16   14    9   11
    7   21    1    1    4    3    2    2    1    0       668    3    1 CMpure     4    7    3    8
    7   22    1    1    8    7    2    2    1    0       654    7    1 CMpure     4    8    5    6    3    1    7    2
    7   23    2    1    2    0    0    2    1    1       504   13    1 CMpure    14   12
    7   24    1    1    8    6    3    1    1    1       560    3    1 CMpure    13   14   15   12   10   11    9   16
    8    1    2    1    8    0    0    2    1    1       507    9    1 CMpure    11   14   15   12   10    9   13   16
    8    2    2    1    4    0    0    2    0    0      1001   11    1 CMpure     1    2    6    3
    8    3    1    1    8    6    3    1    1    1       573    8    1 CMpure    12   15   14   13   10   16   11    9
    8    4    1    1    4    2    3    1    1    1       599    1    1 CMpure    13    9   15   14
    8    5    2    1    8    0    0    1    1    0       947   16    1 CMpure     1    2    8    7    3    6    4    5
    8    6    2    1    2    0    0    1    1    0       426   16    1 CMpure     4    6
    8    7    1    1    2    1    2    2    1    0       917    1    1 CMpure     1    2
    8    8    2    1    4    0    0    2    1    1       786   14    1 CMpure    14   11   13   10
    8    9    1    1    2    2    1    1    1    1       495    1    1 CMpure    10    9
    8   10    2    1    2    0    0    2    1    1       519   15    1 CMpure     9   12
    8   11    2    1    2    0    0    1    1    0       623    9    1 CMpure     3    2
    8   12    2    1    8    0    0    2    1    1      1018   11    1 CMpure     9   13   16   10   14   12   15   11
    8   13    2    1    4    0    0    2    1    1       491   12    1 CMpure    11    9   14   12
    8   14    2    1    4    0    0    2    1    1       569   11    1 CMpure    16   11   14    9
    8   15    1    1    4    4    1    2    1    0       500    5    1 CMpure     6    8    1    5
    8   16    1    1    4    4    1    2    1    0       553    8    1 CMpure     3    6    5    8
    8   17    2    1    2    0    0    1    1    0       415   13    1 CMpure     2    8
    8   18    2    1    8    0    0    2    1    1      1666   11    1 CMpure    13   16   15   14   10    9   12   11
    8   19    2    1    2    0    0    1    1    0       428   13    1 CMpure     3    8
    8   20    2    1    4    0    0    2    1    1       893   16    1 CMpure    15    9   12   13
    8   21    2    1    2    0    0    2    1    1      1045   12    1 CMpure    15    9
    8   22    1    1    8    4    5    1    1    1       648    7    1 CMpure     9   14   10   15   16   13   11   12
    8   23    1    1    2    2    1    2    1    0       594    2    1 CMpure     3    2
    8   24    2    1    2    0    0    2    1    1       447   12    1 CMpure    15   13
    9    1    2    1    4    0    0    1    1    0       713   13    1 CMpure     4    7    1    3
    9    2    2    1    2    0    0    1    1    0       602   12    1 CMpure     5    1
    9    3    2    1    2    0    0    1    1    0       414   12    1 CMpure     5    3
    9    4    1    1    4    2    3    1    1    1       543    4    1 CMpure     9   12   14   11
    9    5    1    1    4    1    4    2    1    0       675    3    1 CMpure     3    7    6    8
    9    6    2    1    2    0    0    2    1    1       485   14    1 CMpure    14   11
    9    7    1    1    4    3    2    2    1    0       419    1    1 CMpure     3    7    1    6
    9    8    1    1    8    5    4    1    1    1       542    5    1 CMpure    10   16   15    9   13   12   11   14
    9    9    1    1    8    3    6    2    1    0       613    2    1 CMpure     6    7    2    1    3    8    5    4
    9   10    2    1    2    0    0    2    1    1       801   16    1 CMpure    16    9
    9   11    2    1    8    0    0    2    1    1       541   10    1 CMpure    13    9   15   16   12   11   14   10
    9   12    1    1    8    2    7    1    0    0       683    6    1 CMpure     8    6    3    2    7    4    1    5
    9   13    1    1    8    2    7    1    1    1       660    3    1 CMpure    10   11   16   13   15    9   14   12
    9   14    2    1    8    0    0    1    1    0       750   11    1 CMpure     7    2    4    5    1    8    6    3
    9   15    2    1    4    0    0    1    1    0       778    9    1 CMpure     3    4    6    1
    9   16    1    1    2    1    2    1    1    1       399    1    1 CMpure     9   10
    9   17    2    1    2    0    0    1    1    0       443   12    1 CMpure     3    4
    9   18    1    1    8    2    7    2    1    0       630    4    1 CMpure     7    4    6    5    2    1    3    8
    9   19    2    1    4    0    0    1    1    0       470   11    1 CMpure     4    5    3    1
    9   20    1    1    4    2    3    2    1    0       557    6    1 CMpure     7    6    5    1
    9   21    2    1    2    0    0    1    1    0       419   14    1 CMpure     5    2
    9   22    1    1    4    3    2    1    1    1       612    5    1 CMpure    15    9   13   12
    9   23    2    1    4    0    0    2    1    1       517   16    1 CMpure    16   12   13    9
    9   24    1    1    4    2    3    1    1    1       634    3    1 CMpure     9   11   10   15
