    1    1    2    2    2    0    0    1    1    0      3952   16    3 VMpure    10    5
    1    2    1    2    8    7    2    2    1    0       955    9    3 VMpure    15   12   11    8    4   14    9    3
    1    3    2    2    2    0    0    1    1    0       971   13    3 VMpure     4    9
    1    4    1    2    8    2    7    2    1    0       881   13    3 VMpure    15   13    7   12   16    6    2    8
    1    5    1    2    2    2    1    1    1    1      1622    5    3 VMpure    11    5
    1    6    1    2    4    4    1    2    1    0       775    6    3 VMpure     7    8   10    6
    1    7    2    2    8    0    0    2    1    1      1047   16    3 VMpure     2    1    8   12    9   15    7   10
    1    8    2    2    8    0    0    1    1    0       813    6    3 VMpure    11   12    7   15    9    5    3    4
    1    9    1    2    2    1    2    1    1    1       771    8    3 VMpure     8   11
    1   10    1    2    4    1    4    2    1    0      1187   16    3 VMpure    16   13    6    4
    1   11    1    2    4    1    4    1    1    1       966    4    3 VMpure     4   12   16    5
    1   12    2    2    8    0    0    2    1    1      1292    8    3 VMpure     6    5   13   15    1    2    4   12
    1   13    1    2    4    2    3    1    1    1      1034   12    3 VMpure    10   12    3    7
    1   14    2    2    4    0    0    2    1    1      1442   11    3 VMpure     1   14    4   16
    1   15    1    2    4    2    3    1    1    1      1850    3    3 VMpure     4    3   13   14
    1   16    1    2    4    1    4    2    1    0       834   16    3 VMpure    16    6   10    7
    1   17    1    2    8    1    8    2    0    1      1547   14    3 VMpure    14   16   15   13   10    6    9    5
    1   18    2    2    4    0    0    1    1    0      1206   10    3 VMpure    11   16    8    5
    1   19    1    2    4    1    4    2    1    0      1006   16    3 VMpure    16    4   11    8
    1   20    2    2    2    0    0    2    1    1      1142    9    3 VMpure    14    4
    1   21    2    2    4    0    0    2    1    1      1041    7    3 VMpure    11    6    5    2
    1   22    1    2    4    2    3    1    0    0      1210    8    3 VMpure    16    8    3    6
    1   23    1    2    4    1    4    2    1    0      1679   13    3 VMpure    13   10   15   14
    1   24    2    2    4    0    0    2    1    1      1144    2    3 VMpure    11   15    7   10
    2    1    1    2    8    8    1    2    1    0      1086   16    3 VMpure     6   15    3   13    5    4    2   16
    2    2    2    2    4    0    0    2    1    1      1745   10    3 VMpure    15   12   14    1
    2    3    1    2    8    7    2    1    1    1      1665   12    3 VMpure     1    7    9    6   10    3   12   13
    2    4    1    2    4    4    1    2    1    0      1095    2    3 VMpure    13    5   12    2
    2    5    1    2    2    1    2    2    1    0       994    3    3 VMpure     3    1
    2    6    1    2    2    1    2    2    1    0       922   12    3 VMpure    12   11
    2    7    2    2    8    0    0    1    1    0      2690    7    3 VMpure    10    9    3    8    2   16    5    1
    2    8    1    2    2    2    1    1    1    1      1056   16    3 VMpure    13   16
    2    9    2    2    8    0    0    2    0    0      2521    7    3 VMpure    14    9    6    5    8   10    1   11
    2   10    1    2    2    2    1    1    1    1      1073    9    3 VMpure     3    9
    2   11    2    2    2    0    0    1    1    0      1065    3    3 VMpure     9    8
    2   12    1    2    8    1    8    1    1    1      1647    4    3 VMpure     4    3    8    6   11   14   15    2
    2   13    2    2    2    0    0    1    1    0       892   15    3 VMpure    16    6
    2   14    1    2    8    7    2    2    1    0      1280   10    3 VMpure     3    8    1   13   14   16   10    2
    2   15    1    2    2    1    2    2    1    0      1072   12    3 VMpure    12   10
    2   16    2    2    2    0    0    2    1    1       936   11    3 VMpure     4   16
    2   17    1    2    8    3    6    1    1    1      2099    1    3 VMpure    15   12    1    6   13    4    9    7
    2   18    2    2    4    0    0    1    1    0      1182    3    3 VMpure    14   13    1    4
    2   19    1    2    8    2    7    2    1    0      1407    3    3 VMpure     7    3    9    1    4   14    2    8
    2   20    1    2    2    2    1    2    1    0       762    7    3 VMpure     8    7
    2   21    1    2    2    2    1    1    1    1      1026   10    3 VMpure    11   10
    2   22    1    2    8    4    5    1    1    1      1231   14    3 VMpure     3    9   11   14    2   16   15    6
    2   23    1    2    2    2    1    1    1    1       837    9    3 VMpure     7    9
    2   24    1    2    4    1    4    1    1    1      2322    8    3 VMpure     8   11    7    3
    3    1    1    2    8    8    1    1    1    1      1214    6    3 VMpure    15    2   11   10    7    3    9    6
    3    2    1    2    2    1    2    2    1    0       964    3    3 VMpure     3    8
    3    3    1    2    8    7    2    1    1    1      1460    7    3 VMpure    10   11    4   15    3    9    7    6
    3    4    2    2    2    0    0    2    1    1       903    8    3 VMpure    11   16
    3    5    2    2    4    0    0    2    1    1      1151    8    3 VMpure     4    7    1   16
    3    6    2    2    2    0    0    2    1    1      1141    5    3 VMpure     6    8
    3    7    2    2    4    0    0    2    1    1      1120    2    3 VMpure     5    6    9    3
    3    8    2    2    2    0    0    1    1    0      1173   16    3 VMpure    15    5
    3    9    2    2    8    0    0    2    1    1      1457   14    3 VMpure    10   13   11    2    4   15    7    5
    3   10    2    2    2    0    0    2    1    1      1110   12    3 VMpure     9    3
    3   11    1    2    8    2    7    1    1    1      1478    3    3 VMpure     1    3   16   10   12   13    4    9
    3   12    2    2    2    0    0    2    1    1       975   12    3 VMpure     7   14
    3   13    2    2    2    0    0    1    1    0      1026   16    3 VMpure     2    8
    3   14    1    2    4    4    1    2    1    0      1605    5    3 VMpure     6    4   16    5
    3   15    2    2    4    0    0    2    1    1      1309    9    3 VMpure     5   13    8    1
    3   16    2    2    2    0    0    1    1    0       962    6    3 VMpure    13    1
    3   17    1    2    2    1    2    2    1    0      1077   14    3 VMpure    14   11
    3   18    2    2    4    0    0    2    1    1      2294   12    3 VMpure     3    7    4   11
    3   19    1    2    4    1    4    2    1    0      1750    3    3 VMpure     3    5   14    4
    3   20    1    2    4    4    1    2    1    0      1532    2    3 VMpure     8   15    7    2
    3   21    2    2    2    0    0    1    1    0      1569    7    3 VMpure    10    9
    3   22    2    2    4    0    0    2    1    1      1282    2    3 VMpure    11   15   13   16
    3   23    1    2    2    2    1    2    1    0       962   10    3 VMpure    13   10
    3   24    2    2    8    0    0    1    1    0      1477    2    3 VMpure     3    9    7   10    8   11   12   16
    4    1    2    2    8    0    0    2    1    1      1600    8    3 VMpure     7    2   10   16    1    4    3   13
    4    2    1    2    2    2    1    2    1    0       992    6    3 VMpure    10    6
    4    3    2    2    4    0    0    1    1    0      1150   11    3 VMpure     5    3   15   14
    4    4    1    2    4    4    1    2    1    0      1097    8    3 VMpure     6    7   12    8
    4    5    2    2    2    0    0    2    1    1      1412   10    3 VMpure    13   15
    4    6    1    2    8    8    1    1    1    1      1186    8    3 VMpure    14   15    9    5    7   10    4    8
    4    7    2    2    2    0    0    1    1    0      1023    9    3 VMpure     1   15
    4    8    1    2    4    4    1    1    1    1      1008    4    3 VMpure     7    1    3    4
    4    9    2    2    4    0    0    1    1    0      1037    9    3 VMpure     6    7    3    8
    4   10    1    2    4    3    2    1    1    1      4275    1    3 VMpure     7   12    1   15
    4   11    1    2    4    4    1    2    1    0       958   13    3 VMpure    15    3   10   13
    4   12    1    2    4    4    1    2    1    0       870    2    3 VMpure     4   14    8    2
    4   13    1    2    4    4    1    2    1    0      1228   12    3 VMpure    15    2   13   12
    4   14    1    2    8    7    2    1    0    0      1138   10    3 VMpure     4    6   12    8   16    3   10    7
    4   15    2    2    8    0    0    2    1    1      1141    9    3 VMpure    15    3    4    5    2    8   16    1
    4   16    2    2    4    0    0    1    1    0      2573    9    3 VMpure     6   15    2   10
    4   17    2    2    8    0    0    1    1    0      1891    2    3 VMpure     8   16   13   10   12    7    5   14
    4   18    2    2    2    0    0    2    1    1       942    4    3 VMpure    13   14
    4   19    2    2    2    0    0    1    1    0      1177    5    3 VMpure     1    4
    4   20    2    2    2    0    0    2    1    1       868    9    3 VMpure    15    6
    4   21    2    2    8    0    0    1    1    0      1361   16    3 VMpure     5   10   14    2    6   15    1    7
    4   22    2    2    8    0    0    2    1    1      2069    7    3 VMpure     4    9    5    6    8   12   10   15
    4   23    2    2    2    0    0    1    1    0       978    6    3 VMpure     9    5
    4   24    2    2    4    0    0    2    1    1      1051   16    3 VMpure     9    3    4   13
    5    1    1    2    2    2    1    1    1    1      1019   16    3 VMpure     7   16
    5    2    2    2    4    0    0    2    1    1      1100    6    3 VMpure    14    5   10   11
    5    3    2    2    4    0    0    2    1    1      1054    2    3 VMpure    12   15    3   11
    5    4    2    2    8    0    0    1    1    0      1380    2    3 VMpure    11    3    9    8   12    7    6    5
    5    5    2    2    4    0    0    1    1    0      1453   13    3 VMpure    16    7   11    9
    5    6    2    2    2    0    0    1    1    0      1024   16    3 VMpure    13   11
    5    7    2    2    4    0    0    1    1    0      2768   13    3 VMpure    10    5    1   16
    5    8    2    2    8    0    0    2    0    0      1432   10    3 VMpure    12    3    8    6   13   16   14   15
    5    9    2    2    4    0    0    1    1    0       974    8    3 VMpure    15    2   10    7
    5   10    2    2    2    0    0    1    1    0      1057   14    3 VMpure     9    8
    5   11    2    2    2    0    0    2    1    1       822   11    3 VMpure    13    7
    5   12    1    2    2    1    2    2    1    0      1017    9    3 VMpure     9    4
    5   13    2    2    4    0    0    2    1    1      1002    1    3 VMpure     2   13    8   14
    5   14    1    2    2    2    1    2    1    0       837   15    3 VMpure     3   15
    5   15    2    2    2    0    0    1    1    0      1082   12    3 VMpure    11   16
    5   16    1    2    8    1    8    2    1    0      1344   13    3 VMpure    13    2   12    7    1   16    9   14
    5   17    1    2    8    5    4    1    1    1      2032    7    3 VMpure    13    3    6    9    7    4   14    5
    5   18    1    2    2    2    1    1    1    1       841    3    3 VMpure    15    3
    5   19    1    2    8    4    5    1    0    0      1473   14    3 VMpure     9   10    5   14   13    6   11    2
    5   20    1    2    2    2    1    2    1    0       935   12    3 VMpure     2   12
    5   21    1    2    2    2    1    2    1    0       834   13    3 VMpure     2   13
    5   22    1    2    8    1    8    1    0    0      1719    8    3 VMpure     8   13   16    6   14   11    5    7
    5   23    2    2    4    0    0    1    1    0      3557    8    3 VMpure    13    7   16    2
    5   24    1    2    4    2    3    2    1    0      1299   10    3 VMpure    11   10   12    5
    6    1    2    2    8    0    0    2    1    1      1374    7    3 VMpure     8    6    2   15   14   11   13   16
    6    2    1    2    2    1    2    1    1    1       980   13    3 VMpure    13    8
    6    3    1    2    4    3    2    1    1    1       956    8    3 VMpure    13    2    8   12
    6    4    1    2    2    1    2    1    1    1       777    9    3 VMpure     9    8
    6    5    2    2    4    0    0    1    1    0      2044   11    3 VMpure    13    9   15    7
    6    6    2    2    2    0    0    2    1    1      1845   13    3 VMpure    14    8
    6    7    2    2    8    0    0    2    1    1      1253   13    3 VMpure     1    3    4    5    7    6   15    8
    6    8    1    2    4    2    3    1    1    1      1208   14    3 VMpure     1   14    7   13
    6    9    1    2    8    5    4    2    1    0      1465   14    3 VMpure    12   15   13   10   14    6    4   16
    6   10    2    2    8    0    0    1    1    0      1406   16    3 VMpure    12    3    6   15    8   14    9    7
    6   11    1    2    4    1    4    2    1    0      1324    8    3 VMpure     8   13    4    6
    6   12    2    2    4    0    0    2    1    1      1084   15    3 VMpure    11   14   10    9
    6   13    2    2    2    0    0    2    1    1       965   14    3 VMpure     6   12
    6   14    2    2    2    0    0    1    1    0       901    9    3 VMpure     2    3
    6   15    2    2    4    0    0    2    1    1       992   15    3 VMpure    10    9    2   12
    6   16    1    2    2    1    2    2    1    0      1445   14    3 VMpure    14    6
    6   17    1    2    4    2    3    2    1    0      1211    5    3 VMpure     3    5   15   10
    6   18    2    2    8    0    0    1    1    0      1262    1    3 VMpure     2   14    4    7   15    3   11    9
    6   19    1    2    4    3    2    1    1    1      1102    5    3 VMpure     3   16    5    2
    6   20    2    2    4    0    0    2    1    1      1073    7    3 VMpure    10   12    4   15
    6   21    2    2    4    0    0    2    1    1       991    3    3 VMpure     9    6   11   12
    6   22    1    2    2    1    2    1    1    1       967   15    3 VMpure    15    3
    6   23    1    2    2    1    2    2    1    0       839    4    3 VMpure     4    2
    6   24    1    2    8    3    6    2    1    0      1056    9    3 VMpure    16    1    9   11    4   13   10    2
    7    1    1    2    8    7    2    2    1    0      1123    8    3 VMpure    10    7   11    4    3    2    8    6
    7    2    2    2    4    0    0    1    1    0      1001    5    3 VMpure    10    9   14    6
    7    3    2    2    4    0    0    1    1    0      1943    1    3 VMpure     2    3   10   12
    7    4    2    2    8    0    0    2    1    1      1228    7    3 VMpure     3    1    9   11   14   13    6   12
    7    5    1    2    8    2    7    2    1    0      1714    5    3 VMpure     1    5   15   13    3    9   10    6
    7    6    1    2    8    8    1    2    1    0      1363   12    3 VMpure    11   13    3    7   16    4   10   12
    7    7    1    2    4    4    1    1    1    1      1035   15    3 VMpure     4    5   12   15
    7    8    2    2    4    0    0    2    1    1      1118    8    3 VMpure    11    5    2   10
    7    9    1    2    8    6    3    2    1    0      1665   11    3 VMpure     9   14   16    7    4   11   15    1
    7   10    1    2    4    3    2    1    1    1      1156    4    3 VMpure    11    6    4    2
    7   11    1    2    8    7    2    2    1    0      1274    3    3 VMpure    13    6    7   11    8   16    3    1
    7   12    2    2    8    0    0    1    1    0      1754    7    3 VMpure    11    5    1   12    4    9   14    6
    7   13    2    2    2    0    0    2    1    1      1082   12    3 VMpure     5   11
    7   14    2    2    8    0    0    2    1    1      1238    3    3 VMpure    14    5   12    8   15    4   16   10
    7   15    1    2    8    1    8    1    0    0      4049   12    3 VMpure    12    9    7    2    4   14   16   13
    7   16    1    2    8    5    4    2    0    1      1212   15    3 VMpure     4    9   14   11   15   16   12    3
    7   17    1    2    4    2    3    2    1    0      1300    1    3 VMpure     7    1   11   12
    7   18    2    2    4    0    0    1    1    0      1229   14    3 VMpure     5   10   13    9
    7   19    2    2    4    0    0    1    1    0      1416    9    3 VMpure     8   11   13    1
    7   20    1    2    8    6    3    2    1    0      1187   16    3 VMpure     4   12   11    5   14   16    6    8
    7   21    1    2    4    1    4    2    1    0      1206    5    3 VMpure     5    6    3   10
    7   22    2    2    8    0    0    2    1    1      1209    2    3 VMpure     9   10    3    4   15   16    5    1
    7   23    2    2    8    0    0    1    0    1      3052    9    3 VMpure     4   11    6   16   13    7    2   14
    7   24    2    2    2    0    0    1    1    0      1042    5    3 VMpure    12   13
    8    1    2    2    4    0    0    1    1    0       997    6    3 VMpure     9   13    8   15
    8    2    2    2    4    0    0    2    1    1      5832   15    3 VMpure     5   16   13   11
    8    3    2    2    2    0    0    1    1    0       806    5    3 VMpure    10   11
    8    4    1    2    4    2    3    2    1    0      1467    6    3 VMpure     9    6   15    5
    8    5    2    2    4    0    0    1    1    0      1161    7    3 VMpure     9    2    5    4
    8    6    1    2    4    4    1    1    1    1       908    2    3 VMpure    10    8   11    2
    8    7    1    2    2    1    2    1    1    1       818   16    3 VMpure    16   14
    8    8    1    2    8    4    5    1    1    1      1269    2    3 VMpure    11    1   10    2   15    5   12   16
    8    9    2    2    4    0    0    2    1    1      1866   13    3 VMpure     1   14   12    2
    8   10    2    2    2    0    0    1    1    0      2195    6    3 VMpure    12   13
    8   11    2    2    8    0    0    1    1    0      2361    5    3 VMpure    10   12    2    3    1    4   15   13
    8   12    2    2    4    0    0    1    1    0       870    9    3 VMpure     5   11   16    6
    8   13    1    2    4    2    3    2    1    0      1241   10    3 VMpure    12   10    4   13
    8   14    1    2    8    4    5    1    0    0      1394   16    3 VMpure     2    3    7   16    9    4   13   14
    8   15    1    2    4    2    3    1    1    1      1759   15    3 VMpure    12   15   11    3
    8   16    2    2    8    0    0    2    1    1      4000    1    3 VMpure    11    2   10    6    7    8   14    4
    8   17    2    2    2    0    0    2    1    1       915   15    3 VMpure    13   12
    8   18    2    2    2    0    0    2    1    1      1032    9    3 VMpure     6    1
    8   19    1    2    8    7    2    1    0    0      1318    9    3 VMpure     6    1    3   13   14   16    9    4
    8   20    2    2    8    0    0    2    0    0      5438    9    3 VMpure     3   15   12   16    6    4    1    5
    8   21    1    2    2    1    2    2    1    0       895    1    3 VMpure     1   12
    8   22    1    2    2    1    2    2    1    0       965    3    3 VMpure     3    1
    8   23    1    2    4    2    3    2    1    0      1098    4    3 VMpure     2    4    8   16
    8   24    1    2    8    2    7    1    0    0      2056    1    3 VMpure    12    1   15    6    7    9    4   14
    9    1    2    2    8    0    0    1    1    0      2446    9    3 VMpure     1    6   16   14    7   15    5    2
    9    2    2    2    8    0    0    1    1    0      1625   11    3 VMpure    15    9   12    8    2    7    4   13
    9    3    1    2    4    3    2    2    1    0      1319   12    3 VMpure    11    5   12    4
    9    4    2    2    8    0    0    1    1    0      2194    2    3 VMpure    10   11   15   13    3   16   12    8
    9    5    2    2    4    0    0    2    1    1      2480   16    3 VMpure    12    9    2    5
    9    6    2    2    8    0    0    2    1    1      4160    8    3 VMpure    14   10    7    6   16    3    9    1
    9    7    1    2    4    4    1    1    1    1      1334    1    3 VMpure     3    8    9    1
    9    8    2    2    2    0    0    2    1    1      1153    9    3 VMpure     7   10
    9    9    1    2    8    8    1    2    1    0      1255   12    3 VMpure    11    5   14    4   16    1    6   12
    9   10    1    2    8    2    7    1    1    1      7170    6    3 VMpure     4    6    8   11    7   15    5    9
    9   11    2    2    8    0    0    2    1    1      1739    8    3 VMpure    13    5    9    2    1   11    4    6
    9   12    2    2    8    0    0    2    0    0      1929   11    3 VMpure     8    7   15   13    5    4    1   14
    9   13    1    2    4    3    2    2    1    0      3425   14    3 VMpure     3    2   14   12
    9   14    2    2    4    0    0    1    1    0      1222    7    3 VMpure     3   15   16    4
    9   15    1    2    8    6    3    1    1    1      1802   15    3 VMpure     5    2    6   16    7   15   13    8
    9   16    2    2    2    0    0    2    1    1      1586   12    3 VMpure    14   15
    9   17    2    2    4    0    0    1    1    0      2050    6    3 VMpure     8   12   16    4
    9   18    2    2    2    0    0    2    1    1      1229    6    3 VMpure     5   16
    9   19    2    2    2    0    0    1    1    0      2259    5    3 VMpure     3    4
    9   20    1    2    4    4    1    1    1    1      1320   10    3 VMpure    14   15    5   10
    9   21    1    2    2    1    2    1    1    1      1171   15    3 VMpure    15   10
    9   22    2    2    4    0    0    1    1    0      1204    9    3 VMpure    16   10   13    5
    9   23    1    2    2    2    1    1    1    1      1095   15    3 VMpure     4   15
    9   24    2    2    2    0    0    2    1    1      1028   11    3 VMpure    14    3
