    1    1    1    2    8    1    8    1    1    1      3223    5    3 VMpure     5    7   10    8   16    3   13   11
    1    2    1    2    2    1    2    2    1    0      2439   12    3 VMpure    12   10
    1    3    1    2    8    8    1    2    1    0      1269    4    3 VMpure     2    8   10    1    9    7    6    4
    1    4    1    2    8    4    5    2    1    0      1732   11    3 VMpure    15   13    5   11    8   10    7   14
    1    5    1    2    4    1    4    2    1    0       967    7    3 VMpure     7    4   15   10
    1    6    2    2    8    0    0    1    1    0      2899   15    3 VMpure    13    5    2   16    3   10   12    4
    1    7    1    2    4    2    3    1    1    1      2440    2    3 VMpure    12    2    4   16
    1    8    2    2    4    0    0    1    1    0      1920    7    3 VMpure    12    6    4   13
    1    9    2    2    2    0    0    1    1    0       919   15    3 VMpure    14   12
    1   10    2    2    2    0    0    1    1    0       854    2    3 VMpure     7    6
    1   11    1    2    4    4    1    2    1    0       925   12    3 VMpure     5    4   15   12
    1   12    2    2    4    0    0    2    1    1      1570    7    3 VMpure    10    2   13    6
    1   13    1    2    4    2    3    2    1    0      1036    9    3 VMpure     7    9    6   13
    1   14    2    2    4    0    0    1    1    0      1036    7    3 VMpure     9    1   10   16
    1   15    1    2    4    3    2    1    1    1      1036    8    3 VMpure     2   16    8    1
    1   16    1    2    4    2    3    2    1    0      1691    4    3 VMpure    15    4   12    3
    1   17    1    2    4    4    1    2    1    0       928   10    3 VMpure    13   14    9   10
    1   18    2    2    8    0    0    1    1    0      1903    2    3 VMpure     7   12   15    8   16   10   14    6
    1   19    1    2    2    2    1    1    1    1       870    8    3 VMpure     3    8
    1   20    1    2    4    4    1    1    1    1       605    9    3 VMpure    13   10    8    9
    1   21    1    2    4    1    4    1    1    1      4126   15    3 VMpure    15    9   10    3
    1   22    1    2    4    4    1    1    1    1      1570   15    3 VMpure     8   14    6   15
    1   23    1    2    4    1    4    2    1    0      1084    9    3 VMpure     9    2    3   11
    1   24    2    2    2    0    0    2    1    1      1253    5    3 VMpure     8   11
    2    1    1    2    8    4    5    2    1    0       909    1    3 VMpure     9   10    6    1    5    4   13   15
    2    2    2    2    8    0    0    2    1    1      2028   14    3 VMpure     3    2    5    7   12   16   11    1
    2    3    2    2    8    0    0    1    1    0      1566    8    3 VMpure    13    5    1   11    9   10    2   16
    2    4    2    2    8    0    0    2    1    1      2402    6    3 VMpure     8    4   14   13    5   11    1   10
    2    5    2    2    4    0    0    1    1    0      1275   10    3 VMpure     2   14    3   16
    2    6    2    2    4    0    0    1    1    0       930    2    3 VMpure    14    4   10   16
    2    7    2    2    2    0    0    1    1    0      1024    9    3 VMpure     8    6
    2    8    2    2    4    0    0    2    1    1       881    8    3 VMpure     3    7   16   10
    2    9    1    2    8    4    5    2    1    0      1649    4    3 VMpure     8    7   14    4    2    1    3   11
    2   10    1    2    2    1    2    2    1    0       883   13    3 VMpure    13    5
    2   11    1    2    4    1    4    1    1    1      1129   14    3 VMpure    14    4   12   15
    2   12    2    2    2    0    0    1    1    0       895   16    3 VMpure     1    9
    2   13    2    2    4    0    0    1    1    0       868    8    3 VMpure     7   12    9    1
    2   14    2    2    8    0    0    1    1    0      1189   10    3 VMpure    11    1    5    2    9   12   16    3
    2   15    2    2    2    0    0    2    1    1      1418    1    3 VMpure     2   15
    2   16    2    2    2    0    0    2    1    1       885   11    3 VMpure     3   13
    2   17    2    2    2    0    0    2    1    1       853   12    3 VMpure    10    7
    2   18    2    2    2    0    0    1    1    0       855    5    3 VMpure     8    9
    2   19    2    2    8    0    0    1    1    0      1449    3    3 VMpure    11    2    9    8   13   12   10   14
    2   20    2    2    2    0    0    2    1    1      1011    7    3 VMpure    10   13
    2   21    2    2    2    0    0    2    1    1       926    6    3 VMpure    12    8
    2   22    1    2    8    8    1    2    1    0      1004    9    3 VMpure     5   11    2    1    8    4    6    9
    2   23    1    2    2    2    1    2    1    0       856   15    3 VMpure     4   15
    2   24    2    2    4    0    0    1    1    0      1342   15    3 VMpure     4   14    2    9
    3    1    2    2    2    0    0    2    1    1       821   14    3 VMpure     3   10
    3    2    1    2    2    1    2    2    1    0      4072    5    3 VMpure     5   15
    3    3    2    2    8    0    0    2    0    0      3385    7    3 VMpure    10   11    9    4    6    8   14    5
    3    4    1    2    4    4    1    1    1    1       923    9    3 VMpure    13    7    8    9
    3    5    1    2    8    6    3    2    1    0       777   11    3 VMpure     3   16    9    5    2   11   10   15
    3    6    1    2    4    4    1    2    1    0       579   13    3 VMpure     2    8   12   13
    3    7    2    2    8    0    0    1    0    1      1039   12    3 VMpure    13    8   14    7   10    6    3    1
    3    8    2    2    8    0    0    1    1    0      2106   14    3 VMpure     1    8    3    5   16   11    2   13
    3    9    2    2    2    0    0    1    1    0       649   11    3 VMpure     4   15
    3   10    2    2    8    0    0    2    0    0      1443    2    3 VMpure    13   11    4   14   12   16    3   15
    3   11    2    2    2    0    0    2    1    1      2157    3    3 VMpure     9    6
    3   12    1    2    2    2    1    1    1    1       763    1    3 VMpure     8    1
    3   13    1    2    2    1    2    1    1    1       896    4    3 VMpure     4   15
    3   14    2    2    2    0    0    2    1    1       784   13    3 VMpure     5   10
    3   15    1    2    2    1    2    1    1    1      1172    3    3 VMpure     3    9
    3   16    1    2    8    8    1    2    1    0       697   16    3 VMpure    15   13   12    1   14    6   10   16
    3   17    2    2    4    0    0    2    1    1      2758   13    3 VMpure     4   16    5    7
    3   18    1    2    2    1    2    2    1    0       940    7    3 VMpure     7    6
    3   19    2    2    2    0    0    2    1    1       682    1    3 VMpure    15   14
    3   20    2    2    2    0    0    2    1    1       931   10    3 VMpure    15   11
    3   21    2    2    8    0    0    2    1    1      1185   12    3 VMpure     7    2   13    9    8    3    1    6
    3   22    2    2    8    0    0    1    1    0      1077    9    3 VMpure     6   13   12   15   16    7    3   11
    3   23    1    2    4    3    2    2    1    0      2211    6    3 VMpure    14   11    6   12
    3   24    1    2    8    5    4    1    1    1      1294    5    3 VMpure     6    7    9    3    5   10   13   16
    4    1    1    2    2    1    2    1    1    1       685    4    3 VMpure     4   14
    4    2    1    2    2    1    2    1    1    1       870    9    3 VMpure     9   10
    4    3    2    2    4    0    0    2    1    1       796   15    3 VMpure    11   13    1    8
    4    4    1    2    8    5    4    1    1    1       864    8    3 VMpure    15    5   16    2    8    6   10    7
    4    5    1    2    8    5    4    1    1    1       785   10    3 VMpure    13    6   16   12   10   11    7   14
    4    6    1    2    4    3    2    1    1    1       683   12    3 VMpure     9   15   12    4
    4    7    1    2    2    1    2    2    1    0       899    9    3 VMpure     9    3
    4    8    2    2    4    0    0    1    1    0       968   11    3 VMpure     6   16    1    4
    4    9    2    2    2    0    0    1    1    0       677   14    3 VMpure     5   11
    4   10    2    2    2    0    0    2    1    1       990    6    3 VMpure     5    3
    4   11    1    2    4    1    4    1    1    1       784    7    3 VMpure     7   16    6   12
    4   12    1    2    4    2    3    1    1    1       777   16    3 VMpure    10   16    1    2
    4   13    2    2    8    0    0    1    0    1      1948    5    3 VMpure     7   11    1   10    2   12   15    9
    4   14    1    2    2    1    2    1    1    1       706    9    3 VMpure     9   14
    4   15    1    2    4    3    2    1    1    1       623    6    3 VMpure    13   16    6    2
    4   16    1    2    4    2    3    2    1    0       911   10    3 VMpure     4   10   12    6
    4   17    2    2    4    0    0    1    1    0      1028    6    3 VMpure    13   12   15   10
    4   18    2    2    8    0    0    1    1    0      6894   12    3 VMpure    11    6    8   13   16    4   14    1
    4   19    1    2    8    7    2    1    1    1       684    2    3 VMpure     4   12    1    6   14    8    2   11
    4   20    2    2    8    0    0    2    1    1      2452    6    3 VMpure    13   12   16    2    1    3    8    4
    4   21    2    2    2    0    0    1    1    0       773    3    3 VMpure    12    5
    4   22    2    2    4    0    0    1    1    0       736   13    3 VMpure     5    6    7    9
    4   23    1    2    4    2    3    1    1    1       620    8    3 VMpure     6    8   14   16
    4   24    1    2    2    1    2    1    1    1       630    4    3 VMpure     4   15
    5    1    2    2    2    0    0    2    1    1       684   10    3 VMpure    15   12
    5    2    2    2    2    0    0    2    1    1       804    2    3 VMpure    13   12
    5    3    1    2    2    2    1    1    1    1       536   15    3 VMpure     5   15
    5    4    2    2    2    0    0    2    1    1       599   10    3 VMpure    15    1
    5    5    2    2    8    0    0    2    1    1      1058   11    3 VMpure     8   14   13    7   10    4    5    3
    5    6    1    2    8    8    1    1    1    1      1132    9    3 VMpure    16   12    4    8    7   14   10    9
    5    7    2    2    4    0    0    1    1    0      1752    4    3 VMpure    10   13    6    5
    5    8    2    2    4    0    0    2    1    1      1467    5    3 VMpure     3    4    6    2
    5    9    1    2    4    3    2    2    1    0      1913   15    3 VMpure    14    7   15    6
    5   10    1    2    4    1    4    1    0    0      2789    4    3 VMpure     4   16   15   14
    5   11    2    2    2    0    0    2    1    1       970    9    3 VMpure    13    8
    5   12    1    2    8    1    8    2    1    0       839   13    3 VMpure    13    5    7    4   15    8    3   14
    5   13    2    2    4    0    0    2    1    1       847    2    3 VMpure    11   16   12    8
    5   14    1    2    8    7    2    1    1    1       912   14    3 VMpure     1   11    8    6   12    5   14    4
    5   15    2    2    2    0    0    1    1    0       624    2    3 VMpure     3   12
    5   16    1    2    2    2    1    1    1    1       651    8    3 VMpure     2    8
    5   17    1    2    8    5    4    2    1    0       884   14    3 VMpure    11    5   15    1   14    6   12    2
    5   18    1    2    8    6    3    1    1    1       836   15    3 VMpure    11   14    3    2   13   15   16    4
    5   19    2    2    8    0    0    1    0    1      1382    7    3 VMpure     6   16    8   10   13    3    1   15
    5   20    1    2    2    1    2    2    1    0       547   11    3 VMpure    11    9
    5   21    1    2    4    1    4    2    1    0      3414    8    3 VMpure     8    2   10   11
    5   22    1    2    2    1    2    1    1    1       785    1    3 VMpure     1    5
    5   23    2    2    4    0    0    1    1    0      1019   11    3 VMpure    12    1   13    3
    5   24    2    2    8    0    0    2    0    0      2501    3    3 VMpure     4   14   11    9   13    2    5   16
    6    1    1    2    2    1    2    1    1    1       543   12    3 VMpure    12   14
    6    2    1    2    2    2    1    2    1    0       797    9    3 VMpure    10    9
    6    3    2    2    4    0    0    2    1    1      1046    4    3 VMpure     2   16   11   12
    6    4    2    2    8    0    0    2    0    0       799   10    3 VMpure    14    9   15   11   16    8    1   12
    6    5    1    2    4    4    1    2    1    0       776   15    3 VMpure     8    4   10   15
    6    6    1    2    8    8    1    1    1    1       476    9    3 VMpure     1    8   15   13   14    6   12    9
    6    7    2    2    4    0    0    2    1    1       722   13    3 VMpure     4    5    7    6
    6    8    1    2    2    1    2    2    0    1      3353    9    3 VMpure     9    2
    6    9    2    2    4    0    0    2    0    0      9116    9    3 VMpure    15   14    6    1
    6   10    1    2    4    3    2    1    1    1       857   15    3 VMpure     5    4   15    2
    6   11    1    2    8    2    7    2    0    1      3658    6    3 VMpure    10    6    2   14    1    5   15    8
    6   12    2    2    2    0    0    2    1    1       715    5    3 VMpure    13   14
    6   13    2    2    2    0    0    1    1    0       771   16    3 VMpure     7    3
    6   14    1    2    8    4    5    2    1    0       840   11    3 VMpure     8    9    5   11    4    6    7   14
    6   15    2    2    2    0    0    1    1    0       602    2    3 VMpure    14    1
    6   16    1    2    8    7    2    2    1    0       710    8    3 VMpure     6   10    4    1    5   16    8    2
    6   17    2    2    2    0    0    1    1    0      1437    6    3 VMpure    10   13
    6   18    2    2    8    0    0    1    0    1      1383    8    3 VMpure     6    4    2    9   13   10    5   12
    6   19    2    2    8    0    0    2    1    1      1299    9    3 VMpure     5    7   15   11    2   14   10    4
    6   20    1    2    2    2    1    1    1    1       771    5    3 VMpure     4    5
    6   21    1    2    4    2    3    2    1    0       589   12    3 VMpure     4   12   14    6
    6   22    1    2    8    6    3    2    1    0       745   15    3 VMpure    10    8   11   12    3   15   14   13
    6   23    1    2    4    4    1    2    1    0       644    6    3 VMpure    16    3    9    6
    6   24    1    2    4    4    1    1    1    1       419   13    3 VMpure     9    5   16   13
    7    1    1    2    4    4    1    2    1    0       770   14    3 VMpure     9   12    2   14
    7    2    2    2    4    0    0    1    1    0       925   11    3 VMpure     2   16    3   10
    7    3    1    2    8    1    8    1    1    1      1275   15    3 VMpure    15    5   14   11   12    3   16   13
    7    4    1    2    8    4    5    2    1    0       844    6    3 VMpure    10   11   15    6   12    5    8   14
    7    5    2    2    4    0    0    2    1    1      1011    6    3 VMpure    15   10    3    5
    7    6    1    2    4    1    4    2    1    0       803    1    3 VMpure     1    6    3   12
    7    7    2    2    2    0    0    2    1    1       679   14    3 VMpure     1    8
    7    8    2    2    2    0    0    2    1    1      1183   10    3 VMpure    12    6
    7    9    2    2    4    0    0    1    1    0      1081    4    3 VMpure     5   15   10   11
    7   10    1    2    4    3    2    2    1    0      1447    7    3 VMpure    16   14    7    8
    7   11    1    2    2    1    2    2    1    0       801    8    3 VMpure     8   12
    7   12    2    2    4    0    0    2    1    1      1722   10    3 VMpure    13   14    4    7
    7   13    1    2    4    4    1    1    1    1       558    9    3 VMpure     7    2   10    9
    7   14    1    2    2    2    1    1    1    1       524    8    3 VMpure     5    8
    7   15    1    2    2    2    1    1    1    1       683   15    3 VMpure    16   15
    7   16    2    2    2    0    0    1    1    0      3748   11    3 VMpure    10   15
    7   17    2    2    4    0    0    2    1    1      1975   11    3 VMpure     7    4   12    8
    7   18    1    2    4    1    4    2    1    0      1201   13    3 VMpure    13    1    8   11
    7   19    2    2    2    0    0    1    1    0       677   12    3 VMpure     2    1
    7   20    1    2    2    2    1    2    1    0       909    2    3 VMpure    14    2
    7   21    1    2    8    3    6    1    1    1       908    1    3 VMpure    12   15    1   14   16   11    9    6
    7   22    1    2    2    1    2    2    1    0       876    6    3 VMpure     6    7
    7   23    2    2    2    0    0    2    1    1       781    8    3 VMpure     3   16
    7   24    1    2    4    1    4    1    1    1      1478    2    3 VMpure     2    4   16   15
    8    1    1    2    8    3    6    2    1    0       871    3    3 VMpure     5    2    3   14   16    7    1    8
    8    2    2    2    2    0    0    1    1    0      1192   10    3 VMpure    16    1
    8    3    2    2    2    0    0    2    1    1       764    7    3 VMpure    11   10
    8    4    1    2    4    1    4    2    1    0       807    7    3 VMpure     7    4   14    9
    8    5    2    2    4    0    0    2    1    1      1135    4    3 VMpure     8    9    5   14
    8    6    2    2    8    0    0    2    0    0      1141    9    3 VMpure    10   15    3    6    5   16   13   11
    8    7    1    2    8    8    1    2    1    0       426    5    3 VMpure     7    1   12    6    8   14   11    5
    8    8    2    2    2    0    0    2    1    1       813    6    3 VMpure     3   16
    8    9    1    2    4    1    4    2    1    0       822    4    3 VMpure     4    6   13   10
    8   10    1    2    2    2    1    2    1    0       809   14    3 VMpure     8   14
    8   11    1    2    2    1    2    1    1    1       636   14    3 VMpure    14    9
    8   12    1    2    4    3    2    1    1    1       716    9    3 VMpure    14    4    9    7
    8   13    1    2    4    4    1    1    1    1       457   11    3 VMpure     6    4    9   11
    8   14    1    2    4    4    1    1    1    1       640    4    3 VMpure    11    5   13    4
    8   15    2    2    2    0    0    2    1    1       666   14    3 VMpure     1   13
    8   16    2    2    4    0    0    1    1    0       633   12    3 VMpure     1    3   15    8
    8   17    1    2    4    3    2    2    1    0      1592   11    3 VMpure    16    3   11    9
    8   18    2    2    2    0    0    2    1    1       765   14    3 VMpure    15    1
    8   19    1    2    8    1    8    2    1    0       850   13    3 VMpure    13    4    6    5    7   12    1    8
    8   20    1    2    8    4    5    2    1    0       707   10    3 VMpure     3    2   14   10    6    4   11    5
    8   21    1    2    4    2    3    1    1    1       913    1    3 VMpure    12    1    3   15
    8   22    2    2    4    0    0    2    1    1      1029    2    3 VMpure    10    9   13   12
    8   23    2    2    4    0    0    1    1    0      1061    7    3 VMpure    13    6    8    5
    8   24    1    2    2    1    2    1    1    1       702    6    3 VMpure     6    4
    9    1    1    2    8    6    3    2    1    0       769    6    3 VMpure    13   14    8   10    4    6   12   16
    9    2    1    2    2    1    2    2    1    0       582   15    3 VMpure    15    4
    9    3    2    2    8    0    0    2    0    0      1426   13    3 VMpure     5    7    3    8   10    2    4   16
    9    4    2    2    4    0    0    2    1    1       834   12    3 VMpure     9   11    1    3
    9    5    2    2    2    0    0    2    1    1      1829   15    3 VMpure     6    9
    9    6    1    2    4    2    3    1    1    1      1332    6    3 VMpure     7    6    2    9
    9    7    1    2    2    1    2    2    1    0       946   14    3 VMpure    14    1
    9    8    2    2    2    0    0    2    1    1       960   16    3 VMpure     7    3
    9    9    1    2    4    4    1    2    1    0       722   10    3 VMpure     1    8   16   10
    9   10    2    2    8    0    0    1    1    0       921   15    3 VMpure     8   13    6    1    4   10    7   16
    9   11    2    2    8    0    0    2    0    0       888   15    3 VMpure    16    9   12    5    4    1    6    7
    9   12    1    2    2    1    2    2    1    0       569   15    3 VMpure    15   16
    9   13    2    2    2    0    0    1    1    0       806   15    3 VMpure    11    6
    9   14    1    2    8    6    3    1    1    1       634    7    3 VMpure    16    2   10    4   11    7   12   14
    9   15    1    2    8    8    1    2    1    0       564   15    3 VMpure    14    3    9   12   16    1   10   15
    9   16    2    2    4    0    0    2    0    0       806   11    3 VMpure     4    5   14   13
    9   17    1    2    8    3    6    1    1    1       649   13    3 VMpure    14    9   13    2    3   12   11    8
    9   18    2    2    4    0    0    1    1    0       776   12    3 VMpure     8   15    2   10
    9   19    2    2    4    0    0    1    1    0      1202    5    3 VMpure    13   10   16    1
    9   20    2    2    2    0    0    2    1    1       646   10    3 VMpure     5    8
    9   21    2    2    8    0    0    2    0    0       831    7    3 VMpure    16    5    9    8    2   12    1    6
    9   22    2    2    4    0    0    2    1    1       791   12    3 VMpure    10    9    3    8
    9   23    2    2    8    0    0    2    0    0       779    6    3 VMpure     9   16    2   12   13    5   11   15
    9   24    2    2    8    0    0    1    1    0      1359   11    3 VMpure     8   15    3    2   16   13    4    6
