    1    1    1    2    2    1    2    1    1    1      5461   10    3 VMpure    10    1
    1    2    1    2    2    2    1    1    1    1       567    6    3 VMpure     2    6
    1    3    1    2    2    1    2    1    1    1       693   13    3 VMpure    13   16
    1    4    2    2    2    0    0    1    1    0      1245    3    3 VMpure    11    7
    1    5    1    2    2    2    1    1    1    1       552   12    3 VMpure     7   12
    1    6    1    2    4    3    2    2    1    0      3315   11    3 VMpure     7    4   11   10
    1    7    2    2    2    0    0    2    1    1      2828   14    3 VMpure     1   16
    1    8    1    2    2    2    1    2    1    0      1039   15    3 VMpure     7   15
    1    9    2    2    4    0    0    2    1    1      1216   11    3 VMpure     5   14    6    1
    1   10    1    2    8    6    3    1    1    1      1205    4    3 VMpure    12   16    9    8   14    4    2    3
    1   11    2    2    8    0    0    1    1    0      1331    5    3 VMpure    14   11    8   16    9    4    2   13
    1   12    2    2    4    0    0    1    1    0      1311   16    3 VMpure     9   13   14    7
    1   13    2    2    4    0    0    1    1    0      1021   16    3 VMpure     4    7    1    2
    1   14    2    2    2    0    0    2    1    1      1600    1    3 VMpure     7   15
    1   15    1    2    8    2    7    2    1    0      1110    9    3 VMpure     4    9   14   13   15    6    5    1
    1   16    2    2    8    0    0    2    1    1      1055   14    3 VMpure    13   12   16    7    1    3    8    4
    1   17    1    2    2    2    1    2    1    0      1434    6    3 VMpure     1    6
    1   18    1    2    2    1    2    2    1    0       669    8    3 VMpure     8    7
    1   19    2    2    4    0    0    1    1    0       660    5    3 VMpure    15   16    2    1
    1   20    1    2    4    4    1    1    1    1       493   15    3 VMpure    13   16    6   15
    1   21    2    2    8    0    0    1    1    0       903   11    3 VMpure    16    1   13    8    2    3    4    9
    1   22    1    2    2    2    1    1    0    0       552   10    3 VMpure    14   10
    1   23    2    2    8    0    0    2    1    1       711    2    3 VMpure    14   13   15   10    4    3    9   12
    1   24    2    2    2    0    0    2    1    1       752    7    3 VMpure     1    3
    2    1    1    2    2    1    2    1    0    0       888    5    3 VMpure     5   13
    2    2    1    2    4    2    3    1    1    1       959    6    3 VMpure    13    6   14    2
    2    3    2    2    2    0    0    1    1    0       878   11    3 VMpure     3   13
    2    4    1    2    8    4    5    2    1    0       953   13    3 VMpure    15   10   14   13    4    6    9   16
    2    5    2    2    2    0    0    2    1    1      1256    3    3 VMpure    13   15
    2    6    1    2    8    3    6    2    0    1      1004    4    3 VMpure    14    6    4    8    9   11    1   15
    2    7    2    2    8    0    0    1    0    1      1073   15    3 VMpure     2    4    9    7    6    5   12   11
    2    8    1    2    4    1    4    2    1    0       825    8    3 VMpure     8   11   15    5
    2    9    2    2    4    0    0    2    1    1      1587    5    3 VMpure     4    1   12    9
    2   10    1    2    8    4    5    2    1    0       849    6    3 VMpure     8    7   13    6    1   12   14    4
    2   11    1    2    8    2    7    2    0    1      1149   11    3 VMpure     4   11   14   13    5   12    8    9
    2   12    2    2    2    0    0    1    1    0      1724    2    3 VMpure    14    9
    2   13    2    2    8    0    0    2    1    1       685   14    3 VMpure    10   15    1    2   12    6    9    8
    2   14    1    2    2    2    1    2    1    0       622    4    3 VMpure    10    4
    2   15    2    2    8    0    0    1    0    1       939   14    3 VMpure     2    5   11    1    9   15    3   12
    2   16    1    2    8    2    7    1    1    1       971   10    3 VMpure     2   10   14   16    8    5    6    7
    2   17    2    2    2    0    0    1    1    0       793   13    3 VMpure     8    9
    2   18    1    2    4    4    1    1    0    0       485    4    3 VMpure    15   11   10    4
    2   19    2    2    2    0    0    1    1    0       766    6    3 VMpure    11   16
    2   20    1    2    2    1    2    2    1    0       820   15    3 VMpure    15    6
    2   21    2    2    2    0    0    1    1    0       712    1    3 VMpure     5   10
    2   22    2    2    4    0    0    2    1    1       734    5    3 VMpure    16   10    1    8
    2   23    1    2    4    1    4    2    1    0      2811   11    3 VMpure    11    6    4   15
    2   24    1    2    8    5    4    2    1    0       849   14    3 VMpure    10   11   13    6   14   15    7   12
    3    1    2    2    4    0    0    2    1    1       750    8    3 VMpure     3    7   15   10
    3    2    2    2    4    0    0    1    1    0       650   13    3 VMpure    11    7   10    6
    3    3    1    2    4    3    2    2    0    1       659   12    3 VMpure     3   13   12    2
    3    4    1    2    2    1    2    1    1    1       781    1    3 VMpure     1    8
    3    5    1    2    2    2    1    1    1    1       531   10    3 VMpure     6   10
    3    6    1    2    8    2    7    2    1    0       955    1    3 VMpure     6    1    8    4   16    7   15   13
    3    7    2    2    8    0    0    2    1    1       762   11    3 VMpure     2   15    9   16   12    8   13    4
    3    8    1    2    2    2    1    2    1    0       769   12    3 VMpure     6   12
    3    9    1    2    8    1    8    1    1    1      1672    8    3 VMpure     8    6    2   15    5    7   16    4
    3   10    1    2    2    1    2    1    1    1       946   10    3 VMpure    10   15
    3   11    1    2    8    5    4    1    1    1       962    7    3 VMpure    10    2   13    6    7    9   14   11
    3   12    2    2    4    0    0    1    1    0       959   14    3 VMpure    16   15    4    8
    3   13    2    2    8    0    0    1    1    0      1135   16    3 VMpure     5    9    7   15    6   10    2    3
    3   14    2    2    8    0    0    2    1    1       655   12    3 VMpure     8   13    2   16    9    1   15   14
    3   15    2    2    8    0    0    1    1    0       810    5    3 VMpure    16    9    8   14   13   15    1   10
    3   16    1    2    8    4    5    2    1    0       680    9    3 VMpure     8   16   10    9    2   12   15    1
    3   17    1    2    8    4    5    1    1    1       698    6    3 VMpure    11    8    5    6   15    9    7   14
    3   18    2    2    2    0    0    2    1    1       603   12    3 VMpure     2   16
    3   19    2    2    8    0    0    1    1    0       808    8    3 VMpure     6    7    5   14    2    9    3    4
    3   20    2    2    2    0    0    1    1    0       685   12    3 VMpure    14    4
    3   21    2    2    8    0    0    2    1    1       735   15    3 VMpure     8    6    4    7    1    2    9    5
    3   22    1    2    8    8    1    1    0    0       984   10    3 VMpure     4   13    6   15   12   16    2   10
    3   23    2    2    8    0    0    2    1    1       910    9    3 VMpure    10   14   16    6   12    5   11    2
    3   24    1    2    8    7    2    1    1    1       912    5    3 VMpure    12   11    3    2   15   14    5    7
    4    1    1    2    2    2    1    2    1    0       381    2    3 VMpure    10    2
    4    2    2    2    4    0    0    2    1    1       864    1    3 VMpure     6    5   14   16
    4    3    1    2    8    8    1    1    0    0       739   14    3 VMpure     7   11    6    2    3   16   13   14
    4    4    2    2    2    0    0    2    1    1      1650    6    3 VMpure    10    3
    4    5    2    2    8    0    0    2    1    1       798    1    3 VMpure    12   14   16   15    4   10    2    5
    4    6    2    2    8    0    0    2    1    1       843    1    3 VMpure    16   14    7   15    4    3   13    2
    4    7    2    2    2    0    0    1    1    0       599    4    3 VMpure    10   15
    4    8    2    2    4    0    0    2    1    1       521    8    3 VMpure     7    5   13    1
    4    9    2    2    4    0    0    2    1    1       535    3    3 VMpure    11    4    8   16
    4   10    1    2    8    4    5    2    1    0       895   13    3 VMpure     4    3   16   13    5    1   14   11
    4   11    2    2    2    0    0    2    1    1       681    6    3 VMpure    13    9
    4   12    2    2    2    0    0    2    1    1       642    4    3 VMpure     6    7
    4   13    2    2    4    0    0    1    1    0       954   11    3 VMpure     5    7   14    6
    4   14    2    2    8    0    0    2    0    0      1018    6    3 VMpure     1    8   10    3    7   11    4    2
    4   15    1    2    4    2    3    2    0    1       907   12    3 VMpure     7   12   11    8
    4   16    1    2    2    1    2    1    1    1       804   15    3 VMpure    15   16
    4   17    2    2    8    0    0    2    1    1       673   11    3 VMpure     8   14    6    9   16   10    5    4
    4   18    2    2    4    0    0    1    1    0      1408   15    3 VMpure     1    7    4    6
    4   19    2    2    8    0    0    2    1    1       734   11    3 VMpure     2    6   14   16   15    1   13    8
    4   20    2    2    8    0    0    2    1    1      1287    5    3 VMpure    12    4    8    7   11    2    9    3
    4   21    1    2    2    2    1    2    1    0       776   14    3 VMpure     8   14
    4   22    1    2    8    5    4    1    0    0      1639    7    3 VMpure    13   11   14    9    7    5    6    2
    4   23    1    2    4    1    4    1    1    1       848   13    3 VMpure    13   12    3    9
    4   24    2    2    8    0    0    2    1    1       884    9    3 VMpure    13   15    2   11    8    7    6    4
    5    1    2    2    2    0    0    1    1    0      1044    3    3 VMpure     1    9
    5    2    1    2    2    1    2    2    1    0       847   11    3 VMpure    11    6
    5    3    2    2    2    0    0    1    1    0       810    2    3 VMpure    15    4
    5    4    2    2    4    0    0    2    0    0       916    4    3 VMpure    12    8    6    2
    5    5    2    2    4    0    0    1    0    1      1002    6    3 VMpure     1   15   13   14
    5    6    2    2    4    0    0    1    1    0       764    7    3 VMpure     6   15    5    4
    5    7    2    2    4    0    0    1    1    0      1024    4    3 VMpure    14   12    5    8
    5    8    1    2    4    1    4    2    1    0       930    3    3 VMpure     3   10   14    9
    5    9    1    2    2    2    1    1    0    0       666   11    3 VMpure    15   11
    5   10    1    2    8    1    8    2    0    1       604    2    3 VMpure     2   12    8    3    4    9    1    7
    5   11    2    2    8    0    0    1    1    0       898   12    3 VMpure     9    5   13    8   10    1   16    2
    5   12    1    2    4    4    1    2    1    0       880    9    3 VMpure     8   13   14    9
    5   13    2    2    2    0    0    2    1    1       778   10    3 VMpure    12    4
    5   14    2    2    2    0    0    1    1    0      1568   14    3 VMpure    13   16
    5   15    2    2    2    0    0    1    1    0       998    6    3 VMpure    15    4
    5   16    1    2    4    2    3    1    1    1       952   12    3 VMpure     4   12   11    1
    5   17    2    2    8    0    0    1    1    0       856    9    3 VMpure    11    3    2    8    5   15    1    6
    5   18    2    2    2    0    0    1    1    0      1130    4    3 VMpure     5    1
    5   19    2    2    4    0    0    1    1    0      1023   15    3 VMpure    12    7   10    2
    5   20    1    2    8    8    1    2    1    0       740    4    3 VMpure     1   15   16    3    5   11   14    4
    5   21    2    2    8    0    0    1    0    1       724    7    3 VMpure    13   14   15    2    5    6    1    4
    5   22    1    2    2    1    2    2    1    0      1052   14    3 VMpure    14    9
    5   23    1    2    2    2    1    2    1    0       687    3    3 VMpure     7    3
    5   24    1    2    4    4    1    1    1    1      1022   12    3 VMpure    14   13    6   12
    6    1    1    2    8    2    7    2    1    0       926   10    3 VMpure     6   10   11   13    5    7   15    9
    6    2    2    2    4    0    0    2    1    1       788    1    3 VMpure    11   12    6   15
    6    3    2    2    2    0    0    2    1    1       866    9    3 VMpure     6    3
    6    4    2    2    2    0    0    1    0    1       604    6    3 VMpure    12   10
    6    5    2    2    4    0    0    2    1    1       830    6    3 VMpure     1   10   16   12
    6    6    2    2    4    0    0    2    1    1       911    4    3 VMpure     2    6   16    5
    6    7    1    2    8    7    2    1    0    0      1241    8    3 VMpure     1   12    7    9   11   14    8   10
    6    8    2    2    4    0    0    1    1    0      1410   10    3 VMpure    12    5   15    7
    6    9    1    2    4    3    2    2    1    0      1140    5    3 VMpure     7    9    5   14
    6   10    1    2    4    3    2    1    1    1       913    1    3 VMpure     8   16    1   15
    6   11    2    2    8    0    0    1    1    0       915    2    3 VMpure    13   15    7    3    8   12    4    1
    6   12    2    2    4    0    0    2    1    1       760    8    3 VMpure     3    2   11   12
    6   13    1    2    4    1    4    1    0    0      1205   14    3 VMpure    14   11    7    6
    6   14    2    2    8    0    0    1    1    0       826   10    3 VMpure     1    4   14    3    9   16   12    5
    6   15    1    2    8    2    7    1    1    1       719    4    3 VMpure    12    4    1    3    5    9   10    2
    6   16    1    2    4    2    3    1    1    1       813    5    3 VMpure    13    5   14    2
    6   17    1    2    4    3    2    2    1    0       880    5    3 VMpure    11    6    5    4
    6   18    2    2    8    0    0    2    1    1      1090   13    3 VMpure     3   15    9    1   11   12    7   14
    6   19    2    2    2    0    0    1    1    0       844    2    3 VMpure     1    3
    6   20    1    2    8    1    8    1    1    1       960    1    3 VMpure     1   15    5    9    3    6    4   11
    6   21    2    2    4    0    0    1    1    0       765    9    3 VMpure     5    8   16    2
    6   22    2    2    2    0    0    2    1    1       827    2    3 VMpure    15    6
    6   23    2    2    8    0    0    1    0    1       727   15    3 VMpure     5    4    7   14    2    6   11    9
    6   24    2    2    2    0    0    1    1    0       567    7    3 VMpure    16    9
    7    1    2    2    8    0    0    2    1    1       956   14    3 VMpure     5    6    2   12    8   10    1   15
    7    2    1    2    8    6    3    2    0    1       796    8    3 VMpure    14    7   16   15    6    8   10   11
    7    3    2    2    2    0    0    2    1    1      1705    9    3 VMpure    13   12
    7    4    1    2    8    2    7    1    1    1       867   16    3 VMpure     4   16    9    3    1   11   15    5
    7    5    1    2    4    4    1    2    0    1      1763    3    3 VMpure    10   12   16    3
    7    6    2    2    4    0    0    1    0    1      2951    8    3 VMpure    15    9   14    3
    7    7    2    2    4    0    0    2    1    1       523    7    3 VMpure    16   13    6   15
    7    8    1    2    8    2    7    1    1    1       884    7    3 VMpure     6    7    3   12    4   16   13    1
    7    9    2    2    8    0    0    1    1    0       935    4    3 VMpure    16    3    5   15    1    8   10   14
    7   10    1    2    8    5    4    1    1    1       751    3    3 VMpure    12   11    1    9    3   15   13    8
    7   11    1    2    8    7    2    2    1    0      1166    1    3 VMpure     3    9    6    4    8   16    1   14
    7   12    1    2    8    2    7    2    0    1       958    4    3 VMpure     1    4    6   16    5    3   14   10
    7   13    2    2    8    0    0    1    0    1      1013   13    3 VMpure    12   11    2    3    4    5   10    9
    7   14    2    2    4    0    0    1    1    0       648   11    3 VMpure    16    9    2   15
    7   15    1    2    8    8    1    2    1    0       619   10    3 VMpure     1    4   16   15   11    8    7   10
    7   16    2    2    4    0    0    2    1    1       733    1    3 VMpure    10    3   15    7
    7   17    1    2    2    1    2    1    0    0       948   14    3 VMpure    14   11
    7   18    2    2    4    0    0    2    1    1      1361    1    3 VMpure    15    6   11   13
    7   19    2    2    2    0    0    2    0    0      3080    2    3 VMpure    11   12
    7   20    2    2    4    0    0    2    0    0      1855    6    3 VMpure    16   14    1    3
    7   21    1    2    4    4    1    1    1    1       728    7    3 VMpure     3   13   15    7
    7   22    2    2    8    0    0    1    0    1       793   15    3 VMpure    16   12    4    5   11    6   10    9
    7   23    1    2    2    1    2    1    0    0      1807   12    3 VMpure    12    2
    7   24    1    2    8    6    3    2    1    0       708    1    3 VMpure    12    7    8   11   15    1   13   14
    8    1    2    2    8    0    0    2    1    1       707   16    3 VMpure     5   11    4   12    8   13    3    9
    8    2    1    2    2    2    1    2    1    0      6284    2    3 VMpure     9    2
    8    3    1    2    2    1    2    2    1    0      1846   13    3 VMpure    13   11
    8    4    2    2    8    0    0    2    0    0      1827    1    3 VMpure     3    2    6   16    7   12    5    4
    8    5    1    2    8    7    2    2    1    0       592    7    3 VMpure     9    3   11    2   10   14    7    4
    8    6    2    2    8    0    0    1    1    0       797   10    3 VMpure    11    4   12    8    3    2   14    6
    8    7    2    2    2    0    0    2    1    1       626    6    3 VMpure    11   13
    8    8    2    2    2    0    0    2    1    1       646   15    3 VMpure    10    4
    8    9    1    2    2    2    1    1    1    1       754    3    3 VMpure     8    3
    8   10    1    2    8    4    5    2    1    0      1233   11    3 VMpure    13    1    9   11   10   14   15   12
    8   11    1    2    2    2    1    2    1    0       437    7    3 VMpure     9    7
    8   12    1    2    8    5    4    2    0    1       945    1    3 VMpure     4    9    3    6    1   10    2    5
    8   13    1    2    8    4    5    2    1    0       833   16    3 VMpure    13   10   14   16   15   11    4    3
    8   14    1    2    2    1    2    2    0    1       549    1    3 VMpure     1   16
    8   15    1    2    2    1    2    1    1    1       604    4    3 VMpure     4   13
    8   16    1    2    4    3    2    2    1    0       957    3    3 VMpure     7   16    3    9
    8   17    2    2    2    0    0    1    1    0       556    6    3 VMpure     8    2
    8   18    2    2    2    0    0    1    1    0       563   13    3 VMpure     9   11
    8   19    1    2    8    5    4    2    1    0       642    6    3 VMpure     8   10   12    7    6    9    3   14
    8   20    2    2    4    0    0    2    0    0       811    6    3 VMpure     2   16    5   13
    8   21    2    2    2    0    0    2    1    1       664   13    3 VMpure     2   12
    8   22    1    2    8    4    5    1    1    1       555   15    3 VMpure     3    1   13   15   10    9   14    8
    8   23    1    2    4    2    3    2    1    0       623    2    3 VMpure     4    2    9   14
    8   24    1    2    4    2    3    2    1    0       593    3    3 VMpure     7    3   15    2
    9    1    2    2    2    0    0    1    1    0       813   10    3 VMpure    12    7
    9    2    2    2    2    0    0    1    1    0       570   16    3 VMpure    13   11
    9    3    2    2    8    0    0    1    0    1      1145   14    3 VMpure    10    8    2    4   15   13   16    6
    9    4    1    2    4    3    2    2    1    0       710    2    3 VMpure     7   16    2   12
    9    5    2    2    8    0    0    2    0    0       664    1    3 VMpure    11   16    6    9   15    5    2    7
    9    6    2    2    2    0    0    2    1    1       801   11    3 VMpure     6    4
    9    7    2    2    2    0    0    2    1    1       854   10    3 VMpure     8   11
    9    8    2    2    2    0    0    2    0    0      1401   16    3 VMpure     1    3
    9    9    1    2    2    1    2    1    0    0      2286   11    3 VMpure    11    6
    9   10    1    2    4    3    2    2    1    0       637    1    3 VMpure    12   10    1   16
    9   11    2    2    2    0    0    2    1    1      1441    1    3 VMpure     4   10
    9   12    1    2    4    2    3    2    0    1      1714   14    3 VMpure    12   14    7    5
    9   13    1    2    8    5    4    1    1    1       491   16    3 VMpure    13    2   14    8   16   12    4    1
    9   14    2    2    2    0    0    1    1    0       604   11    3 VMpure     8   15
    9   15    2    2    4    0    0    2    0    0       775    6    3 VMpure    15    3   14    2
    9   16    2    2    2    0    0    1    0    1       693   15    3 VMpure    14    8
    9   17    2    2    2    0    0    2    0    0       590    2    3 VMpure    11    6
    9   18    2    2    2    0    0    2    1    1       595   10    3 VMpure     3    1
    9   19    2    2    8    0    0    1    1    0       706    2    3 VMpure    12   16    8   11   10    7   15   13
    9   20    2    2    8    0    0    1    1    0      3307   11    3 VMpure     1   14    4    3   13    5    7    6
    9   21    2    2    8    0    0    2    1    1       925    8    3 VMpure    14    2   16   13    1    4    5   10
    9   22    1    2    2    2    1    1    1    1      3382    7    3 VMpure    13    7
    9   23    1    2    2    2    1    2    1    0       595   13    3 VMpure    12   13
    9   24    1    2    4    1    4    2    0    1       718    1    3 VMpure     1   14   11   13
