    1    1    1    2    8    8    1    1    1    1      2167    6    3 VMpure     4    7   15   12   16    3    1    6
    1    2    2    2    2    0    0    1    1    0      4138   16    3 VMpure    13    7
    1    3    1    2    4    2    3    1    1    1      1344   13    3 VMpure     2   13    8   10
    1    4    2    2    8    0    0    1    1    0      1499    4    3 VMpure    12    5    8   14   13    3   15   11
    1    5    1    2    8    1    8    2    0    1      1334    4    3 VMpure     4   14    5    9   12   10    7   11
    1    6    1    2    8    4    5    2    1    0      1513    2    3 VMpure     3   14    8    2   12    6   11    1
    1    7    2    2    2    0    0    1    1    0       764    1    3 VMpure     8    7
    1    8    2    2    8    0    0    1    1    0      1161    6    3 VMpure    15   16   12   11    5    1    9   14
    1    9    2    2    4    0    0    1    1    0       602   13    3 VMpure     3    8    4    5
    1   10    2    2    4    0    0    1    0    1      1194   12    3 VMpure     9    6    4   16
    1   11    2    2    4    0    0    1    1    0      1218    3    3 VMpure     4    7   12   10
    1   12    1    2    8    7    2    1    1    1       918    6    3 VMpure    14    5   10   15    7    8    6    1
    1   13    2    2    2    0    0    1    1    0       689    6    3 VMpure     1    3
    1   14    1    2    2    1    2    2    1    0       824    6    3 VMpure     6   13
    1   15    1    2    4    4    1    1    1    1       771    2    3 VMpure     1   12   10    2
    1   16    2    2    4    0    0    2    1    1       998    3    3 VMpure     2    9   11   14
    1   17    2    2    4    0    0    2    1    1       871    7    3 VMpure    10   16    4    6
    1   18    2    2    4    0    0    2    1    1       735    9    3 VMpure    10    6    3    1
    1   19    2    2    8    0    0    2    1    1       997    5    3 VMpure    10    4    9   14   11   15    2    6
    1   20    2    2    4    0    0    1    1    0       898    9    3 VMpure    15   13   10    8
    1   21    2    2    8    0    0    1    1    0      1000    9    3 VMpure    10    5    8   11    3   16   13    7
    1   22    2    2    2    0    0    2    1    1      1664    2    3 VMpure    10    7
    1   23    1    2    4    3    2    1    1    1       857    5    3 VMpure    15    2    5   12
    1   24    1    2    2    1    2    1    1    1       745    9    3 VMpure     9   13
    2    1    2    2    4    0    0    2    1    1       969   12    3 VMpure    15    9    1   16
    2    2    2    2    4    0    0    2    1    1      1057   10    3 VMpure     3    8    4    5
    2    3    1    2    4    1    4    2    1    0      1066   11    3 VMpure    11    4    9   15
    2    4    1    2    8    8    1    2    1    0       799   13    3 VMpure     1   10   15    4    6    3   11   13
    2    5    1    2    8    3    6    1    1    1      1213   13    3 VMpure    15   16   13    9   10    6    2    3
    2    6    2    2    2    0    0    2    1    1       931    3    3 VMpure     5   11
    2    7    1    2    2    1    2    2    1    0       896   10    3 VMpure    10   14
    2    8    2    2    8    0    0    2    1    1      1049   16    3 VMpure    15    9    4    2   12    1    7   13
    2    9    2    2    2    0    0    2    1    1       889    6    3 VMpure     3   13
    2   10    1    2    4    2    3    1    0    0      1761    9    3 VMpure    12    9    7   10
    2   11    1    2    2    2    1    1    1    1       710    5    3 VMpure     7    5
    2   12    2    2    8    0    0    2    0    0      1191    7    3 VMpure    16    6    3    9   10   15    4   13
    2   13    1    2    4    2    3    1    0    0      1431    8    3 VMpure    13    8    5   15
    2   14    1    2    2    1    2    1    1    1       698   10    3 VMpure    10   11
    2   15    2    2    4    0    0    2    1    1       765   16    3 VMpure     3    9    6    4
    2   16    1    2    4    4    1    2    1    0       893    5    3 VMpure     2    6   12    5
    2   17    1    2    8    2    7    1    1    1      1488   12    3 VMpure    10   12   14    6    1    2   15    5
    2   18    1    2    2    2    1    1    1    1       667   15    3 VMpure     9   15
    2   19    2    2    8    0    0    2    1    1       884    5    3 VMpure    11    4   14   12    1   16   15    8
    2   20    2    2    8    0    0    2    0    0       967    1    3 VMpure     9   12   10    6    7    2   15   16
    2   21    2    2    2    0    0    1    1    0       583    6    3 VMpure     3   16
    2   22    1    2    2    1    2    1    1    1       650    4    3 VMpure     4    8
    2   23    2    2    4    0    0    2    1    1       783   13    3 VMpure     8    3   14   11
    2   24    2    2    8    0    0    1    1    0      1229   15    3 VMpure     1    3    7    8   13   14    2   11
    3    1    2    2    4    0    0    1    1    0      1344    1    3 VMpure    13   16    8    6
    3    2    1    2    4    2    3    1    1    1       822   15    3 VMpure    12   15    9    2
    3    3    1    2    4    4    1    1    1    1       577   14    3 VMpure     6   15    1   14
    3    4    2    2    2    0    0    2    1    1       775   16    3 VMpure    15    6
    3    5    1    2    4    1    4    1    1    1       871    8    3 VMpure     8   16    1    7
    3    6    2    2    8    0    0    1    1    0      1015    7    3 VMpure     4    6   12   10   15   13    8    9
    3    7    2    2    8    0    0    1    1    0      1685    9    3 VMpure     6    3   11    8    4   16   15    1
    3    8    1    2    4    2    3    2    1    0       973   10    3 VMpure     3   10    5   11
    3    9    2    2    4    0    0    2    1    1      1253   11    3 VMpure     2   16   12    8
    3   10    1    2    4    4    1    1    1    1       712   10    3 VMpure    14    6    5   10
    3   11    2    2    2    0    0    2    1    1       774   12    3 VMpure     4   10
    3   12    1    2    2    1    2    2    1    0       913    8    3 VMpure     8    6
    3   13    2    2    4    0    0    2    1    1       751    9    3 VMpure     4    2    1    3
    3   14    2    2    2    0    0    2    1    1       647    1    3 VMpure    15    3
    3   15    1    2    2    2    1    1    1    1       649   13    3 VMpure     8   13
    3   16    1    2    4    4    1    2    1    0      1010    3    3 VMpure     7   14    9    3
    3   17    1    2    4    3    2    2    1    0       927    2    3 VMpure    11   14    2    4
    3   18    1    2    4    1    4    1    1    1      1037   12    3 VMpure    12    7   14    9
    3   19    1    2    4    4    1    2    1    0       722   11    3 VMpure     8    5   10   11
    3   20    2    2    8    0    0    1    1    0      1142   15    3 VMpure     9    8    1    5   12   14   10   16
    3   21    1    2    8    5    4    2    1    0       907    9    3 VMpure    15    6    7    1    9   12    5    8
    3   22    2    2    4    0    0    2    1    1       844    3    3 VMpure     7    2    9    8
    3   23    2    2    4    0    0    2    1    1       857   14    3 VMpure     7   13   11    1
    3   24    2    2    2    0    0    1    1    0       772    2    3 VMpure    13    3
    4    1    1    2    2    1    2    1    1    1       650   12    3 VMpure    12    3
    4    2    2    2    2    0    0    2    1    1       762   12    3 VMpure    14    9
    4    3    2    2    2    0    0    1    1    0      1314    6    3 VMpure     8    2
    4    4    2    2    4    0    0    1    1    0      1133    6    3 VMpure    12    8    7   15
    4    5    1    2    8    2    7    2    1    0       944   11    3 VMpure     4   11    8   14    5    7   10   12
    4    6    1    2    2    2    1    1    1    1      1150   12    3 VMpure     8   12
    4    7    2    2    2    0    0    1    1    0      1187    6    3 VMpure     1   16
    4    8    2    2    8    0    0    1    1    0      1219   15    3 VMpure     9    7    2   10   11   13   16    6
    4    9    2    2    8    0    0    1    1    0      1305    5    3 VMpure    16    2    9    3    6   15   10    4
    4   10    1    2    4    3    2    1    1    1       868   11    3 VMpure    16    8   11   13
    4   11    1    2    4    3    2    1    1    1       794   10    3 VMpure    12    9   10   11
    4   12    2    2    4    0    0    1    1    0      1231    1    3 VMpure    10   14   13   16
    4   13    1    2    2    2    1    1    1    1       792    7    3 VMpure    14    7
    4   14    1    2    8    7    2    1    1    1       840   14    3 VMpure     4   16   12    7   10   13   14    1
    4   15    1    2    2    1    2    2    1    0       835   10    3 VMpure    10   14
    4   16    1    2    8    5    4    1    1    1       825    2    3 VMpure    13    8   15   12    2    7    9    1
    4   17    1    2    2    1    2    2    1    0       878   11    3 VMpure    11   13
    4   18    1    2    8    3    6    2    1    0      1534   13    3 VMpure     5    4   13    7   11    6   14    3
    4   19    1    2    2    2    1    2    1    0       612   15    3 VMpure    16   15
    4   20    1    2    8    8    1    1    1    1       850   16    3 VMpure    14    1    3   13    6   15    8   16
    4   21    2    2    8    0    0    2    1    1      1517   16    3 VMpure    14    8    5   11    4    6   13    7
    4   22    1    2    8    2    7    2    1    0      1280    1    3 VMpure    11    1   14    3    9   13    8   16
    4   23    1    2    2    1    2    2    1    0       832   12    3 VMpure    12   10
    4   24    1    2    2    1    2    1    1    1       904    5    3 VMpure     5   13
    5    1    1    2    2    1    2    2    1    0      2116   12    3 VMpure    12    7
    5    2    1    2    4    4    1    1    1    1       657   10    3 VMpure    16    6   13   10
    5    3    1    2    8    2    7    1    1    1       743   10    3 VMpure     9   10   11   15    5    3    7    1
    5    4    2    2    2    0    0    1    1    0       858   13    3 VMpure     4   11
    5    5    1    2    4    4    1    1    1    1       541   10    3 VMpure     8    1   14   10
    5    6    2    2    2    0    0    1    1    0       666    1    3 VMpure     6   12
    5    7    2    2    4    0    0    2    1    1       808    9    3 VMpure     6    4    5   10
    5    8    2    2    4    0    0    2    1    1       880   16    3 VMpure    15    8    3    9
    5    9    2    2    2    0    0    2    1    1       640   13    3 VMpure     1   16
    5   10    1    2    8    4    5    1    0    0       819    7    3 VMpure     6    5   11    7   14    9   10    4
    5   11    2    2    4    0    0    2    1    1       732    4    3 VMpure    15   14    9   10
    5   12    2    2    8    0    0    1    0    1       625    3    3 VMpure    16    1    6    9    2   11    8   15
    5   13    1    2    8    7    2    1    1    1       783    6    3 VMpure     7    8   16   11    5   13    6    3
    5   14    1    2    8    7    2    1    1    1       602    6    3 VMpure     2   11    4    9   12    5    6    3
    5   15    2    2    8    0    0    1    1    0       837   16    3 VMpure     7    4    2    5   15   12   14    1
    5   16    1    2    2    2    1    1    1    1       430    6    3 VMpure     3    6
    5   17    2    2    8    0    0    2    1    1      1331    8    3 VMpure     9   12   15    3   13   10    2    5
    5   18    2    2    2    0    0    1    1    0       545    7    3 VMpure    10    2
    5   19    2    2    4    0    0    1    1    0       758    5    3 VMpure     4   16   12    1
    5   20    2    2    4    0    0    2    1    1       759    1    3 VMpure    13   14    2   11
    5   21    2    2    4    0    0    2    1    1      4116    2    3 VMpure    15   16   14    6
    5   22    1    2    8    6    3    1    0    0      1658    3    3 VMpure     2   10   14   12    4    3    5    1
    5   23    1    2    2    1    2    2    1    0      4039    4    3 VMpure     4    9
    5   24    1    2    2    2    1    1    1    1      1136    2    3 VMpure     5    2
    6    1    1    2    8    4    5    2    1    0       715    7    3 VMpure     4   12   15    7   11   14    6    5
    6    2    1    2    4    2    3    2    1    0      1057    3    3 VMpure     7    3    2   15
    6    3    1    2    8    8    1    2    1    0       615    7    3 VMpure    12    2    8    5    6    4    3    7
    6    4    1    2    2    2    1    2    1    0       530   11    3 VMpure    15   11
    6    5    2    2    2    0    0    1    1    0      2604   15    3 VMpure    13    8
    6    6    1    2    8    3    6    2    0    1      1560    7    3 VMpure     5    6    7   16   10   15    2    8
    6    7    1    2    4    2    3    1    1    1       664   10    3 VMpure     8   10    5   15
    6    8    1    2    8    6    3    1    0    0       784   15    3 VMpure     9    5    1   16    2   15    7   11
    6    9    1    2    8    1    8    2    0    1      1038   11    3 VMpure    11   14   10   12    1    7   13    4
    6   10    1    2    8    8    1    2    1    0      1041   14    3 VMpure     2    3    7    4    1    9    5   14
    6   11    2    2    2    0    0    1    0    1      4212   10    3 VMpure     8    6
    6   12    1    2    2    1    2    2    0    1      1266    1    3 VMpure     1   10
    6   13    1    2    8    8    1    2    1    0       738    5    3 VMpure    11   10    1    2    6   15   12    5
    6   14    2    2    4    0    0    2    0    0      2970    2    3 VMpure    15    3   13    4
    6   15    2    2    2    0    0    2    1    1      4957   13    3 VMpure     9    5
    6   16    2    2    2    0    0    1    1    0      3789   11    3 VMpure     7   12
    6   17    2    2    4    0    0    1    1    0       843   14    3 VMpure     9    6    3    7
    6   18    2    2    4    0    0    1    1    0      1323    8    3 VMpure     9   11    6   14
    6   19    1    2    2    2    1    2    1    0       643    8    3 VMpure    12    8
    6   20    2    2    2    0    0    2    1    1       838    3    3 VMpure     1   11
    6   21    1    2    2    1    2    2    1    0       465   14    3 VMpure    14    8
    6   22    1    2    4    1    4    2    1    0       551    9    3 VMpure     9   13    1   15
    6   23    1    2    2    1    2    2    1    0      3748   13    3 VMpure    13   12
    6   24    2    2    8    0    0    1    1    0       613   10    3 VMpure     8   12    6   15   14    7    2    1
    7    1    1    2    8    6    3    2    1    0      2456    3    3 VMpure    12    6    2   13   10    3    9    4
    7    2    1    2    4    3    2    2    1    0       459   14    3 VMpure    12   13   14    9
    7    3    2    2    2    0    0    2    1    1      5046    4    3 VMpure     6    9
    7    4    2    2    8    0    0    1    0    1       871    8    3 VMpure     7    4    1   12   15   14    5    2
    7    5    1    2    2    2    1    1    1    1       711   10    3 VMpure     2   10
    7    6    1    2    4    2    3    2    1    0       796    4    3 VMpure     5    4    3    1
    7    7    1    2    2    2    1    1    1    1       589   10    3 VMpure    13   10
    7    8    1    2    4    3    2    1    0    0       775    6    3 VMpure    12   11    6    3
    7    9    1    2    4    1    4    1    0    0       858   15    3 VMpure    15    6   16    5
    7   10    1    2    4    4    1    1    1    1       429    9    3 VMpure    14    2    1    9
    7   11    1    2    2    1    2    1    0    0       805    3    3 VMpure     3    2
    7   12    1    2    4    1    4    1    1    1       670    3    3 VMpure     3   12   11    4
    7   13    2    2    8    0    0    2    1    1       739   11    3 VMpure     1    3    2   15   10   16    8    4
    7   14    1    2    2    1    2    2    0    1      4102   16    3 VMpure    16   12
    7   15    2    2    2    0    0    1    1    0       572    9    3 VMpure     8   11
    7   16    2    2    8    0    0    2    1    1       737    7    3 VMpure    14   13   10    6    3   15    8    9
    7   17    1    2    8    6    3    1    0    0       727    3    3 VMpure     8   10   11    6   13    3    4   16
    7   18    1    2    4    1    4    1    0    0       602    6    3 VMpure     6    4   11   10
    7   19    2    2    2    0    0    2    1    1      2357   15    3 VMpure     1   12
    7   20    2    2    4    0    0    1    1    0      1173    1    3 VMpure     3   15   10   11
    7   21    1    2    4    3    2    1    0    0       422    6    3 VMpure     2   12    6    8
    7   22    2    2    4    0    0    2    1    1      2542    2    3 VMpure     5   10    6    3
    7   23    2    2    4    0    0    2    1    1       785   13    3 VMpure    15   12   14    1
    7   24    2    2    4    0    0    1    1    0      2166   16    3 VMpure     7   14    5    8
    8    1    1    2    4    2    3    1    0    0       847   12    3 VMpure     2   12    1    7
    8    2    1    2    8    3    6    2    1    0       682   10    3 VMpure     1    9   10   15   13   14    8   12
    8    3    1    2    4    4    1    1    1    1       794    1    3 VMpure    11   16    9    1
    8    4    1    2    4    1    4    2    1    0       701    4    3 VMpure     4    2    9    7
    8    5    1    2    4    2    3    1    0    0       768   10    3 VMpure     5   10    9    1
    8    6    2    2    8    0    0    1    1    0       603   16    3 VMpure    13    3    2   10    1    5   11   12
    8    7    1    2    8    2    7    1    0    0       630    8    3 VMpure    15    8    5    4    2    6   11   10
    8    8    2    2    4    0    0    2    1    1      1001    6    3 VMpure    12    9    5   13
    8    9    2    2    8    0    0    1    1    0       626   12    3 VMpure    15    7    8    2   11    3   14    1
    8   10    1    2    8    6    3    1    1    1       706    9    3 VMpure    13    3   12    6   11    9    7    8
    8   11    2    2    8    0    0    2    0    0       784    6    3 VMpure    12    4    9    7   10   15    5   14
    8   12    2    2    2    0    0    2    1    1       637    6    3 VMpure     3   12
    8   13    2    2    2    0    0    1    1    0      1645   13    3 VMpure    15    4
    8   14    2    2    4    0    0    2    1    1       715   12    3 VMpure     2    5   16    8
    8   15    2    2    4    0    0    2    1    1       734    8    3 VMpure    13    4    7    2
    8   16    2    2    2    0    0    1    0    1       739   14    3 VMpure    15   16
    8   17    2    2    4    0    0    2    1    1       958    2    3 VMpure     7   16   14   10
    8   18    1    2    2    1    2    2    1    0       673   13    3 VMpure    13    2
    8   19    2    2    8    0    0    2    1    1       746    5    3 VMpure    11   15    7   10    2   14    6   12
    8   20    1    2    8    6    3    2    1    0      1023    8    3 VMpure     2   14   16    1    9    8    7   11
    8   21    1    2    4    4    1    1    1    1       992   12    3 VMpure     7    3   10   12
    8   22    2    2    4    0    0    2    1    1       765    5    3 VMpure    12    9    8    7
    8   23    1    2    4    3    2    1    0    0       814    1    3 VMpure    15    6    1    7
    8   24    1    2    2    2    1    2    1    0       531   15    3 VMpure     1   15
    9    1    2    2    8    0    0    2    1    1      1310   13    3 VMpure     5    1   14    6    9   10    2   12
    9    2    2    2    8    0    0    1    0    1      1847   15    3 VMpure     3    7   11    9    1    4   13    5
    9    3    2    2    8    0    0    2    1    1       714   15    3 VMpure    13    8   11    9   14   12    2    4
    9    4    1    2    8    7    2    2    1    0       776   12    3 VMpure     8   16   15    2   11    4   12   13
    9    5    1    2    8    5    4    2    1    0       997   16    3 VMpure    10    2   11    5   16   12    8    7
    9    6    2    2    8    0    0    1    1    0       910    6    3 VMpure     4   10    1   11    9   16   15    2
    9    7    2    2    2    0    0    1    1    0      6339   16    3 VMpure     3    4
    9    8    2    2    8    0    0    2    1    1       809    1    3 VMpure     4    5    7    8   11   12   15    6
    9    9    2    2    2    0    0    1    1    0       665   12    3 VMpure     3   10
    9   10    2    2    4    0    0    2    0    0       695   15    3 VMpure    13   16    6   14
    9   11    2    2    8    0    0    2    1    1       677    1    3 VMpure    16    2   10   11    7    3    6   12
    9   12    1    2    4    4    1    1    1    1       626   13    3 VMpure     5    8   16   13
    9   13    2    2    2    0    0    1    1    0      2559    6    3 VMpure     4    9
    9   14    1    2    8    2    7    2    0    1       611   14    3 VMpure    15   14   16   12    5    1    7    2
    9   15    2    2    8    0    0    2    1    1      2176   10    3 VMpure     4    5    6    7   11    2    1    9
    9   16    2    2    8    0    0    1    1    0       742    5    3 VMpure     7    2   13    4    8    6    3   14
    9   17    2    2    2    0    0    1    1    0      3838   14    3 VMpure     5    3
    9   18    2    2    8    0    0    1    1    0       738    9    3 VMpure     6   11    5    7   12    1    3   14
    9   19    1    2    8    4    5    2    0    1       631   15    3 VMpure     2   12    9   15    4    7   16    8
    9   20    2    2    8    0    0    1    1    0      2325   11    3 VMpure     7    6    9    4   10   15    1    8
    9   21    1    2    2    2    1    2    0    1      4200   10    3 VMpure     1   10
    9   22    1    2    8    4    5    2    0    1       800    2    3 VMpure     7    1   13    2   14    4   16   11
    9   23    1    2    2    2    1    2    0    1      4307    3    3 VMpure     4    3
    9   24    2    2    8    0    0    1    1    0       433   16    3 VMpure    10    2    5    3   15    8   13   14
