    1    1    1    2    4    1    4    2    1    0      2553    6    3 VMpure     6   15    5    8
    1    2    1    2    4    2    3    2    1    0      2018    3    3 VMpure     9    3    7    2
    1    3    1    2    2    1    2    2    1    0      1474    3    3 VMpure     3   16
    1    4    2    2    8    0    0    2    1    1      4861    9    3 VMpure    14   12    5   15    8    6    3   10
    1    5    1    2    4    3    2    2    0    1      1056    6    3 VMpure     7   16    6    4
    1    6    2    2    2    0    0    1    1    0      1833   12    3 VMpure     4    1
    1    7    2    2    8    0    0    2    0    0      3220    1    3 VMpure    11    9   16    4    3   12   13   15
    1    8    2    2    2    0    0    1    0    1      4378    5    3 VMpure     1   12
    1    9    2    2    8    0    0    1    0    1      4152    5    3 VMpure    16   10    1    2    4    6    9   12
    1   10    1    2    4    2    3    2    1    0      2750    8    3 VMpure    16    8    9   10
    1   11    1    2    2    2    1    2    1    0      1065   13    3 VMpure     5   13
    1   12    1    2    2    2    1    2    0    1      2065    8    3 VMpure     1    8
    1   13    2    2    2    0    0    2    1    1      2420   15    3 VMpure     4   16
    1   14    1    2    2    1    2    1    1    1      1530   11    3 VMpure    11    6
    1   15    2    2    8    0    0    2    1    1      2410   10    3 VMpure     3   16   15   14    2    6   12   11
    1   16    1    2    8    1    8    1    1    1      2496   14    3 VMpure    14    3    5   16   11   15    8   10
    1   17    2    2    8    0    0    1    0    1      1203   10    3 VMpure     8    9   14    5    2    3    4   15
    1   18    1    2    4    2    3    1    1    1      2268   15    3 VMpure     5   15   16   13
    1   19    2    2    8    0    0    2    1    1      1284    6    3 VMpure     3   12    9   15   13    8   10    1
    1   20    1    2    2    2    1    2    1    0      2167    9    3 VMpure    15    9
    1   21    1    2    8    1    8    2    1    0      7303   10    3 VMpure    10   13    3    7   14    8    4   12
    1   22    2    2    8    0    0    1    1    0      2224    1    3 VMpure     8    3    2   10   11    7    5   12
    1   23    1    2    2    2    1    1    1    1      1857   13    3 VMpure     9   13
    1   24    2    2    8    0    0    2    0    0      2934    5    3 VMpure     3    2    7    6   12   13    1   15
    2    1    1    2    2    1    2    1    1    1       733    6    3 VMpure     6   16
    2    2    2    2    8    0    0    1    1    0      1267   13    3 VMpure     2    6   14    4   15   10    5    9
    2    3    1    2    2    1    2    2    1    0       928   10    3 VMpure    10   14
    2    4    1    2    8    5    4    2    1    0      1129   15    3 VMpure     2    8    7   14   15    6    3   11
    2    5    2    2    2    0    0    2    1    1       700   11    3 VMpure    15    3
    2    6    1    2    8    3    6    1    1    1      1034   14    3 VMpure    13    5   14   16    3    8    4   15
    2    7    2    2    8    0    0    2    1    1      1162   15    3 VMpure     3    8   12   16    2   14    4    9
    2    8    2    2    8    0    0    1    1    0      1077    6    3 VMpure    12    7    4   15   14    9   16    3
    2    9    1    2    4    4    1    2    1    0      1254    1    3 VMpure    13    3    9    1
    2   10    2    2    4    0    0    2    1    1      1097    4    3 VMpure    15    7    6    2
    2   11    1    2    2    1    2    1    1    1      4486   15    3 VMpure    15    7
    2   12    1    2    8    1    8    1    0    0      1001    1    3 VMpure     1    3    5    9   11   15    4   14
    2   13    2    2    8    0    0    1    1    0       821    2    3 VMpure    13   11    1    8    7   10    6   16
    2   14    2    2    4    0    0    1    1    0      1234    6    3 VMpure     3    5    7   13
    2   15    1    2    2    1    2    2    1    0      1115    4    3 VMpure     4   11
    2   16    2    2    2    0    0    2    1    1       587    5    3 VMpure     9   12
    2   17    2    2    2    0    0    2    1    1      1011   15    3 VMpure     1   12
    2   18    1    2    4    3    2    2    1    0      1539    3    3 VMpure    13    8    3    6
    2   19    1    2    2    2    1    2    1    0      1177   12    3 VMpure     3   12
    2   20    1    2    8    8    1    2    1    0       455   14    3 VMpure     4   13    9    2    6    5   16   14
    2   21    2    2    4    0    0    2    1    1       586   12    3 VMpure     1   16    5    8
    2   22    2    2    8    0    0    1    1    0      1730    7    3 VMpure     8   14   12   13   11    4    5   16
    2   23    1    2    4    1    4    2    1    0       739   10    3 VMpure    10    3   14   13
    2   24    2    2    4    0    0    2    1    1       939    1    3 VMpure     7    6    8    3
    3    1    2    2    8    0    0    1    1    0      1009   15    3 VMpure    16   12    2   10    3   14    1    7
    3    2    1    2    2    2    1    1    1    1      1116    1    3 VMpure     2    1
    3    3    2    2    2    0    0    1    1    0       892   11    3 VMpure    14    6
    3    4    2    2    4    0    0    1    1    0       743    3    3 VMpure    10    2    5    9
    3    5    2    2    8    0    0    1    1    0       717    9    3 VMpure    15   10   16    2    8   11   12    4
    3    6    1    2    4    1    4    2    1    0      1381    1    3 VMpure     1   15    8   16
    3    7    2    2    4    0    0    2    1    1       945    4    3 VMpure    12    8    2    7
    3    8    2    2    4    0    0    2    1    1       774   13    3 VMpure    10    5    4    9
    3    9    1    2    8    8    1    1    1    1       753   10    3 VMpure     7   15    4   11   16    2    9   10
    3   10    2    2    4    0    0    1    1    0       572   10    3 VMpure     5   13   11   16
    3   11    2    2    8    0    0    1    1    0      1538    4    3 VMpure    15    9   16    1    2    3    7   11
    3   12    1    2    4    1    4    2    1    0      1645    6    3 VMpure     6    5    3    9
    3   13    2    2    2    0    0    2    1    1       616   11    3 VMpure     5    7
    3   14    2    2    8    0    0    1    1    0       870   13    3 VMpure    11   15   12    1    5    6    8    4
    3   15    2    2    8    0    0    1    1    0       918   16    3 VMpure    15   14   10    5    9    8    3   11
    3   16    1    2    4    2    3    1    1    1       935   13    3 VMpure    15   13    9    2
    3   17    2    2    4    0    0    2    1    1       890   12    3 VMpure     1    3    7    9
    3   18    1    2    8    7    2    2    1    0      1229    2    3 VMpure    11   15   14    3    7   10    2    9
    3   19    1    2    8    6    3    2    1    0      1509    5    3 VMpure     6    3   11    2    9    5   15   13
    3   20    2    2    2    0    0    1    1    0       854   10    3 VMpure    13    4
    3   21    2    2    4    0    0    2    1    1       937    4    3 VMpure     1   14    8    6
    3   22    2    2    4    0    0    2    0    0      1180   14    3 VMpure    12   15    7    9
    3   23    1    2    4    4    1    2    1    0       671    5    3 VMpure     9    1   15    5
    3   24    2    2    4    0    0    2    0    0      1164    9    3 VMpure     5    2   12    7
    4    1    2    2    2    0    0    2    1    1       739    9    3 VMpure    14   13
    4    2    2    2    8    0    0    2    1    1      1433    2    3 VMpure    15   14   10   13    3    4    1   16
    4    3    2    2    2    0    0    2    1    1      1193    3    3 VMpure     2    8
    4    4    1    2    2    2    1    2    1    0      1385    2    3 VMpure    14    2
    4    5    2    2    4    0    0    2    1    1      1543   11    3 VMpure     6    5   10    2
    4    6    2    2    2    0    0    2    1    1      2605   15    3 VMpure     9   12
    4    7    1    2    8    8    1    1    1    1      1176    6    3 VMpure    12   15    1   10    8   16    4    6
    4    8    2    2    8    0    0    1    1    0      2054    3    3 VMpure     2    1   12   16   10    5    6   15
    4    9    1    2    2    1    2    1    1    1      1507   11    3 VMpure    11   12
    4   10    2    2    4    0    0    2    1    1       873   16    3 VMpure     4    6   12    5
    4   11    1    2    4    3    2    1    1    1       719    4    3 VMpure     9   14    4    2
    4   12    1    2    2    1    2    2    1    0       756    2    3 VMpure     2   10
    4   13    1    2    8    7    2    2    1    0      1101   16    3 VMpure     1   15    9   13    4   14   16    3
    4   14    1    2    4    4    1    1    1    1       928    3    3 VMpure     9   15   10    3
    4   15    2    2    2    0    0    1    1    0      1915    5    3 VMpure     2   16
    4   16    2    2    4    0    0    1    1    0      2685   10    3 VMpure     9    4    3    1
    4   17    1    2    8    7    2    1    1    1      4793   14    3 VMpure     4   13    6   11    2   15   14    3
    4   18    1    2    4    1    4    2    1    0      1743   11    3 VMpure    11   15    7    9
    4   19    2    2    2    0    0    2    1    1       972    1    3 VMpure     8    9
    4   20    1    2    8    3    6    2    0    1       802    3    3 VMpure    14    5    3   16    7    9   15   11
    4   21    2    2    4    0    0    2    1    1       555    6    3 VMpure     9    3   11    4
    4   22    2    2    4    0    0    2    1    1       864    9    3 VMpure    14   11    6   15
    4   23    2    2    8    0    0    2    1    1      1216    6    3 VMpure     8    3   12    5   10    9   14    4
    4   24    1    2    8    7    2    2    1    0       727    9    3 VMpure     8    7   12   16    5   10    9    6
    5    1    1    2    2    1    2    2    1    0       445   14    3 VMpure    14   10
    5    2    2    2    8    0    0    2    1    1      1847    3    3 VMpure    16    7    2   11    1   12    6   13
    5    3    1    2    8    8    1    1    1    1       875    4    3 VMpure     6   11   16    3    8   13   15    4
    5    4    2    2    8    0    0    1    1    0       731    9    3 VMpure     2    1    4    7   16    3   14   13
    5    5    1    2    2    2    1    1    1    1       625   15    3 VMpure     5   15
    5    6    1    2    8    6    3    2    1    0       945    3    3 VMpure     2   11   12    1    6    3   15   10
    5    7    1    2    8    1    8    2    0    1       770   13    3 VMpure    13    7    4   15    2   14    3   10
    5    8    2    2    2    0    0    2    1    1       653   13    3 VMpure     4   15
    5    9    2    2    2    0    0    2    1    1       706    3    3 VMpure     5   12
    5   10    2    2    4    0    0    2    1    1      2776    5    3 VMpure     8    2   13   10
    5   11    1    2    8    6    3    1    1    1       982   12    3 VMpure     9   11    5    6    1   12    4   16
    5   12    2    2    8    0    0    2    1    1       732   12    3 VMpure     3   10    7    1   13    6   15    2
    5   13    1    2    4    2    3    1    0    0      1303   12    3 VMpure     4   12    3   13
    5   14    2    2    4    0    0    1    1    0       959    8    3 VMpure     2   11   15   12
    5   15    1    2    4    2    3    1    1    1       680   14    3 VMpure     7   14    5    6
    5   16    2    2    4    0    0    1    1    0      1448    9    3 VMpure     6   10   14    4
    5   17    2    2    8    0    0    2    0    0      2443    7    3 VMpure    10   11   16   14   15    3    4    2
    5   18    2    2    4    0    0    1    1    0       987   15    3 VMpure     3    5   10    2
    5   19    2    2    4    0    0    2    0    0      1337    1    3 VMpure    10    7    3    8
    5   20    2    2    4    0    0    1    1    0       860    5    3 VMpure    15    1    6   11
    5   21    2    2    8    0    0    2    1    1       698   16    3 VMpure     7   15   13    8   11   10   12    6
    5   22    2    2    2    0    0    2    0    0       903    1    3 VMpure     6   15
    5   23    1    2    2    2    1    1    0    0       864   11    3 VMpure     6   11
    5   24    1    2    4    3    2    2    1    0       821   12    3 VMpure    10    5   12    4
    6    1    1    2    8    7    2    1    1    1       721    4    3 VMpure    14    9   13    8    5    1    4    6
    6    2    2    2    2    0    0    2    1    1       834    8    3 VMpure     1    2
    6    3    1    2    2    1    2    2    1    0       681    4    3 VMpure     4    9
    6    4    2    2    8    0    0    2    1    1       661   16    3 VMpure     1    3   10    8    5   11    4    2
    6    5    2    2    2    0    0    1    1    0      1051    1    3 VMpure     9   15
    6    6    2    2    2    0    0    1    1    0       832   13    3 VMpure     5   10
    6    7    2    2    8    0    0    1    1    0      1000   12    3 VMpure     4    1   11   13    9    8    6    2
    6    8    1    2    4    2    3    2    1    0      1065   13    3 VMpure    16   13    1   11
    6    9    1    2    4    1    4    1    1    1       679   14    3 VMpure    14    3    7   10
    6   10    2    2    2    0    0    1    1    0       897   15    3 VMpure    11   14
    6   11    1    2    2    2    1    2    1    0       823    3    3 VMpure    16    3
    6   12    1    2    4    4    1    2    1    0       722    9    3 VMpure     1    4   14    9
    6   13    2    2    8    0    0    2    1    1      1573    2    3 VMpure     1    3    4   16   14   13    9   12
    6   14    2    2    4    0    0    2    1    1       534    8    3 VMpure    14   15    5    2
    6   15    1    2    2    1    2    2    1    0       787   16    3 VMpure    16   13
    6   16    2    2    2    0    0    2    1    1       531   14    3 VMpure     9    6
    6   17    2    2    8    0    0    1    1    0       945    5    3 VMpure     7   11    4   14    9    8    6    1
    6   18    2    2    4    0    0    2    1    1       471   15    3 VMpure     5   16   12   11
    6   19    1    2    8    2    7    2    1    0      1191    9    3 VMpure    15    9   14   11    1   12   10    5
    6   20    1    2    4    4    1    1    1    1       941   12    3 VMpure    16   15    2   12
    6   21    2    2    8    0    0    2    1    1       891    5    3 VMpure    11   16    2    1   15    8   10    4
    6   22    1    2    4    2    3    1    1    1       566    5    3 VMpure    14    5    2    6
    6   23    2    2    4    0    0    1    1    0      1310    1    3 VMpure    12    8   16    9
    6   24    2    2    8    0    0    2    1    1      1847   11    3 VMpure     6   15    2    8   14   10    5    4
    7    1    1    2    2    1    2    1    1    1       604   11    3 VMpure    11    5
    7    2    2    2    4    0    0    2    1    1       589    6    3 VMpure     1    3   12   16
    7    3    1    2    8    7    2    1    1    1       661    7    3 VMpure    16   11   14    5    4    1    7    2
    7    4    1    2    4    3    2    2    0    1       478    8    3 VMpure     2    9    8    5
    7    5    2    2    2    0    0    1    1    0       625    3    3 VMpure     2    9
    7    6    1    2    4    3    2    1    1    1       870   12    3 VMpure     9    8   12    5
    7    7    2    2    2    0    0    2    1    1       567    2    3 VMpure     1   13
    7    8    2    2    8    0    0    2    0    0       730   11    3 VMpure     4   14   16    9    1    5    8   10
    7    9    1    2    2    2    1    2    1    0       589   13    3 VMpure     8   13
    7   10    1    2    4    1    4    1    1    1      1050    9    3 VMpure     9    8   16   11
    7   11    2    2    4    0    0    1    1    0       933   12    3 VMpure     8    2   16   11
    7   12    1    2    8    3    6    2    1    0       787    5    3 VMpure     4    6    5    9   13    7    8    2
    7   13    1    2    2    2    1    1    1    1       934    3    3 VMpure     8    3
    7   14    2    2    4    0    0    2    0    0       905    3    3 VMpure     4   15    5   13
    7   15    1    2    8    6    3    2    1    0       834    6    3 VMpure    16   14    2   13    8    6    5    1
    7   16    2    2    4    0    0    1    1    0       511   14    3 VMpure     7   12    2   16
    7   17    2    2    2    0    0    2    0    0       920    6    3 VMpure     5    2
    7   18    2    2    2    0    0    2    1    1       722   16    3 VMpure     8    7
    7   19    2    2    8    0    0    1    1    0       966    4    3 VMpure     5    3    6   16    8    1    9   15
    7   20    2    2    4    0    0    2    1    1       555   10    3 VMpure     2    7   12    6
    7   21    2    2    2    0    0    1    1    0      1516    3    3 VMpure    10   11
    7   22    2    2    2    0    0    2    0    0       537    8    3 VMpure    13    6
    7   23    1    2    4    4    1    1    1    1       540    9    3 VMpure     5    6   12    9
    7   24    1    2    8    3    6    1    1    1       650   11    3 VMpure    14   15   11    9    6    4    1    2
    8    1    2    2    4    0    0    2    1    1       699   15    3 VMpure     2   11    6    5
    8    2    1    2    2    1    2    1    1    1       840   11    3 VMpure    11    4
    8    3    2    2    2    0    0    2    0    0       512    8    3 VMpure     9    3
    8    4    1    2    4    2    3    1    1    1       766    4    3 VMpure     6    4    9    3
    8    5    2    2    2    0    0    2    1    1      1158   15    3 VMpure     6    7
    8    6    2    2    2    0    0    1    1    0       561    4    3 VMpure     5   10
    8    7    2    2    8    0    0    1    1    0      1474    8    3 VMpure    14   12    1    2   10    7   11    6
    8    8    1    2    8    7    2    1    1    1       842    5    3 VMpure     2    1    7    6    3   10    5   15
    8    9    1    2    8    8    1    1    1    1       885    9    3 VMpure     4   11    7   15   16    1    2    9
    8   10    1    2    8    5    4    1    1    1       601   11    3 VMpure     4   13    8    3   11    5   10    6
    8   11    2    2    4    0    0    1    1    0      1145   15    3 VMpure    14   12    9    5
    8   12    1    2    4    4    1    2    1    0      1046    7    3 VMpure     8   16   11    7
    8   13    2    2    4    0    0    2    1    1       703   14    3 VMpure     7    9   11   16
    8   14    2    2    2    0    0    2    1    1       605    3    3 VMpure     5    4
    8   15    1    2    8    5    4    2    1    0      1317   10    3 VMpure     9    1    7   15   10    6    2   11
    8   16    1    2    2    2    1    2    1    0       800   12    3 VMpure     5   12
    8   17    2    2    2    0    0    2    1    1       627   14    3 VMpure     9    1
    8   18    2    2    4    0    0    1    1    0      1483    2    3 VMpure     3    6    8    5
    8   19    2    2    2    0    0    2    1    1       886   12    3 VMpure     4    7
    8   20    2    2    4    0    0    1    1    0       990   14    3 VMpure    16   12    1    6
    8   21    2    2    8    0    0    1    0    1      1812   10    3 VMpure    13    3    4   15   11    6    1    8
    8   22    1    2    4    1    4    1    1    1      1895   12    3 VMpure    12   14   10    3
    8   23    1    2    4    1    4    1    1    1       746   13    3 VMpure    13    7   16   10
    8   24    2    2    2    0    0    2    0    0       754    4    3 VMpure    12   11
    9    1    1    2    2    1    2    1    1    1       544    2    3 VMpure     2   14
    9    2    1    2    4    4    1    1    1    1       787    8    3 VMpure    11   10   12    8
    9    3    1    2    4    4    1    2    1    0      1033    4    3 VMpure    12    8   15    4
    9    4    1    2    8    3    6    1    1    1       761    9    3 VMpure    11   10    9    8    4   12   15    6
    9    5    2    2    4    0    0    2    0    0       666    3    3 VMpure    11    2   14   13
    9    6    1    2    4    3    2    2    1    0       869    8    3 VMpure    16    9    8    3
    9    7    1    2    4    3    2    1    1    1       861   16    3 VMpure     6   12   16    5
    9    8    1    2    2    2    1    2    1    0       699    3    3 VMpure    15    3
    9    9    1    2    2    2    1    2    1    0       568    5    3 VMpure    14    5
    9   10    1    2    2    2    1    1    1    1       635    2    3 VMpure    11    2
    9   11    1    2    4    1    4    2    1    0      1473   13    3 VMpure    13    6   10   16
    9   12    1    2    8    5    4    1    1    1      1193   14    3 VMpure    10    8   16   15   14   11    3    6
    9   13    1    2    8    4    5    1    1    1       730    4    3 VMpure    15    3    7    4   11    5    6    2
    9   14    1    2    2    2    1    2    1    0       797   14    3 VMpure    16   14
    9   15    1    2    4    1    4    1    1    1       739   14    3 VMpure    14    8    3    1
    9   16    1    2    8    8    1    2    1    0      1046    3    3 VMpure     8   14   10    6   13   12   16    3
    9   17    1    2    8    6    3    2    1    0       729   15    3 VMpure     1   12    2   14    8   15    9   13
    9   18    2    2    2    0    0    1    1    0       764    7    3 VMpure     8    3
    9   19    2    2    2    0    0    2    1    1       695   13    3 VMpure     2   10
    9   20    2    2    2    0    0    1    1    0      1636    2    3 VMpure     5   14
    9   21    2    2    8    0    0    1    0    1       765    3    3 VMpure    11    7   13   10    1   12    2    8
    9   22    2    2    8    0    0    1    0    1      2968   15    3 VMpure     8    4    1   13   11   14    2    9
    9   23    1    2    8    4    5    1    0    0      1179   15    3 VMpure    11    5    7   15   16    4    8    6
    9   24    2    2    8    0    0    1    1    0       854    3    3 VMpure    11    6   13    1    8    7   10    9
