    1    1    2    2    2    0    0    2    0    0      9003    2    3 VMpure    10    3
    1    2    1    2    8    6    3    1    1    1      4208   16    3 VMpure    13    4   11    6    2   16   14    7
    1    3    2    2    2    0    0    2    1    1      7818   14    3 VMpure    15    5
    1    4    2    2    8    0    0    2    1    1      1797   14    3 VMpure     9    4    7    2    8   10    6   15
    1    5    2    2    2    0    0    1    0    1      2145    5    3 VMpure    14   16
    1    6    2    2    8    0    0    1    1    0      1038    8    3 VMpure    14    2   15   13    5    4    1    7
    1    7    2    2    8    0    0    1    1    0      1001    4    3 VMpure     1    2   10    9   11   15   16   13
    1    8    1    2    4    3    2    2    1    0      1402   11    3 VMpure     3    7   11    9
    1    9    2    2    2    0    0    1    0    1      1254    6    3 VMpure    16    4
    1   10    1    2    8    3    6    2    1    0      1159    3    3 VMpure    14   11    3   16   13    8    5   10
    1   11    1    2    2    2    1    1    1    1      1309   15    3 VMpure     1   15
    1   12    2    2    8    0    0    2    1    1      1261    3    3 VMpure     5    8    2    1   15   16    7    9
    1   13    2    2    4    0    0    1    1    0      1077    7    3 VMpure    11   13   14   12
    1   14    1    2    2    1    2    1    1    1      2254   15    3 VMpure    15    1
    1   15    1    2    8    1    8    2    1    0       967    1    3 VMpure     1    4   13    8    5    6    7   15
    1   16    2    2    2    0    0    2    1    1      1189   13    3 VMpure    10    9
    1   17    2    2    8    0    0    1    0    1       665    1    3 VMpure    14    7   15    6    3   13    2    4
    1   18    1    2    8    3    6    2    1    0       738   11    3 VMpure    13   15   11   12   14    3   16    6
    1   19    2    2    8    0    0    2    1    1      1257    9    3 VMpure    16    4    1    6    2   12   15    5
    1   20    2    2    8    0    0    1    1    0       778    7    3 VMpure     3    8    6   13    4   14   12   16
    1   21    2    2    4    0    0    1    1    0      1285    2    3 VMpure    13    1   16   10
    1   22    2    2    2    0    0    1    1    0      1205    5    3 VMpure    14   10
    1   23    2    2    2    0    0    1    1    0       841   16    3 VMpure    12    6
    1   24    2    2    4    0    0    1    1    0       945   10    3 VMpure    15   13    6    4
    2    1    1    2    4    2    3    1    0    0      1248   15    3 VMpure     5   15    6   11
    2    2    1    2    8    6    3    2    1    0      2834    4    3 VMpure     7    3   11    6    1    4   13    5
    2    3    1    2    4    4    1    1    1    1      1098   12    3 VMpure     1    7   10   12
    2    4    2    2    8    0    0    2    0    0       946    7    3 VMpure     6    1    5   11   15    3    9    4
    2    5    2    2    8    0    0    1    0    1       656    6    3 VMpure     1    4   13   12    2   10    5    3
    2    6    2    2    8    0    0    2    1    1      1449   16    3 VMpure     3   11    9    7   12    1   10    5
    2    7    2    2    4    0    0    1    1    0      1048   14    3 VMpure     9   16    3    4
    2    8    1    2    2    2    1    2    1    0       898    1    3 VMpure    11    1
    2    9    1    2    8    5    4    2    1    0      1233    4    3 VMpure     6   10    3   11    4    8   16    5
    2   10    1    2    2    2    1    1    1    1       788   16    3 VMpure     5   16
    2   11    2    2    2    0    0    1    1    0      1160    1    3 VMpure     9    3
    2   12    2    2    2    0    0    1    1    0       878   15    3 VMpure     5    7
    2   13    2    2    8    0    0    1    1    0       815   13    3 VMpure     9   15    4   11   12    7    8   10
    2   14    2    2    8    0    0    2    1    1      1042    6    3 VMpure    15    1   10    3    7    9    4   16
    2   15    1    2    8    7    2    2    1    0       861    7    3 VMpure     8    5   11   10    9   16    7   13
    2   16    2    2    8    0    0    2    1    1       943    1    3 VMpure    11    9   10    3    6   16    7   15
    2   17    2    2    8    0    0    2    0    0      1645   10    3 VMpure    15    9    3    6    4    1   12    5
    2   18    2    2    2    0    0    1    1    0       872    8    3 VMpure     4    7
    2   19    1    2    4    2    3    1    1    1      1285    6    3 VMpure     8    6    1   13
    2   20    1    2    8    3    6    2    1    0       998   14    3 VMpure     8    6   14   11   13   10   15   12
    2   21    1    2    2    2    1    2    1    0       642    1    3 VMpure    15    1
    2   22    2    2    2    0    0    1    1    0       684    8    3 VMpure     4    3
    2   23    1    2    2    2    1    2    1    0       629    2    3 VMpure    13    2
    2   24    2    2    8    0    0    1    1    0       800    5    3 VMpure    13   10   11    7   16   15    3    9
    3    1    2    2    4    0    0    1    1    0       667    9    3 VMpure    13   14    5    6
    3    2    1    2    8    3    6    2    1    0      1124    7    3 VMpure     5   13    7   15    6    8    3    9
    3    3    1    2    2    2    1    1    1    1       875   15    3 VMpure    14   15
    3    4    1    2    8    3    6    1    1    1       828   13    3 VMpure     6   15   13    5   14    7   12   10
    3    5    1    2    8    8    1    2    1    0       655   13    3 VMpure    12    5   14   16    8    2    9   13
    3    6    2    2    4    0    0    2    1    1       766   11    3 VMpure     7    3    6   16
    3    7    2    2    4    0    0    1    1    0       712   15    3 VMpure     3    2   11    7
    3    8    2    2    8    0    0    2    1    1       800   12    3 VMpure    15    6    3   13    8    7   14    1
    3    9    1    2    8    8    1    1    1    1       644   13    3 VMpure     8    3    4    6   16   14    9   13
    3   10    1    2    8    7    2    2    1    0       830   10    3 VMpure     2   12    7   15   14    4   10   16
    3   11    1    2    8    6    3    1    1    1       753   10    3 VMpure     7   14   11    4    9   10   13    6
    3   12    1    2    2    1    2    2    0    1       743    3    3 VMpure     3    2
    3   13    2    2    4    0    0    1    1    0       722   15    3 VMpure    10   14    2   16
    3   14    1    2    8    5    4    1    1    1      1002   13    3 VMpure    16    6    3   15   13   14   12    9
    3   15    2    2    8    0    0    2    1    1       885    4    3 VMpure     2   16    7    6   15   11    1    5
    3   16    2    2    2    0    0    1    1    0       886    9    3 VMpure    12    5
    3   17    1    2    2    1    2    1    1    1      1031    2    3 VMpure     2   12
    3   18    1    2    2    2    1    2    1    0       577   12    3 VMpure     2   12
    3   19    1    2    8    1    8    1    0    0      2094   11    3 VMpure    11   13    7   12   14    3   16    2
    3   20    1    2    4    3    2    2    1    0       756    9    3 VMpure    11   10    9   14
    3   21    2    2    4    0    0    2    1    1       751    2    3 VMpure     1   13    3   14
    3   22    2    2    8    0    0    2    1    1       773    8    3 VMpure     9   16    7   12   10   13   11    2
    3   23    2    2    8    0    0    1    1    0      1354   14    3 VMpure     1   15    4   10    9    5    6   13
    3   24    1    2    8    8    1    1    1    1       632    7    3 VMpure    10    8    4   11    5   15   13    7
    4    1    2    2    8    0    0    2    1    1       813    6    3 VMpure     9    7    4    3    2    1   10   12
    4    2    1    2    8    3    6    1    1    1      1872   16    3 VMpure    11    6   16    4    7   14    2   12
    4    3    2    2    8    0    0    1    1    0       889   11    3 VMpure     6   15   10   16    1    5   14    4
    4    4    2    2    4    0    0    2    1    1       751   13    3 VMpure    16   15   10    3
    4    5    2    2    4    0    0    1    0    1      1771   15    3 VMpure     4    8   14   11
    4    6    2    2    4    0    0    2    1    1       605   13    3 VMpure    12    7   14    4
    4    7    2    2    2    0    0    2    1    1       665    8    3 VMpure     9    6
    4    8    1    2    4    2    3    1    1    1       792    6    3 VMpure    10    6    1   13
    4    9    1    2    8    5    4    1    1    1       604    9    3 VMpure     3   16    6    8    9    5   12   13
    4   10    2    2    2    0    0    2    1    1       952    9    3 VMpure    15    8
    4   11    2    2    4    0    0    1    1    0      1211    5    3 VMpure    14   13   12    1
    4   12    2    2    4    0    0    2    1    1       740    3    3 VMpure    16    7   11    1
    4   13    2    2    8    0    0    1    1    0      1178   14    3 VMpure    12    9    4    8   15    5    3    7
    4   14    1    2    4    2    3    1    1    1       709   11    3 VMpure    16   11   10    1
    4   15    1    2    4    4    1    2    1    0       690    6    3 VMpure     3   13    8    6
    4   16    2    2    2    0    0    1    1    0      1243    5    3 VMpure    11    4
    4   17    1    2    4    4    1    2    1    0       643   14    3 VMpure     3    8   10   14
    4   18    2    2    2    0    0    1    1    0       637    7    3 VMpure    12    9
    4   19    2    2    4    0    0    2    1    1       637   16    3 VMpure    15   13   11    5
    4   20    1    2    2    2    1    1    1    1       600    1    3 VMpure     3    1
    4   21    2    2    2    0    0    2    1    1       547   13    3 VMpure    11   16
    4   22    1    2    8    1    8    1    1    1      1057    8    3 VMpure     8   13    3    6   11   16    7   10
    4   23    2    2    8    0    0    2    1    1       651    7    3 VMpure     2   12   11   15   14    5    4    6
    4   24    1    2    8    6    3    1    1    1       629    1    3 VMpure    15    6    8   10    4    1   11    5
    5    1    1    2    8    4    5    2    1    0       903   16    3 VMpure     9   15    8   16    3    6    2    7
    5    2    2    2    8    0    0    2    1    1      1399    1    3 VMpure    10   13    5    6   16   12   14    7
    5    3    1    2    2    2    1    1    1    1       707   13    3 VMpure     5   13
    5    4    2    2    4    0    0    2    1    1       576    9    3 VMpure    15   13    5   10
    5    5    2    2    4    0    0    2    1    1       595   16    3 VMpure    13    7   12   11
    5    6    1    2    4    2    3    2    1    0       884    8    3 VMpure    13    8   14   11
    5    7    2    2    4    0    0    1    1    0       570   12    3 VMpure    11   13    3   16
    5    8    2    2    2    0    0    1    1    0       679    8    3 VMpure     9    5
    5    9    2    2    2    0    0    2    1    1       592    6    3 VMpure    13   15
    5   10    2    2    8    0    0    2    1    1      1148   16    3 VMpure    12   15    1   13    9    6    5   14
    5   11    1    2    2    2    1    1    1    1       562    1    3 VMpure    13    1
    5   12    2    2    4    0    0    2    1    1      1206   15    3 VMpure    12    3    1   11
    5   13    2    2    8    0    0    1    0    1      1083   14    3 VMpure     7    9   12   13   15    5    8    6
    5   14    1    2    4    4    1    1    1    1       599   11    3 VMpure     3    5    2   11
    5   15    2    2    2    0    0    1    1    0       658   12    3 VMpure     6   14
    5   16    2    2    2    0    0    1    1    0       620   11    3 VMpure     8   16
    5   17    1    2    4    3    2    2    1    0       765   13    3 VMpure     1   15   13    9
    5   18    2    2    4    0    0    1    1    0      1399    2    3 VMpure    11    1   16    9
    5   19    1    2    8    8    1    1    1    1       515    2    3 VMpure     8    6    4    9   14   16   15    2
    5   20    1    2    2    1    2    1    1    1       578   13    3 VMpure    13   16
    5   21    1    2    8    5    4    1    1    1       640    7    3 VMpure    11    4    6    1    7    2   14    8
    5   22    2    2    4    0    0    1    1    0       687    7    3 VMpure    12   13    6    9
    5   23    2    2    8    0    0    2    1    1       760   10    3 VMpure    12   14   13   11    8   15    1    6
    5   24    2    2    2    0    0    1    1    0       558    4    3 VMpure     6    3
    6    1    1    2    4    4    1    1    1    1       560    3    3 VMpure    11    2    1    3
    6    2    1    2    4    4    1    2    1    0       515   11    3 VMpure     5   12    4   11
    6    3    1    2    4    1    4    1    1    1       727   14    3 VMpure    14    1   13   15
    6    4    2    2    8    0    0    1    1    0      1695    2    3 VMpure     7   14    1    8    5   15   13    4
    6    5    2    2    2    0    0    1    1    0       735   12    3 VMpure     2   15
    6    6    2    2    8    0    0    1    1    0       614   10    3 VMpure     8    2   11    6    5    1    3   16
    6    7    1    2    4    2    3    2    1    0       806    4    3 VMpure     2    4    9    8
    6    8    2    2    2    0    0    1    1    0       650    9    3 VMpure    15   14
    6    9    2    2    4    0    0    2    1    1       793   11    3 VMpure     9   13   12    6
    6   10    1    2    4    2    3    1    1    1       739    5    3 VMpure    10    5   12    8
    6   11    1    2    2    2    1    2    1    0       538    3    3 VMpure    15    3
    6   12    1    2    4    4    1    1    1    1       510   14    3 VMpure     4   11   15   14
    6   13    1    2    2    1    2    2    1    0       509   14    3 VMpure    14    9
    6   14    1    2    2    2    1    2    1    0       477    4    3 VMpure     7    4
    6   15    1    2    4    3    2    2    1    0       660   10    3 VMpure    11    1   10    4
    6   16    2    2    8    0    0    1    1    0      2190   10    3 VMpure    14    1    9    3    8   16    5   15
    6   17    2    2    8    0    0    2    1    1       746    2    3 VMpure    15    5    3   13   14   11    9   10
    6   18    2    2    8    0    0    2    0    0      2448   10    3 VMpure     5    8    1   13    7    6    9    4
    6   19    1    2    2    1    2    2    1    0       721   15    3 VMpure    15    3
    6   20    1    2    4    1    4    1    1    1       669   10    3 VMpure    10    5   14   12
    6   21    1    2    2    1    2    1    1    1       663    5    3 VMpure     5    1
    6   22    1    2    4    3    2    2    1    0      1205    3    3 VMpure     2   13    3    9
    6   23    2    2    2    0    0    2    1    1       633   11    3 VMpure    16   13
    6   24    2    2    8    0    0    1    1    0       835    8    3 VMpure     1    4   16    6    7   11   12   15
    7    1    2    2    8    0    0    2    1    1       921    8    3 VMpure     7    4   11   16    1   15    6   10
    7    2    1    2    8    4    5    1    1    1       920    6    3 VMpure    13    3   14    6    8    7    9   11
    7    3    2    2    8    0    0    1    1    0       663    2    3 VMpure     6   10    8   14    3   11    5    7
    7    4    1    2    2    2    1    2    1    0       624   15    3 VMpure    16   15
    7    5    2    2    8    0    0    2    1    1      1211    5    3 VMpure    15    3    9    4    6    1   13    7
    7    6    2    2    4    0    0    2    1    1       597   12    3 VMpure     5    6    1   14
    7    7    1    2    2    1    2    1    1    1       657    1    3 VMpure     1    6
    7    8    1    2    4    1    4    1    1    1       624   14    3 VMpure    14    9    1    7
    7    9    2    2    2    0    0    2    1    1      2731    2    3 VMpure    12   14
    7   10    2    2    2    0    0    2    1    1       497    7    3 VMpure    11    6
    7   11    1    2    2    1    2    2    1    0       897    2    3 VMpure     2    3
    7   12    2    2    4    0    0    2    1    1       806   14    3 VMpure    11   16    9   10
    7   13    1    2    8    5    4    2    1    0       666    3    3 VMpure     4   15    5    6    3    2   10   16
    7   14    2    2    2    0    0    1    1    0      2051   11    3 VMpure    12    6
    7   15    1    2    8    3    6    1    1    1       805    2    3 VMpure     6   10    2    8   13   14    5    3
    7   16    1    2    2    2    1    2    1    0       521   16    3 VMpure     8   16
    7   17    1    2    2    2    1    2    1    0       536    9    3 VMpure    12    9
    7   18    1    2    2    1    2    2    1    0       887   10    3 VMpure    10    4
    7   19    1    2    2    2    1    2    1    0       487    8    3 VMpure    10    8
    7   20    1    2    2    1    2    2    1    0       680    9    3 VMpure     9   12
    7   21    2    2    2    0    0    2    1    1      3713   14    3 VMpure    10   16
    7   22    1    2    4    3    2    1    1    1       709   12    3 VMpure     6   10   12   13
    7   23    1    2    4    1    4    2    1    0       658    3    3 VMpure     3    1    6    8
    7   24    1    2    4    4    1    1    1    1       657   16    3 VMpure     7    3   15   16
    8    1    2    2    4    0    0    1    1    0      1554   15    3 VMpure    12    8    6    7
    8    2    1    2    4    3    2    1    1    1       605    5    3 VMpure     4    8    5    2
    8    3    2    2    8    0    0    1    1    0      1561   11    3 VMpure     7    1    3   10   12    9    2   13
    8    4    2    2    2    0    0    1    1    0       574    2    3 VMpure    15   14
    8    5    2    2    4    0    0    2    1    1      1089    3    3 VMpure     6   12    2   16
    8    6    1    2    4    3    2    2    1    0       751    1    3 VMpure    15    3    1   11
    8    7    1    2    8    3    6    1    1    1       836    3    3 VMpure    16    8    3    6    9    5    2    1
    8    8    2    2    8    0    0    2    1    1       999   12    3 VMpure     3   15    8    4    5   13    7   10
    8    9    2    2    8    0    0    1    1    0       723   14    3 VMpure    13   15   16    7    4    3    8    5
    8   10    2    2    4    0    0    1    1    0       607    1    3 VMpure    10   11    5   16
    8   11    2    2    8    0    0    2    0    0       971    3    3 VMpure    16   10    9    8    1    5   14   13
    8   12    1    2    8    2    7    1    1    1       680   13    3 VMpure    15   13    2    9    3    1    6   12
    8   13    1    2    2    1    2    1    1    1       897    2    3 VMpure     2   15
    8   14    2    2    2    0    0    2    1    1       688    5    3 VMpure     3   10
    8   15    1    2    4    1    4    2    1    0       638    8    3 VMpure     8   10   11    9
    8   16    2    2    8    0    0    2    1    1       857    2    3 VMpure     7    5    8   16    4   10   12    9
    8   17    2    2    4    0    0    2    1    1       896   13    3 VMpure     4   10    5    3
    8   18    1    2    8    1    8    2    1    0       929    5    3 VMpure     5    8   16    3   15    1    2   12
    8   19    2    2    8    0    0    2    1    1      1312    1    3 VMpure     8    5    6    7    2   14   16   11
    8   20    2    2    8    0    0    1    1    0       927   13    3 VMpure     5   10   14   16    4    2    6    3
    8   21    1    2    4    4    1    2    1    0       691    4    3 VMpure    16   13    6    4
    8   22    2    2    4    0    0    1    1    0       769   12    3 VMpure    14   13    8    1
    8   23    2    2    2    0    0    2    1    1       598    6    3 VMpure     9    8
    8   24    2    2    8    0    0    2    1    1       754    3    3 VMpure    16    2   14   10   15    8    6    7
    9    1    2    2    8    0    0    1    1    0      1138   12    3 VMpure    15    5    2    9   10    4   13    6
    9    2    2    2    2    0    0    2    1    1       584    6    3 VMpure     1   10
    9    3    2    2    2    0    0    1    1    0       549    2    3 VMpure     3   11
    9    4    1    2    2    2    1    2    1    0       531   15    3 VMpure     3   15
    9    5    2    2    2    0    0    1    1    0       529    6    3 VMpure     9    2
    9    6    2    2    4    0    0    1    1    0      1461    2    3 VMpure     4   12    1   13
    9    7    2    2    2    0    0    2    1    1       527   10    3 VMpure     7    3
    9    8    1    2    8    1    8    1    1    1       958   16    3 VMpure    16    8   12    4   14   15    5    2
    9    9    2    2    4    0    0    1    1    0       945   15    3 VMpure    11   16    6    3
    9   10    2    2    4    0    0    2    1    1       693    7    3 VMpure    16    5   10   12
    9   11    1    2    8    5    4    1    1    1       814   10    3 VMpure    11   16    9   13   10    4   15    8
    9   12    2    2    8    0    0    1    1    0       801    6    3 VMpure     1   10   13   11    4    7   16   15
    9   13    2    2    4    0    0    1    1    0      1226    6    3 VMpure     3   12    2   15
    9   14    2    2    2    0    0    2    1    1       573   10    3 VMpure    16   12
    9   15    1    2    4    2    3    1    1    1       912    6    3 VMpure    13    6    8    2
    9   16    1    2    8    5    4    1    1    1      3567    9    3 VMpure    13   15    7   14    9    3    5    8
    9   17    1    2    4    1    4    1    1    1       618   12    3 VMpure    12   10    3   15
    9   18    2    2    4    0    0    1    1    0       987    3    3 VMpure     7    5   15   16
    9   19    2    2    2    0    0    1    1    0      1383    8    3 VMpure    10    9
    9   20    1    2    4    4    1    2    1    0       681    7    3 VMpure    11    2   12    7
    9   21    1    2    2    1    2    1    1    1       594    7    3 VMpure     7    4
    9   22    1    2    2    1    2    1    1    1       574    3    3 VMpure     3   15
    9   23    2    2    4    0    0    1    1    0       897    7    3 VMpure     2   11    4   16
    9   24    2    2    2    0    0    1    1    0      1584    7    3 VMpure    13   12
