    1    1    1    2    4    2    3    2    1    0      2489   10    3 VMpure     6   10   12    5
    1    2    1    2    4    4    1    2    1    0       719    4    3 VMpure     5   10   12    4
    1    3    2    2    2    0    0    1    0    1      1525    3    3 VMpure    12    7
    1    4    2    2    8    0    0    1    1    0      1227    2    3 VMpure     9    5   12    4   14   15   13    8
    1    5    1    2    2    2    1    1    1    1      1054    5    3 VMpure     3    5
    1    6    2    2    2    0    0    2    1    1      1032    6    3 VMpure     8    2
    1    7    1    2    4    1    4    2    1    0      1064    6    3 VMpure     6   16    2    7
    1    8    2    2    2    0    0    1    1    0       768    5    3 VMpure    11    3
    1    9    2    2    4    0    0    1    0    1      1178   12    3 VMpure     3    4   10   14
    1   10    2    2    4    0    0    2    1    1       869   13    3 VMpure    15    5    8    2
    1   11    2    2    2    0    0    2    1    1      1463   13    3 VMpure     3    1
    1   12    1    2    8    6    3    2    1    0       928   10    3 VMpure     2   14   13   11    8   10   12    7
    1   13    1    2    2    2    1    2    1    0       768   14    3 VMpure     7   14
    1   14    2    2    2    0    0    2    1    1       965   10    3 VMpure     8    4
    1   15    1    2    2    1    2    1    1    1       914    8    3 VMpure     8   11
    1   16    1    2    2    2    1    1    1    1       850    7    3 VMpure    11    7
    1   17    1    2    8    2    7    2    0    1      1683    6    3 VMpure    14    6   13    5    1   15   16   10
    1   18    2    2    2    0    0    1    1    0       900   15    3 VMpure    14    4
    1   19    1    2    2    1    2    2    1    0       740   10    3 VMpure    10    5
    1   20    1    2    2    2    1    1    1    1       747   13    3 VMpure     2   13
    1   21    2    2    8    0    0    2    1    1      1089   14    3 VMpure    15    6    7   16    1    5   13    9
    1   22    2    2    8    0    0    1    0    1      1097    9    3 VMpure    11   15    5    2    6   10    8   16
    1   23    2    2    8    0    0    1    1    0      1889   11    3 VMpure     5    8    6    2   12   10   13   15
    1   24    2    2    4    0    0    2    1    1       671    7    3 VMpure    16   13   10    4
    2    1    1    2    2    2    1    1    1    1       768    1    3 VMpure     3    1
    2    2    1    2    2    1    2    1    1    1       709    9    3 VMpure     9   12
    2    3    1    2    2    2    1    2    1    0       621    1    3 VMpure    13    1
    2    4    2    2    8    0    0    1    0    1       999   12    3 VMpure     9    4    8    2   11   14    1   13
    2    5    1    2    8    3    6    2    1    0       995   14    3 VMpure    13    1   14    8   12   16    7    2
    2    6    1    2    4    2    3    1    1    1       821    4    3 VMpure    10    4    5    7
    2    7    2    2    4    0    0    2    1    1       782    8    3 VMpure     2    1    6   15
    2    8    2    2    4    0    0    1    1    0       888    4    3 VMpure     5    3   15   13
    2    9    2    2    8    0    0    1    1    0       937   10    3 VMpure     5   16   14    3   13    6    9    8
    2   10    2    2    2    0    0    2    1    1       743   12    3 VMpure    13   11
    2   11    2    2    4    0    0    1    1    0       675    9    3 VMpure     8   10   14    5
    2   12    1    2    8    4    5    2    1    0      1004   10    3 VMpure    13    5    1   10    8    4   15    9
    2   13    1    2    4    1    4    1    1    1      1022    5    3 VMpure     5   10    3   13
    2   14    2    2    4    0    0    2    1    1      1230    6    3 VMpure    15   16   10    9
    2   15    1    2    2    1    2    1    1    1       689   15    3 VMpure    15   16
    2   16    1    2    4    4    1    2    1    0       655   13    3 VMpure     5    7    9   13
    2   17    2    2    8    0    0    1    1    0       889   10    3 VMpure    16    6    5   13    3    7   11   14
    2   18    1    2    8    1    8    2    1    0       953    9    3 VMpure     9   13   16    3    1   10    5   11
    2   19    1    2    2    2    1    1    1    1       551    8    3 VMpure     7    8
    2   20    2    2    4    0    0    2    1    1       682    2    3 VMpure    15   14    7   16
    2   21    1    2    8    8    1    2    1    0       659    4    3 VMpure    10   13   14   11    8   15    7    4
    2   22    1    2    4    2    3    2    1    0       978    5    3 VMpure    11    5   14   16
    2   23    1    2    8    1    8    1    1    1       847    8    3 VMpure     8   11   14    4   12    7   15    9
    2   24    1    2    4    3    2    2    1    0      1062   16    3 VMpure    14    3   16    7
    3    1    1    2    4    1    4    1    1    1       731    7    3 VMpure     7   16    3    9
    3    2    2    2    4    0    0    1    1    0       775   15    3 VMpure     5    4   12   14
    3    3    2    2    8    0    0    1    1    0       796    8    3 VMpure     4   15    5   13   16   12    3   10
    3    4    2    2    2    0    0    2    1    1       672   10    3 VMpure    13   16
    3    5    2    2    2    0    0    1    1    0       586   15    3 VMpure     4    5
    3    6    2    2    4    0    0    1    1    0       796    4    3 VMpure     9   15    8    6
    3    7    2    2    8    0    0    2    1    1       768    7    3 VMpure    10    4    8   11    9   13   14    6
    3    8    2    2    4    0    0    1    1    0       715    2    3 VMpure    16    8   15    5
    3    9    1    2    4    2    3    2    1    0      1095   15    3 VMpure     8   15    1   16
    3   10    1    2    2    2    1    1    1    1       496   16    3 VMpure     5   16
    3   11    2    2    4    0    0    1    1    0       645    4    3 VMpure    10   14   12    1
    3   12    1    2    4    2    3    1    0    0      1046    8    3 VMpure     5    8    3   10
    3   13    1    2    8    4    5    2    1    0      1263   16    3 VMpure    11    9   10   16   14    4   12    8
    3   14    1    2    2    2    1    1    1    1       753    3    3 VMpure    11    3
    3   15    1    2    2    1    2    2    1    0       583   13    3 VMpure    13   14
    3   16    2    2    8    0    0    1    1    0       979    4    3 VMpure     6    2    5   11   13    8    9    3
    3   17    1    2    2    2    1    2    1    0       881    6    3 VMpure    13    6
    3   18    1    2    2    2    1    2    1    0      1089   14    3 VMpure     3   14
    3   19    2    2    8    0    0    2    0    0      1034    3    3 VMpure     4   15   10    9   12    6    5    2
    3   20    1    2    2    1    2    2    1    0       789   11    3 VMpure    11    3
    3   21    1    2    2    2    1    2    1    0       825    9    3 VMpure    12    9
    3   22    1    2    8    8    1    2    1    0      1084   12    3 VMpure     3   15    9    5    2    4   11   12
    3   23    1    2    4    3    2    1    1    1      1131    8    3 VMpure    16    4    8    2
    3   24    2    2    4    0    0    2    1    1       710   16    3 VMpure    14    6    9    3
    4    1    2    2    4    0    0    1    1    0      1249    7    3 VMpure     9    6    8    2
    4    2    2    2    4    0    0    2    1    1       728    4    3 VMpure    13    2   11    8
    4    3    2    2    4    0    0    1    1    0       725    6    3 VMpure     9   16    7    1
    4    4    1    2    2    1    2    2    1    0       636    8    3 VMpure     8   11
    4    5    1    2    4    4    1    1    1    1       828    3    3 VMpure    16    2   11    3
    4    6    2    2    8    0    0    2    1    1      2384    3    3 VMpure     4    2    6   13   16   15    5   12
    4    7    1    2    8    6    3    1    1    1      1012    2    3 VMpure     3   11   15    7    8    2    4    9
    4    8    2    2    2    0    0    2    1    1      1071    2    3 VMpure     8   12
    4    9    1    2    4    4    1    1    1    1       846    5    3 VMpure    15    1    2    5
    4   10    2    2    8    0    0    1    0    1      1792   16    3 VMpure     2    6    9    3    7   15    1   13
    4   11    1    2    2    1    2    2    1    0       573    9    3 VMpure     9    7
    4   12    2    2    2    0    0    2    1    1       762   11    3 VMpure    15    2
    4   13    1    2    2    1    2    2    1    0      1088   12    3 VMpure    12   16
    4   14    2    2    8    0    0    2    1    1      1545    6    3 VMpure     4    1    7    8    2   14    5   12
    4   15    2    2    4    0    0    2    1    1      1189    4    3 VMpure     1    3    2   15
    4   16    1    2    4    1    4    1    1    1       911    8    3 VMpure     8    5    6    3
    4   17    1    2    4    2    3    2    1    0      1156   12    3 VMpure     7   12   10   11
    4   18    2    2    2    0    0    2    1    1       650   10    3 VMpure     4    7
    4   19    1    2    2    1    2    2    1    0       628    6    3 VMpure     6    8
    4   20    1    2    2    2    1    2    1    0       863   12    3 VMpure    16   12
    4   21    1    2    8    2    7    1    1    1       816    1    3 VMpure    13    1   15    6    4   11    9   14
    4   22    1    2    2    1    2    1    1    1       740   14    3 VMpure    14   16
    4   23    1    2    8    3    6    2    1    0       795   12    3 VMpure    11    1   12   10    5    8    7    4
    4   24    1    2    4    4    1    2    1    0       932   13    3 VMpure    16   10    1   13
    5    1    2    2    8    0    0    1    0    1       634   16    3 VMpure     3    2    4    9   11    6    1   12
    5    2    1    2    8    2    7    1    1    1       868   12    3 VMpure    11   12    4    1    2   16    6   13
    5    3    2    2    4    0    0    2    1    1       715   15    3 VMpure    10   14    1    7
    5    4    1    2    8    6    3    1    1    1       769   13    3 VMpure    16    7    3    1   12   13    8   11
    5    5    2    2    8    0    0    2    0    0       967    8    3 VMpure     5   12    4   14   11    1   13    6
    5    6    1    2    4    4    1    2    1    0       649    2    3 VMpure    12    9   15    2
    5    7    2    2    2    0    0    1    1    0       579    7    3 VMpure    13   12
    5    8    2    2    2    0    0    1    1    0       721   16    3 VMpure     2   11
    5    9    1    2    2    1    2    2    1    0       568   16    3 VMpure    16   12
    5   10    2    2    8    0    0    2    1    1       805   13    3 VMpure    14    7    4    9   11    3    1   10
    5   11    2    2    8    0    0    1    1    0       761    2    3 VMpure     8    3   14   13    1   11    5   15
    5   12    2    2    4    0    0    1    1    0       547   13    3 VMpure    16   15    5    4
    5   13    2    2    2    0    0    2    1    1       705   14    3 VMpure    11    9
    5   14    2    2    4    0    0    1    1    0       687    1    3 VMpure    11    6    8   13
    5   15    1    2    8    6    3    1    1    1       727    5    3 VMpure    16   13    2    3   14    5    8   12
    5   16    1    2    8    6    3    2    1    0       990   15    3 VMpure    12   11   14    1    8   15    9   10
    5   17    2    2    2    0    0    1    1    0       507   11    3 VMpure    10    8
    5   18    1    2    8    5    4    1    1    1       682    4    3 VMpure     6   14   16   13    4    3   12    8
    5   19    1    2    8    1    8    2    1    0      1059    2    3 VMpure     2   10    4   15    3    1    9    7
    5   20    1    2    4    2    3    1    0    0      1234   15    3 VMpure     3   15    5    9
    5   21    2    2    4    0    0    1    1    0       746    4    3 VMpure    14    6    1    7
    5   22    1    2    8    3    6    2    1    0       880   16    3 VMpure     4    3   16   14    9    7   13   11
    5   23    1    2    2    1    2    1    1    1       673    7    3 VMpure     7    6
    5   24    2    2    8    0    0    2    0    0       746    9    3 VMpure    10   16    6   14    4   15    2    3
    6    1    1    2    2    1    2    2    1    0       905    3    3 VMpure     3    1
    6    2    2    2    8    0    0    2    0    0       793    1    3 VMpure    12    6   15    4   11    7   16    2
    6    3    1    2    8    1    8    1    1    1       654   16    3 VMpure    16    8   12   15   11    4    6    9
    6    4    1    2    2    2    1    2    1    0       648   15    3 VMpure     1   15
    6    5    2    2    4    0    0    1    1    0       679   16    3 VMpure     4    1    5   13
    6    6    1    2    2    1    2    2    1    0       545    7    3 VMpure     7   14
    6    7    1    2    8    4    5    1    1    1       767   11    3 VMpure     2   15   13   11    5    8   16    9
    6    8    2    2    4    0    0    2    1    1       857    2    3 VMpure    11    3    1   10
    6    9    1    2    8    5    4    2    1    0       651   11    3 VMpure     1    5   14   13   11    4    6    2
    6   10    2    2    4    0    0    2    1    1       731   15    3 VMpure     1    4    2    9
    6   11    1    2    2    1    2    2    1    0       593    5    3 VMpure     5    1
    6   12    2    2    8    0    0    1    1    0       750    9    3 VMpure    11   16   14    8    2   13    1    3
    6   13    1    2    4    3    2    1    1    1      2425    4    3 VMpure     9    1    4   16
    6   14    1    2    8    1    8    2    1    0       796    3    3 VMpure     3   12    9   14    4    6   13   10
    6   15    2    2    2    0    0    2    1    1       656    5    3 VMpure    11   12
    6   16    2    2    8    0    0    1    1    0       841   10    3 VMpure     3   14   11   12   13    9    1    4
    6   17    1    2    4    2    3    2    1    0       865    3    3 VMpure     5    3   16   15
    6   18    2    2    2    0    0    1    1    0       546    5    3 VMpure     4    9
    6   19    2    2    8    0    0    1    1    0       672    5    3 VMpure     6    7    9    2    1   13   12   15
    6   20    2    2    8    0    0    1    1    0       873    6    3 VMpure    14    9   10    8   13   15    5    4
    6   21    1    2    8    6    3    1    1    1       842   14    3 VMpure    16   15   12    7    2   14    8   11
    6   22    2    2    4    0    0    1    1    0       690   15    3 VMpure     9    2   16    8
    6   23    2    2    4    0    0    2    1    1       976    7    3 VMpure    13    5    9    1
    6   24    1    2    8    2    7    2    0    1      1149    4    3 VMpure    12    4    9    6    8    7   13   16
    7    1    1    2    2    1    2    2    1    0       645    3    3 VMpure     3    5
    7    2    1    2    2    2    1    2    1    0       671    3    3 VMpure    12    3
    7    3    2    2    8    0    0    1    1    0       760   16    3 VMpure     4    2    8    7   13   14    5    9
    7    4    1    2    8    4    5    1    1    1       863   15    3 VMpure     5    2    9   15    3   10    1   11
    7    5    1    2    8    6    3    2    1    0      1024    4    3 VMpure     3   15   12    7    9    4    5    6
    7    6    2    2    2    0    0    1    1    0       604   16    3 VMpure     4    8
    7    7    2    2    8    0    0    2    0    0       952    8    3 VMpure    12    4   16   15    2   11   13    6
    7    8    1    2    2    1    2    2    1    0       582   14    3 VMpure    14   16
    7    9    1    2    2    1    2    2    1    0       482   11    3 VMpure    11    4
    7   10    1    2    2    2    1    1    1    1       563    8    3 VMpure     1    8
    7   11    2    2    2    0    0    1    0    1       752   16    3 VMpure     4    6
    7   12    2    2    4    0    0    2    1    1       763    1    3 VMpure    10   12    3    9
    7   13    2    2    4    0    0    1    1    0       709    9    3 VMpure    13   14    5    7
    7   14    1    2    2    1    2    2    0    1       638    2    3 VMpure     2    4
    7   15    2    2    8    0    0    1    1    0      1080    1    3 VMpure     4    5   13   15    6   11   12   10
    7   16    2    2    4    0    0    2    1    1      1590    2    3 VMpure    10    6   15   14
    7   17    1    2    8    7    2    2    1    0       954   13    3 VMpure    11    4    9    2    5    1   13   14
    7   18    2    2    8    0    0    2    0    0       584   12    3 VMpure    10    6   11    4   13    2    3    9
    7   19    1    2    8    8    1    1    1    1       805    1    3 VMpure     8    4   13    7    9   15    5    1
    7   20    2    2    4    0    0    1    1    0       718   16    3 VMpure     1   14    4   11
    7   21    2    2    4    0    0    1    1    0       859   15    3 VMpure     8    6    1    9
    7   22    2    2    4    0    0    1    1    0       786    7    3 VMpure     1   11    8   12
    7   23    2    2    2    0    0    2    1    1       695    6    3 VMpure     1   10
    7   24    2    2    4    0    0    2    1    1      1125    8    3 VMpure     4   10   14   15
    8    1    2    2    2    0    0    2    1    1       582    5    3 VMpure     4   11
    8    2    1    2    4    4    1    2    1    0       824   11    3 VMpure    15    4   16   11
    8    3    1    2    2    2    1    1    1    1       779    8    3 VMpure    11    8
    8    4    1    2    8    2    7    1    0    0       896    1    3 VMpure    10    1    6    2   16    5    4   14
    8    5    1    2    8    8    1    1    1    1       656    3    3 VMpure     9   11    7    1   13   14    5    3
    8    6    2    2    4    0    0    1    1    0      1120   11    3 VMpure     1    3   13    6
    8    7    2    2    8    0    0    1    1    0       871    5    3 VMpure    11    6   12    8   10   16    9    2
    8    8    1    2    8    6    3    1    1    1       904   16    3 VMpure    11   10    2    9    3   16   14    4
    8    9    2    2    4    0    0    1    1    0       718   11    3 VMpure     8    1    4    7
    8   10    2    2    2    0    0    1    1    0      1061    7    3 VMpure    15    8
    8   11    2    2    4    0    0    1    1    0       852    6    3 VMpure     5   14   10    8
    8   12    1    2    8    6    3    1    1    1      1062   16    3 VMpure     6   12   15   11    9   16    2    5
    8   13    2    2    8    0    0    1    1    0       816   11    3 VMpure    13    2   12   16   10   15    7    3
    8   14    1    2    8    3    6    2    1    0       947    4    3 VMpure    11    1    4   16    3   13   10    2
    8   15    2    2    4    0    0    2    1    1       887    8    3 VMpure    14   10   11    9
    8   16    2    2    8    0    0    1    1    0      1079    7    3 VMpure     6   10    4   11   15   12    2   16
    8   17    2    2    2    0    0    2    1    1      1089    1    3 VMpure    16   14
    8   18    1    2    4    4    1    2    1    0       815   15    3 VMpure    12   10    8   15
    8   19    2    2    2    0    0    2    1    1      1170   16    3 VMpure     8   12
    8   20    2    2    8    0    0    1    1    0      1463    9    3 VMpure    13   12   10   14    4    8    1    3
    8   21    1    2    4    2    3    1    0    0       934   15    3 VMpure    16   15    3    7
    8   22    1    2    2    2    1    2    1    0       725    8    3 VMpure    12    8
    8   23    1    2    2    2    1    2    1    0       732   10    3 VMpure    12   10
    8   24    1    2    4    3    2    1    1    1       728   12    3 VMpure    15    2   12    5
    9    1    2    2    2    0    0    2    1    1       674    4    3 VMpure    14   13
    9    2    2    2    8    0    0    2    1    1       972    9    3 VMpure     3   12    5    1   14    4    8    7
    9    3    1    2    2    1    2    2    1    0       777    8    3 VMpure     8   16
    9    4    2    2    8    0    0    1    0    1       782    8    3 VMpure    12    2   14   13    4   11    6    5
    9    5    1    2    2    2    1    1    1    1       675    1    3 VMpure     4    1
    9    6    2    2    4    0    0    1    1    0       945    8    3 VMpure    11    5    7    6
    9    7    2    2    2    0    0    1    1    0       624    1    3 VMpure     5   12
    9    8    1    2    4    4    1    2    1    0       961    6    3 VMpure     9   10   14    6
    9    9    1    2    4    4    1    2    1    0       852    5    3 VMpure    15    4   13    5
    9   10    2    2    4    0    0    2    1    1       699    5    3 VMpure     2    3   11    7
    9   11    1    2    8    2    7    2    1    0       963    8    3 VMpure    10    8    2   13    3   11    1   14
    9   12    2    2    2    0    0    2    1    1       721   10    3 VMpure     3    7
    9   13    1    2    4    1    4    1    1    1      1293    5    3 VMpure     5    9   16    4
    9   14    2    2    8    0    0    1    1    0       798   15    3 VMpure    14    2    5   12   16    8   10    7
    9   15    2    2    4    0    0    2    1    1       903   15    3 VMpure     8    4   10   12
    9   16    2    2    8    0    0    2    1    1      1367    3    3 VMpure     9    4   10    8   16    7    2   14
    9   17    2    2    2    0    0    1    1    0       645    6    3 VMpure     9    4
    9   18    1    2    4    3    2    2    1    0      1029    8    3 VMpure    11   10    8    4
    9   19    2    2    2    0    0    2    1    1       864    9    3 VMpure    16    3
    9   20    1    2    2    1    2    1    1    1       785   10    3 VMpure    10    5
    9   21    1    2    4    4    1    2    1    0       667    8    3 VMpure     7   11    6    8
    9   22    1    2    8    8    1    1    1    1       628    7    3 VMpure     9   10   12    4    8    2   14    7
    9   23    1    2    4    3    2    1    1    1       709   13    3 VMpure     5   15   13   10
    9   24    1    2    8    5    4    1    1    1       845    2    3 VMpure    16    9    8   10    2    1    6   15
