    1    1    2    2    8    0    0    1    0    1     13384    9    3 VMpure     4   13    1   15   10    8   16    5
    1    2    2    2    2    0    0    2    1    1     10627    6    3 VMpure    12   10
    1    3    2    2    4    0    0    1    0    1      2641   10    3 VMpure     2   13    1    9
    1    4    1    2    2    1    2    2    0    1      2987   12    3 VMpure    12   16
    1    5    1    2    8    5    4    2    0    1      5143    8    3 VMpure     2   10    3   13    8    4   12    1
    1    6    2    2    4    0    0    1    0    1      1152    4    3 VMpure     3   10   16   14
    1    7    1    2    4    3    2    1    0    0      8587    2    3 VMpure     1    4    2   10
    1    8    2    2    8    0    0    2    0    0       647    2    3 VMpure    12   10    9   16   15   14    3    8
    1    9    1    2    2    2    1    2    1    0      1025    6    3 VMpure    10    6
    1   10    1    2    4    4    1    1    0    0       497    7    3 VMpure     4    5    1    7
    1   11    1    2    8    8    1    1    1    1      1054    2    3 VMpure    10   16   14    5    3    9   11    2
    1   12    2    2    2    0    0    2    1    1      1896    8    3 VMpure    14    7
    1   13    1    2    2    2    1    2    0    1      1808    8    3 VMpure    13    8
    1   14    2    2    4    0    0    2    1    1      1313   10    3 VMpure     5   12   16    9
    1   15    2    2    4    0    0    2    1    1      1893    8    3 VMpure    11   15    5   12
    1   16    2    2    2    0    0    2    1    1       829   13    3 VMpure     6   16
    1   17    1    2    8    7    2    1    1    1      1535    1    3 VMpure     2    5   13    6   10   16    1    7
    1   18    2    2    8    0    0    1    1    0       789    7    3 VMpure     1    2   12    5   14   11   15   10
    1   19    2    2    2    0    0    1    1    0      1258    2    3 VMpure    11    6
    1   20    2    2    2    0    0    1    1    0       748    3    3 VMpure     4   13
    1   21    2    2    8    0    0    1    1    0      1169   15    3 VMpure    13    8    3    5   12   10   16    1
    1   22    1    2    4    4    1    2    1    0      1595   12    3 VMpure    15   16    4   12
    1   23    2    2    8    0    0    2    0    0      1135   13    3 VMpure     5   12    9    8    3    6    7   14
    1   24    2    2    8    0    0    1    1    0      1157    1    3 VMpure     5   11   13    2    8   15    6    4
    2    1    2    2    4    0    0    2    1    1      1055    2    3 VMpure    11    6    3   16
    2    2    2    2    2    0    0    2    1    1       889   10    3 VMpure     7   11
    2    3    1    2    4    2    3    1    1    1      1054    8    3 VMpure    10    8   14   15
    2    4    2    2    4    0    0    2    0    0      1037   14    3 VMpure     5    1   11   15
    2    5    2    2    4    0    0    2    1    1      1309    2    3 VMpure     1    3   15   10
    2    6    1    2    2    1    2    2    1    0      1084    1    3 VMpure     1    3
    2    7    2    2    8    0    0    1    1    0      1013    6    3 VMpure    16   13   10    4   12    3    2   15
    2    8    1    2    8    4    5    2    1    0      1248    9    3 VMpure    11    1    7    9    5    6    4    8
    2    9    1    2    8    2    7    2    1    0       849   14    3 VMpure    10   14    7   13    5    8   12    9
    2   10    2    2    2    0    0    2    1    1      1555    3    3 VMpure    14    5
    2   11    1    2    8    6    3    2    1    0      1721   13    3 VMpure     5    7    8    1   15   13    2    3
    2   12    2    2    4    0    0    1    1    0       861   11    3 VMpure    13    5    3    7
    2   13    1    2    4    1    4    2    1    0      1220    1    3 VMpure     1   13    6   11
    2   14    2    2    8    0    0    1    1    0       951   12    3 VMpure    14    7    5   11   16    8   15    3
    2   15    2    2    2    0    0    1    1    0       741    7    3 VMpure     5    4
    2   16    2    2    4    0    0    1    1    0       816   13    3 VMpure     2   15    9    3
    2   17    2    2    2    0    0    2    1    1      3363    1    3 VMpure     6    8
    2   18    2    2    8    0    0    2    1    1      1568   15    3 VMpure    14   12   11    1    8    2    9    4
    2   19    1    2    4    2    3    1    0    0      1083    2    3 VMpure     8    2    9    3
    2   20    1    2    8    2    7    2    1    0      1491   15    3 VMpure     5   15    3   14    9    8    1   13
    2   21    1    2    8    4    5    2    1    0      1163   13    3 VMpure     8    3   16   13    6   12    7   15
    2   22    2    2    4    0    0    1    1    0       838   10    3 VMpure     8   15    2    9
    2   23    1    2    8    7    2    2    1    0      1352    1    3 VMpure    11    3    8   15    5    9    1    4
    2   24    1    2    8    2    7    1    0    0      1542    7    3 VMpure    10    7    3    4    1   14    6    2
    3    1    1    2    8    2    7    2    1    0      1119    4    3 VMpure     1    4    2   11   14   12    6   16
    3    2    1    2    4    1    4    2    1    0       748    1    3 VMpure     1    6   10    7
    3    3    2    2    4    0    0    2    1    1       695   10    3 VMpure     7   16    2   15
    3    4    1    2    2    1    2    2    1    0      1167   13    3 VMpure    13   12
    3    5    1    2    8    4    5    2    1    0      1123    4    3 VMpure     3   13   12    4    8    6    1    5
    3    6    1    2    2    2    1    2    1    0       891    1    3 VMpure     9    1
    3    7    1    2    8    7    2    1    1    1      1483    8    3 VMpure    16    5   14    9   12    6    8   11
    3    8    2    2    2    0    0    1    1    0      1092   12    3 VMpure    14    6
    3    9    1    2    2    1    2    2    1    0      1308   11    3 VMpure    11    7
    3   10    2    2    4    0    0    1    0    1       961   14    3 VMpure     7    5   11    8
    3   11    2    2    8    0    0    2    1    1      2606    6    3 VMpure    15    7    1   16    2    9    8    4
    3   12    2    2    8    0    0    1    1    0      1018   11    3 VMpure     5   14   12   15    6   16    8   13
    3   13    2    2    8    0    0    1    1    0      1429   11    3 VMpure     1    3    5    2    6    4   12    8
    3   14    2    2    8    0    0    1    1    0      1135    1    3 VMpure     7   16   14    6    5   13    8   10
    3   15    2    2    4    0    0    2    0    0      1115    1    3 VMpure    16    5    3    4
    3   16    1    2    4    2    3    2    0    1      2247    8    3 VMpure    16    8    5    4
    3   17    2    2    8    0    0    1    1    0      1441    2    3 VMpure     9   11   13   16    6    7   15   14
    3   18    2    2    8    0    0    2    1    1      1243    9    3 VMpure     2    1   15   11   14    6    8   10
    3   19    1    2    4    2    3    1    1    1       994   12    3 VMpure     4   12    9    8
    3   20    1    2    4    3    2    1    1    1       947    1    3 VMpure     9   13    1   14
    3   21    2    2    2    0    0    1    1    0       865   14    3 VMpure    15   16
    3   22    2    2    8    0    0    2    1    1      1746    4    3 VMpure     1   13   14   10    7    9    3    5
    3   23    2    2    4    0    0    1    1    0      1077   14    3 VMpure     4    1    3   10
    3   24    1    2    8    4    5    2    1    0      1597    3    3 VMpure     5    1    2    3   15   16   12   14
    4    1    1    2    8    2    7    2    1    0      1288   10    3 VMpure     4   10    7   15   14    5   16   13
    4    2    2    2    4    0    0    2    1    1      1198   11    3 VMpure     9    7    6    1
    4    3    1    2    2    1    2    2    1    0      1042    1    3 VMpure     1   12
    4    4    1    2    8    3    6    1    1    1      2508   15    3 VMpure     8    1   15   16   10   14    6   11
    4    5    2    2    8    0    0    2    1    1      2172   16    3 VMpure    12    9    1    7   13    2   10   15
    4    6    2    2    4    0    0    1    1    0      1006    7    3 VMpure    15    1    9    3
    4    7    1    2    4    4    1    2    1    0      1055   11    3 VMpure    12    7   13   11
    4    8    2    2    2    0    0    2    1    1      1145   15    3 VMpure    16    7
    4    9    2    2    2    0    0    2    1    1       991   12    3 VMpure     3    1
    4   10    2    2    4    0    0    2    1    1       993    1    3 VMpure     3   11    7   15
    4   11    2    2    4    0    0    2    1    1      1906    7    3 VMpure    16   11    4   12
    4   12    1    2    8    1    8    1    0    0      1034   10    3 VMpure    10   13   15    6   11   16    3    4
    4   13    2    2    8    0    0    2    1    1      1140    2    3 VMpure    10    5    4   11    3   15    6   13
    4   14    1    2    8    3    6    2    1    0      1018   13    3 VMpure     8   10   13    9   15    1    2   12
    4   15    1    2    4    3    2    1    1    1      1146    4    3 VMpure    14    7    4   15
    4   16    1    2    8    6    3    2    1    0      1120    6    3 VMpure     2   16   11    5   10    6   12    1
    4   17    1    2    8    5    4    2    1    0       839    5    3 VMpure     4    3    7    6    5   11   12    8
    4   18    2    2    8    0    0    1    0    1      1386    5    3 VMpure    14    1   10    4   11    6    9    8
    4   19    2    2    4    0    0    1    1    0       939   12    3 VMpure     9   10    8   16
    4   20    1    2    8    4    5    1    1    1      1034    7    3 VMpure    12   10   15    7    4    3   14    1
    4   21    1    2    2    1    2    2    1    0       900    5    3 VMpure     5   14
    4   22    2    2    8    0    0    2    1    1      1268    9    3 VMpure    10   12    8   14    5    1    4   15
    4   23    2    2    2    0    0    2    1    1      1429   12    3 VMpure    11    7
    4   24    2    2    2    0    0    1    1    0      1007    3    3 VMpure    13    4
    5    1    1    2    2    1    2    2    1    0      1092    9    3 VMpure     9   13
    5    2    2    2    2    0    0    1    1    0      1404    8    3 VMpure     6    7
    5    3    1    2    8    2    7    1    1    1      1304    6    3 VMpure    13    6   15    9    7    1    4   12
    5    4    1    2    8    2    7    1    0    0      1063   15    3 VMpure     1   15    8    4   14   11    2    7
    5    5    1    2    2    1    2    2    1    0       800    8    3 VMpure     8    1
    5    6    1    2    2    1    2    2    1    0       804    9    3 VMpure     9    8
    5    7    2    2    2    0    0    2    1    1      1416    1    3 VMpure    16    3
    5    8    2    2    4    0    0    1    1    0       840   11    3 VMpure    15   14   16   13
    5    9    1    2    2    1    2    1    1    1      1115   14    3 VMpure    14    6
    5   10    2    2    4    0    0    2    1    1      1111   13    3 VMpure    10   12   16   14
    5   11    1    2    4    2    3    1    1    1       996    8    3 VMpure     6    8    9    1
    5   12    1    2    8    2    7    2    0    1      1119   10    3 VMpure     9   10   11    7   13    6    1    3
    5   13    2    2    2    0    0    2    1    1      1046    7    3 VMpure     1    5
    5   14    1    2    4    3    2    1    1    1      1381    9    3 VMpure    13    4    9    3
    5   15    1    2    2    2    1    2    1    0      1042    6    3 VMpure     1    6
    5   16    2    2    2    0    0    1    1    0       588    9    3 VMpure     5    8
    5   17    1    2    2    1    2    1    1    1       889    4    3 VMpure     4    2
    5   18    1    2    8    7    2    2    1    0       745   14    3 VMpure     5   10   13    9    2    3   14   12
    5   19    1    2    8    3    6    2    1    0      1071   13    3 VMpure    12    1   13    9   10    7    6    8
    5   20    2    2    8    0    0    1    1    0      1784    4    3 VMpure    13    9    7   10    1    6    3   14
    5   21    2    2    4    0    0    2    1    1       906   11    3 VMpure     5   15    4    9
    5   22    1    2    4    3    2    1    1    1      1198    3    3 VMpure     9   14    3    8
    5   23    1    2    4    1    4    1    1    1      1304    5    3 VMpure     5    1    6   13
    5   24    1    2    8    2    7    1    0    0      1559    3    3 VMpure     6    3   15    5   12   13    9    4
    6    1    2    2    4    0    0    1    1    0       688    8    3 VMpure     1   12   10    6
    6    2    2    2    8    0    0    2    1    1       921   16    3 VMpure     7   10   13    9    3    6    8   11
    6    3    2    2    4    0    0    1    1    0       717   15    3 VMpure     7    9   12   13
    6    4    2    2    2    0    0    2    1    1       820   14    3 VMpure    13    9
    6    5    2    2    2    0    0    2    1    1       711    6    3 VMpure     4    3
    6    6    1    2    2    2    1    1    0    0       463    2    3 VMpure     6    2
    6    7    2    2    8    0    0    1    1    0      1008    9    3 VMpure    10    8    3   12   13   14    5   16
    6    8    1    2    2    2    1    1    1    1      1307    7    3 VMpure    15    7
    6    9    1    2    2    2    1    2    1    0       379   15    3 VMpure     8   15
    6   10    2    2    2    0    0    1    1    0       704    2    3 VMpure    15   10
    6   11    1    2    8    8    1    2    1    0      1895    8    3 VMpure     2   16   11   12   15    1    6    8
    6   12    2    2    4    0    0    2    1    1      1908   12    3 VMpure     2    5    4    1
    6   13    1    2    4    4    1    2    1    0       978   11    3 VMpure     2    5    3   11
    6   14    2    2    4    0    0    2    1    1       675    1    3 VMpure     2   15    8    3
    6   15    1    2    2    2    1    1    1    1       845    1    3 VMpure     9    1
    6   16    2    2    8    0    0    1    1    0      1214   10    3 VMpure     1    9   13   16    3    6   14    7
    6   17    1    2    4    1    4    2    0    1       711   15    3 VMpure    15   10    4   13
    6   18    1    2    4    1    4    1    1    1      1267    7    3 VMpure     7    3    8    5
    6   19    2    2    8    0    0    2    1    1      1044    2    3 VMpure    15    5    3   12   13    7    6   16
    6   20    2    2    8    0    0    2    1    1      1150   12    3 VMpure    15    5   16    2    4   13    6   10
    6   21    1    2    4    2    3    2    1    0      1129   16    3 VMpure     2   16    1    7
    6   22    1    2    8    5    4    1    1    1       895    6    3 VMpure    14    5    7    4    6   16    8    3
    6   24    1    2    8    3    6    2    1    0      1087    6    3 VMpure    16   10    6   15    4    9   14    1
    7    1    2    2    4    0    0    1    1    0       776   14    3 VMpure     2    1   11   15
    7    2    2    2    2    0    0    2    1    1       947   12    3 VMpure     4    8
    7    3    2    2    8    0    0    2    1    1       802    1    3 VMpure     8   11    3    9    4   10    6    5
    7    4    1    2    2    2    1    1    1    1       899   15    3 VMpure     3   15
    7    5    2    2    4    0    0    2    1    1       741   14    3 VMpure     8    7    5   12
    7    6    1    2    2    2    1    2    1    0       961    2    3 VMpure     5    2
    7    7    1    2    4    2    3    2    0    1      1544    3    3 VMpure     6    3   14   12
    7    8    1    2    8    5    4    2    1    0      1544    1    3 VMpure    16    7   13   14    1    9   10   15
    7    9    2    2    8    0    0    1    1    0       920   13    3 VMpure     8   15    1    9   11    5    3    2
    7   10    1    2    8    1    8    2    1    0      1106   12    3 VMpure    12    6    1    2    9   16   10   11
    7   11    1    2    8    6    3    2    1    0      1395    8    3 VMpure    14    5    3   11    4    8    2   10
    7   12    2    2    2    0    0    2    1    1      1446   12    3 VMpure     1    3
    7   13    1    2    4    1    4    1    1    1      1432   14    3 VMpure    14    5    2   15
    7   14    1    2    4    3    2    1    1    1       868    9    3 VMpure     3    2    9   15
    7   15    2    2    2    0    0    1    1    0      1059   13    3 VMpure     3    5
    7   16    2    2    2    0    0    2    1    1       883    2    3 VMpure    15    7
    7   17    1    2    4    4    1    1    1    1       940   13    3 VMpure     6    1   14   13
    7   18    1    2    4    4    1    2    1    0       939   11    3 VMpure    10   14    3   11
    7   19    2    2    4    0    0    1    1    0       677    8    3 VMpure     1    7    9    3
    7   20    2    2    8    0    0    2    1    1       958   15    3 VMpure    16    7    2   12    9    5   11    8
    7   21    1    2    2    2    1    1    0    0       498    8    3 VMpure     9    8
    7   22    1    2    4    1    4    2    1    0      1115    6    3 VMpure     6   10    2    5
    7   23    1    2    2    1    2    1    1    1      1018    6    3 VMpure     6    8
    7   24    2    2    4    0    0    1    1    0      1371    8    3 VMpure    14   16    6    1
    8    1    2    2    2    0    0    1    1    0       957    5    3 VMpure     7    3
    8    2    2    2    2    0    0    1    1    0      1231    5    3 VMpure    12    8
    8    3    2    2    2    0    0    1    1    0       815    1    3 VMpure    12   14
    8    4    1    2    4    2    3    1    0    0      1284   15    3 VMpure     7   15    5    6
    8    5    1    2    4    3    2    1    1    1      1141    8    3 VMpure     2   15    8   12
    8    6    1    2    8    3    6    1    0    0       944    1    3 VMpure    14    3    1    9    6   16   12    5
    8    7    2    2    2    0    0    1    1    0       898   16    3 VMpure    14   10
    8    8    2    2    4    0    0    2    1    1       867   11    3 VMpure    14   12   13    4
    8    9    2    2    4    0    0    2    1    1      1174   11    3 VMpure    15    7    9    3
    8   10    2    2    8    0    0    1    1    0      1236    4    3 VMpure    15   13    9    5   14   12    8   11
    8   11    1    2    8    6    3    2    1    0      1521    7    3 VMpure    13   16    8   11   12    7    2   15
    8   12    1    2    4    1    4    1    1    1      1210    3    3 VMpure     3   14    2   13
    8   13    2    2    2    0    0    2    1    1       794    4    3 VMpure    11   13
    8   14    1    2    8    6    3    2    1    0       808   14    3 VMpure     9   10   16    3   13   14   15    5
    8   15    1    2    2    2    1    1    1    1       994    2    3 VMpure     4    2
    8   16    2    2    2    0    0    1    1    0       547    8    3 VMpure    15    4
    8   17    2    2    2    0    0    2    1    1       649    9    3 VMpure    10    5
    8   18    2    2    4    0    0    1    0    1      6617   10    3 VMpure     4    3   16    1
    8   19    2    2    2    0    0    1    1    0       515   11    3 VMpure    12   13
    8   20    2    2    8    0    0    2    1    1      1101   13    3 VMpure    11   14    7   12    1    3    8    6
    8   21    1    2    2    2    1    1    1    1       523    8    3 VMpure     6    8
    8   22    1    2    2    1    2    1    1    1       638    7    3 VMpure     7   14
    8   23    1    2    2    2    1    2    1    0       566   13    3 VMpure     8   13
    8   24    1    2    2    2    1    2    1    0       475    9    3 VMpure     1    9
    9    1    2    2    8    0    0    1    1    0      1521    9    3 VMpure     2    4   11    6   16   13    1    5
    9    2    2    2    2    0    0    2    1    1       581    1    3 VMpure     8    4
    9    3    1    2    8    2    7    2    1    0       908   12    3 VMpure     3   12   16   14    4    2    1    5
    9    4    2    2    4    0    0    2    1    1       685   13    3 VMpure     6   15    4    3
    9    5    1    2    4    2    3    1    1    1       822   11    3 VMpure     9   11   14    5
    9    6    2    2    4    0    0    2    1    1       811   13    3 VMpure    10   11    4    2
    9    7    2    2    2    0    0    2    1    1       629    7    3 VMpure     1   14
    9    8    1    2    4    2    3    1    1    1      1025   12    3 VMpure    13   12   14   11
    9    9    2    2    8    0    0    1    1    0       647    9    3 VMpure    11   13    7   16   12    4    3    5
    9   10    1    2    2    1    2    2    1    0       804    8    3 VMpure     8   14
    9   11    2    2    4    0    0    1    1    0       682   12    3 VMpure     1    6   16    5
    9   12    2    2    8    0    0    1    1    0       941   16    3 VMpure     1    2    8    5    6   14    7   15
    9   13    1    2    8    1    8    1    1    1       853   16    3 VMpure    16   11   12   13   15   14    4    1
    9   14    2    2    4    0    0    2    1    1       713   12    3 VMpure    15   10   13    7
    9   15    1    2    4    3    2    1    1    1       897   11    3 VMpure    14   10   11   16
    9   16    2    2    4    0    0    1    1    0      1490   13    3 VMpure    11    9    8    7
    9   17    2    2    8    0    0    2    1    1      1381    7    3 VMpure    16   11   15    3   10    6    8    9
    9   18    1    2    8    4    5    1    1    1       885    9    3 VMpure     4    7    3    9   15   10   16    8
    9   19    1    2    8    8    1    1    1    1      1023    7    3 VMpure     5   15    9    6   10    3   11    7
    9   20    2    2    8    0    0    1    1    0      1083    7    3 VMpure     5    6   16    2    8    9   11   10
    9   21    2    2    2    0    0    1    1    0      1130    7    3 VMpure    13    3
    9   22    2    2    4    0    0    1    1    0       761    8    3 VMpure     4   12    9    1
    9   23    1    2    2    1    2    2    1    0       875    4    3 VMpure     4    6
    9   24    2    2    8    0    0    2    1    1      1366    5    3 VMpure     6   15    7    1    2   14    8   13
