    1    1    1    2    4    1    4    2    1    0      1181    6    3 VMpure     6    3    8    2
    1    2    2    2    8    0    0    1    1    0       634    4    3 VMpure    10    8    9   15    5    3   11   13
    1    3    2    2    8    0    0    1    1    0       707    9    3 VMpure     2   15   11   12   14    4    8    5
    1    4    2    2    4    0    0    1    0    1       504   16    3 VMpure     6   11    1    3
    1    5    2    2    2    0    0    1    1    0       896    1    3 VMpure     2   15
    1    6    1    2    4    1    4    1    1    1        62    9    3 VMpure     9    6    7   11
    1    8    1    2    8    4    5    1    1    1      1780    2    3 VMpure     4   16   11    2   12   10    1   13
    1    9    2    2    4    0    0    1    0    1       727    7    3 VMpure    13    2   12    4
    1   10    2    2    8    0    0    1    0    1       593   12    3 VMpure     3   13    6    4    2   14    7    1
    1   11    2    2    4    0    0    2    0    0       772    4    3 VMpure     3   13   11    7
    1   12    2    2    4    0    0    1    1    0       575    1    3 VMpure     7    5    2   13
    1   13    1    2    2    1    2    1    1    1       709    5    3 VMpure     5    2
    1   14    2    2    2    0    0    1    0    1       781   14    3 VMpure     8   15
    1   15    1    2    8    5    4    1    0    0       563    8    3 VMpure    14   15   12   13    8    4    2    1
    1   16    2    2    4    0    0    1    0    1       887   13    3 VMpure     9   11   14    1
    1   17    1    2    4    1    4    2    1    0       550    5    3 VMpure     5   16    1   11
    1   18    2    2    4    0    0    2    0    0       635    5    3 VMpure     2   11    7   13
    1   19    1    2    2    1    2    2    1    0       670    5    3 VMpure     5   12
    1   20    1    2    8    6    3    2    1    0       585   13    3 VMpure    14    7    2    8    4   13   16    6
    1   21    2    2    2    0    0    1    1    0       655   14    3 VMpure     4    6
    1   22    2    2    4    0    0    1    1    0       462    6    3 VMpure    13   15    3    9
    1   23    2    2    8    0    0    1    0    1       681    6    3 VMpure     3   10    7    9    1   13   14   15
    1   24    2    2    4    0    0    1    1    0       504   12    3 VMpure     5    9    2    7
    2    1    1    2    2    2    1    1    1    1       575   16    3 VMpure    11   16
    2    2    2    2    4    0    0    1    0    1       707   16    3 VMpure     3    2   12   10
    2    3    2    2    2    0    0    2    1    1       676   15    3 VMpure     3   16
    2    4    1    2    2    2    1    2    1    0       446   14    3 VMpure    11   14
    2    5    2    2    4    0    0    2    1    1       647   15    3 VMpure     2   13    9   16
    2    6    1    2    4    3    2    2    1    0       703    6    3 VMpure     1    5    6   15
    2    7    1    2    2    1    2    1    1    1       760   14    3 VMpure    14    9
    2    8    1    2    4    1    4    1    1    1       516   14    3 VMpure    14   16    3    5
    2    9    1    2    4    1    4    1    1    1       417   16    3 VMpure    16    8   15   14
    2   10    2    2    8    0    0    2    1    1       773   10    3 VMpure     8   12    1   14   15    5    7   11
    2   11    1    2    8    7    2    2    1    0       516   15    3 VMpure    10    3    2    1   16   14   15   12
    2   12    2    2    8    0    0    2    1    1       604    2    3 VMpure    15    3   16   14   11   10    8    1
    2   13    1    2    4    1    4    2    1    0       702    3    3 VMpure     3   13    7    8
    2   14    1    2    8    1    8    2    1    0       544   14    3 VMpure    14    6   10    9   11   13    5    3
    2   15    2    2    2    0    0    1    1    0       919   13    3 VMpure    16   14
    2   16    2    2    2    0    0    2    1    1      1647    6    3 VMpure    10   11
    2   17    2    2    4    0    0    1    1    0       560   14    3 VMpure     2    5    4   16
    2   18    2    2    2    0    0    2    1    1       631   14    3 VMpure     1    4
    2   19    2    2    8    0    0    1    1    0       523   13    3 VMpure     8   16    1    9    2    4   11    6
    2   20    2    2    8    0    0    2    1    1       572    7    3 VMpure    11    1   16    4   10    3    2    6
    2   21    2    2    4    0    0    1    1    0       551    9    3 VMpure    15    7    6   12
    2   22    1    2    2    1    2    2    1    0       502   12    3 VMpure    12   16
    2   23    2    2    4    0    0    1    1    0       635    3    3 VMpure    12    7   14    2
    2   24    2    2    2    0    0    2    1    1       999    3    3 VMpure    12    4
    3    1    1    2    4    2    3    2    1    0       450   13    3 VMpure     2   13    7   14
    3    2    1    2    2    2    1    2    1    0       701    5    3 VMpure    10    5
    3    3    1    2    4    4    1    1    1    1       459    8    3 VMpure    12    3   11    8
    3    4    1    2    4    2    3    2    1    0       468    9    3 VMpure     6    9   11   13
    3    5    1    2    8    8    1    1    1    1       382    5    3 VMpure    14    1    4    2    7    6   10    5
    3    6    1    2    8    2    7    1    0    0       709   11    3 VMpure     4   11   13    9    7   14    8    3
    3    7    1    2    4    4    1    1    1    1       339    5    3 VMpure     7   14    8    5
    3    8    2    2    2    0    0    1    1    0       547    3    3 VMpure     2    9
    3    9    1    2    4    1    4    1    1    1       712    7    3 VMpure     7    9    2   13
    3   10    1    2    8    8    1    2    1    0       369    1    3 VMpure     4   13    6   15    8   10   12    1
    3   11    2    2    4    0    0    2    1    1       685    6    3 VMpure    11    1   10    4
    3   12    1    2    2    1    2    1    1    1       462   13    3 VMpure    13   11
    3   13    2    2    8    0    0    1    1    0       674    7    3 VMpure    10    1   12   13    4    3   16    8
    3   14    2    2    4    0    0    1    1    0       578   11    3 VMpure     9   12    1    2
    3   15    1    2    2    2    1    1    1    1       440    9    3 VMpure    10    9
    3   16    1    2    4    3    2    1    1    1       409   13    3 VMpure     7   14   13   15
    3   17    2    2    8    0    0    1    1    0       622   16    3 VMpure     1    6   14    3    7    8    5    2
    3   18    1    2    2    1    2    2    1    0       442    3    3 VMpure     3   12
    3   19    2    2    4    0    0    1    1    0       507    4    3 VMpure    14    6    2   13
    3   20    1    2    8    4    5    1    1    1       797    3    3 VMpure     7    2   12    3    4   10    5   13
    3   21    1    2    2    1    2    1    1    1       402    3    3 VMpure     3    1
    3   22    2    2    2    0    0    2    1    1      1078   14    3 VMpure     4    1
    3   23    2    2    8    0    0    2    1    1       706   10    3 VMpure     2    5    4   16    9   12    1   15
    3   24    2    2    8    0    0    1    1    0       570    2    3 VMpure    15    3   13   14   11    9    4    8
    4    1    1    2    4    2    3    1    1    1       689    5    3 VMpure     9    5   12   11
    4    2    2    2    4    0    0    2    1    1       456   14    3 VMpure    13    4   12   16
    4    3    2    2    2    0    0    2    1    1       499   15    3 VMpure    16   11
    4    4    2    2    2    0    0    1    1    0       620    5    3 VMpure    16    3
    4    5    1    2    8    1    8    1    0    0      1449    9    3 VMpure     9   13   16   15    1    7    3   12
    4    6    2    2    4    0    0    2    1    1       745   15    3 VMpure     3    7    5   16
    4    7    1    2    4    1    4    2    1    0       558    8    3 VMpure     8    2    3    4
    4    8    1    2    4    2    3    2    1    0       570    4    3 VMpure     6    4    2   15
    4    9    2    2    2    0    0    2    1    1       592   16    3 VMpure     8   14
    4   10    2    2    4    0    0    1    1    0       539    3    3 VMpure     1   16   11    4
    4   11    1    2    8    7    2    2    1    0       539    2    3 VMpure     8   10   13    4    5    1    2   15
    4   12    1    2    2    2    1    1    1    1       706   13    3 VMpure     6   13
    4   13    1    2    4    2    3    1    1    1       600   13    3 VMpure    15   13    9   12
    4   14    1    2    8    7    2    2    1    0       462   14    3 VMpure    12    3    2    7   10   11   14   16
    4   15    1    2    4    4    1    1    1    1       406   10    3 VMpure    16    4   11   10
    4   16    1    2    4    2    3    2    1    0       513    7    3 VMpure    14    7    1   10
    4   17    1    2    2    2    1    1    1    1       994    3    3 VMpure    12    3
    4   18    2    2    2    0    0    2    1    1       495   16    3 VMpure    14    8
    4   19    1    2    2    2    1    1    1    1       680    9    3 VMpure    14    9
    4   20    1    2    8    5    4    2    1    0       507   15    3 VMpure     6    7   14   12   15    5   13    8
    4   21    2    2    4    0    0    1    1    0       537    7    3 VMpure     9    5   13    2
    4   22    1    2    2    1    2    1    1    1       481    5    3 VMpure     5   11
    4   23    2    2    4    0    0    2    1    1       695   13    3 VMpure    12   10    1    3
    4   24    2    2    2    0    0    2    1    1       569    6    3 VMpure     5    2
    5    1    2    2    8    0    0    2    0    0       864   10    3 VMpure     2   14    9   13    4    7    5    1
    5    2    2    2    8    0    0    1    0    1       443    6    3 VMpure     9    1   11    5   15   10    8   12
    5    3    2    2    8    0    0    2    1    1       768    1    3 VMpure     4   12   16    2    8   14    5   10
    5    4    1    2    2    2    1    1    1    1       478    3    3 VMpure     9    3
    5    5    1    2    8    7    2    2    1    0       657   10    3 VMpure    12    8    9    3   14   13   10   11
    5    6    1    2    4    3    2    1    1    1       721   16    3 VMpure    13    6   16    4
    5    7    1    2    4    1    4    2    1    0       695    2    3 VMpure     2   10   14    7
    5    8    2    2    2    0    0    2    1    1       504   16    3 VMpure     6    8
    5    9    1    2    8    5    4    2    1    0       482   10    3 VMpure    12    2    8   11   10    7    5    1
    5   10    2    2    2    0    0    1    1    0       619    3    3 VMpure     1    9
    5   11    1    2    4    3    2    2    1    0       429    9    3 VMpure     2    6    9   14
    5   12    2    2    2    0    0    1    1    0       529    7    3 VMpure     6   15
    5   13    1    2    2    1    2    2    1    0       377    3    3 VMpure     3    2
    5   14    1    2    2    1    2    1    1    1       407   14    3 VMpure    14    3
    5   15    1    2    2    2    1    2    1    0       684    2    3 VMpure    12    2
    5   16    2    2    4    0    0    2    1    1       603    7    3 VMpure     4    1    9   13
    5   17    2    2    4    0    0    1    1    0       829   13    3 VMpure    10   14   15   11
    5   18    1    2    2    1    2    2    1    0       561   16    3 VMpure    16    4
    5   19    1    2    4    1    4    2    1    0       446   12    3 VMpure    12    3    7   10
    5   20    1    2    4    3    2    1    1    1       550    5    3 VMpure    15   10    5   13
    5   21    1    2    2    1    2    2    1    0       453    7    3 VMpure     7   13
    5   22    1    2    2    1    2    1    1    1       424   10    3 VMpure    10   16
    5   23    2    2    2    0    0    2    1    1       524    2    3 VMpure    15   12
    5   24    1    2    2    1    2    1    1    1       444    9    3 VMpure     9   14
    6    1    2    2    4    0    0    1    1    0       850   14    3 VMpure     4    8    2    7
    6    2    1    2    4    4    1    2    1    0       490   10    3 VMpure     4    8   15   10
    6    3    2    2    8    0    0    2    1    1       932    3    3 VMpure    11    4    9   10    7    1    5   14
    6    4    2    2    8    0    0    2    1    1       780    3    3 VMpure     5    1   15   14   13   10    7    6
    6    5    1    2    2    2    1    1    1    1       426   15    3 VMpure    16   15
    6    6    2    2    2    0    0    2    1    1       494    3    3 VMpure    15   11
    6    7    2    2    4    0    0    2    1    1       453   11    3 VMpure     9   15    4    5
    6    8    1    2    8    3    6    2    1    0       607   11    3 VMpure    10    9   11   14    2   15   16    1
    6    9    2    2    4    0    0    1    1    0       738    9    3 VMpure    16   10   13    6
    6   10    1    2    8    2    7    2    1    0       682    7    3 VMpure    11    7    5   15   13    4   16   12
    6   11    1    2    8    8    1    1    1    1       445   10    3 VMpure     9    3    5    1    8   12   16   10
    6   12    1    2    2    1    2    1    1    1       696   12    3 VMpure    12   11
    6   13    1    2    4    2    3    1    1    1       783    4    3 VMpure    13    4   14   12
    6   14    2    2    8    0    0    1    0    1      1205   13    3 VMpure     3   11   10    7    9    2   12    1
    6   15    2    2    4    0    0    2    1    1       632    4    3 VMpure     9    5   14   16
    6   16    1    2    8    4    5    1    1    1       564   14    3 VMpure    15   12    6   14    9   16   11   13
    6   17    2    2    4    0    0    2    0    0       584   14    3 VMpure     9    5    4    6
    6   18    1    2    2    1    2    2    1    0       709    8    3 VMpure     8   15
    6   19    1    2    2    2    1    1    1    1       518   13    3 VMpure     8   13
    6   21    1    2    8    8    1    2    1    0       571   11    3 VMpure     6    4    7    5    3   14   16   11
    6   22    1    2    2    2    1    1    1    1       537   12    3 VMpure    10   12
    6   23    2    2    2    0    0    2    1    1       592    7    3 VMpure    15    4
    6   24    1    2    4    3    2    1    1    1       467   12    3 VMpure    10    7   12    2
    7    1    1    2    4    3    2    2    1    0       561    4    3 VMpure    13   12    4   14
    7    2    1    2    2    2    1    2    1    0       431    3    3 VMpure     1    3
    7    3    1    2    8    8    1    2    1    0       356   14    3 VMpure     3    1    6    5   12   16    4   14
    7    4    2    2    4    0    0    2    1    1       560   10    3 VMpure    11   14    6    7
    7    5    1    2    8    6    3    2    1    0       480   11    3 VMpure     9    2   10    6    8   11    5    1
    7    6    2    2    2    0    0    2    1    1       650   14    3 VMpure    11    3
    7    7    1    2    8    6    3    2    1    0       709    2    3 VMpure     3    5    7   13   14    2   12    8
    7    8    1    2    4    2    3    1    1    1       532   16    3 VMpure     8   16   15    6
    7    9    1    2    8    4    5    2    1    0      1444   11    3 VMpure    16    9    3   11   10    4   12    8
    7   10    2    2    2    0    0    1    1    0       535   16    3 VMpure    11    7
    7   11    2    2    4    0    0    1    1    0       660    2    3 VMpure     5   16   15    4
    7   12    1    2    8    1    8    1    0    0       928   10    3 VMpure    10    9    1   11   16    6   12    5
    7   13    1    2    2    1    2    1    1    1       488   16    3 VMpure    16   13
    7   14    1    2    2    1    2    1    1    1       409   11    3 VMpure    11   13
    7   15    2    2    8    0    0    1    1    0       735    7    3 VMpure     1   14   12    4    8   13   15    6
    7   16    1    2    4    3    2    2    1    0       860   16    3 VMpure     4   12   16    8
    7   17    2    2    4    0    0    2    1    1      1213   16    3 VMpure     3   14    4    1
    7   18    2    2    4    0    0    1    1    0      1143   16    3 VMpure     7   13    1    9
    7   19    1    2    4    3    2    2    1    0       556   12    3 VMpure    13    2   12    5
    7   20    2    2    8    0    0    2    1    1       572    2    3 VMpure    11    5    7    9    8    4    3   16
    7   21    1    2    8    4    5    2    0    1      1331   10    3 VMpure     6   14   13   10   12    2    5    1
    7   22    2    2    2    0    0    2    1    1       410   14    3 VMpure     1    3
    7   23    1    2    2    2    1    2    1    0       639    8    3 VMpure    10    8
    7   24    1    2    8    5    4    1    0    0       611    9    3 VMpure     3    8   16   12    9    1   11    7
    8    1    1    2    8    3    6    1    1    1       803    1    3 VMpure    11   12    1    8   15   10    9    6
    8    2    1    2    4    4    1    2    1    0       517    8    3 VMpure     6    1   14    8
    8    3    1    2    4    1    4    2    1    0       699    8    3 VMpure     8    1   14    5
    8    4    1    2    4    3    2    1    1    1       585    5    3 VMpure     1    2    5    7
    8    5    2    2    4    0    0    1    1    0       644   16    3 VMpure     7    8   13    2
    8    6    2    2    8    0    0    2    1    1       753    3    3 VMpure    10    8    5   14    4   11    2    1
    8    7    2    2    2    0    0    1    1    0       759    1    3 VMpure     8   15
    8    8    1    2    8    2    7    1    1    1      1191    8    3 VMpure     2    8    5    9   13   16   10    3
    8    9    2    2    8    0    0    2    0    0       845    2    3 VMpure     5   12   13    4   15    1   16    6
    8   10    1    2    2    1    2    1    1    1       448    5    3 VMpure     5   15
    8   11    1    2    4    1    4    1    1    1       648   11    3 VMpure    11    9    1    4
    8   12    1    2    8    7    2    2    1    0       388   15    3 VMpure     6   12   16   13    4   10   15    3
    8   13    1    2    8    3    6    1    0    0       842    4    3 VMpure    10    1    4   14    9   12    3    5
    8   14    2    2    4    0    0    1    1    0       499   11    3 VMpure    10    3    9   12
    8   15    1    2    8    8    1    1    1    1       389   16    3 VMpure    14   12    6    9    2    1    3   16
    8   16    1    2    2    2    1    2    1    0       882   11    3 VMpure     2   11
    8   17    2    2    2    0    0    2    1    1       428   13    3 VMpure     6    8
    8   18    1    2    2    2    1    2    1    0       472    4    3 VMpure     5    4
    8   19    1    2    8    8    1    1    1    1       347   12    3 VMpure     8    5    3    6   15    1   16   12
    8   20    2    2    2    0    0    1    1    0       538    6    3 VMpure    14   13
    8   21    2    2    8    0    0    2    1    1       586    7    3 VMpure     9    3   14    5   12   13    1   15
    8   22    1    2    8    6    3    1    1    1       624   16    3 VMpure     8   15   13    3   12   16    2    6
    8   23    1    2    2    1    2    1    1    1       852   15    3 VMpure    15    2
    8   24    1    2    2    1    2    2    1    0       359    1    3 VMpure     1    7
    9    1    2    2    2    0    0    2    1    1       916    7    3 VMpure     8    5
    9    2    1    2    4    1    4    1    1    1       778   11    3 VMpure    11   15    4   16
    9    3    1    2    8    7    2    2    0    1       857    7    3 VMpure     5    1    8    9   10    2    7   12
    9    4    2    2    2    0    0    1    1    0       499    2    3 VMpure     7    6
    9    5    1    2    8    4    5    1    0    0       965    3    3 VMpure    12   16   10    3    5   14    6    1
    9    6    1    2    4    2    3    2    1    0       513   11    3 VMpure     7   11   12   10
    9    7    2    2    8    0    0    2    1    1       626    8    3 VMpure     1   13   16    7   11    2   14   10
    9    8    2    2    8    0    0    1    1    0       775    9    3 VMpure     2   12   13   15   14    4   11   16
    9    9    1    2    4    4    1    1    1    1       667    8    3 VMpure     2    1    9    8
    9   10    1    2    4    3    2    1    1    1       610    6    3 VMpure    10   13    6   15
    9   11    2    2    4    0    0    2    1    1       508    3    3 VMpure    11    4   10    9
    9   12    1    2    4    1    4    1    1    1      1891   10    3 VMpure    10    9    8   11
    9   13    2    2    8    0    0    2    1    1       669   13    3 VMpure     1   12    9    2   16   14    7   10
    9   14    2    2    4    0    0    1    1    0       677    2    3 VMpure    14   11    6   15
    9   15    1    2    8    3    6    2    1    0       576    8    3 VMpure    11   15    8    4    2   16    3    6
    9   16    1    2    2    2    1    1    1    1       438    3    3 VMpure    12    3
    9   17    2    2    8    0    0    1    1    0       530   16    3 VMpure    15    5    4   12    3    9   10   11
    9   18    1    2    4    2    3    2    1    0       975   15    3 VMpure     6   15   16   14
    9   19    2    2    2    0    0    2    1    1       517   11    3 VMpure    16    5
    9   20    2    2    4    0    0    2    1    1       611   10    3 VMpure    11    9    7   12
    9   21    2    2    2    0    0    2    1    1       399    4    3 VMpure     5    2
    9   22    1    2    8    7    2    2    1    0       365    2    3 VMpure     1    8   13   10    9    3    2   14
    9   23    2    2    2    0    0    1    1    0       571    1    3 VMpure    13   11
    9   24    1    2    2    1    2    2    1    0       417    9    3 VMpure     9    2
