    1    1    1    2    4    4    1    1    1    1      3227    1    3 VMpure     9   13   15    1
    1    2    1    2    2    1    2    2    0    1       859    6    3 VMpure     6    3
    1    3    2    2    4    0    0    2    1    1      5569   13    3 VMpure     4    7    5    3
    1    4    1    2    4    1    4    1    1    1      1562    6    3 VMpure     6    1   16    2
    1    5    1    2    4    2    3    1    0    0      2117   10    3 VMpure    16   10    2   13
    1    6    2    2    4    0    0    1    1    0      1497    2    3 VMpure     7    3   15   14
    1    7    1    2    4    4    1    1    1    1      2069   12    3 VMpure    16    4    9   12
    1    8    2    2    8    0    0    1    1    0      3142    3    3 VMpure     2   14    9    8    4    1   10    7
    1    9    2    2    2    0    0    1    1    0      1499   12    3 VMpure    11    1
    1   10    2    2    4    0    0    2    1    1      1625   15    3 VMpure     5    2    9   14
    1   11    1    2    8    4    5    2    1    0      2028    6    3 VMpure     2   14    3    6   15   16    9   12
    1   12    2    2    8    0    0    1    0    1      2063    2    3 VMpure    13   15   16    1   10    3   14    7
    1   13    2    2    4    0    0    2    1    1       981    6    3 VMpure    13   10    1    4
    1   14    1    2    2    1    2    1    1    1      1234   13    3 VMpure    13   11
    1   15    2    2    2    0    0    2    1    1      1813   15    3 VMpure    13    8
    1   16    2    2    2    0    0    2    1    1      1600    7    3 VMpure     4   14
    1   17    1    2    4    4    1    1    1    1      1194    6    3 VMpure    11   16    4    6
    1   18    1    2    2    2    1    1    1    1      1918    2    3 VMpure     7    2
    1   19    2    2    8    0    0    1    1    0      1269    9    3 VMpure    12    4   15    2   11   13   16   10
    1   20    1    2    4    3    2    2    0    1      1516   16    3 VMpure    12   13   16    4
    1   21    1    2    2    1    2    1    1    1      1107    3    3 VMpure     3    1
    1   22    2    2    2    0    0    1    1    0      2091    6    3 VMpure    10    8
    1   23    2    2    4    0    0    2    0    0       881   11    3 VMpure     1   16    9    5
    1   24    2    2    8    0    0    1    1    0      1329   12    3 VMpure    11    9    6    3    2    5   10    1
    2    1    1    2    2    2    1    2    1    0      1431   10    3 VMpure     9   10
    2    2    2    2    8    0    0    2    1    1      1522    2    3 VMpure     9    7   14   10    3    6    8    5
    2    3    2    2    4    0    0    1    0    1      1215    5    3 VMpure    15    2   12    7
    2    4    2    2    8    0    0    2    1    1      2386    3    3 VMpure     1   10   11    2    6    9    7   13
    2    5    2    2    2    0    0    1    1    0      1030   12    3 VMpure     8    4
    2    6    2    2    2    0    0    1    1    0      2033    6    3 VMpure     5    9
    2    7    2    2    8    0    0    2    1    1      1555    2    3 VMpure     5    7   14   16   11    4   15    6
    2    8    2    2    2    0    0    2    1    1      4313   13    3 VMpure    10    1
    2    9    1    2    4    4    1    1    1    1      1430    7    3 VMpure    15   10   14    7
    2   10    1    2    4    3    2    1    1    1       997    1    3 VMpure     6    5    1   10
    2   11    2    2    4    0    0    1    1    0      1511    8    3 VMpure     2    5   10    7
    2   12    2    2    2    0    0    2    1    1      1711    1    3 VMpure    12   16
    2   13    1    2    8    7    2    2    1    0      1422    2    3 VMpure     3    4   15    7   14   13    2    9
    2   14    2    2    8    0    0    1    1    0      2521   13    3 VMpure    11   14    9   10    6    8    1   16
    2   15    1    2    8    2    7    1    0    0      1704   10    3 VMpure    11   10    9   14    7    5    2   13
    2   16    1    2    4    2    3    1    1    1      1534    7    3 VMpure     4    7   11    9
    2   17    1    2    8    5    4    1    1    1      1220    4    3 VMpure     1   16   14    7    4    5   13    8
    2   18    2    2    2    0    0    2    1    1      2343    5    3 VMpure    10   11
    2   19    2    2    8    0    0    1    1    0       974   12    3 VMpure     9    5    8   10    1    6    3    4
    2   20    1    2    4    3    2    1    1    1      1520    4    3 VMpure     6   10    4   16
    2   21    1    2    2    2    1    1    1    1      1703   16    3 VMpure     2   16
    2   22    1    2    4    1    4    1    0    0       765    9    3 VMpure     9    4   11   12
    2   23    2    2    2    0    0    1    1    0      1586   15    3 VMpure     2   12
    2   24    1    2    4    2    3    2    1    0      1164   13    3 VMpure     1   13    8    6
    3    1    2    2    2    0    0    1    1    0      1195    1    3 VMpure    13    5
    3    2    2    2    8    0    0    1    0    1       927    1    3 VMpure    13   16    3    9   15   11    8    6
    3    3    2    2    8    0    0    1    1    0      1582   13    3 VMpure     4   15    9   11   16    5    6    1
    3    4    1    2    8    5    4    2    1    0      1091   15    3 VMpure    16   12    2    6   15    4    8    7
    3    5    1    2    4    4    1    2    1    0      1009   15    3 VMpure     9   13   12   15
    3    6    2    2    4    0    0    2    1    1       978   12    3 VMpure    16    1    3    5
    3    7    1    2    4    2    3    2    1    0      1428    1    3 VMpure    16    1    3   15
    3    8    2    2    4    0    0    2    1    1       917    9    3 VMpure     7    6   14    5
    3    9    2    2    8    0    0    2    1    1      1108    2    3 VMpure    16    1    9    7    8   10    6    4
    3   10    1    2    8    4    5    1    1    1      1068    6    3 VMpure     5   10   16    6   11    1   14    3
    3   11    1    2    2    1    2    1    1    1       981   10    3 VMpure    10   16
    3   12    2    2    8    0    0    1    1    0      1057   15    3 VMpure    13   16    1    5    3   11   12    9
    3   13    2    2    2    0    0    2    1    1       875   13    3 VMpure     3    6
    3   14    2    2    2    0    0    2    1    1      1676    4    3 VMpure     3   12
    3   15    1    2    8    1    8    1    1    1      1038    1    3 VMpure     1   11    8    7    4   12   15    5
    3   16    1    2    8    1    8    2    1    0      2008    4    3 VMpure     4   12    6    2   13   14   10    9
    3   17    1    2    8    8    1    1    1    1      1452   14    3 VMpure    16    1    2    3   12   11    7   14
    3   18    1    2    8    8    1    2    1    0      2357    7    3 VMpure    13    4   12    3   10   14   11    7
    3   19    1    2    4    1    4    1    0    0      2753   14    3 VMpure    14    2   10    3
    3   20    2    2    2    0    0    1    1    0      2087   11    3 VMpure     9    6
    3   21    2    2    4    0    0    2    1    1      1436   15    3 VMpure     2   13    4    6
    3   22    1    2    8    7    2    1    1    1      1159   12    3 VMpure    15    1   16    3    5   10   12    4
    3   23    2    2    4    0    0    1    1    0       930   13    3 VMpure     2   15    5    6
    3   24    2    2    2    0    0    1    1    0      2305   16    3 VMpure    12   11
    4    1    1    2    4    2    3    1    0    0       959   15    3 VMpure     5   15   14    7
    4    2    2    2    8    0    0    1    1    0      1181   16    3 VMpure    14    5    3   15    7   13   11   10
    4    3    2    2    2    0    0    1    0    1      1473   14    3 VMpure    11    9
    4    4    2    2    2    0    0    2    1    1      1722    4    3 VMpure     3   10
    4    5    1    2    8    4    5    1    1    1      1578    1    3 VMpure     2    4   10    1    5   12    3   15
    4    6    1    2    2    2    1    2    1    0      1231   13    3 VMpure     9   13
    4    7    1    2    4    1    4    2    1    0      1495    6    3 VMpure     6    4    7    1
    4    8    2    2    4    0    0    1    1    0       869   10    3 VMpure     6   16    9    1
    4    9    1    2    2    2    1    1    1    1       790    9    3 VMpure     7    9
    4   10    1    2    8    2    7    1    0    0      1098   13    3 VMpure     1   13   15   10    6    3    7    4
    4   11    2    2    8    0    0    1    1    0      4578    7    3 VMpure     2    3   10    9   11   15   14   16
    4   12    2    2    2    0    0    2    1    1      1903    3    3 VMpure    10   14
    4   13    1    2    8    8    1    1    1    1       919    3    3 VMpure     1    2   14    6   16    4   11    3
    4   14    2    2    2    0    0    2    1    1      3334    9    3 VMpure    12    2
    4   15    1    2    8    1    8    2    1    0      1573    9    3 VMpure     9    2    3   16    8   15   10    1
    4   16    1    2    2    1    2    1    1    1      1418   11    3 VMpure    11    5
    4   17    1    2    4    1    4    2    1    0      1114    2    3 VMpure     2    3    6   12
    4   18    1    2    4    1    4    1    1    1      1415    4    3 VMpure     4   13   10   15
    4   19    2    2    4    0    0    2    1    1      2295    4    3 VMpure     8   11   13    3
    4   20    1    2    8    2    7    1    1    1      2368    7    3 VMpure    13    7    2   16   12   14    3    1
    4   21    2    2    4    0    0    2    1    1      1978   13    3 VMpure     1   11    9   10
    4   22    1    2    8    1    8    1    0    0      2303   12    3 VMpure    12    4    8    7    1   13   15    6
    4   23    1    2    8    4    5    2    1    0      2023    5    3 VMpure    10    1   16    5    2   11   14   15
    4   24    1    2    4    2    3    1    1    1      2000   12    3 VMpure     9   12    2   16
    5    1    2    2    4    0    0    2    1    1      1509   10    3 VMpure    12   13   11    8
    5    2    1    2    4    2    3    2    1    0      1666    8    3 VMpure     4    8   11    7
    5    3    1    2    2    1    2    1    1    1      1731    6    3 VMpure     6    8
    5    4    2    2    8    0    0    1    1    0      2082    1    3 VMpure    13    9   16    7   15   11   12   14
    5    5    2    2    4    0    0    1    1    0      1607   14    3 VMpure     4    8    5   16
    5    6    1    2    2    1    2    1    1    1      3675   13    3 VMpure    13    3
    5    7    2    2    8    0    0    1    1    0      1692   15    3 VMpure     9    7   10    4    6   12   14    8
    5    8    2    2    8    0    0    1    0    1      1869    7    3 VMpure     2    6   12    3   11    1    4   10
    5    9    2    2    4    0    0    2    1    1      1707   15    3 VMpure     9    4   11    6
    5   10    2    2    2    0    0    2    0    0      2907   15    3 VMpure    10    1
    5   11    2    2    2    0    0    2    1    1      2395    1    3 VMpure    11   10
    5   12    2    2    2    0    0    1    1    0      2223   14    3 VMpure     6    8
    5   13    1    2    4    4    1    2    1    0      1984   13    3 VMpure     6   16   11   13
    5   14    1    2    4    4    1    2    1    0      1658   11    3 VMpure     5    7   15   11
    5   15    1    2    4    2    3    1    1    1      1649    2    3 VMpure     9    2   10    1
    5   16    1    2    2    2    1    2    1    0      1587    1    3 VMpure    11    1
    5   17    1    2    8    8    1    2    1    0      1416   11    3 VMpure     4   10   12   14    6    1    7   11
    5   18    2    2    2    0    0    2    1    1      1362   14    3 VMpure     9    3
    5   19    1    2    8    8    1    1    1    1      1616    8    3 VMpure     7    3    9    4   12    5   10    8
    5   20    1    2    4    2    3    1    1    1      1625    4    3 VMpure     6    4    9    2
    5   21    2    2    8    0    0    2    1    1      1612    3    3 VMpure     2   16    7    9    1   10    4   11
    5   22    1    2    4    1    4    2    1    0      1845    5    3 VMpure     5   15    9   11
    5   23    2    2    8    0    0    2    1    1      1536   16    3 VMpure    13    8    5   14    4    3   15    2
    5   24    2    2    8    0    0    2    1    1      1350   12    3 VMpure     8    9    6    4    7   13   10   11
    6    1    2    2    8    0    0    2    0    0      2062    7    3 VMpure     2   15    6    5   10    4    9    1
    6    2    2    2    4    0    0    2    1    1      1349   14    3 VMpure     7    8   12   10
    6    3    1    2    8    8    1    2    1    0      1283   11    3 VMpure     7    2   13   10   14    1   15   11
    6    4    2    2    8    0    0    1    0    1      1732   10    3 VMpure    16    3   14    5   11    8    6   15
    6    5    1    2    2    1    2    1    1    1      1682   14    3 VMpure    14   12
    6    6    1    2    8    3    6    2    1    0      3795   12    3 VMpure    11    6   12   10    7    4    2   14
    6    7    1    2    8    7    2    2    1    0      1631   16    3 VMpure     4   15    3   13    9    2   16   11
    6    8    2    2    4    0    0    2    1    1      1719    1    3 VMpure    12    9   11    4
    6    9    1    2    4    4    1    2    1    0      1244    4    3 VMpure     7    5    2    4
    6   10    2    2    2    0    0    1    1    0      1790   12    3 VMpure    10    2
    6   11    1    2    8    2    7    1    0    0      2730   12    3 VMpure    16   12    1    5    7   10   13    3
    6   12    1    2    2    2    1    2    1    0      1393   13    3 VMpure    12   13
    6   13    1    2    2    2    1    2    1    0      1229   16    3 VMpure    11   16
    6   14    2    2    4    0    0    2    1    1      1270    5    3 VMpure    15   13    9   14
    6   15    2    2    8    0    0    1    1    0      1079   12    3 VMpure    10    9    5   11   14    3    1   15
    6   16    1    2    4    3    2    2    1    0      1046   15    3 VMpure     3   10   15   11
    6   17    1    2    4    4    1    2    1    0       742    5    3 VMpure     4    9    3    5
    6   18    1    2    2    2    1    1    1    1       956    5    3 VMpure     7    5
    6   19    2    2    8    0    0    1    1    0      1066    6    3 VMpure     8   13   16    7   15    2   14    9
    6   20    2    2    8    0    0    1    1    0      1667   10    3 VMpure     9   12   16    7   15    3    5   14
    6   21    2    2    8    0    0    1    1    0      1188    3    3 VMpure    15    1    6    2    4   12   10   13
    6   22    1    2    4    1    4    1    1    1      2302   13    3 VMpure    13   12   15   10
    6   23    1    2    8    3    6    1    0    0      2310    5    3 VMpure     6   15    5   16   13    7    3   10
    6   24    1    2    4    3    2    1    1    1      2067    9    3 VMpure    16   11    9   12
    7    1    1    2    2    1    2    2    1    0      1129   12    3 VMpure    12    4
    7    2    1    2    2    1    2    2    1    0      1648   11    3 VMpure    11    4
    7    3    2    2    8    0    0    1    1    0       882    9    3 VMpure    15    1   16    4   12    5    6   10
    7    4    2    2    8    0    0    1    0    1      1970   10    3 VMpure     4   13    1   11    9   12   16    7
    7    5    1    2    2    1    2    2    1    0      2343    4    3 VMpure     4   12
    7    6    1    2    8    3    6    1    1    1      1694    6    3 VMpure    11    7    6    9   10   14    8    2
    7    7    2    2    2    0    0    2    1    1      1262   12    3 VMpure     8    9
    7    8    1    2    4    4    1    1    1    1       918    3    3 VMpure     8   14    7    3
    7    9    2    2    8    0    0    1    1    0       949   13    3 VMpure     2   10   16    6    9    3    4   12
    7   10    1    2    4    3    2    2    1    0       680   15    3 VMpure    14    8   15   13
    7   11    1    2    2    1    2    1    1    1      1312    7    3 VMpure     7    5
    7   12    2    2    4    0    0    2    1    1       757    5    3 VMpure     6    9    7    1
    7   13    1    2    2    2    1    1    1    1       908    5    3 VMpure     2    5
    7   14    2    2    8    0    0    2    0    0      1595    6    3 VMpure    10    5   12    8    4    9   13    2
    7   15    2    2    4    0    0    2    1    1      1989   11    3 VMpure    16    9    3    2
    7   16    2    2    4    0    0    1    1    0       879    9    3 VMpure    11    7    8    1
    7   17    2    2    8    0    0    2    1    1      1040    3    3 VMpure     8    5    7    6   10   12   13    1
    7   18    2    2    4    0    0    2    1    1      1456   13    3 VMpure    16   14    5   15
    7   19    2    2    8    0    0    1    0    1      1018   15    3 VMpure     3    5    8    6    7   14    2   11
    7   20    1    2    2    2    1    1    1    1      1605    6    3 VMpure     4    6
    7   21    2    2    8    0    0    1    1    0      1033    9    3 VMpure     4   10   13    8    5   11    2   16
    7   22    2    2    8    0    0    2    1    1      1251   11    3 VMpure     6   10   15    8    1    4    5    9
    7   23    1    2    2    1    2    1    1    1      1429   12    3 VMpure    12   16
    7   24    1    2    8    8    1    1    1    1       992   13    3 VMpure    10    9    1    6   15    5    7   13
    8    1    1    2    2    2    1    2    1    0      1117   14    3 VMpure    16   14
    8    2    1    2    4    2    3    1    1    1      4313    5    3 VMpure    15    5    3   14
    8    3    1    2    2    1    2    1    1    1       625   15    3 VMpure    15   16
    8    4    1    2    2    2    1    1    1    1       524    3    3 VMpure     4    3
    8    5    1    2    2    1    2    2    1    0      1579    5    3 VMpure     5   11
    8    6    2    2    8    0    0    2    1    1      1249    6    3 VMpure    13   10    2    4    1    7   15    5
    8    7    1    2    4    2    3    2    1    0       887    8    3 VMpure    10    8    9   14
    8    8    2    2    8    0    0    1    0    1      1368    8    3 VMpure    12   10    4    5    2   13    9    7
    8    9    2    2    8    0    0    1    0    1      1077   15    3 VMpure     3    5    9   13    6   10   11    7
    8   10    1    2    2    2    1    1    1    1      1070   15    3 VMpure    12   15
    8   11    2    2    8    0    0    2    1    1      1095    7    3 VMpure     3    8   16   10    2    4    6   11
    8   12    2    2    8    0    0    2    0    0      1808   11    3 VMpure     4   15   13    3    1    8   16   14
    8   13    2    2    2    0    0    2    1    1      1436    4    3 VMpure     7   10
    8   14    2    2    2    0    0    1    1    0      1078    3    3 VMpure     9   13
    8   15    1    2    8    2    7    2    1    0      1087    2    3 VMpure     6    2   14    4   13   16    1   10
    8   16    2    2    2    0    0    1    1    0       808   11    3 VMpure     2   10
    8   17    2    2    8    0    0    1    0    1      1516    7    3 VMpure     8   10   15   14    2    1   13   11
    8   18    1    2    2    2    1    2    1    0      2035   12    3 VMpure     9   12
    8   19    1    2    4    2    3    1    1    1       859    1    3 VMpure    16    1   13    6
    8   20    1    2    4    2    3    1    1    1       818    6    3 VMpure    14    6    1    2
    8   21    1    2    8    2    7    2    0    1      1221   10    3 VMpure     8   10   13   16    9   15    6    1
    8   22    2    2    4    0    0    1    1    0      3182   15    3 VMpure    11    8    3   16
    8   23    2    2    4    0    0    1    1    0      4935    7    3 VMpure    10    8    6   12
    8   24    1    2    8    1    8    2    1    0      1318   10    3 VMpure    10    9   14   15    5    4    8    1
    9    1    2    2    4    0    0    1    1    0       875   16    3 VMpure     4   14   13    8
    9    2    1    2    4    2    3    1    1    1       801    6    3 VMpure    10    6    2    5
    9    3    2    2    4    0    0    1    1    0      1114   15    3 VMpure     9   16   14    7
    9    4    2    2    2    0    0    1    1    0      1554   16    3 VMpure    10    6
    9    5    2    2    4    0    0    1    1    0      1021   12    3 VMpure     7   11    9   13
    9    6    2    2    8    0    0    2    1    1      1048    4    3 VMpure    13    5    8   16   14    9   11    1
    9    7    2    2    8    0    0    2    0    0      2850    5    3 VMpure    11    4   10    1   12    8    3    9
    9    8    1    2    4    3    2    1    1    1       841    1    3 VMpure     6    7    1   11
    9    9    1    2    8    5    4    2    1    0       971    1    3 VMpure     2    6    9    7    1    8   14   10
    9   10    2    2    2    0    0    1    1    0      1177   10    3 VMpure    12    6
    9   11    1    2    2    1    2    1    1    1       830   14    3 VMpure    14   10
    9   12    1    2    8    6    3    1    1    1       688    1    3 VMpure    12    3   11   16   14    1   15    4
    9   13    2    2    2    0    0    2    1    1      1113    8    3 VMpure    15    3
    9   14    2    2    8    0    0    1    1    0      1136    4    3 VMpure    14   16    7   13   11   12    2    1
    9   15    1    2    8    8    1    1    1    1       790    8    3 VMpure     1    2   11    4    6   13   10    8
    9   16    1    2    4    3    2    1    1    1       640    2    3 VMpure     3    9    2    6
    9   17    2    2    8    0    0    1    0    1      1019   11    3 VMpure    15    5    2    8   14   12    9   16
    9   18    1    2    4    2    3    1    1    1      1035    1    3 VMpure     4    1   10    7
    9   19    1    2    4    4    1    2    1    0      1083   14    3 VMpure    10    5   12   14
    9   20    1    2    8    4    5    1    0    0      1348    3    3 VMpure     5    4    8    3   12   15    2   11
    9   21    2    2    2    0    0    2    1    1      1633    5    3 VMpure    13   10
    9   22    1    2    4    4    1    1    1    1      1225    6    3 VMpure     2    5   15    6
    9   23    2    2    8    0    0    1    1    0      1116    5    3 VMpure     9   13   10   11   15   12    6    2
    9   24    1    2    4    4    1    1    1    1      1001   16    3 VMpure     4   15   14   16
