    1    1    1    2    2    1    2    2    1    0      2529    5    3 VMpure     5    8
    1    2    1    2    8    1    8    1    1    1       734    9    3 VMpure     9    6   13   14    7    1   16    2
    1    3    1    2    8    4    5    2    1    0       737    2    3 VMpure    13   12   15    2    3    7   16    5
    1    4    1    2    8    5    4    2    0    1       894   11    3 VMpure    10    8   12    5   11   15   16    2
    1    5    2    2    2    0    0    1    0    1      2374   11    3 VMpure     1    4
    1    6    1    2    8    7    2    2    1    0       822    9    3 VMpure     7   15   12    4    8    6    9   11
    1    7    1    2    2    1    2    1    1    1       770   13    3 VMpure    13   12
    1    8    1    2    2    1    2    2    1    0      1216    3    3 VMpure     3   10
    1    9    1    2    8    6    3    2    1    0       637   13    3 VMpure     8   12    2   16   10   13    9    1
    1   10    2    2    8    0    0    2    0    0       577   15    3 VMpure    16   14    3    6    9    4    7   12
    1   11    1    2    2    2    1    2    1    0       511    8    3 VMpure     7    8
    1   12    1    2    8    8    1    2    1    0       385   13    3 VMpure     6    3   16    1    7   14   11   13
    1   13    2    2    4    0    0    1    1    0       812   11    3 VMpure    15    1    8   14
    1   14    1    2    2    2    1    2    1    0       513   14    3 VMpure     8   14
    1   15    1    2    8    8    1    1    1    1       506    5    3 VMpure     1   13    9    6   14    7    2    5
    1   16    2    2    4    0    0    1    1    0       689    8    3 VMpure     5    6   10   11
    1   17    1    2    4    3    2    2    1    0       632    2    3 VMpure    12    3    2    7
    1   18    2    2    4    0    0    2    1    1       537    1    3 VMpure    14   10    2    7
    1   19    2    2    4    0    0    2    1    1       710   10    3 VMpure     4    9   13    8
    1   20    1    2    4    3    2    2    1    0       556    7    3 VMpure     9    6    7   14
    1   21    2    2    4    0    0    1    1    0       744   14    3 VMpure     4   16    6    3
    1   22    1    2    8    3    6    1    1    1       945    4    3 VMpure    10   16    4   13   11    7   15    8
    1   23    1    2    4    2    3    2    1    0       486   12    3 VMpure     1   12    8    2
    1   24    2    2    4    0    0    1    1    0       597    5    3 VMpure    16    1    6    4
    2    1    1    2    8    5    4    2    1    0       747    4    3 VMpure    11   16   10    8    4    1    5    2
    2    2    2    2    8    0    0    1    1    0       930    3    3 VMpure    11    9    7    2   14    5   15    1
    2    3    2    2    8    0    0    1    1    0       803   15    3 VMpure     6   11    2    7    1   10    5    3
    2    4    2    2    8    0    0    1    1    0      1032   16    3 VMpure    14    6    4    7    9   13   10    1
    2    5    2    2    8    0    0    2    1    1       821   12    3 VMpure     9    4    8   11    5   10   14    2
    2    6    2    2    4    0    0    1    1    0      1926   12    3 VMpure    16   10   13    4
    2    7    2    2    4    0    0    2    1    1       604    7    3 VMpure    10    8   12    9
    2    8    1    2    8    6    3    1    1    1       810   14    3 VMpure    16   15    5    1    8   14   11    9
    2    9    1    2    2    2    1    2    1    0       551   13    3 VMpure     9   13
    2   10    2    2    2    0    0    2    1    1       661    2    3 VMpure     3    7
    2   11    1    2    2    2    1    1    1    1       568   16    3 VMpure     1   16
    2   12    1    2    2    1    2    1    1    1       694    1    3 VMpure     1    3
    2   13    2    2    8    0    0    1    1    0       776    6    3 VMpure    10    9   11   15   12    3   14    7
    2   14    2    2    8    0    0    2    1    1       543   16    3 VMpure     2    8    5   11    4   10   13   15
    2   15    1    2    4    1    4    2    1    0       964    3    3 VMpure     3   11   13   10
    2   16    2    2    2    0    0    1    1    0       635    3    3 VMpure     1   14
    2   17    1    2    4    1    4    2    1    0       836    7    3 VMpure     7    4   11   16
    2   18    1    2    8    1    8    2    1    0       656    9    3 VMpure     9   11    4    1    3    8    6    2
    2   19    2    2    4    0    0    1    1    0      1648    4    3 VMpure     1    7    3   16
    2   20    1    2    2    1    2    2    1    0       587    5    3 VMpure     5    4
    2   21    1    2    2    2    1    1    1    1       680    8    3 VMpure    15    8
    2   22    2    2    2    0    0    1    1    0       578   14    3 VMpure     9    8
    2   23    1    2    2    2    1    2    1    0       536    2    3 VMpure    13    2
    2   24    1    2    8    2    7    2    1    0       744   15    3 VMpure     7   15    6   13   11    5    2    9
    3    1    2    2    2    0    0    2    1    1       470   11    3 VMpure     4   16
    3    2    1    2    2    2    1    2    1    0       864   16    3 VMpure    13   16
    3    3    2    2    2    0    0    2    1    1       930   10    3 VMpure     1    2
    3    4    1    2    8    2    7    2    1    0       914    2    3 VMpure    14    2   15    8    7    1    6   13
    3    5    2    2    2    0    0    2    1    1       483    6    3 VMpure    14   10
    3    6    1    2    4    4    1    2    1    0       554   15    3 VMpure     9    2    7   15
    3    7    2    2    4    0    0    2    1    1       742   13    3 VMpure     6   11   14    5
    3    8    1    2    8    6    3    2    1    0       678   10    3 VMpure     6   11    1   16   13   10    3    7
    3    9    2    2    4    0    0    1    1    0       726   13    3 VMpure    12   15   10    7
    3   10    2    2    4    0    0    2    1    1       596    2    3 VMpure    16   14    7   10
    3   11    1    2    4    4    1    1    1    1       503    3    3 VMpure     9   11    4    3
    3   12    2    2    8    0    0    2    0    0       857   11    3 VMpure     5   14    2    8   13    4    6    1
    3   13    1    2    2    2    1    2    1    0       459    2    3 VMpure     9    2
    3   14    1    2    4    3    2    2    1    0       484   11    3 VMpure    12   10   11    9
    3   15    2    2    8    0    0    2    1    1       662   11    3 VMpure     4    2   13    5    8   15    1    6
    3   16    2    2    8    0    0    1    1    0       961    7    3 VMpure     8   12    9    6   11   13    1    3
    3   17    1    2    2    2    1    2    1    0       408    7    3 VMpure     3    7
    3   18    1    2    2    1    2    2    0    1      2677    2    3 VMpure     2    7
    3   19    1    2    2    2    1    2    1    0       423    3    3 VMpure     4    3
    3   20    2    2    2    0    0    2    1    1       443    3    3 VMpure     5    9
    3   21    1    2    4    2    3    1    1    1       884    5    3 VMpure     3    5    9   14
    3   22    1    2    8    2    7    2    1    0       663    6    3 VMpure    13    6   16    1   15    3   11    4
    3   23    1    2    4    4    1    2    1    0       559    3    3 VMpure     2   10    8    3
    3   24    2    2    2    0    0    2    1    1       534    7    3 VMpure     8   13
    4    1    2    2    2    0    0    2    1    1       441   10    3 VMpure    16   15
    4    2    2    2    4    0    0    1    1    0       722    1    3 VMpure     5    9    7    3
    4    3    2    2    8    0    0    1    1    0       507    8    3 VMpure    15    7   11    2   10    1    3   14
    4    4    1    2    4    3    2    2    1    0       505    7    3 VMpure     1    2    7   14
    4    5    2    2    4    0    0    1    1    0      1031   14    3 VMpure     7    3   12    2
    4    6    2    2    8    0    0    1    1    0      1108   10    3 VMpure    15    8   12    2    1   16   13    3
    4    7    1    2    2    1    2    2    1    0       669   10    3 VMpure    10   15
    4    8    2    2    8    0    0    1    1    0       832    6    3 VMpure     9    3   10   14   16   11    5    1
    4    9    1    2    4    2    3    1    1    1       641    7    3 VMpure    16    7   10   15
    4   10    2    2    4    0    0    2    1    1       490   10    3 VMpure    15    2    5   11
    4   11    2    2    2    0    0    1    1    0       627   12    3 VMpure     5    9
    4   12    2    2    4    0    0    2    1    1       605    4    3 VMpure     6    5    1   14
    4   13    2    2    8    0    0    1    1    0       586    9    3 VMpure    14   10    8    7    5    4   12    2
    4   14    2    2    4    0    0    2    0    0       789    4    3 VMpure    16   11    3    2
    4   15    2    2    2    0    0    2    0    0      4195    3    3 VMpure    11   15
    4   16    2    2    2    0    0    2    1    1       553    8    3 VMpure     2    3
    4   17    2    2    2    0    0    2    1    1       447   12    3 VMpure    14    4
    4   18    1    2    8    5    4    2    0    1       587   11    3 VMpure    16   13    2    3   11    7    5   10
    4   19    1    2    8    5    4    2    1    0       641    4    3 VMpure     6   12    8   10    4    9   14    2
    4   20    1    2    2    1    2    1    0    0      3325    6    3 VMpure     6    1
    4   21    2    2    8    0    0    2    1    1       822   12    3 VMpure     4   14   13    8    7    9   11    6
    4   22    2    2    2    0    0    2    0    0      1634   12    3 VMpure     1    8
    4   23    2    2    8    0    0    1    1    0       871   16    3 VMpure     2    1    6    7    5    4   13   12
    4   24    2    2    2    0    0    1    1    0       561    1    3 VMpure     3    6
    5    1    2    2    8    0    0    1    0    1      1215   13    3 VMpure    11    5    9    3    7   16    6   12
    5    2    1    2    2    1    2    2    1    0       427   15    3 VMpure    15    8
    5    3    1    2    2    1    2    1    1    1       367   12    3 VMpure    12    7
    5    4    2    2    2    0    0    1    1    0       534    1    3 VMpure     7   10
    5    5    2    2    8    0    0    2    1    1       566   12    3 VMpure     7   15    6   13    1   11   16   10
    5    6    1    2    2    1    2    2    1    0       580   13    3 VMpure    13    7
    5    7    2    2    4    0    0    2    1    1       880    7    3 VMpure     1   10    5    8
    5    8    2    2    2    0    0    1    1    0      1282    7    3 VMpure     4   16
    5    9    1    2    2    1    2    2    1    0       539   14    3 VMpure    14   11
    5   10    2    2    4    0    0    2    1    1       520    9    3 VMpure    15    4    6   14
    5   11    1    2    2    1    2    2    0    1      2208    9    3 VMpure     9   10
    5   12    1    2    2    2    1    2    1    0       389   16    3 VMpure     2   16
    5   13    2    2    2    0    0    2    1    1      1731    8    3 VMpure    13    9
    5   14    2    2    2    0    0    2    1    1       498    2    3 VMpure     1    7
    5   15    2    2    2    0    0    2    1    1       451    2    3 VMpure    11   10
    5   16    1    2    4    2    3    2    1    0       779    3    3 VMpure    11    3   12   13
    5   17    1    2    8    3    6    2    0    1       938    5    3 VMpure     6   13    5    4   12   14    2   10
    5   18    2    2    8    0    0    2    1    1       714   15    3 VMpure     9    7   10   13   11    4    6   16
    5   19    2    2    8    0    0    2    1    1      1004   16    3 VMpure     8    9   11    6   14    2    7   13
    5   20    1    2    2    2    1    2    1    0       584    1    3 VMpure    11    1
    5   21    2    2    2    0    0    2    1    1       614   13    3 VMpure     9   10
    5   22    1    2    2    1    2    1    1    1       850    7    3 VMpure     7   16
    5   23    1    2    4    2    3    2    1    0       778   15    3 VMpure     4   15   10   13
    5   24    2    2    8    0    0    2    1    1       793   16    3 VMpure     5    8    1    4    2    3   10    9
    6    1    1    2    8    6    3    1    1    1      1610    5    3 VMpure     9   10   16    4   11    5    1   12
    6    2    1    2    8    5    4    1    1    1       616   14    3 VMpure    16    6    5    7   14   10   13   12
    6    3    1    2    2    2    1    2    1    0       396    7    3 VMpure    11    7
    6    4    1    2    4    3    2    1    1    1       551    4    3 VMpure    15    2    4   16
    6    5    1    2    2    1    2    1    0    0       557    9    3 VMpure     9    7
    6    6    2    2    4    0    0    2    1    1       706    2    3 VMpure     8    5    1   15
    6    7    1    2    4    2    3    1    0    0      1552    3    3 VMpure     8    3   16    9
    6    8    2    2    4    0    0    1    1    0      1013   15    3 VMpure    14    4    7   16
    6    9    2    2    2    0    0    1    1    0       977   12    3 VMpure     7    4
    6   10    2    2    4    0    0    1    1    0       933   10    3 VMpure    12    2    3    8
    6   11    2    2    4    0    0    1    0    1      1050    3    3 VMpure    12    1   15    4
    6   12    2    2    2    0    0    1    0    1       973    8    3 VMpure     7    9
    6   13    1    2    2    1    2    1    0    0      1203   10    3 VMpure    10   13
    6   14    1    2    2    2    1    2    1    0      1688   11    3 VMpure    14   11
    6   15    1    2    2    1    2    1    1    1      2794   14    3 VMpure    14    6
    6   16    1    2    8    8    1    2    1    0      1120   12    3 VMpure     3   11    6    2    9   10    1   12
    6   17    1    2    4    1    4    2    0    1      1006    6    3 VMpure     6    5    4   13
    6   18    1    2    4    4    1    1    0    0      3408    7    3 VMpure     4   16   10    7
    6   19    1    2    4    2    3    2    1    0      2099    8    3 VMpure     6    8   11    4
    6   20    2    2    4    0    0    1    0    1      1410    5    3 VMpure    14   13    8    1
    6   21    1    2    2    1    2    2    1    0      1150   11    3 VMpure    11    6
    6   22    2    2    2    0    0    1    1    0      1253   14    3 VMpure    12    2
    6   23    2    2    4    0    0    1    0    1      3574   15    3 VMpure     5   12   13   16
    6   24    2    2    4    0    0    2    0    0      2874    9    3 VMpure    12    1   10    2
    7    1    1    2    2    2    1    2    1    0       887   14    3 VMpure     7   14
    7    2    2    2    2    0    0    1    0    1      1192    9    3 VMpure     4    5
    7    3    2    2    8    0    0    1    1    0      1487    6    3 VMpure    12    7    5   15    2   11    9   16
    7    4    1    2    4    3    2    2    0    1      2598    7    3 VMpure     2    4    7    3
    7    5    1    2    4    4    1    1    1    1      1344    4    3 VMpure     9    8    2    4
    7    6    2    2    8    0    0    2    0    0      1273   11    3 VMpure    15   10    5    3   12    7    4    2
    7    7    1    2    4    4    1    2    0    1      3553    5    3 VMpure    12    3   10    5
    7    8    1    2    8    4    5    2    1    0       449   12    3 VMpure     4    9    5   12   11    2    3   13
    7    9    1    2    8    2    7    2    1    0      1260    2    3 VMpure     7    2   14   10    9    5    6   13
    7   10    1    2    2    1    2    1    0    0      4967   14    3 VMpure    14    6
    7   11    1    2    4    2    3    2    0    1       595   12    3 VMpure    15   12    7    1
    7   12    2    2    8    0    0    1    1    0      1010   10    3 VMpure     4    1    3   13   15   14    2    9
    7   13    2    2    8    0    0    2    1    1       735   16    3 VMpure     3   14   10    8   12    1    2    6
    7   14    2    2    2    0    0    2    0    0      2767    7    3 VMpure     1   13
    7   15    1    2    8    4    5    1    1    1       598   14    3 VMpure     9   13    1   14    8    3   12   15
    7   16    2    2    2    0    0    2    1    1       579   12    3 VMpure    16    3
    7   17    2    2    4    0    0    1    1    0       678    6    3 VMpure    15   12    8    2
    7   18    2    2    4    0    0    1    1    0       518    1    3 VMpure    13    7   14   10
    7   19    1    2    2    2    1    2    1    0      2070    3    3 VMpure    16    3
    7   20    1    2    4    4    1    2    1    0       438    1    3 VMpure     5    7    3    1
    7   21    1    2    4    3    2    1    1    1      1047    4    3 VMpure    11   16    4   14
    7   22    1    2    2    1    2    2    1    0      2234    9    3 VMpure     9   10
    7   23    2    2    2    0    0    1    1    0       845   12    3 VMpure     4   11
    7   24    1    2    2    1    2    2    1    0       553   16    3 VMpure    16   12
    8    1    2    2    4    0    0    2    1    1       573   10    3 VMpure     4   16   12    8
    8    2    1    2    4    3    2    1    1    1       505   16    3 VMpure    10   12   16    7
    8    3    1    2    8    8    1    2    1    0       418   15    3 VMpure     1    8    4   16    3   14   13   15
    8    4    1    2    4    3    2    1    0    0      1164   16    3 VMpure     1   14   16    3
    8    5    1    2    2    1    2    1    0    0      2418    7    3 VMpure     7   12
    8    6    2    2    8    0    0    1    0    1      1279   16    3 VMpure    10   11    2    8   14    1   15    4
    8    7    2    2    8    0    0    1    0    1      1514    7    3 VMpure    11    4    8   15   10    6    2    3
    8    8    1    2    4    3    2    1    0    0      1440    2    3 VMpure    16    3    2    9
    8    9    2    2    8    0    0    2    1    1      1444   13    3 VMpure     6    7    2    8    9   14   10    4
    8   10    1    2    2    1    2    2    1    0      1584    4    3 VMpure     4    8
    8   11    1    2    4    2    3    2    0    1       851   12    3 VMpure     7   12    3   10
    8   12    1    2    8    8    1    1    1    1       407    4    3 VMpure     5   15   10    1   11   14   12    4
    8   13    1    2    2    1    2    2    1    0       924    2    3 VMpure     2   16
    8   14    2    2    4    0    0    2    1    1      1257   15    3 VMpure     5   13   11    2
    8   15    1    2    8    1    8    2    1    0      1381   13    3 VMpure    13    9    7   16    1   15    6    4
    8   16    2    2    4    0    0    2    0    0      2648   10    3 VMpure     3    4    6    2
    8   17    1    2    2    2    1    2    0    1      1219    3    3 VMpure    14    3
    8   18    1    2    4    1    4    2    0    1      1869    7    3 VMpure     7   14    6    3
    8   19    2    2    8    0    0    1    1    0      1856    2    3 VMpure     3    5    6    1    7    4   11    8
    8   20    1    2    2    2    1    1    1    1      1219    2    3 VMpure     6    2
    8   21    1    2    8    6    3    2    1    0      1248    2    3 VMpure    11    7    5   13   12    2   10    6
    8   22    1    2    8    6    3    1    1    1      1388    3    3 VMpure    14    4   15   12   16    3    1   10
    8   23    2    2    8    0    0    1    1    0      1666   12    3 VMpure    16   13    4    1   15    7    6    3
    8   24    1    2    8    1    8    2    1    0      4165   11    3 VMpure    11   15    9   10    8   14    1    3
    9    1    2    2    8    0    0    1    0    1      1487    4    3 VMpure     5    3    1    2   14    6   12   11
    9    2    1    2    4    4    1    2    1    0      2966    5    3 VMpure    12    3    9    5
    9    3    2    2    4    0    0    1    1    0      1378   16    3 VMpure     3   10    6    2
    9    4    1    2    2    1    2    2    1    0      1288   15    3 VMpure    15   13
    9    5    2    2    8    0    0    1    1    0      2179   10    3 VMpure    13   12   11    2    7    3    4    5
    9    6    2    2    8    0    0    1    0    1      1586   16    3 VMpure    13    3   14   10    5    1    9   12
    9    7    1    2    4    1    4    1    1    1      1141    4    3 VMpure     4    7    9    6
    9    8    2    2    4    0    0    1    1    0      1258    4    3 VMpure    12   10   14    9
    9    9    1    2    8    1    8    1    1    1      1510    4    3 VMpure     4   15   11    8    2    3    7   13
    9   10    2    2    2    0    0    2    1    1      8231   10    3 VMpure    15    7
    9   11    1    2    8    5    4    2    0    1      2524   15    3 VMpure     2   13    4   16   15    9   10    7
    9   12    1    2    2    1    2    2    1    0      1444    1    3 VMpure     1    9
    9   13    1    2    8    3    6    2    0    1      2641    2    3 VMpure    13   14    2    5    9    3    8   10
    9   14    2    2    2    0    0    1    0    1      2893    9    3 VMpure    15    4
    9   15    2    2    4    0    0    1    0    1      5372   14    3 VMpure     4   13    8    9
    9   16    2    2    4    0    0    1    1    0      3648   11    3 VMpure    16    7    6    4
    9   17    1    2    4    4    1    2    1    0      6217    8    3 VMpure    15    7    5    8
    9   18    1    2    2    2    1    1    1    1      4686    3    3 VMpure     1    3
    9   19    2    2    4    0    0    2    0    0      4765    2    3 VMpure     6    4    5   10
    9   20    1    2    8    5    4    2    1    0       869   12    3 VMpure     8   16    7    9   12    6   10   11
    9   21    1    2    2    1    2    1    1    1      5887    8    3 VMpure     8    5
    9   22    1    2    4    4    1    2    1    0       886   13    3 VMpure     4   10   14   13
    9   23    1    2    4    3    2    1    0    0      1014    2    3 VMpure     7    1    2    6
    9   24    2    2    4    0    0    1    1    0      2519    9    3 VMpure    13    4    8   11
