    1    1    2    2    4    0    0    2    1    1      3802    1    3 VMpure    11    5    8   15
    1    2    1    2    8    2    7    1    1    1      1091   14    3 VMpure     2   14   12    4    3   11   15    9
    1    3    1    2    2    2    1    1    1    1      1067    2    3 VMpure     5    2
    1    4    1    2    4    1    4    2    1    0      1465   16    3 VMpure    16    5   15    1
    1    5    2    2    2    0    0    1    1    0      3874   11    3 VMpure     1    4
    1    6    2    2    4    0    0    1    1    0       704    5    3 VMpure    11    6    1    7
    1    7    2    2    8    0    0    1    1    0       631    8    3 VMpure     2   11   10   16   14    9    6    5
    1    8    2    2    4    0    0    1    0    1       694    2    3 VMpure     7    6   14   13
    1    9    2    2    8    0    0    1    1    0       623    8    3 VMpure    13   12   16    9    2    6    7    3
    1   10    1    2    8    6    3    2    0    1      2362    7    3 VMpure     8   16   12   14   10    7   13    5
    1   11    1    2    4    2    3    1    1    1      2438   15    3 VMpure     7   15   14   10
    1   12    1    2    4    1    4    2    1    0      2029   13    3 VMpure    13   11   16   12
    1   13    1    2    4    4    1    1    1    1      1349   11    3 VMpure     7   16   13   11
    1   14    2    2    2    0    0    1    1    0      4595    9    3 VMpure    10    6
    1   15    1    2    4    1    4    1    1    1      1285    5    3 VMpure     5   14    2   13
    1   16    2    2    2    0    0    2    1    1      1958   15    3 VMpure     6    5
    1   17    2    2    8    0    0    1    1    0      1148    9    3 VMpure     8    4   10   16    7    1   14   12
    1   18    2    2    8    0    0    1    1    0      1025    1    3 VMpure     2   15    6    9   10    5   11    7
    1   19    2    2    8    0    0    1    1    0       765    1    3 VMpure     6    8   12   16    9    5   15   13
    1   20    2    2    4    0    0    1    1    0       599    7    3 VMpure     1    3   13    9
    1   21    1    2    2    1    2    1    1    1      1139    5    3 VMpure     5   14
    1   22    1    2    4    4    1    1    1    1      1247    6    3 VMpure     3    7    4    6
    1   23    1    2    2    1    2    2    1    0       993    4    3 VMpure     4    7
    1   24    2    2    2    0    0    1    0    1       878    5    3 VMpure    13    8
    2    1    1    2    2    1    2    2    1    0      1308    7    3 VMpure     7    6
    2    2    2    2    8    0    0    1    1    0       892   16    3 VMpure     3    8   15    6   10    9    2    5
    2    3    2    2    2    0    0    1    1    0      2941    6    3 VMpure     1    5
    2    4    2    2    2    0    0    2    1    1      3228    2    3 VMpure    12   10
    2    5    2    2    8    0    0    2    1    1      2383   12    3 VMpure    13   15    4    8   11    5    6    7
    2    6    1    2    4    4    1    1    1    1      1561    9    3 VMpure     6    8   16    9
    2    7    2    2    4    0    0    2    1    1      1204   15    3 VMpure     9   10   13   12
    2    8    1    2    4    3    2    2    1    0      1677   12    3 VMpure    15    3   12    8
    2    9    2    2    8    0    0    2    1    1      1311    8    3 VMpure    14   10    5   11   13   15    1    7
    2   10    2    2    8    0    0    1    1    0       799    2    3 VMpure     8   12    7   14    6    9   11   16
    2   11    1    2    2    2    1    1    1    1      1586   15    3 VMpure     6   15
    2   12    2    2    2    0    0    2    1    1      1687    2    3 VMpure     7    8
    2   13    1    2    4    3    2    2    1    0      4061    1    3 VMpure     9   13    1   14
    2   14    1    2    2    1    2    2    1    0      2431   12    3 VMpure    12    9
    2   15    1    2    8    7    2    2    1    0      1186    4    3 VMpure    16    5   12    7   11   10    4   13
    2   16    2    2    2    0    0    2    1    1      3302    6    3 VMpure     9    4
    2   17    1    2    4    3    2    2    1    0      1212    2    3 VMpure     5   16    2    8
    2   18    2    2    2    0    0    2    1    1      1536    3    3 VMpure    11    8
    2   19    1    2    2    1    2    1    1    1      3670    5    3 VMpure     5    9
    2   20    2    2    2    0    0    2    1    1      3991    5    3 VMpure    12    3
    2   21    1    2    2    1    2    1    1    1      1596    6    3 VMpure     6   15
    2   22    1    2    2    1    2    1    1    1      1280   13    3 VMpure    13   12
    2   23    2    2    8    0    0    2    1    1      1793    7    3 VMpure     4    8    3    5   14   10    1   16
    2   24    1    2    8    1    8    1    1    1      1565   14    3 VMpure    14    5    2   11    9   12    4    8
    3    1    1    2    4    2    3    1    1    1      1072    1    3 VMpure    10    1    9   14
    3    2    2    2    2    0    0    1    1    0      1225    8    3 VMpure    13   11
    3    3    2    2    8    0    0    2    1    1      2492   16    3 VMpure     1   13    3    4   10   15    2    9
    3    4    1    2    4    3    2    1    1    1      1842    2    3 VMpure     6   10    2   16
    3    5    2    2    2    0    0    1    1    0      1628    9    3 VMpure    11    3
    3    6    2    2    4    0    0    1    1    0       853   16    3 VMpure     6    5   14    8
    3    7    2    2    2    0    0    2    1    1      1094   13    3 VMpure    15    9
    3    8    2    2    2    0    0    1    1    0      1839   10    3 VMpure    14   15
    3    9    2    2    8    0    0    2    1    1      1418   14    3 VMpure     7    8    6   10    4   13   15    1
    3   10    2    2    8    0    0    1    1    0      2917    4    3 VMpure    13   16    5    1    7    6   10    8
    3   11    2    2    2    0    0    2    1    1      3172   13    3 VMpure    11    6
    3   12    1    2    2    2    1    2    1    0      1370    1    3 VMpure     4    1
    3   13    2    2    4    0    0    1    1    0      1500    5    3 VMpure    15    1   14    7
    3   14    2    2    2    0    0    1    1    0      2356   11    3 VMpure    13    6
    3   15    2    2    4    0    0    1    1    0      1503   15    3 VMpure     5    7    6    9
    3   16    1    2    8    5    4    2    1    0       855    6    3 VMpure    10    4    3    5    6    9   16    2
    3   17    1    2    8    2    7    2    1    0      1001    3    3 VMpure     1    3    6   12    8   13    9    4
    3   18    1    2    4    3    2    1    1    1      1003    2    3 VMpure     9    5    2    3
    3   19    1    2    8    1    8    1    1    1      1127    8    3 VMpure     8   12    3    4   10    2    6   13
    3   20    2    2    8    0    0    1    0    1      2046    2    3 VMpure     6   16   15   10    5    4   14    1
    3   21    2    2    4    0    0    2    1    1       822   13    3 VMpure    11    6   14    8
    3   22    2    2    8    0    0    1    0    1      2249    8    3 VMpure     2   14   16   12    4    5    1   11
    3   23    1    2    2    2    1    1    1    1      1331   11    3 VMpure     9   11
    3   24    1    2    2    2    1    1    1    1      1010    3    3 VMpure    10    3
    4    1    2    2    8    0    0    2    1    1      1067   16    3 VMpure    15    4    6    5    8   10   11   13
    4    2    1    2    4    1    4    2    1    0      1370    8    3 VMpure     8   10   11    1
    4    3    2    2    8    0    0    2    1    1      1367    4    3 VMpure     5    2   12   16    6   14    7   13
    4    4    1    2    4    2    3    1    0    0      1274    5    3 VMpure    16    5    7    9
    4    5    1    2    4    4    1    1    1    1      1040   13    3 VMpure    14    8    6   13
    4    6    2    2    2    0    0    1    1    0      2251   12    3 VMpure    16    1
    4    7    1    2    4    3    2    1    1    1      1642   11    3 VMpure     6    5   11   14
    4    8    2    2    4    0    0    2    1    1      2498   16    3 VMpure    12    3   11   13
    4    9    1    2    8    7    2    2    1    0      1250    5    3 VMpure     1   14    7   13    6    4    5   16
    4   10    1    2    2    1    2    1    0    0      1412   10    3 VMpure    10   13
    4   11    2    2    2    0    0    1    1    0      1056   15    3 VMpure    13   10
    4   12    2    2    2    0    0    1    1    0      1386    3    3 VMpure     5    8
    4   13    1    2    2    2    1    2    1    0      1287   16    3 VMpure    11   16
    4   14    2    2    8    0    0    2    1    1       759   11    3 VMpure     6   16    2    8    1    4   14   12
    4   15    2    2    4    0    0    2    1    1      1091   16    3 VMpure    15    8   12   10
    4   16    1    2    4    2    3    2    1    0      1569   14    3 VMpure     4   14   15   10
    4   17    1    2    2    1    2    2    1    0      1382    4    3 VMpure     4   14
    4   18    1    2    2    1    2    2    1    0      1378    3    3 VMpure     3    5
    4   19    1    2    8    2    7    2    1    0      1280   10    3 VMpure     5   10   15    7    9    2   12   13
    4   20    1    2    4    2    3    1    0    0       758   14    3 VMpure     6   14   16    8
    4   21    1    2    4    1    4    2    1    0      1200   15    3 VMpure    15   12   14   11
    4   22    1    2    2    2    1    1    1    1      1092    4    3 VMpure    14    4
    4   23    1    2    2    1    2    2    1    0      1293   16    3 VMpure    16    8
    4   24    1    2    2    2    1    2    1    0      2397    2    3 VMpure     4    2
    5    1    2    2    4    0    0    2    0    0       771    8    3 VMpure     6    2    3    4
    5    2    2    2    2    0    0    2    1    1      1721    7    3 VMpure    12   15
    5    3    2    2    2    0    0    1    1    0      1928    6    3 VMpure     7   14
    5    4    2    2    4    0    0    1    1    0      1445   15    3 VMpure    10    4   11   13
    5    5    2    2    8    0    0    2    1    1      1423    7    3 VMpure     6    5   13    8   16   14    9   12
    5    6    2    2    8    0    0    1    1    0      1131   15    3 VMpure    16    4    1    9   13   11    6    7
    5    7    2    2    2    0    0    2    1    1      2385   15    3 VMpure    14    6
    5    8    2    2    8    0    0    1    1    0       758    3    3 VMpure    13    8    7    9   12    1    4    2
    5    9    2    2    2    0    0    2    1    1      2332    5    3 VMpure     6    7
    5   10    1    2    2    1    2    1    1    1       835    1    3 VMpure     1   11
    5   11    2    2    4    0    0    1    1    0      1066   12    3 VMpure     1    5   14   11
    5   12    1    2    8    7    2    1    1    1       644    9    3 VMpure     1    3    8    2   11   15    9   16
    5   13    2    2    2    0    0    1    1    0      1502   13    3 VMpure     5    7
    5   14    1    2    4    3    2    1    1    1      1900   15    3 VMpure    13   11   15    2
    5   15    2    2    8    0    0    2    0    0      1075   11    3 VMpure     1    3    2   14   15    8   12   10
    5   16    1    2    4    4    1    1    1    1       770   14    3 VMpure     8    7    2   14
    5   17    2    2    4    0    0    2    1    1      1053   14    3 VMpure     6    1    5    8
    5   18    2    2    8    0    0    1    0    1       999    5    3 VMpure    12   10    4   14   13    1   16    8
    5   19    2    2    8    0    0    1    1    0      1283    2    3 VMpure     9   10   11    5    1   12   15    4
    5   20    2    2    2    0    0    1    0    1      3219   12    3 VMpure    11    3
    5   21    1    2    2    1    2    2    1    0      2983    1    3 VMpure     1   16
    5   22    2    2    8    0    0    1    1    0       979    4    3 VMpure     9    6   13    5   14    8   15    1
    5   23    2    2    2    0    0    2    1    1      2640    7    3 VMpure     6   10
    5   24    1    2    4    1    4    1    0    0      3936   11    3 VMpure    11    6    7    1
    6    1    1    2    4    3    2    1    1    1       850    6    3 VMpure    13   10    6    8
    6    2    1    2    8    2    7    1    1    1      1684    4    3 VMpure    11    4   14   10   15    1    8    7
    6    3    1    2    2    2    1    1    1    1       741   16    3 VMpure     7   16
    6    4    2    2    4    0    0    1    1    0      1185    5    3 VMpure     3   15    7   10
    6    5    2    2    4    0    0    1    1    0      1067    9    3 VMpure    15    2    1   14
    6    6    2    2    4    0    0    1    1    0       650    5    3 VMpure     9   16   13   15
    6    7    2    2    2    0    0    2    1    1      1331    1    3 VMpure     8    6
    6    8    2    2    4    0    0    2    1    1      3207   11    3 VMpure    14    5   15    9
    6    9    2    2    2    0    0    1    1    0      1307    7    3 VMpure     8    4
    6   10    2    2    4    0    0    1    1    0      1393   10    3 VMpure    15   12    2    6
    6   11    1    2    8    8    1    1    1    1      1181   12    3 VMpure    16   11    7    3    8    1    6   12
    6   12    1    2    4    3    2    1    0    0      1079   11    3 VMpure     8   16   11    4
    6   13    1    2    8    1    8    1    1    1      2673    9    3 VMpure     9    6   10    7    4    5   15   12
    6   14    2    2    2    0    0    2    1    1      1450   13    3 VMpure    16    2
    6   15    1    2    4    1    4    2    1    0      1625   15    3 VMpure    15    5    7   14
    6   16    1    2    4    1    4    2    0    1      1170    6    3 VMpure     6    1   13    9
    6   17    1    2    2    2    1    2    1    0      1495    8    3 VMpure     4    8
    6   18    1    2    2    1    2    1    1    1      1680    7    3 VMpure     7   12
    6   19    2    2    8    0    0    1    1    0      2128    9    3 VMpure    11   14   10    1    8   16    2    4
    6   20    2    2    2    0    0    2    1    1      2224    2    3 VMpure     4   13
    6   21    1    2    8    1    8    2    1    0      1819   16    3 VMpure    16   13    1   12    8   11    5    2
    6   22    2    2    8    0    0    2    0    0      1254    5    3 VMpure     7   16    3   11   14    6   12    8
    6   23    2    2    8    0    0    1    1    0       695    1    3 VMpure    11    2    5   12    9    7   15   14
    6   24    1    2    4    3    2    1    1    1      1125   16    3 VMpure     7    9   16    8
    7    1    1    2    4    2    3    2    1    0      1003    5    3 VMpure    10    5   11    6
    7    2    1    2    8    2    7    1    1    1      1047    8    3 VMpure     1    8   14    2    3   12   10    7
    7    3    1    2    2    1    2    2    1    0       881   15    3 VMpure    15    3
    7    4    2    2    2    0    0    1    1    0      1442    7    3 VMpure     5   12
    7    5    1    2    2    1    2    1    0    0      1548   13    3 VMpure    13    7
    7    6    2    2    4    0    0    1    1    0      1080    9    3 VMpure     4   16   10   15
    7    7    2    2    4    0    0    2    1    1      1782   13    3 VMpure    10    5    3   12
    7    8    1    2    2    2    1    2    1    0      1331    8    3 VMpure     1    8
    7    9    1    2    2    1    2    1    1    1      1393   12    3 VMpure    12   16
    7   10    1    2    4    3    2    1    1    1      1635    1    3 VMpure     5    7    1   16
    7   11    2    2    4    0    0    2    1    1       779   11    3 VMpure    14    1   10   13
    7   12    2    2    2    0    0    1    1    0       720    8    3 VMpure    10   16
    7   13    1    2    4    1    4    1    1    1       861    9    3 VMpure     9   10   14    6
    7   14    2    2    2    0    0    2    1    1      1471   10    3 VMpure    13    2
    7   15    2    2    8    0    0    2    1    1       776    5    3 VMpure     7    3   12   13    1    4   10   14
    7   16    1    2    4    3    2    2    1    0      1395    7    3 VMpure    12    2    7    8
    7   17    1    2    8    8    1    1    1    1       831    8    3 VMpure     7   12   13    2   14   11    3    8
    7   18    2    2    2    0    0    2    1    1      1281    6    3 VMpure    15    2
    7   19    2    2    8    0    0    1    1    0       898    9    3 VMpure    13   16    4    1   11   10    2    6
    7   20    2    2    8    0    0    1    0    1      1201    3    3 VMpure     4    7   16    8    2    9   10   12
    7   21    1    2    2    1    2    2    1    0      1429   10    3 VMpure    10    8
    7   22    2    2    4    0    0    1    1    0       918   15    3 VMpure     8    7   16    4
    7   23    1    2    8    2    7    1    1    1      1045    6    3 VMpure    11    6    7   12   15   10    5   16
    7   24    1    2    2    1    2    2    1    0      1072    8    3 VMpure     8   16
    8    1    2    2    4    0    0    1    1    0       994    5    3 VMpure    11   13    1   16
    8    2    2    2    4    0    0    1    1    0       836   10    3 VMpure     7   16    6    9
    8    3    2    2    8    0    0    1    1    0      2262    9    3 VMpure    13   11    1   10    6   14   15   16
    8    4    2    2    2    0    0    2    1    1       736   16    3 VMpure     1    6
    8    5    2    2    2    0    0    1    1    0       823   10    3 VMpure     3   15
    8    6    2    2    4    0    0    1    1    0       560   13    3 VMpure    12   14    3    2
    8    7    2    2    2    0    0    1    1    0      1214   13    3 VMpure     5    8
    8    8    2    2    8    0    0    2    1    1       737    1    3 VMpure    11   15    5   10    2    4    3   16
    8    9    1    2    8    6    3    2    1    0      1015   13    3 VMpure    14   10    6    8   15   13    3   11
    8   10    1    2    2    1    2    1    1    1      1123   12    3 VMpure    12    6
    8   11    1    2    4    1    4    1    1    1       863    1    3 VMpure     1    8   16    4
    8   12    2    2    4    0    0    1    1    0      1782    7    3 VMpure    11    8   13    4
    8   13    1    2    4    1    4    2    1    0      2456   13    3 VMpure    13    1    4    7
    8   14    1    2    8    3    6    2    1    0       842   13    3 VMpure     1    5   13   12   14    9    6   10
    8   15    2    2    8    0    0    1    1    0      1597    8    3 VMpure     1    9    2   12   14    4   10    6
    8   16    2    2    4    0    0    1    1    0      1942    9    3 VMpure     8   12    3    4
    8   17    2    2    2    0    0    2    1    1      2493   11    3 VMpure    13   15
    8   18    1    2    8    6    3    1    0    0      1613   15    3 VMpure     3    9    2    5   16   15   10    4
    8   19    1    2    2    2    1    2    1    0      1408   16    3 VMpure     3   16
    8   20    2    2    2    0    0    1    1    0       588   13    3 VMpure    14   16
    8   21    1    2    2    2    1    1    1    1       841    7    3 VMpure     3    7
    8   22    2    2    2    0    0    1    1    0      1324    5    3 VMpure     8   15
    8   23    2    2    4    0    0    2    1    1      1584   13    3 VMpure     9    6   15    3
    8   24    2    2    8    0    0    2    1    1      2981    9    3 VMpure     3    2    1    8   11   13   12    5
    9    1    2    2    8    0    0    2    1    1       999   12    3 VMpure    11   13    3    4    5    8   14   16
    9    2    1    2    2    1    2    2    1    0      2323   15    3 VMpure    15    9
    9    3    2    2    8    0    0    1    1    0      1450   13    3 VMpure    10   16    8   12    7    6   11    5
    9    4    2    2    8    0    0    2    1    1      1028    8    3 VMpure    10    3    6   12    9   15    2    4
    9    5    2    2    4    0    0    1    1    0       981    3    3 VMpure     5    6    1   12
    9    6    2    2    8    0    0    2    1    1       769    6    3 VMpure     2   13   16    9   14   15    4   12
    9    7    2    2    4    0    0    1    1    0      1084   14    3 VMpure     6   13   16    5
    9    8    1    2    4    2    3    2    1    0      1082    5    3 VMpure    14    5    8   11
    9    9    1    2    8    4    5    2    1    0       851    2    3 VMpure     9    6   13    2    3    4    7   16
    9   10    1    2    4    4    1    2    1    0       730   16    3 VMpure     4   12   10   16
    9   11    1    2    4    3    2    2    1    0       614    4    3 VMpure     1    6    4   10
    9   12    2    2    2    0    0    2    1    1       705   11    3 VMpure     9    4
    9   13    1    2    8    4    5    2    1    0      1081    3    3 VMpure    14   16    5    3    9   11    8   12
    9   14    1    2    8    6    3    1    1    1      1042    5    3 VMpure     8   15   16    1   10    5   13   14
    9   15    2    2    4    0    0    1    1    0       690   16    3 VMpure    13   10    9    6
    9   16    1    2    4    1    4    2    0    1       815    5    3 VMpure     5   13    2   14
    9   17    2    2    8    0    0    1    1    0       675   12    3 VMpure    15    5    3    6    8    2    9    1
    9   18    1    2    2    2    1    1    1    1       684    7    3 VMpure     9    7
    9   19    1    2    4    4    1    1    1    1       730   12    3 VMpure     3   14    2   12
    9   20    2    2    2    0    0    2    1    1       545    7    3 VMpure     6    1
    9   21    1    2    2    1    2    2    1    0       927    9    3 VMpure     9    7
    9   22    1    2    2    2    1    2    1    0      1407   13    3 VMpure    16   13
    9   23    2    2    2    0    0    2    1    1      1803    7    3 VMpure    15   14
    9   24    1    2    8    1    8    2    1    0      1782   15    3 VMpure    15    8   16    1    3    2   11    6
