    1    1    2    1    2    1    2    2    0      1448    2    2    8    0    0    0    0
    1    2    4    4    2    0    0    9    0         0    4    9   10    2    5    0    0
    1    3    5    2    6    0    0    2    1      1736    8    9    5    7   10    2    6
    1    4    5    1    4    1    4    1    1      1100    6    6    2    7    8    0    0
    1    5    2    1    2    1    2    1    1      1508    2    2    6    0    0    0    0
    1    6    5    2    4    0    0    2    1       913   10    2    7    9    5    0    0
    1    7    5    1    6    4    3    2    0      1083   10    2    6    8   10    9    5
    1    8    3    2    2    0    0    2    1      1395    3    8    6    0    0    0    0
    1    9    5    1    4    3    2    1    1       741   10    5    9   10    2    0    0
    1   10    3    2    2    0    0    2    1       826    3    9   10    0    0    0    0
    1   11    5    2    2    0    0    2    1       862    8   10    2    0    0    0    0
    1   12    1    1    4    3    2    1    1       660    1    9   10    1    5    0    0
    1   13    5    1    2    2    1    1    1       670    9    8    9    0    0    0    0
    1   14    4    2    6    0    0    2    1       897    4    7    6    9    2   10    8
    1   15    5    6    1    4    3    9    0         0    9    6   10    2    9    5    7
    1   16    5    1    4    4    1    1    1       651    9    2   10    5    9    0    0
    1   17    4    2    2    0    0    2    1      1221    4   10    6    0    0    0    0
    1   18    1    1    2    1    2    1    1       600    1    1    6    0    0    0    0
    1   19    5    2    2    0    0    2    1       612    8    5    6    0    0    0    0
    1   20    5    2    2    0    0    2    1       928    5    2    8    0    0    0    0
    1   21    3    2    2    0    0    2    1       703    3    7    9    0    0    0    0
    1   22    5    1    4    1    4    1    1       700    8    8    2    7    6    0    0
    1   23    3    6    2    0    0    9    0         0    3    2   10    6    7    8    9
    1   24    5    1    2    2    1    1    1       537    8    5    8    0    0    0    0
    1   25    5    6    2    0    0    9    0         0    6    9    8    2   10    5    7
    2    1    5    1    4    1    4    1    1       555    5    5    7    9    6    0    0
    2    2    5    1    2    2    1    1    1       489    7    2    7    0    0    0    0
    2    3    5    1    4    2    3    1    1       751    6    5    6   10    2    0    0
    2    4    5    1    2    2    1    1    1       436   10    9   10    0    0    0    0
    2    5    4    2    2    0    0    2    1       535    4    9   10    0    0    0    0
    2    6    5    2    4    0    0    2    1       603    8    7    6    9    2    0    0
    2    7    5    2    4    0    0    2    1       620    7    2    9    8    6    0    0
    2    8    1    1    4    1    4    1    1       381    1    1    5    9    6    0    0
    2    9    5    1    6    5    2    1    1       508    7    2    8    5    9    7    6
    2   10    1    1    2    2    1    1    1       396    1    6    1    0    0    0    0
    2   11    5    1    4    3    2    1    1       533    6   10    5    6    2    0    0
    2   12    5    2    2    0    0    2    1       772    7    5    9    0    0    0    0
    2   13    5    2    4    0    0    2    1       511    8   10    2    7    6    0    0
    2   14    5    2    6    0    0    2    1       569    7   10    5    9    2    6    8
    2   15    5    1    4    4    1    1    1       444    7    2    6   10    7    0    0
    2   16    5    2    6    0    0    2    1       473    9    8    7   10    6    5    2
    2   17    5    2    6    0    0    2    1       613    8    7    6    2    5   10    9
    2   18    1    1    2    2    1    1    1       384    1    8    1    0    0    0    0
    2   19    1    1    4    4    1    1    1       426    1    7    5   10    1    0    0
    2   20    5    1    2    2    1    1    1       366    9    2    9    0    0    0    0
    2   21    5    1    2    1    2    1    1       403    8    8   10    0    0    0    0
    2   22    5    1    4    4    1    1    1       364    6   10    7    2    6    0    0
    2   23    4    2    2    0    0    2    1       721    4    9   10    0    0    0    0
    2   24    5    2    4    0    0    2    1       574    6    7   10    9    2    0    0
    2   25    4    2    6    0    0    2    1       533    4    5    1   10    6    7    8
    3    1    5    2    2    0    0    2    1       653    5    7   10    0    0    0    0
    3    2    5    1    2    2    1    1    1       502    7    5    7    0    0    0    0
    3    3    5    2    4    0    0    2    1       780    5    2    8    7   10    0    0
    3    4    5    1    6    1    6    2    0       779    7    7    6    5   10    9    2
    3    5    5    2    6    0    0    2    1       715    9   10    2    8    6    7    5
    3    6    1    1    4    1    4    2    0       631    1    1    7    5    8    0    0
    3    7    5    2    6    0    0    2    1       588    8    7   10    2    9    5    6
    3    8    5    2    2    0    0    1    0       729    6   10    7    0    0    0    0
    3    9    5    1    4    4    1    1    1       534   10    2    7    5   10    0    0
    3   10    5    1    2    2    1    1    1       420    9    6    9    0    0    0    0
    3   11    5    1    4    3    2    1    1      1116    8    5   10    8    2    0    0
    3   12    4    2    6    0    0    2    1       590    4    9    5    6   10    2    7
    3   13    5    2    6    0    0    2    1       966    7    9    6    8    2   10    5
    3   14    5    1    6    2    5    1    1       878    6    7    6    2   10    5    9
    3   15    5    1    2    2    1    1    1       399    5    7    5    0    0    0    0
    3   16    5    1    6    5    2    1    1       557    6    2    8    9    7    6    5
    3   17    5    1    4    3    2    2    0       672    7    8    2    7    6    0    0
    3   18    2    1    2    1    2    1    1       730    2    2    9    0    0    0    0
    3   19    1    1    4    3    2    1    1       837    1    8    9    1    5    0    0
    3   20    3    2    2    0    0    2    1       536    3    7    2    0    0    0    0
    3   21    5    1    4    3    2    1    1       604   10    8    7   10    2    0    0
    3   22    3    2    2    0    0    2    1       520    3    9    7    0    0    0    0
    3   23    5    2    2    0    0    1    0       903    9    2    5    0    0    0    0
    3   24    5    2    2    0    0    2    1       455    8   10    9    0    0    0    0
    3   25    5    1    4    4    1    1    1       446    5    9   10    2    5    0    0
    4    1    5    1    6    2    5    2    0       998    8    6    8   10    7    9    2
    4    2    5    1    6    2    5    1    1       813    5    6    5    8    7    2   10
    4    3    5    2    6    0    0    2    1       699    7    5    8    6    2   10    9
    4    4    5    1    4    2    3    1    1       760    6   10    6    2    9    0    0
    4    5    5    2    2    0    0    2    1       542    8    5   10    0    0    0    0
    4    6    4    2    2    0    0    2    1       461    4    6    2    0    0    0    0
    4    7    5    2    6    0    0    2    1       697    9    6   10    7    5    2    8
    4    8    5    1    4    1    4    1    1       646   10   10    6    2    7    0    0
    4    9    5    2    4    0    0    1    0       854   10    2    7    9    5    0    0
    4   10    3    2    6    0    0    2    1       594    3    7    2    6    9    5   10
    4   11    2    1    6    4    3    1    1       682    2   10    6    9    2    5    7
    4   12    5    1    4    2    3    1    1       551    5    6    5    8    2    0    0
    4   13    5    1    2    1    2    1    1       597    6    6    7    0    0    0    0
    4   14    5    1    6    3    4    1    1       956    7   10    8    7    2    5    9
    4   15    5    1    2    2    1    1    1       521    9    6    9    0    0    0    0
    4   16    5    1    6    2    5    1    1       660    9   10    9    6    7    5    2
    4   17    5    1    4    2    3    1    1       610    9    5    9    6    2    0    0
    4   18    5    2    2    0    0    2    1       511    8    2    9    0    0    0    0
    4   19    1    1    4    3    2    1    1       340    1    7    5    1    6    0    0
    4   20    1    1    6    6    1    1    1       437    1    5    8    7   10    9    1
    4   21    3    2    6    0    0    2    1       594    3    8    7    9   10    2    6
    4   22    3    2    4    0    0    2    1       564    3    9    6   10    5    0    0
    4   23    5    2    4    0    0    2    1      1271   10    8    9    2    7    0    0
    4   24    2    1    6    3    4    2    0      1138    2    7    8    2   10    6    9
    4   25    5    1    6    4    3    1    1       803    7    2    5   10    7    8    9
    5    1    5    2    4    0    0    2    1       527    8    9   10    5    2    0    0
    5    2    3    2    2    0    0    2    1       462    3    9    8    0    0    0    0
    5    3    5    1    6    6    1    1    1       379    7    8   10    5    9    2    7
    5    4    5    1    2    2    1    1    1       496    8    7    8    0    0    0    0
    5    5    3    2    4    0    0    2    1       533    3    6    2    8    9    0    0
    5    6    4    2    6    0    0    2    1       590    4    7   10    9    2    5    6
    5    7    5    2    6    0    0    1    0       838    9   10    8    5    6    2    7
    5    8    5    1    2    2    1    1    1       344    7   10    7    0    0    0    0
    5    9    1    1    2    1    2    1    1       527    1    1    5    0    0    0    0
    5   10    5    1    6    5    2    1    1       808    8    6    9   10    2    8    7
    5   11    1    1    6    3    4    1    1       551    1   10    8    1    5    6    9
    5   12    5    2    2    0    0    2    1       645    9    5    2    0    0    0    0
    5   13    1    1    4    1    4    1    1       677    1    1   10    9    8    0    0
    5   14    1    1    2    2    1    1    1       366    1    7    1    0    0    0    0
    5   15    5    2    4    0    0    2    1       600    5    9    2    6    7    0    0
    5   16    5    2    4    0    0    2    1       714    5    9    6    2    7    0    0
    5   17    5    1    6    1    6    1    1       780   10   10    6    2    7    5    8
    5   18    3    2    4    0    0    2    1       485    3    7    6   10    5    0    0
    5   19    5    2    2    0    0    2    1      1430    9    7    5    0    0    0    0
    5   20    1    1    6    4    3    1    1       763    1    8    9   10    1    6    7
    5   21    5    2    6    0    0    2    1       555    5    8    7    6   10    2    9
    5   22    5    1    6    5    2    1    1       883    5    2    7    6    8    5    9
    5   23    5    1    4    1    4    1    1       697    5    5    2   10    8    0    0
    5   24    1    1    4    1    4    1    1       583    1    1    9    7    8    0    0
    5   25    5    2    6    0    0    2    1       846    9    2    6   10    7    8    5
    6    1    1    1    4    4    1    1    1       421    1    5    6    9    1    0    0
    6    2    2    1    2    2    1    1    1       425    2    7    2    0    0    0    0
    6    3    2    1    2    2    1    1    1       412    2    5    2    0    0    0    0
    6    4    3    2    4    0    0    2    1       501    3   10    5    8    2    0    0
    6    5    5    2    2    0    0    2    1       677   10    6    8    0    0    0    0
    6    6    3    2    2    0    0    2    1       462    3    6    8    0    0    0    0
    6    7    1    1    4    2    3    1    1       581    1    9    1    5    7    0    0
    6    8    4    2    6    0    0    2    1       524    4   10    2    5    9    8    6
    6    9    1    1    4    1    4    1    1       449    1    1    9    8    6    0    0
    6   10    5    1    6    1    6    1    1       829    9    9    6    5    8    2    7
    6   11    4    2    2    0    0    2    1       448    4    2    7    0    0    0    0
    6   12    5    1    6    4    3    2    0       924   10    6    9    8   10    2    7
    6   13    5    1    4    4    1    1    1       417    6    5    2    9    6    0    0
    6   14    1    1    6    2    5    1    1       350    1    8    1    5   10    7    9
    6   15    5    1    6    6    1    1    1       591    8   10    2    6    5    9    8
    6   16    5    2    6    0    0    2    1       853    9    2    6    7    5   10    8
    6   17    5    1    4    4    1    1    1       428   10    8    2    5   10    0    0
    6   18    1    1    6    6    1    1    1       314    1    8    5    7   10    6    1
    6   19    5    1    2    2    1    1    1       369    9    2    9    0    0    0    0
    6   20    2    1    2    1    2    1    1       599    2    2    5    0    0    0    0
    6   21    5    2    2    0    0    2    1       531    9    6   10    0    0    0    0
    6   22    5    1    6    6    1    1    1       524   10    5    9    8    7    2   10
    6   23    5    2    6    0    0    2    1       709    8    7    2    6   10    9    5
    6   24    2    1    2    2    1    1    1       365    2    6    2    0    0    0    0
    6   25    5    2    4    0    0    2    1       616    9   10    2    6    8    0    0
    7    1    4    2    2    0    0    2    1       531    4    5   10    0    0    0    0
    7    2    5    1    4    3    2    1    1       870    6    5    2    6    7    0    0
    7    3    5    1    2    1    2    2    0       504    9    9    6    0    0    0    0
    7    4    5    2    4    0    0    1    0       797    6    7    2    5   10    0    0
    7    5    1    1    6    1    6    1    1       666    1    1    7   10    9    5    8
    7    6    4    2    4    0    0    2    1       585    4    9    2    7   10    0    0
    7    7    5    1    2    2    1    1    1       406    6    2    6    0    0    0    0
    7    8    5    1    6    4    3    1    1       516    5    8    6    2    5    7    9
    7    9    5    2    6    0    0    2    1       734   10    6    8    9    5    2    7
    7   10    5    2    4    0    0    2    1       490    7    5   10    2    8    0    0
    7   11    3    2    2    0    0    2    1       459    3    6    2    0    0    0    0
    7   12    5    1    4    4    1    1    1       370    7    9    1    6    7    0    0
    7   13    3    2    2    0    0    2    1       487    3    8    1    0    0    0    0
    7   14    5    2    2    0    0    2    1       471    5    2    6    0    0    0    0
    7   15    5    1    4    1    4    1    1       638    6    6    9    7    2    0    0
    7   16    3    2    6    0    0    2    1       515    3    9   10    2    5    7    6
    7   17    5    1    4    4    1    1    1       488    8    9    1    6    8    0    0
    7   18    5    2    6    0    0    2    1       755   10    2    6    8    7    9    5
    7   19    1    1    4    4    1    1    1       366    1    8    6    7    1    0    0
    7   20    4    2    4    0    0    2    1       488    4    2    9    5    8    0    0
    7   21    5    1    4    4    1    1    1       623   10    6    2    8   10    0    0
    7   22    3    2    4    0    0    2    1       431    3    8    5    6    2    0    0
    7   23    3    2    4    0    0    2    1       455    3    9    7   10    2    0    0
    7   24    5    2    6    0    0    2    1       723    6   10    2    5    8    9    7
    7   25    5    2    4    0    0    2    1       576    9   10    2    8    6    0    0    1
