    1    1    3    2    4    0    0    2    1      2035    3    6    2    8    5    0    0
    1    2    5    2    4    0    0    2    1      2329    5   10    6    2    9    0    0
    1    3    2    1    6    6    1    1    1       875    2   10    8    9    7    5    2
    1    4    4    2    2    0    0    2    1      1787    4    7    2    0    0    0    0
    1    5    5    1    6    6    1    1    1      1715    9   10    7    5    8    2    9
    1    6    5    1    4    4    1    1    1      1016    8    2    9    7    8    0    0
    1    7    5    2    6    0    0    2    1      2398    8    9    6    7    5   10    2
    1    8    5    1    2    1    2    1    1      1314    5    5   10    0    0    0    0
    1    9    4    2    2    0    0    2    1      1410    4    6    9    0    0    0    0
    1   10    2    1    4    1    4    1    1      1779    2    2    8   10    5    0    0
    1   11    5    2    4    0    0    2    1      1446    9    7    6    8    5    0    0
    1   12    5    1    4    4    1    1    1      1463    7    6   10    2    7    0    0
    1   13    1    1    2    2    1    1    1       703    1    9    1    0    0    0    0
    1   14    5    1    4    4    1    1    1       909   10    8    2    7   10    0    0
    1   15    1    1    6    3    4    1    1      1480    1    9    8    1    6    5    7
    1   16    5    1    6    4    3    1    1       988    7    8    9    1    7   10    6
    1   17    3    2    2    0    0    2    1      1177    3    8    1    0    0    0    0
    1   18    5    1    6    5    2    1    1      1257   10    6    8    9    7   10    2
    1   19    2    1    2    1    2    1    1      1435    2    2    6    0    0    0    0
    1   20    5    2    6    0    0    2    1      1569   10    6    8    5    2    9    7
    1   21    5    1    4    2    3    1    1      1180    7    2    7    8    5    0    0
    1   22    2    1    4    3    2    1    1      1319    2    9    5    2    8    0    0
    1   23    5    1    4    4    1    1    1       972    7    6    1    9    7    0    0
    1   24    5    2    4    0    0    2    1      1039    5   10    9    6    2    0    0
    1   25    4    2    2    0    0    2    1      1289    4    2    5    0    0    0    0
    2    1    5    1    4    2    3    1    1      1344    6    2    6    5    9    0    0
    2    2    4    2    4    0    0    2    1      1045    4    2    8   10    6    0    0
    2    3    5    1    4    3    2    1    1      1509    8    2    6    8    9    0    0
    2    4    3    2    4    0    0    2    1       802    3    2    7   10    9    0    0
    2    5    5    2    6    0    0    2    1      1473    5    9   10    8    6    7    2
    2    6    3    2    4    0    0    2    1      1232    3    9    7    5    2    0    0
    2    7    4    2    2    0    0    2    1      1251    4    8    2    0    0    0    0
    2    8    1    1    4    2    3    1    1      1242    1    6    1   10    7    0    0
    2    9    5    1    6    2    5    1    1      1768    8    6    8    5    9   10    2
    2   10    3    2    6    0    0    2    1       960    3    9    2    6   10    5    8
    2   11    1    1    6    4    3    1    1      1209    1    6   10    9    1    8    7
    2   12    1    1    6    3    4    1    1      1032    1    8    6    1    7    5   10
    2   13    1    1    6    3    4    1    1      1182    1    9    5    1   10    6    8
    2   14    5    1    2    2    1    1    1      1059    7    2    7    0    0    0    0
    2   15    3    2    4    0    0    2    1       738    3    9    6    2   10    0    0
    2   16    3    2    4    0    0    2    1       607    3    6   10    2    8    0    0
    2   17    5    1    4    2    3    1    1      1168    6    5    6    2    9    0    0
    2   18    5    2    6    0    0    1    0      1152    9    7    5    2    8    6   10
    2   19    2    1    6    2    5    1    1      1569    2    7    2    5    8    6   10
    2   20    3    2    4    0    0    2    1       620    3    6    9    5    2    0    0
    2   21    2    1    2    1    2    1    1       888    2    2    8    0    0    0    0
    2   22    4    2    4    0    0    2    1       974    4    7    9   10    6    0    0
    2   23    3    2    4    0    0    2    1       593    3    5    8    2    9    0    0
    2   24    5    2    6    0    0    2    1      1352    7    5    8    2   10    9    6
    2   25    2    1    4    2    3    1    1      1212    2    6    2   10    7    0    0
    3    1    5    1    4    4    1    1    1       963    8    6    2    7    8    0    0
    3    2    4    2    4    0    0    2    1       790    4   10    8    6    2    0    0
    3    3    3    2    4    0    0    2    1       545    3    2   10    9    6    0    0
    3    4    5    2    4    0    0    2    1      1557   10    5    8    7    9    0    0
    3    5    5    1    2    1    2    1    1      1099    5    5    8    0    0    0    0
    3    6    5    1    6    3    4    1    1      1598    5    7    2    5    9   10    8
    3    7    2    1    2    1    2    1    1      1154    2    2    8    0    0    0    0
    3    8    5    2    2    0    0    2    1      1864    8    7    6    0    0    0    0
    3    9    2    1    4    3    2    1    1      1144    2    6   10    2    9    0    0
    3   10    5    1    6    3    4    1    1      1273    9    8    7    9    6    5    2
    3   11    3    2    2    0    0    2    1       635    3    2    5    0    0    0    0
    3   12    3    2    6    0    0    2    1       608    3   10    5    9    6    7    2
    3   13    1    1    6    6    1    1    1      1383    1   10    9    5    6    8    1
    3   14    1    1    2    1    2    1    1       836    1    1    5    0    0    0    0
    3   15    2    1    6    4    3    1    1      1090    2    5   10    7    2    9    6
    3   16    1    1    4    3    2    1    1      1024    1    6    7    1    9    0    0
    3   17    5    1    4    1    4    1    1       929    7    7    6    9    2    0    0
    3   18    3    2    2    0    0    2    1       577    3    2   10    0    0    0    0
    3   19    1    1    6    4    3    1    1      1320    1    5    6    7    1    8    9
    3   20    5    1    4    3    2    1    1       830    5    9    2    5    7    0    0
    3   21    2    1    4    4    1    1    1       774    2    9    7    8    2    0    0
    3   22    5    1    6    1    6    1    1      1031    6    6    2    9    7    5   10
    3   23    2    1    2    2    1    1    1       866    2    5    2    0    0    0    0
    3   24    5    2    6    0    0    2    1      1278    9   10    2    7    6    5    8
    3   25    5    2    2    0    0    2    1      1456    6    5   10    0    0    0    0
    4    1    5    1    4    4    1    1    1      1191    8   10    6    5    8    0    0
    4    2    2    1    6    6    1    1    1       919    2    6    7    9    5    8    2
    4    3    5    1    6    3    4    1    1      1649    5    7    9    5   10    8    2
    4    4    5    1    6    5    2    1    1      1614    6    8   10    2    9    6    5
    4    5    5    2    2    0    0    2    1       978    9   10    2    0    0    0    0
    4    6    5    1    2    2    1    1    1       847    9    2    9    0    0    0    0
    4    7    3    2    2    0    0    2    1       594    3    7    6    0    0    0    0
    4    8    1    1    6    3    4    1    1      1130    1    9    7    1   10    8    5
    4    9    2    1    2    2    1    1    1       753    2   10    2    0    0    0    0
    4   10    3    2    6    0    0    2    1       754    3    7    8    5    2    9    6
    4   11    5    1    4    1    4    1    1      1230   10   10    7    2    9    0    0
    4   12    3    2    2    0    0    2    1       609    3    8    9    0    0    0    0
    4   13    5    2    2    0    0    2    1       957    8   10    2    0    0    0    0
    4   14    5    1    6    3    4    1    1      1334    6    5    9    6    8    2   10
    4   15    4    2    6    0    0    2    1       752    4    5    7    8    9    2    6
    4   16    5    2    6    0    0    2    1      1265   10    2    7    6    5    9    8
    4   17    2    1    4    4    1    1    1      1112    2    6    8    7    2    0    0
    4   18    5    1    4    1    4    1    1      1189    7    7    2    8   10    0    0
    4   19    5    1    2    2    1    1    1       634    7   10    7    0    0    0    0
    4   20    3    2    6    0    0    2    1       608    3    7    2   10    9    6    5
    4   21    3    2    6    0    0    2    1       535    3    2    6    7    9   10    8
    4   22    3    2    4    0    0    2    1       523    3    7    9    2    8    0    0
    4   23    5    1    2    2    1    1    1       650    8    2    8    0    0    0    0
    4   24    5    2    6    0    0    2    1      1359    6    8    9    2   10    7    5
    4   25    3    2    2    0    0    2    1       525    3    9    5    0    0    0    0
    5    1    5    2    6    0    0    2    1      1818    7   10    9    2    5    8    6
    5    2    5    1    4    3    2    1    1       779    7    5    2    7    9    0    0
    5    3    2    1    4    3    2    1    1       981    2    6    9    2   10    0    0
    5    4    5    2    4    0    0    2    1      1320    6    9    2    5    8    0    0
    5    5    1    1    6    3    4    1    1      1058    1    5    9    1    8   10    6
    5    6    3    2    4    0    0    2    1       546    3    7    5    8   10    0    0
    5    7    5    1    6    1    6    1    1      1275    9    9    2   10    6    8    5
    5    8    3    2    4    0    0    2    1       546    3    6    5    2    8    0    0
    5    9    5    1    6    3    4    1    1      1068    9    5    7    9    2    8   10
    5   10    5    1    6    1    6    2    0      1264    6    6    7    9    5    2   10
    5   11    3    2    6    0    0    2    1       653    3    6    9    5    2    8   10
    5   12    2    1    4    1    4    1    1      1132    2    2    5    6    7    0    0
    5   13    1    1    2    2    1    1    1       675    1    6    1    0    0    0    0
    5   14    5    1    6    3    4    1    1      1160    5    9    6    5    8    2    7
    5   15    5    2    4    0    0    2    1      1059    5    9    2    8    6    0    0
    5   16    5    1    2    2    1    1    1      1213    6    5    6    0    0    0    0
    5   17    3    2    6    0    0    2    1       620    3   10    5    8    9    7    2
    5   18    5    1    4    4    1    1    1       813   10    2    5    9   10    0    0
    5   19    5    1    6    6    1    1    1       684    5    9    8    7    6    2    5
    5   20    3    2    6    0    0    2    1       847    3    6    7    9    2    5    8
    5   21    1    1    6    3    4    1    1      2909    1    8    6    1    7    9   10
    5   22    5    1    4    2    3    1    1      1299   10    6   10    1    5    0    0
    5   23    5    1    6    6    1    1    1       830    5    7   10    8    9    2    5
    5   24    5    1    6    1    6    1    1      1100    8    8    6    9    2    5    7
    5   25    5    1    6    5    2    1    1      1071    5    7   10    9    8    5    2
    6    1    5    2    4    0    0    2    1      1221    9    7    5    2    8    0    0
    6    2    5    1    4    3    2    1    1      1134    9    6    2    9    8    0    0
    6    3    5    1    2    2    1    1    1      1157    9    5    9    0    0    0    0
    6    4    5    1    4    3    2    1    1      1073   10    6    7   10    5    0    0
    6    5    5    2    6    0    0    2    1      1397    6    5    8    9    7    2   10
    6    6    1    1    4    2    3    1    1       887    1    5    1   10    7    0    0
    6    7    5    2    6    0    0    1    0      1139    5    6    7    9    2   10    8
    6    8    5    1    4    4    1    1    1       815   10    6    5    7   10    0    0
    6    9    5    1    2    1    2    1    1      1122    8    8    9    0    0    0    0
    6   10    5    1    2    2    1    1    1       618    8    5    8    0    0    0    0
    6   11    3    2    2    0    0    2    1       501    3    7    9    0    0    0    0
    6   12    5    2    6    0    0    1    0      1648    6    2    8   10    9    7    5
    6   13    5    1    2    1    2    1    1       962    9    9    1    0    0    0    0
    6   14    1    1    4    4    1    1    1       662    1    5    8    7    1    0    0
    6   15    3    2    6    0    0    2    1       571    3    9    8   10    6    2    7
    6   16    5    1    2    1    2    1    1       776    5    5    2    0    0    0    0
    6   17    5    1    6    5    2    1    1       936    9    8   10    6    5    9    2
    6   18    5    2    4    0    0    1    0      3245    7    2    8    5    6    0    0
    6   19    1    1    4    4    1    1    1       725    1    8    7    6    1    0    0
    6   20    5    1    2    1    2    1    1       893    7    7   10    0    0    0    0
    6   21    5    1    6    2    5    1    1      1000    7    2    7    6   10    5    9
    6   22    1    1    4    1    4    1    1       922    1    1   10    5    7    0    0
    6   23    5    2    2    0    0    2    1      1001    6    9    2    0    0    0    0
    6   24    5    2    2    0    0    2    1      1093   10    9    2    0    0    0    0
    6   25    2    1    6    2    5    1    1      1433    2   10    2    5    6    9    8
    7    1    5    2    4    0    0    2    1       973    7    2   10    8    9    0    0
    7    2    5    2    4    0    0    2    1      1248    7    9    2    5    6    0    0
    7    3    5    2    4    0    0    2    1      1000    6    5    8    9    2    0    0
    7    4    5    2    2    0    0    2    1       836    5    8   10    0    0    0    0
    7    5    5    1    6    6    1    1    1       961    6   10    2    8    9    7    6
    7    6    2    1    4    1    4    1    1      1413    2    2    9    8    6    0    0
    7    7    4    2    2    0    0    2    1       801    4    7    2    0    0    0    0
    7    8    1    1    4    3    2    1    1       923    1    6    9    1    5    0    0
    7    9    5    1    4    3    2    1    1      1424    9    1    6    9    8    0    0
    7   10    3    2    4    0    0    2    1       560    3    7    2    8   10    0    0
    7   11    5    1    4    4    1    1    1       836   10    5    2    6   10    0    0
    7   12    5    2    4    0    0    2    1       988    9    2    6   10    5    0    0
    7   13    5    1    4    3    2    1    1      1166    7    2    8    7    5    0    0
    7   14    5    2    2    0    0    2    1       836    9    2    7    0    0    0    0
    7   15    3    2    4    0    0    2    1       508    3   10    9    2    5    0    0
    7   16    5    1    4    3    2    1    1       866    7   10    8    7    9    0    0
    7   17    5    1    4    1    4    1    1      1208    6    6    9    5    7    0    0
    7   18    2    1    2    1    2    1    1       765    2    2    5    0    0    0    0
    7   19    5    1    6    4    3    1    1      1053    8   10    2    7    8    5    6
    7   20    1    1    2    1    2    1    1       887    1    1   10    0    0    0    0
    7   21    5    1    4    3    2    1    1       893    6    2    7    6    8    0    0
    7   22    1    1    2    1    2    1    1       974    1    1    7    0    0    0    0
    7   23    3    2    6    0    0    2    1       550    3   10    7    6    8    9    2
    7   24    5    1    6    1    6    1    1      1119    8    8    5   10    9    2    7
    7   25    5    1    4    1    4    1    1       892    5    5   10    6    2    0    0    3
