    1    1    1    1    4    2    3    2    0      1545    1    8    1    5    7    0    0
    1    2    4    2    2    0    0    1    0       877    4    9    2    0    0    0    0
    1    3    2    1    2    2    1    2    0      1037    2    6    2    0    0    0    0
    1    4    2    1    2    2    1    2    0       823    2    9    2    0    0    0    0
    1    5    4    2    2    0    0    2    1       938    4   10    9    0    0    0    0
    1    6    5    1    4    2    3    1    1      1950   10    8   10    9    6    0    0
    1    7    2    1    2    1    2    2    0      1460    2    2    5    0    0    0    0
    1    8    5    1    6    4    3    1    1       680    7    6    2    5    7   10    8
    1    9    5    2    6    0    0    1    0       604    9    8    6    5    7    2   10
    1   10    5    2    6    0    0    1    0      1683    5    2    6    8    7   10    9
    1   11    2    1    6    5    2    2    0       974    2    9    6   10    8    2    5
    1   12    5    1    2    1    2    1    1       779    9    9    7    0    0    0    0
    1   13    5    1    2    1    2    1    1       576    9    9    2    0    0    0    0
    1   14    1    1    2    1    2    1    1       398    1    1   10    0    0    0    0
    1   15    5    1    4    4    1    1    1       359    5    6    2    7    5    0    0
    1   16    4    2    2    0    0    2    1       685    4   10    6    0    0    0    0
    1   17    3    2    2    0    0    2    1      1270    3    5    9    0    0    0    0
    1   18    5    1    6    3    4    1    1      1105    6    8    5    6    7    9    2
    1   19    2    1    6    1    6    2    0       676    2    2    7   10    5    8    6
    1   20    5    2    6    0    0    1    0       536    7   10    8    9    5    6    2
    1   21    5    2    4    0    0    2    1       684   10    8    7    2    9    0    0
    1   22    5    2    2    0    0    1    0       485    9    2    5    0    0    0    0
    1   23    3    2    4    0    0    2    1      2299    3    5    2    7   10    0    0
    1   24    5    1    4    1    4    1    1      1624    8    8    9    7    2    0    0
    1   25    5    2    2    0    0    2    1      1195    5    9    1    0    0    0    0
    2    1    5    1    6    5    2    1    1      1474    7    9    5    2    8    7    6
    2    2    4    2    6    0    0    2    1      1270    4    2    6   10    8    7    9
    2    3    5    1    6    4    3    1    1      1714    5    8    2    9    5    7   10
    2    4    5    1    4    1    4    1    1      1127   10   10    6    2    9    0    0
    2    5    5    1    4    3    2    1    1       868    7    8    6    7    2    0    0
    2    6    5    1    6    6    1    1    1      1152    9    2    5    6   10    8    9
    2    7    3    2    4    0    0    2    1       731    3    8    2    6    7    0    0
    2    8    2    1    6    2    5    1    1      1388    2    7    2    5    9    6    8
    2    9    5    1    4    3    2    1    1      1006    5    6    2    5    8    0    0
    2   10    1    1    2    1    2    1    1      1002    1    1    8    0    0    0    0
    2   11    5    2    6    0    0    2    1      1521    6    7    9   10    2    5    8
    2   12    5    1    2    2    1    1    1       984    7    2    7    0    0    0    0
    2   13    5    1    6    3    4    1    1      1040    7    5    8    7    6   10    2
    2   14    5    1    6    4    3    1    1       757    7   10    6    8    7    5    2
    2   15    5    1    2    1    2    1    1       539    8    8    2    0    0    0    0
    2   16    5    1    4    4    1    1    1       335   10    9    8    6   10    0    0
    2   17    5    1    6    5    2    1    1       544    6    2    8   10    7    6    5
    2   18    2    1    6    4    3    1    1       681    2   10    9    7    2    8    5
    2   19    3    2    4    0    0    2    1       615    3    6    2    5   10    0    0
    2   20    4    2    4    0    0    2    1       536    4    6    2    8    5    0    0
    2   21    5    1    4    1    4    1    1      1340    8    8   10    2    5    0    0
    2   22    1    1    2    1    2    1    1       955    1    1    9    0    0    0    0
    2   23    2    1    4    4    1    1    1       462    2    9    7   10    2    0    0
    2   24    5    1    4    1    4    2    0       981   10   10    2    5    9    0    0
    2   25    5    2    6    0    0    1    0      8204    6    2    8    5    7    9   10
    3    1    3    2    4    0    0    2    1       631    3   10    2    9    8    0    0
    3    2    2    1    6    1    6    1    1       669    2    2    5    6   10    9    7
    3    3    1    1    4    4    1    1    1       491    1    9    5    8    1    0    0
    3    4    5    1    4    2    3    1    1       401   10    8   10    5    2    0    0
    3    5    5    1    6    4    3    1    1       448    6    5    7    9    6    8    2
    3    6    3    2    6    0    0    2    1       685    3    6    2    9   10    5    7
    3    7    2    1    4    4    1    1    1       635    2    9    5    7    2    0    0
    3    8    5    1    4    4    1    1    1       347    9    5    2   10    9    0    0
    3    9    5    1    2    2    1    1    1       305   10    2   10    0    0    0    0
    3   10    3    2    4    0    0    2    1       542    3   10    8    6    2    0    0
    3   11    5    1    6    3    4    1    1       503    7    8    9    7    2    5   10
    3   12    2    1    2    2    1    1    1       647    2    5    2    0    0    0    0
    3   13    5    1    4    3    2    1    1       486    9    6    1    9   10    0    0
    3   14    3    2    2    0    0    2    1       487    3    9    5    0    0    0    0
    3   15    3    2    6    0    0    2    1       467    3    9    2    6    7    5   10
    3   16    5    1    2    1    2    1    1       564   10   10    7    0    0    0    0
    3   17    5    2    6    0    0    2    1       492    8   10    9    5    2    6    7
    3   18    1    1    6    3    4    1    1       615    1    7   10    1    8    9    6
    3   19    3    2    6    0    0    2    1       813    3    8    9    7    2    6   10
    3   20    4    2    6    0    0    2    1       523    4    6    9    8    2    7    5
    3   21    3    2    2    0    0    2    1       522    3    5   10    0    0    0    0
    3   22    5    1    2    1    2    1    1       681   10   10    7    0    0    0    0
    3   23    3    2    2    0    0    2    1       418    3    2    9    0    0    0    0
    3   24    5    1    6    6    1    1    1       608    8    6   10    7    2    5    8
    3   25    5    1    6    4    3    1    1      2535    6    5    2    8    6    7    9
    4    1    5    1    2    1    2    1    1       504    7    7    9    0    0    0    0
    4    2    5    1    4    3    2    1    1      1005   10    5    9   10    8    0    0
    4    3    2    1    6    2    5    1    1       644    2    5    2    7    6    9    8
    4    4    5    1    4    1    4    1    1       612    8    8    6    2    7    0    0
    4    5    5    1    6    3    4    1    1      1306   10    2    6   10    7    5    8
    4    6    5    1    4    2    3    1    1       416    9    7    9    2   10    0    0
    4    7    5    1    2    2    1    1    1      2307    8    2    8    0    0    0    0
    4    8    4    2    4    0    0    2    1       544    4   10    8    2    6    0    0
    4    9    5    2    4    0    0    2    1       916    6    8   10    2    7    0    0
    4   10    3    2    6    0    0    2    1       478    3    6    5    2   10    8    7
    4   11    5    2    6    0    0    2    1       666    5    8    9    6    2   10    7
    4   12    4    2    6    0    0    2    1       462    4    7    9    8    6   10    2
    4   13    5    1    2    2    1    1    1       608    9    2    9    0    0    0    0
    4   14    5    1    4    4    1    1    1       369    5    2    7   10    5    0    0
    4   15    5    2    4    0    0    2    1      1052    5    2    9    6    8    0    0
    4   16    1    1    2    2    1    1    1       470    1    5    1    0    0    0    0
    4   17    2    1    6    1    6    1    1       930    2    2    8    7    9    6   10
    4   18    5    2    4    0    0    2    1       742    7    6    2    8   10    0    0
    4   19    3    2    2    0    0    2    1       525    3    9    5    0    0    0    0
    4   20    3    2    2    0    0    2    1       428    3    6    5    0    0    0    0
    4   21    5    2    2    0    0    1    0       399    7    9    2    0    0    0    0
    4   22    2    1    2    1    2    1    1       532    2    2    5    0    0    0    0
    4   23    5    2    6    0    0    1    0       717    8   10    6    2    5    9    7
    4   24    5    2    2    0    0    1    0       548    7    6    9    0    0    0    0
    4   25    2    1    2    2    1    2    0       514    2    9    2    0    0    0    0
    5    1    2    1    2    2    1    1    1       514    2   10    2    0    0    0    0
    5    2    5    1    6    1    6    1    1       556    5    5    8    9    2   10    6
    5    3    5    2    2    0    0    1    0       650    6    2    7    0    0    0    0
    5    4    5    1    2    2    1    1    1       436    9    8    9    0    0    0    0
    5    5    5    1    6    6    1    2    0       545    8    5   10    6    7    2    8
    5    6    3    2    6    0    0    2    1       522    3    2   10    5    6    9    8
    5    7    4    2    2    0    0    2    1       570    4    9    5    0    0    0    0
    5    8    5    2    6    0    0    1    0      1026   10    7    8    6    2    9    5
    5    9    3    2    2    0    0    2    1      1037    3    2    8    0    0    0    0
    5   10    4    2    4    0    0    2    1      1069    4    9   10    2    7    0    0
    5   11    3    2    6    0    0    2    1       609    3    2    7    6    5   10    9
    5   12    5    1    4    2    3    1    1       626    8    2    8    5    6    0    0
    5   13    2    1    4    4    1    1    1       627    2    6    9    7    2    0    0
    5   14    3    2    2    0    0    2    1       558    3    2   10    0    0    0    0
    5   15    2    1    4    2    3    1    1      1393    2    6    2    5    7    0    0
    5   16    2    1    6    4    3    2    0       617    2    8   10    7    2    5    9
    5   17    5    1    6    6    1    1    1       607    6    7    2   10    5    8    6
    5   18    2    1    6    3    4    1    1      1237    2    8    7    2   10    5    9
    5   19    5    1    6    3    4    1    1       947    5    7   10    5    8    9    2
    5   20    5    1    4    3    2    1    1      1046    5    2    9    5    7    0    0
    5   21    3    2    6    0    0    2    1       795    3    2    6    7    9    5   10
    5   22    5    1    4    3    2    1    1      4853    5    7    2    5    9    0    0
    5   23    5    2    4    0    0    2    1      5532    8    5    2    7    6    0    0
    5   24    5    1    2    2    1    1    1      1651    8   10    8    0    0    0    0
    5   25    4    2    2    0    0    2    1       869    4    8    2    0    0    0    0
    6    1    5    1    4    2    3    1    1       810   10    5   10    8    2    0    0
    6    2    3    2    4    0    0    2    1       740    3   10    2    9    5    0    0
    6    3    5    1    2    2    1    2    0      3962    7    9    7    0    0    0    0
    6    4    3    2    6    0    0    2    1       539    3    6   10    9    8    2    5
    6    5    3    2    6    0    0    2    1       580    3    6    8   10    7    2    5
    6    6    5    2    6    0    0    1    0       556    7    9    2   10    5    6    8
    6    7    5    2    6    0    0    1    0       820    8    7    9   10    2    5    6
    6    8    5    1    4    1    4    2    0       445    5    5    2    6    7    0    0
    6    9    5    1    4    3    2    1    1       485   10    5    2   10    7    0    0
    6   10    2    1    6    1    6    1    1       496    2    2    6    8    7    5   10
    6   11    1    1    4    1    4    1    1       485    1    1    9    6    8    0    0
    6   12    2    1    4    3    2    1    1       379    2    5    7    2    9    0    0
    6   13    4    2    6    0    0    2    1      1275    4    9    5    8    6   10    2
    6   14    5    2    4    0    0    1    0       786    5    7   10    2    9    0    0
    6   15    5    2    4    0    0    1    0       636   10    8    2    5    7    0    0
    6   16    1    1    4    1    4    1    1       732    1    1    8    9    6    0    0
    6   17    2    1    6    6    1    1    1       381    2    8    6    7    9   10    2
    6   18    3    2    2    0    0    2    1      1090    3    9    7    0    0    0    0
    6   19    5    1    4    2    3    1    1      2896   10    2   10    6    8    0    0
    6   20    5    2    2    0    0    2    1      1040    8    2    5    0    0    0    0
    6   21    5    1    2    2    1    1    1       811    5   10    5    0    0    0    0
    6   22    4    2    6    0    0    2    1       842    4    6    9    7    2   10    8
    6   23    5    1    2    2    1    1    1      1676    6    2    6    0    0    0    0
    6   24    5    1    2    2    1    1    1      1454    9    2    9    0    0    0    0
    6   25    3    2    6    0    0    2    1      1490    3    7    2    8    9    5    6
    7    1    3    2    6    0    0    2    1       558    3   10    5    9    8    7    2
    7    2    3    2    6    0    0    2    1       487    3    6    7   10    2    9    5
    7    3    1    1    2    1    2    1    1       584    1    1    5    0    0    0    0
    7    4    5    2    6    0    0    2    1      1023   10    8    7    6    9    2    5
    7    5    1    1    4    1    4    1    1       479    1    1   10    9    7    0    0
    7    6    4    2    2    0    0    2    1       529    4    8    2    0    0    0    0
    7    7    5    1    4    1    4    1    1       533    7    7    8    2    9    0    0
    7    8    5    2    4    0    0    2    1       777   10    6    2    8    7    0    0
    7    9    1    1    2    2    1    1    1       415    1   10    1    0    0    0    0
    7   10    3    2    2    0    0    2    1       578    3    8   10    0    0    0    0
    7   11    4    2    6    0    0    2    1       554    4    5    2   10    7    8    9
    7   12    3    2    6    0    0    2    1       642    3    2   10    7    9    5    8
    7   13    5    1    2    2    1    1    1       637    8    9    8    0    0    0    0
    7   14    5    1    4    1    4    1    1       493   10   10    2    7    9    0    0
    7   15    2    1    6    1    6    1    1       424    2    2    8    9    6   10    5
    7   16    5    2    6    0    0    2    1       566    6    5    2    7   10    8    9
    7   17    5    2    4    0    0    2    1       617    5    7    2    8   10    0    0
    7   18    5    1    6    4    3    1    1       511    6    2    9    5    6    7    8
    7   19    3    2    4    0    0    2    1       516    3    9   10    2    6    0    0
    7   20    5    1    6    6    1    2    0       542   10    9    5    7    2    6   10
    7   21    5    1    6    5    2    1    1       391    5   10    8    2    9    5    7
    7   22    4    2    4    0    0    2    1       705    4    5    8    2    6    0    0
    7   23    5    2    2    0    0    2    1       553    9    7   10    0    0    0    0
    7   24    5    2    4    0    0    1    0       429    6    2    5    9    8    0    0
    7   25    5    2    2    0    0    1    0      3312    7   10    8    0    0    0    0    1
