    1    1    5    1    6    3    4    1    1      2238    9    7    8    9   10    5    2
    1    2    5    1    4    4    1    1    1      1773   10    2    7    8   10    0    0
    1    3    1    1    2    2    1    1    1       873    1    9    1    0    0    0    0
    1    4    5    1    4    2    3    2    0       558    6    2    6    8    9    0    0
    1    5    2    1    6    6    1    1    1       679    2    5    9    6   10    7    2
    1    6    3    2    4    0    0    2    1      1267    3   10    9    2    8    0    0
    1    7    3    2    6    0    0    1    0      1854    3    5    2   10    9    7    8
    1    8    2    1    4    1    4    1    1      1389    2    2    6   10    8    0    0
    1    9    3    2    2    0    0    2    1      2074    3    7    8    0    0    0    0
    1   10    5    1    6    1    6    1    1      2293    7    7    5    9    8    2   10
    1   11    1    1    6    6    1    1    1      1496    1    5   10    8    9    7    1
    1   12    3    2    6    0    0    2    1      1338    3   10    6    8    5    2    7
    1   13    2    1    2    1    2    1    1      1433    2    2   10    0    0    0    0
    1   14    4    2    2    0    0    2    1      1042    4    8    2    0    0    0    0
    1   15    5    2    4    0    0    1    0      1537   10    6    2    9    7    0    0
    1   16    5    1    4    2    3    1    1      1836    6    9    6    7    2    0    0
    1   17    2    1    6    6    1    1    1      1441    2   10    6    8    5    7    2
    1   18    5    1    4    1    4    1    1      1040    9    9    7    5    8    0    0
    1   19    3    2    6    0    0    2    1      1348    3   10    5    6    8    2    9
    1   20    3    2    2    0    0    1    0       898    3    2    5    0    0    0    0
    1   21    5    1    6    1    6    1    1      1149    7    7    5    8    9   10    2
    1   22    3    2    6    0    0    2    1      1101    3    7    5    6   10    2    9
    1   23    5    1    2    1    2    1    1      3797    8    8    2    0    0    0    0
    1   24    5    1    6    6    1    1    1      1018    7    9    8    6    5    2    7
    1   25    5    2    4    0    0    1    0      1851    7    9    2    8    5    0    0
    2    1    5    1    2    2    1    1    1      1394    6    2    6    0    0    0    0
    2    2    5    1    4    4    1    1    1       867    6   10    8    2    6    0    0
    2    3    5    2    6    0    0    1    0      2686    5    6    7    9   10    8    2
    2    4    1    1    2    1    2    1    1       966    1    1    9    0    0    0    0
    2    5    3    2    4    0    0    2    1      1097    3    8    9    2   10    0    0
    2    6    5    1    2    1    2    1    1      1185    7    7    1    0    0    0    0
    2    7    5    1    4    3    2    1    1       955   10    6    8   10    2    0    0
    2    8    5    2    2    0    0    2    1      1528    9   10    8    0    0    0    0
    2    9    4    2    4    0    0    2    1      1236    4    2   10    9    8    0    0
    2   10    5    2    6    0    0    2    1      4416    7    9    6    8    5    2   10
    2   11    5    1    4    4    1    1    1      1625    5    2    7    9    5    0    0
    2   12    3    2    4    0    0    2    1      2033    3    2    9   10    6    0    0
    2   13    5    1    6    1    6    1    1      1582    6    6    2    9    7    8    5
    2   14    3    2    6    0    0    2    1      1517    3    7    9    5    6    2   10
    2   15    1    1    6    4    3    1    1      1183    1    6    8    9    1    7    5
    2   16    2    1    2    2    1    1    1      1076    2    5    2    0    0    0    0
    2   17    5    2    2    0    0    2    1      1373   10    9    5    0    0    0    0
    2   18    5    2    4    0    0    2    1      1806    9    7    8    6    2    0    0
    2   19    5    1    6    1    6    1    1      1205    8    8   10    5    7    6    2
    2   20    5    2    2    0    0    2    1      1177   10    6    5    0    0    0    0
    2   21    5    1    6    6    1    1    1      1176    7    5    8    6    9    2    7
    2   22    1    1    6    6    1    1    1      1031    1   10    5    8    6    9    1
    2   23    3    2    6    0    0    2    1      1164    3    8    2    9   10    6    7
    2   24    5    1    6    6    1    1    1      1163    6    5    8   10    7    1    6
    2   25    5    1    4    4    1    1    1       838   10    2    7    8   10    0    0
    3    1    4    2    4    0    0    2    1      1148    4    6    8    2    7    0    0
    3    2    5    2    2    0    0    2    1      1410    9    5    8    0    0    0    0
    3    3    5    1    4    4    1    1    1      1523   10    8    7    2   10    0    0
    3    4    1    1    4    4    1    1    1       879    1    6    9    5    1    0    0
    3    5    4    2    2    0    0    2    1      1375    4    6    2    0    0    0    0
    3    6    4    2    6    0    0    2    1      2023    4   10    8    6    7    2    5
    3    7    1    1    4    3    2    1    1      1567    1    8    9    1   10    0    0
    3    8    5    1    6    3    4    1    1      1119    6    7   10    6    9    8    1
    3    9    3    2    4    0    0    2    1      1227    3    2    9   10    5    0    0
    3   10    5    1    4    2    3    1    1      1427    8    2    8    9    5    0    0
    3   11    5    1    4    2    3    1    1      1107    6    8    6    9    5    0    0
    3   12    3    2    6    0    0    2    1      1189    3   10    7    9    2    6    5
    3   13    1    1    4    2    3    1    1      1103    1    8    1   10    7    0    0
    3   14    5    1    2    1    2    1    1       934    7    7    2    0    0    0    0
    3   15    5    2    6    0    0    2    1      1295    8    5    6    7   10    2    9
    3   16    3    2    2    0    0    2    1      1119    3    7    6    0    0    0    0
    3   17    5    2    6    0    0    2    1      1393    5   10    8    9    2    7    6
    3   18    3    2    6    0    0    2    1      4007    3    6    2    5    7    9   10
    3   19    3    2    4    0    0    2    1      2928    3    7    9    2    8    0    0
    3   20    5    2    6    0    0    2    1      2921    9    7    6    2    5    8   10
    3   21    5    1    4    3    2    1    1      1005    5    7    8    5    6    0    0
    3   22    5    1    4    4    1    1    1      1102    8    2    9    7    8    0    0
    3   23    5    1    6    2    5    1    1       913    9   10    9    5    2    7    6
    3   24    5    2    4    0    0    2    1      1157   10    2    9    7    8    0    0
    3   25    5    1    2    1    2    1    1      3274    8    8    2    0    0    0    0
    4    1    5    2    4    0    0    1    0      1855    9    8    5   10    7    0    0
    4    2    3    2    4    0    0    2    1      1101    3    7    2    8    5    0    0
    4    3    5    1    6    6    1    1    1      1312    5   10    7    8    6    2    5
    4    4    5    2    6    0    0    2    1      1770    7    8    5    9    6   10    2
    4    5    4    2    2    0    0    2    1      1719    4    6   10    0    0    0    0
    4    6    5    1    2    1    2    1    1      1190    7    7    2    0    0    0    0
    4    7    5    1    2    2    1    1    1       874    5    2    5    0    0    0    0
    4    8    4    2    6    0    0    2    1      1302    4   10    7    9    5    2    6
    4    9    5    1    4    4    1    1    1       827    8    2   10    7    8    0    0
    4   10    2    1    6    6    1    1    1       951    2    7    9    5   10    6    2
    4   11    5    1    2    1    2    1    1       757    5    5    9    0    0    0    0
    4   12    2    1    4    3    2    1    1       816    2    8    9    2    7    0    0
    4   13    1    1    2    2    1    1    1       771    1    7    1    0    0    0    0
    4   14    5    2    2    0    0    2    1      1112   10    5    2    0    0    0    0
    4   15    2    1    6    3    4    1    1       778    2    7   10    2    6    8    5
    4   16    5    2    6    0    0    2    1      2776    7    9   10    5    8    2    6
    4   17    5    1    2    2    1    1    1       797    7   10    7    0    0    0    0
    4   18    5    1    2    1    2    1    1      1856    9    9    7    0    0    0    0
    4   19    5    2    4    0    0    2    1      1695    5    9    6    7    2    0    0
    4   20    3    2    6    0    0    2    1       937    3   10    2    9    5    8    7
    4   21    3    2    2    0    0    2    1       824    3    5    9    0    0    0    0
    4   22    1    1    4    1    4    1    1       880    1    1    6    7    9    0    0
    4   23    5    1    2    1    2    1    1       881    5    5    8    0    0    0    0
    4   24    3    2    2    0    0    2    1      1409    3    6    2    0    0    0    0
    4   25    5    1    4    4    1    1    1      1730    9    5   10    2    9    0    0
    5    1    5    1    2    1    2    1    1      1338   10   10    2    0    0    0    0
    5    2    5    1    6    3    4    1    1       770   10    2    8   10    7    5    9
    5    3    1    1    4    1    4    1    1       957    1    1    6    5    9    0    0
    5    4    5    1    2    2    1    1    1       779    9    6    9    0    0    0    0
    5    5    2    1    6    5    2    1    1       906    2    8    7    6   10    2    9
    5    6    5    1    6    1    6    1    1       867    7    7    6    8    9    5    2
    5    7    3    2    4    0    0    2    1       778    3    1    5    8    9    0    0
    5    8    5    2    6    0    0    2    1      1769   10    6    8    5    2    7    9
    5    9    4    2    2    0    0    2    1       966    4    8    5    0    0    0    0
    5   10    5    1    6    5    2    1    1       942    5   10    6    7    8    5    2
    5   11    5    1    4    1    4    1    1       689    7    7    8    2    6    0    0
    5   12    5    1    4    4    1    1    1       399    6    2    9    8    6    0    0
    5   13    5    1    2    2    1    1    1       371   10    2   10    0    0    0    0
    5   14    5    1    4    4    1    1    1       381    7    5   10    2    7    0    0
    5   15    4    2    4    0    0    2    1      1399    4    2    7    8   10    0    0
    5   16    5    1    4    3    2    1    1       712    8    6    7    8    2    0    0
    5   17    5    1    4    1    4    1    1       725    9    9    2    7    6    0    0
    5   18    3    2    4    0    0    2    1       897    3    2    8    5    9    0    0
    5   19    1    1    4    4    1    1    1       487    1    7    5    8    1    0    0
    5   20    2    1    2    1    2    1    1       487    2    2    9    0    0    0    0
    5   21    5    1    2    1    2    1    1       488    8    8    2    0    0    0    0
    5   22    1    1    2    1    2    1    1       567    1    1    7    0    0    0    0
    5   23    5    1    6    6    1    1    1       623    5    8    9    2    6    7    5
    5   24    5    2    4    0    0    2    1      1903    5    7    6    2    8    0    0
    5   25    1    1    6    5    2    1    1      1521    1   10    9    5    7    1    6
    6    1    5    1    4    2    3    1    1       797    7    2    7    6    8    0    0
    6    2    5    1    2    1    2    1    1       513    7    7    2    0    0    0    0
    6    3    5    2    4    0    0    2    1      1445    8    6    2    7    5    0    0
    6    4    5    1    6    5    2    1    1      1129   10    7    6    8    5   10    2
    6    5    5    1    6    4    3    1    1       729    9    7   10    2    9    5    6
    6    6    5    1    4    1    4    1    1       565   10   10    2    9    6    0    0
    6    7    3    2    2    0    0    2    1       754    3    5    8    0    0    0    0
    6    8    1    1    6    5    2    1    1       562    1    6    9   10    7    1    5
    6    9    4    2    4    0    0    2    1       693    4   10    9    6    5    0    0
    6   10    5    1    2    1    2    1    1       749    8    8    9    0    0    0    0
    6   11    5    2    6    0    0    1    0       461    9    5   10    8    2    6    7
    6   12    5    1    4    4    1    1    1       532   10    2    7    9   10    0    0
    6   13    3    2    6    0    0    2    1      1516    3    2    5    7    6   10    9
    6   14    5    2    4    0    0    2    1      1848    8   10    5    9    2    0    0
    6   15    1    1    6    3    4    1    1      1293    1   10    6    1    7    5    8
    6   16    2    1    4    1    4    1    1       817    2    2    8    9   10    0    0
    6   17    1    1    4    1    4    1    1       778    1    1    5    8    9    0    0
    6   18    5    1    4    2    3    1    1      2179   10    8   10    9    2    0    0
    6   19    5    1    2    2    1    1    1       400    5    7    5    0    0    0    0
    6   20    5    2    4    0    0    2    1       953    8    7    6   10    2    0    0
    6   21    5    1    6    6    1    1    1      1489    9    7    5    2    8   10    9
    6   22    5    2    2    0    0    2    1      1049   10    7    2    0    0    0    0
    6   23    5    2    6    0    0    1    0      2189    6    2   10    5    8    7    9
    6   24    5    1    2    2    1    1    1       553    6    1    6    0    0    0    0
    6   25    5    2    4    0    0    2    1      1692    7    9    2    8    6    0    0
    7    1    5    1    4    2    3    1    1       425   10    7   10    6    9    0    0
    7    2    2    1    6    5    2    1    1       423    2    7    9    8    6    2    5
    7    3    1    1    2    2    1    1    1       538    1    8    1    0    0    0    0
    7    4    5    2    4    0    0    2    1      1086    5    8    2    7    6    0    0
    7    5    2    1    4    2    3    1    1       572    2    5    2   10    6    0    0
    7    6    4    2    4    0    0    2    1      1102    4    2   10    7    6    0    0
    7    7    5    1    2    1    2    1    1       470    7    7    5    0    0    0    0
    7    8    5    2    6    0    0    1    0      1794    6    8    5    2    9   10    7
    7    9    4    2    4    0    0    2    1      1378    4    6    2    7    5    0    0
    7   10    3    2    6    0    0    2    1       905    3    9    8    6   10    5    2
    7   11    5    1    6    6    1    1    1       707    5    8    7    6    2   10    5
    7   12    4    2    6    0    0    2    1      1061    4    6    5   10    2    8    9
    7   13    5    1    2    1    2    2    0      1070    6    6    8    0    0    0    0
    7   14    5    2    6    0    0    2    1      1665    8   10    9    7    2    6    5
    7   15    5    1    4    3    2    1    1       808    7    2    8    7   10    0    0
    7   16    1    1    2    2    1    1    1      6140    1    5    1    0    0    0    0
    7   17    5    1    6    1    6    1    1       453    7    7    8    5    2    9    6
    7   18    5    2    6    0    0    1    0       737   10    5    2    6    7    9    8
    7   19    3    2    4    0    0    2    1       925    3    8    5    2    7    0    0
    7   20    5    1    4    2    3    1    1       593    9    6    9    7    8    0    0
    7   21    5    2    4    0    0    2    1      2578    5   10    6    8    2    0    0
    7   22    5    2    6    0    0    1    0       745   10    6    7    9    5    2    8
    7   23    5    1    4    4    1    1    1       756    9    8    2    7    9    0    0
    7   24    5    2    6    0    0    1    0       564    9    6    7    2    8    5   10
    7   25    2    1    4    3    2    1    1       439    2    6    7    2    9    0    0    3
