    1    1    5    1    2    1    2    1    1      2016    6    6    2    0    0    0    0
    1    2    2    1    6    3    4    1    1      1515    2    9    7    2   10    6    5
    1    3    5    1    4    3    2    1    1      1144    6   10    9    6    2    0    0
    1    4    3    2    6    0    0    2    1      1257    3    2    5    6   10    7    8
    1    5    5    1    6    2    5    1    1      1413    8    7    8    5    2    6    9
    1    6    2    1    2    1    2    1    1      2849    2    2    8    0    0    0    0
    1    7    5    1    4    4    1    1    1       793    6    7    2    8    6    0    0
    1    8    5    1    2    1    2    1    1       830    9    9    2    0    0    0    0
    1    9    1    1    2    2    1    1    1       609    1    5    1    0    0    0    0
    1   10    4    2    2    0    0    2    1       685    4    9    2    0    0    0    0
    1   11    5    2    4    0    0    2    1      1003    5    6    2    9   10    0    0
    1   12    5    2    4    0    0    1    0      1101    5   10    2    6    9    0    0
    1   13    5    1    2    1    2    1    1      1412    8    8   10    0    0    0    0
    1   14    5    1    2    1    2    1    1       672    8    8   10    0    0    0    0
    1   15    5    2    6    0    0    2    1      1333    6    9    2    7   10    8    5
    1   16    4    2    6    0    0    2    1      1150    4    7    2    8    9   10    6
    1   17    4    2    2    0    0    2    1      1380    4   10    2    0    0    0    0
    1   18    5    1    2    1    2    1    1      1362    5    5    2    0    0    0    0
    1   19    3    2    4    0    0    2    1      1157    3    6    2   10    5    0    0
    1   20    1    1    4    2    3    1    1      1089    1    8    1   10    5    0    0
    1   21    2    1    6    1    6    1    1      1205    2    2    9    7    5    6    8
    1   22    4    2    2    0    0    2    1      1321    4    7    5    0    0    0    0
    1   23    5    1    6    3    4    1    1      1251    5    8    2    5    7   10    6
    1   24    5    2    2    0    0    2    1       949   10    7    2    0    0    0    0
    1   25    5    2    4    0    0    2    1      1001    6    8    2   10    9    0    0
    2    1    5    2    4    0    0    2    1       857   10    9    8    2    6    0    0
    2    2    5    2    4    0    0    2    1      1712    6    7    9    2    8    0    0
    2    3    5    1    2    2    1    1    1      7392    5    9    5    0    0    0    0
    2    4    5    1    6    3    4    1    1       936    5    2   10    5    8    9    7
    2    5    4    2    6    0    0    2    1       690    4    9    6    5    7    2   10
    2    6    4    2    6    0    0    2    1       725    4    7   10    6    2    9    8
    2    7    5    2    6    0    0    1    0      1912    8    5    2    7    6   10    9
    2    8    5    1    2    1    2    1    1       928    7    7    6    0    0    0    0
    2    9    5    2    4    0    0    1    0       997    8   10    7    6    5    0    0
    2   10    5    2    4    0    0    2    1      1735    9    6    8    2   10    0    0
    2   11    5    1    2    1    2    1    1      1094    9    9    2    0    0    0    0
    2   12    2    1    2    1    2    1    1      1327    2    2    6    0    0    0    0
    2   13    5    2    6    0    0    1    0      1353    6    9    5    8   10    2    7
    2   14    3    2    4    0    0    2    1      1020    3    2    7    5    6    0    0
    2   15    3    2    4    0    0    2    1       733    3    6    2    7    8    0    0
    2   16    5    1    4    3    2    1    1      1098    6    9    2    6    5    0    0
    2   17    3    2    4    0    0    2    1       712    3    5    2    7    8    0    0
    2   18    5    1    4    4    1    1    1      1141    9    6    2   10    9    0    0
    2   19    3    2    6    0    0    2    1       679    3   10    7    9    2    5    6
    2   20    3    2    6    0    0    2    1       715    3    6    8    2    5    9    7
    2   21    5    1    2    1    2    1    1       915    7    7    8    0    0    0    0
    2   22    3    2    2    0    0    2    1       578    3    8    9    0    0    0    0
    2   23    3    2    2    0    0    2    1       592    3    8    7    0    0    0    0
    2   24    3    2    6    0    0    2    1       615    3    7    9    5    2   10    8
    2   25    1    1    4    3    2    1    1       968    1   10    8    1    9    0    0
    3    1    3    2    6    0    0    2    1       583    3    2    7    8    5    6    9
    3    2    5    1    2    1    2    1    1       772    9    9    7    0    0    0    0
    3    3    5    1    2    2    1    1    1       665    8    2    8    0    0    0    0
    3    4    5    2    6    0    0    2    1      2046    9    2    7    5   10    6    8
    3    5    3    2    4    0    0    2    1       694    3    5    6    2   10    0    0
    3    6    1    1    4    1    4    1    1       788    1    1    8    7    9    0    0
    3    7    4    2    4    0    0    2    1       702    4    5    7    8    9    0    0
    3    8    5    1    6    2    5    1    1      1377    8    7    8    5    9   10    2
    3    9    4    2    4    0    0    2    1       628    4   10    9    2    7    0    0
    3   10    2    1    6    1    6    1    1      1019    2    2    7    5   10    6    8
    3   11    5    1    2    1    2    1    1      3734    6    6   10    0    0    0    0
    3   12    5    1    6    2    5    1    1       848    5    8    5    9    6    2   10
    3   13    5    1    4    3    2    1    1       760    6   10    2    6    5    0    0
    3   14    3    2    6    0    0    2    1       889    3    6    2    8    7    5    9
    3   15    5    2    6    0    0    1    0       708    6    2    9    7    5   10    8
    3   16    2    1    6    2    5    1    1       871    2    8    2    7    5    6    9
    3   17    5    2    4    0    0    2    1       958    6    8   10    2    7    0    0
    3   18    3    2    2    0    0    2    1       764    3    5    2    0    0    0    0
    3   19    1    1    4    1    4    1    1       824    1    1    9    8    5    0    0
    3   20    5    1    4    2    3    1    1      1105    8    5    8    6    7    0    0
    3   21    2    1    2    2    1    1    1       953    2    9    2    0    0    0    0
    3   22    2    1    4    2    3    1    1       956    2    8    2   10    6    0    0
    3   23    5    1    6    6    1    1    1       645    6    9    7   10    8    2    6
    3   24    5    2    4    0    0    2    1       838    5    1    7   10    6    0    0
    3   25    5    2    4    0    0    2    1       862    9    6   10    7    2    0    0
    4    1    5    1    2    2    1    1    1       844    6    9    6    0    0    0    0
    4    2    2    1    2    1    2    1    1       671    2    2    7    0    0    0    0
    4    3    3    2    6    0    0    2    1       627    3    5    9    7    2    8   10
    4    4    5    1    6    1    6    1    1      1289    8    8    7    9    5    6    2
    4    5    2    1    6    3    4    1    1       773    2    8    9    2    5    6   10
    4    6    5    1    2    2    1    1    1       619    8    9    8    0    0    0    0
    4    7    3    2    2    0    0    2    1       566    3    2    5    0    0    0    0
    4    8    5    2    6    0    0    2    1       910    6    8   10    7    5    2    9
    4    9    5    1    2    1    2    1    1       846    7    7    8    0    0    0    0
    4   10    5    1    2    2    1    1    1       609    5    2    5    0    0    0    0
    4   11    5    2    4    0    0    1    0      1411    7    6    5   10    2    0    0
    4   12    5    2    6    0    0    1    0      2042    7    5    8    6    9    2   10
    4   13    5    1    4    3    2    1    1       610    8    7    2    8    6    0    0
    4   14    2    1    4    1    4    1    1       739    2    2    6    5    7    0    0
    4   15    1    1    6    2    5    1    1       581    1    5    1    9    8   10    6
    4   16    1    1    4    3    2    1    1       664    1    9   10    1    5    0    0
    4   17    5    1    2    1    2    1    1       578   10   10    2    0    0    0    0
    4   18    5    1    4    4    1    1    1       373    7    8    2    9    7    0    0
    4   19    5    1    4    4    1    1    1       480   10    6    5    2   10    0    0
    4   20    1    1    4    3    2    1    1       503    1    9    6    1    7    0    0
    4   21    2    1    4    4    1    1    1       556    2    8    9   10    2    0    0
    4   22    5    1    4    4    1    1    1       384    9    5   10    2    9    0    0
    4   23    2    1    2    2    1    1    1       468    2    5    2    0    0    0    0
    4   24    5    1    2    2    1    1    1       438    8    2    8    0    0    0    0
    4   25    3    2    4    0    0    2    1       846    3    7    2   10    8    0    0
    5    1    4    2    6    0    0    2    1       594    4    2    7    8    9   10    5
    5    2    1    1    4    1    4    1    1      1060    1    1   10    9    5    0    0
    5    3    5    2    4    0    0    2    1      1972   10    7    6    8    2    0    0
    5    4    3    2    6    0    0    2    1       580    3    8    7    2    9    5   10
    5    5    5    1    2    1    2    1    1       705   10   10    2    0    0    0    0
    5    6    1    1    6    3    4    1    1      1220    1    5    9    1   10    7    8
    5    7    5    2    6    0    0    1    0       963    6    5    2   10    8    9    7
    5    8    2    1    4    4    1    1    1       902    2    6    9    5    2    0    0
    5    9    5    2    6    0    0    2    1      1105    8    7    5   10    6    2    9
    5   10    5    1    2    1    2    1    1       553    9    9    8    0    0    0    0
    5   11    5    1    6    1    6    1    1       978    7    7    8    2    5    9   10
    5   12    5    2    4    0    0    2    1       869   10    8    6    5    2    0    0
    5   13    2    1    6    6    1    1    1       705    2    5   10    7    8    6    2
    5   14    3    2    4    0    0    2    1       527    3    2    7    6   10    0    0
    5   15    5    1    2    2    1    1    1       638    6    9    6    0    0    0    0
    5   16    1    1    4    3    2    1    1       687    1    5    6    1    7    0    0
    5   17    5    1    4    2    3    1    1       557    6    7    6    5    2    0    0
    5   18    5    2    6    0    0    2    1       966   10    6    7    2    9    5    8
    5   19    5    1    6    1    6    1    1       766    6    6    2    5    7   10    8
    5   20    5    2    4    0    0    2    1       761   10    5    2    6    8    0    0
    5   21    1    1    2    1    2    1    1       639    1    1    9    0    0    0    0
    5   22    3    2    6    0    0    2    1       517    3    8    5    7    2   10    9
    5   23    5    1    4    1    4    1    1       746    5    5    6    7    2    0    0
    5   24    2    1    4    3    2    1    1       742    2    8    6    2    9    0    0
    5   25    5    2    6    0    0    1    0      2151    6    2   10    7    5    8    9
    6    1    3    2    2    0    0    2    1       506    3    8   10    0    0    0    0
    6    2    5    1    4    2    3    1    1      1136   10    2   10    9    8    0    0
    6    3    5    2    2    0    0    2    1       711    7    5    2    0    0    0    0
    6    4    5    1    2    2    1    1    1       703   10    6   10    0    0    0    0
    6    5    1    1    4    4    1    1    1       509    1    9    7   10    1    0    0
    6    6    5    1    6    4    3    1    1       615    6   10    2    9    6    8    7
    6    7    2    1    6    1    6    1    1       654    2    2    5    9    7    6    8
    6    8    3    2    4    0    0    2    1       477    3    7    5    8    1    0    0
    6    9    1    1    6    1    6    1    1      2009    1    1    8   10    7    9    6
    6   10    5    2    2    0    0    2    1      2830    8    2   10    0    0    0    0
    6   11    5    1    6    6    1    1    1       812    8   10    9    2    6    7    8
    6   12    5    2    4    0    0    2    1       837    7    6   10    5    2    0    0
    6   13    3    2    2    0    0    2    1       520    3    9    6    0    0    0    0
    6   14    5    1    6    4    3    1    1       898    6    9    8    2    6    7    5
    6   15    5    1    6    3    4    1    1      1501    7    2    5    7    9    8    6
    6   16    2    1    4    2    3    1    1       539    2    5    2    9    7    0    0
    6   17    5    1    6    4    3    1    1       629    5    6    7   10    5    9    2
    6   18    5    1    4    2    3    1    1      1077    5   10    5    6    1    0    0
    6   19    5    2    4    0    0    2    1       676    8    5    2    6    7    0    0
    6   20    5    1    2    2    1    1    1       542    6    2    6    0    0    0    0
    6   21    2    1    4    3    2    1    1       930    2    8    5    2    7    0    0
    6   22    5    2    2    0    0    2    1      1217    6    9    2    0    0    0    0
    6   23    5    1    4    1    4    1    1      1210    7    7    5    2    6    0    0
    6   24    3    2    4    0    0    2    1       516    3    2    5   10    8    0    0
    6   25    5    1    2    1    2    1    1       643   10   10    2    0    0    0    0
    7    1    4    2    2    0    0    2    1      1900    4    8    2    0    0    0    0
    7    2    5    1    4    3    2    1    1       569    9    7    5    9    2    0    0
    7    3    5    1    4    2    3    1    1       508    5    2    5   10    7    0    0
    7    4    3    2    6    0    0    2    1       551    3    5    2    7    9   10    6
    7    5    3    2    4    0    0    2    1       507    3    7    2    8    9    0    0
    7    6    5    2    6    0    0    1    0       598    8    5    7   10    6    9    2
    7    7    5    2    4    0    0    2    1       744    9    5    2    7    6    0    0
    7    8    5    1    6    1    6    1    1       745    9    9    5    7   10    8    2
    7    9    5    1    2    1    2    1    1      1280    9    9    6    0    0    0    0
    7   10    5    1    4    1    4    1    1       647    6    6   10    2    5    0    0
    7   11    2    1    2    1    2    1    1       482    2    2    5    0    0    0    0
    7   12    5    1    4    4    1    1    1       792    7    9   10    2    7    0    0
    7   13    3    2    2    0    0    2    1       541    3    2    5    0    0    0    0
    7   14    5    2    6    0    0    2    1      1079    5    7    2    8    6   10    9
    7   15    5    2    4    0    0    2    1      1301    6    7    2    9   10    0    0
    7   16    1    1    4    2    3    1    1      1051    1    6    1    7   10    0    0
    7   17    3    2    4    0    0    2    1       602    3    9    8    2    6    0    0
    7   18    5    1    6    1    6    1    1      1713    8    8    5    6    7   10    2
    7   19    2    1    4    2    3    1    1       711    2    6    2    8   10    0    0
    7   20    4    2    4    0    0    2    1       484    4    9    8   10    2    0    0
    7   21    5    1    4    4    1    1    1       523   10    6    7    2   10    0    0
    7   22    5    2    4    0    0    2    1       720    9    2    8    5    6    0    0
    7   23    5    1    6    4    3    1    1       610    5    7    6    8    5   10    2
    7   24    5    1    6    1    6    1    1       376    5    5   10    6    9    2    7
    7   25    5    1    6    2    5    1    1       729   10    2   10    8    9    7    5    1
