    1    1    4    2    2    0    0    1    0     24820    4    2    8    0    0    0    0
    1    2    4    2    4    0    0    2    1      3798    4    7   10    2    6    0    0
    1    3    5    1    4    2    3    1    1      1620    5    8    5    9    2    0    0
    1    4    5    2    4    0    0    2    1      1516    7    2    5    9   10    0    0
    1    5    5    2    6    0    0    2    1      1438    8   10    6    9    5    2    7
    1    6    3    2    4    0    0    2    1      1916    3   10    9    5    2    0    0
    1    7    2    1    2    2    1    1    1      3091    2    5    2    0    0    0    0
    1    8    5    1    4    3    2    1    1      1505    9    6    5    9   10    0    0
    1    9    3    2    6    0    0    2    1      1844    3    6    2   10    7    5    9
    1   10    4    2    4    0    0    2    1      1747    4    9    5    2   10    0    0
    1   11    2    1    6    4    3    1    1      2315    2    8    5    6    2    9   10
    1   12    5    1    2    1    2    1    1      3714    9    9    5    0    0    0    0
    1   13    5    1    2    2    1    1    1      1297    9    5    9    0    0    0    0
    1   14    1    1    6    1    6    1    1      1434    1    1   10    9    5    8    7
    1   15    1    1    4    1    4    1    1       954    1    1    8    7    6    0    0
    1   16    5    2    6    0    0    2    1      1075   10    5    9    2    8    7    6
    1   17    1    1    4    3    2    1    1      1313    1    7    6    1    9    0    0
    1   18    5    2    4    0    0    2    1      1317    9    2    8    5   10    0    0
    1   19    3    2    4    0    0    1    0      1098    3    2    5    8    6    0    0
    1   20    5    1    6    5    2    1    1      1580    9    2   10    7    5    9    8
    1   21    5    1    6    6    1    1    1      2043    5    7    2   10    9    8    5
    1   22    5    1    6    5    2    1    1      1368    8    5    6    9    7    8    2
    1   23    3    2    2    0    0    2    1      1924    3    8    6    0    0    0    0
    1   24    5    1    6    6    1    1    1      1542    6    9    8   10    7    2    6
    1   25    1    1    6    3    4    1    1      1255    1    8    9    1    7   10    5
    2    1    5    1    2    2    1    1    1      1411    7    5    7    0    0    0    0
    2    2    5    2    6    0    0    2    1      1209    6    8    2    7    5    9   10
    2    3    5    1    2    1    2    1    1      1644    7    7    9    0    0    0    0
    2    4    5    1    4    3    2    1    1      1203    9    7    2    9    5    0    0
    2    5    3    2    4    0    0    2    1      1052    3    7    1    5    9    0    0
    2    6    5    2    4    0    0    1    0      1307    5    2   10    8    7    0    0
    2    7    5    1    6    2    5    1    1      1365   10    7   10    2    9    8    6
    2    8    3    2    2    0    0    2    1      1219    3    7    2    0    0    0    0
    2    9    1    1    2    2    1    1    1      1062    1    8    1    0    0    0    0
    2   10    2    1    6    5    2    1    1      1578    2   10    6    8    5    2    9
    2   11    5    2    2    0    0    2    1      3534    8    7    6    0    0    0    0
    2   12    5    2    4    0    0    2    1      1194    6    1    8    7   10    0    0
    2   13    5    2    2    0    0    2    1      1229    8    2    9    0    0    0    0
    2   14    1    1    6    2    5    2    0      2011    1    8    1    6   10    9    5
    2   15    5    1    2    1    2    1    1      1038    7    7    6    0    0    0    0
    2   16    5    1    4    4    1    1    1      1150    9    8    6    7    9    0    0
    2   17    4    2    4    0    0    2    1      1209    4    8    2    6    7    0    0
    2   18    5    2    6    0    0    1    0      1223    7    8    2    5    9   10    6
    2   19    5    1    2    1    2    1    1      1770    9    9   10    0    0    0    0
    2   20    1    1    6    4    3    1    1      1442    1    6    7    8    1   10    5
    2   21    5    1    6    5    2    1    1      1063    6    9   10    7    8    6    2
    2   22    3    2    6    0    0    2    1       730    3    2    7    6    8    5   10
    2   23    5    2    4    0    0    2    1      1174    8    9    7    2    5    0    0
    2   24    5    1    4    3    2    1    1      1137    9    2    8    9    7    0    0
    2   25    5    1    6    4    3    1    1      1218    9    2    5    7    9    6   10
    3    1    5    1    2    1    2    1    1      1137    7    7    2    0    0    0    0
    3    2    5    1    6    5    2    1    1      1218    6    7    8    9   10    6    2
    3    3    3    2    4    0    0    2    1       730    3    2    7    5    6    0    0
    3    4    5    1    6    5    2    1    1      1531    8   10    9    7    2    8    6
    3    5    5    1    4    1    4    1    1      1143    6    6    2    5    9    0    0
    3    6    5    1    4    4    1    1    1      1090   10    9    2    5   10    0    0
    3    7    5    2    4    0    0    2    1      1248    7    2    8    9    5    0    0
    3    8    5    1    2    1    2    1    1      1218    9    9    2    0    0    0    0
    3    9    1    1    6    6    1    1    1       976    1    9    5   10    8    7    1
    3   10    5    2    4    0    0    2    1      1153    9   10    7    6    5    0    0
    3   11    5    1    2    1    2    1    1      1079    8    8    2    0    0    0    0
    3   12    4    2    6    0    0    2    1      1050    4    7    5   10    2    6    9
    3   13    5    2    4    0    0    2    1      1065    7    5    6    2    9    0    0
    3   14    1    1    2    1    2    1    1       979    1    1    6    0    0    0    0
    3   15    5    1    4    1    4    2    0      2228   10   10    6    2    8    0    0
    3   16    5    2    4    0    0    2    1      1044    5    8    2   10    9    0    0
    3   17    5    1    2    2    1    1    1      1166   10    7   10    0    0    0    0
    3   18    5    2    2    0    0    2    1      1683    7    6    9    0    0    0    0
    3   19    2    1    6    2    5    1    1      1182    2    9    2    5   10    8    7
    3   20    5    1    2    1    2    1    1      1634    5    5    8    0    0    0    0
    3   21    1    1    2    1    2    1    1      1205    1    1    8    0    0    0    0
    3   22    5    1    2    1    2    1    1      1001    5    5    7    0    0    0    0
    3   23    3    2    4    0    0    2    1       794    3    5    8    2    9    0    0
    3   24    4    2    2    0    0    2    1      2334    4    8    2    0    0    0    0
    3   25    5    1    2    1    2    1    1       948    8    8    2    0    0    0    0
    4    1    5    1    4    3    2    1    1      1012    7    8    9    7    2    0    0
    4    2    5    1    4    3    2    1    1       981    6    2   10    6    5    0    0
    4    3    5    1    2    2    1    1    1       689    9    2    9    0    0    0    0
    4    4    5    2    2    0    0    2    1       858    6   10    2    0    0    0    0
    4    5    1    1    4    4    1    1    1      1121    1    7    5    9    1    0    0
    4    6    5    1    2    1    2    1    1       808    8    8    9    0    0    0    0
    4    7    5    1    4    2    3    1    1      2945    6   10    6    2    8    0    0
    4    8    3    2    2    0    0    2    1      1263    3    7    5    0    0    0    0
    4    9    5    1    4    1    4    1    1      1029    7    7    2   10    6    0    0
    4   10    4    2    4    0    0    2    1       901    4    6    2    7    8    0    0
    4   11    5    2    4    0    0    2    1      1594    5    6    2    9    7    0    0
    4   12    4    2    4    0    0    2    1      1028    4    6    2    5    9    0    0
    4   13    3    2    2    0    0    2    1       766    3    7    8    0    0    0    0
    4   14    1    1    6    6    1    1    1      1534    1    6    7    8    9    5    1
    4   15    2    1    2    2    1    1    1      1524    2    6    2    0    0    0    0
    4   16    1    1    6    1    6    1    1      1206    1    1    7    8   10    9    5
    4   17    5    1    2    2    1    1    1      1066    7    2    7    0    0    0    0
    4   18    5    1    2    1    2    1    1       739    9    9    7    0    0    0    0
    4   19    5    1    2    1    2    1    1       697    7    7   10    0    0    0    0
    4   20    5    1    6    1    6    1    1       812    9    9    2   10    8    7    5
    4   21    5    1    6    3    4    1    1      1049    7    8    5    7   10    9    2
    4   22    5    1    4    1    4    1    1       713    6    6    5    2    7    0    0
    4   23    2    1    6    1    6    1    1       762    2    2    9    6    5   10    8
    4   24    5    2    2    0    0    2    1      2288    8    5    9    0    0    0    0
    4   25    5    2    2    0    0    2    1      1048    7    6    2    0    0    0    0
    5    1    5    2    2    0    0    2    1       586    9    5    7    0    0    0    0
    5    2    3    2    4    0    0    2    1       716    3    8    2   10    7    0    0
    5    3    3    2    2    0    0    2    1       819    3    2    7    0    0    0    0
    5    4    5    1    2    1    2    1    1       950    6    6    2    0    0    0    0
    5    5    4    2    4    0    0    2    1       665    4    8    2    7    9    0    0
    5    6    5    2    4    0    0    2    1       648    8    7    2   10    9    0    0
    5    7    5    1    4    4    1    1    1      1255    8    9    2    5    8    0    0
    5    8    5    1    2    1    2    1    1       697    5    5    7    0    0    0    0
    5    9    5    2    2    0    0    2    1      2017    9    7    6    0    0    0    0
    5   10    2    1    6    2    5    1    1      1102    2    6    2    8   10    9    5
    5   11    2    1    6    5    2    1    1       881    2    6    9   10    5    2    7
    5   12    5    2    6    0    0    1    0      1100    6    2    9    5    8    7   10
    5   13    5    1    4    3    2    1    1      1081    6   10    9    6    2    0    0
    5   14    5    2    4    0    0    2    1      1159    5   10    7    2    8    0    0
    5   15    5    1    4    2    3    1    1       978   10    5   10    2    7    0    0
    5   16    2    1    2    1    2    1    1       814    2    2    7    0    0    0    0
    5   17    5    1    2    2    1    1    1      1281   10    8   10    0    0    0    0
    5   18    5    2    4    0    0    2    1      1063    7    2    8    9    6    0    0
    5   19    5    1    2    2    1    1    1       816    8    2    8    0    0    0    0
    5   20    3    2    2    0    0    2    1       803    3    7    2    0    0    0    0
    5   21    5    1    4    2    3    1    1       813    5    2    5    8    6    0    0
    5   22    5    1    4    1    4    1    1       917    7    7   10    6    2    0    0
    5   23    5    1    2    1    2    1    1      1444   10   10    6    0    0    0    0
    5   24    2    1    6    1    6    1    1       713    2    2    7   10    5    6    9
    5   25    5    2    4    0    0    2    1       965    9    5    7    8    2    0    0
    6    1    1    1    4    1    4    1    1       982    1    1    6    7    9    0    0
    6    2    5    1    4    3    2    1    1       743    7    2    6    7    5    0    0
    6    3    3    2    6    0    0    2    1       664    3    8    6    2    7    9    5
    6    4    1    1    6    2    5    1    1       859    1    5    1    7    8    6    9
    6    5    1    1    2    2    1    1    1       621    1   10    1    0    0    0    0
    6    6    5    2    6    0    0    2    1       866    9    2    6    7    8    5   10
    6    7    3    2    6    0    0    2    1       622    3    7   10    6    8    5    2
    6    8    3    2    4    0    0    2    1       575    3    2    8    6    9    0    0
    6    9    1    1    4    1    4    1    1       993    1    1    8    6   10    0    0
    6   10    5    1    6    4    3    1    1       855   10    9    6    2   10    7    5
    6   11    2    1    4    4    1    1    1       831    2    9    7    8    2    0    0
    6   12    4    2    6    0    0    2    1       716    4    2    7   10    5    9    6
    6   13    2    1    2    1    2    1    1       755    2    2    7    0    0    0    0
    6   14    5    2    4    0    0    2    1       894    9   10    2    5    7    0    0
    6   15    5    1    2    2    1    1    1       766    7    2    7    0    0    0    0
    6   16    5    1    2    2    1    1    1       883    6    5    6    0    0    0    0
    6   17    5    2    2    0    0    2    1       915    9   10    6    0    0    0    0
    6   18    3    2    4    0    0    2    1       712    3    2    8    6    5    0    0
    6   19    5    2    4    0    0    2    1      1188    6    2   10    5    7    0    0
    6   20    3    2    6    0    0    2    1       659    3    5    9    2   10    6    8
    6   21    5    1    2    1    2    1    1       781    5    5    9    0    0    0    0
    6   22    4    2    2    0    0    2    1       881    4    6    2    0    0    0    0
    6   23    5    1    4    1    4    2    0      3462   10   10    2    7    9    0    0
    6   24    5    1    6    5    2    1    1      1130   10    6    9    7    2   10    8
    6   25    1    1    2    2    1    1    1       753    1   10    1    0    0    0    0
    7    1    5    2    4    0    0    2    1      1050    6    7    5    8    2    0    0
    7    2    2    1    4    4    1    1    1      1145    2   10    5    7    2    0    0
    7    3    5    2    4    0    0    2    1      1764    6    2    8    5    9    0    0
    7    4    5    1    6    5    2    1    1       987    9    7    5    6    8    9    2
    7    5    5    2    2    0    0    2    1      1544   10    6    8    0    0    0    0
    7    6    5    2    2    0    0    2    1       942    6    7    2    0    0    0    0
    7    7    1    1    6    1    6    1    1      1319    1    1    7   10    6    9    5
    7    8    4    2    2    0    0    2    1       678    4    5    8    0    0    0    0
    7    9    3    2    2    0    0    2    1       719    3    8    7    0    0    0    0
    7   10    3    2    2    0    0    2    1       598    3    5    2    0    0    0    0
    7   11    2    1    2    1    2    1    1      1890    2    2    8    0    0    0    0
    7   12    1    1    4    4    1    1    1       784    1    9    8    7    1    0    0
    7   13    3    2    6    0    0    2    1       830    3    8    9    2    5    6   10
    7   14    5    1    4    2    3    1    1      1142    8    2    8   10    7    0    0
    7   15    5    2    6    0    0    2    1      1319   10    7    8    9    5    2    6
    7   16    2    1    4    1    4    1    1       972    2    2    7    9    8    0    0
    7   17    5    1    2    1    2    1    1      1881    6    6    5    0    0    0    0
    7   18    4    2    4    0    0    2    1       758    4    2    8    9    7    0    0
    7   19    5    1    6    3    4    1    1      1447    8   10    2    8    7    5    9
    7   20    5    1    6    3    4    2    0      2091    6    7   10    6    9    2    8
    7   21    5    2    2    0    0    2    1      1084    8    6   10    0    0    0    0
    7   22    2    1    2    2    1    1    1      1428    2    6    2    0    0    0    0
    7   23    3    2    2    0    0    2    1       703    3    6   10    0    0    0    0
    7   24    5    1    4    1    4    1    1       956   10   10    6    5    2    0    0
    7   25    2    1    4    2    3    1    1      2207    2    7    2    6    5    0    0    1
