    1    1    2    1    8    0    0    2    1    1      3251   11    1 CMat    14   10    9   15   12   13   11   16
    1    2    1    1    8    2    7    1    0    0      1039   18    0 CMat    17   18   19   20   21   22   23   24
    1    3    1    1    2    2    1    1    1    1      3129    6    1 CMat    11   14
    1    4    1    1    4    4    1    1    1    1      1010   28    0 CMat    25   26   27   28
    1    5    1    1    4    2    3    1    0    0      1584    6    1 CMat     7    6    1    3
    1    6    2    1    8    0    0    1    1    0      1579   37    0 CMat    29   30   31   32   33   34   35   36
    1    7    2    1    8    0    0    1    1    0      2444   14    1 CMat     6    4    5    8    1    7    2    3
    1    8    2    1    2    0    0    2    1    1      2684   40    0 CMat    38   39
    1    9    2    1    2    0    0    2    1    1      1396   13    1 CMat    16   12
    1   10    1    1    2    1    2    2    1    0      1551   41    0 CMat    41   42
    1   11    1    1    2    2    1    2    1    0      1188    1    1 CMat     7    1
    1   12    2    1    4    0    0    1    1    0      1131   47    0 CMat    43   44   45   46
    1   13    2    1    2    0    0    2    1    1       849   14    1 CMat    11   15
    1   14    1    1    4    4    1    2    1    0       997   51    0 CMat    48   49   50   51
    1   15    2    1    2    0    0    1    1    0      1057   15    1 CMat     3    6
    1   16    1    1    2    2    1    1    1    1      1034   53    0 CMat    52   53
    1   17    2    1    2    0    0    1    1    0      1044   11    1 CMat     3    1
    1   18    1    1    2    1    2    1    1    1      1212   54    0 CMat    54   55
    1   19    1    1    4    4    1    1    1    1       885    6    1 CMat    12    9   10   14
    1   20    2    1    4    0    0    2    1    1      1063   60    0 CMat    56   57   58   59
    1   21    2    1    4    0    0    2    0    0      1989   15    1 CMat     4    6    8    2
    1   22    2    1    8    0    0    2    1    1      1380   69    0 CMat    61   62   63   64   65   66   67   68
    1   23    2    1    2    0    0    2    1    1       816   13    1 CMat    10   13
    1   24    1    1    2    2    1    1    0    0      1010   71    0 CMat    70   71
    2    1    1    1    8    5    4    2    1    0      1278    1    1 CMat     4    8    6    5    1    3    7    2
    2    2    1    1    2    1    2    1    1    1      1036   72    0 CMat    72   73
    2    3    1    1    8    5    4    1    1    1      1111    3    1 CMat    13   10   12   14   11   16   15    9
    2    4    2    1    4    0    0    2    1    1      1903   78    0 CMat    74   75   76   77
    2    5    1    1    2    1    2    2    1    0      1159    8    1 CMat     8    2
    2    6    1    1    4    1    4    1    1    1      1646   79    0 CMat    79   80   81   82
    2    7    1    1    4    2    3    1    0    0      1861    5    1 CMat     6    5    8    7
    2    8    2    1    4    0    0    2    1    1      1104   87    0 CMat    83   84   85   86
    2    9    2    1    4    0    0    1    1    0      1277   16    1 CMat     5    7    3    6
    2   10    2    1    8    0    0    2    1    1      1111   96    0 CMat    88   89   90   91   92   93   94   95
    2   11    1    1    4    1    4    2    0    1      1107    7    1 CMat    15   13   12   11
    2   12    1    1    4    2    3    2    1    0      1227   98    0 CMat    97   98   99  100
    2   13    1    1    8    1    8    2    0    1      1070    7    1 CMat    15   11   12    9   16   10   14   13
    2   14    1    1    8    2    7    2    1    0      1663  102    0 CMat   101  102  103  104  105  106  107  108
    2   15    1    1    4    3    2    1    1    1       869    7    1 CMat    10   16   15   14
    2   16    1    1    8    3    6    1    0    0      2271  111    0 CMat   109  110  111  112  113  114  115  116
    2   17    1    1    4    2    3    2    1    0      1229    2    1 CMat     8    2    7    6
    2   18    2    1    2    0    0    2    1    1      1550  119    0 CMat   117  118
    2   19    1    1    4    3    2    2    1    0      1001    3    1 CMat     1    6    3    5
    2   20    1    1    8    8    1    1    1    1      1503  127    0 CMat   120  121  122  123  124  125  126  127
    2   21    1    1    8    4    5    1    1    1      1094    4    1 CMat     9   16   15   12   14   11   10   13
    2   22    1    1    8    4    5    1    1    1       823  131    0 CMat   128  129  130  131  132  133  134  135
    2   23    2    1    2    0    0    1    1    0       778   16    1 CMat     2    5
    2   24    2    1    2    0    0    1    1    0      1277  138    0 CMat   136  137
    3    1    1    1    4    3    2    1    1    1       664    1    1 CMat    13   16    9   12
    3    2    1    1    8    8    1    2    1    0      1275  146    0 CMat   139  140  141  142  143  144  145  146
    3    3    2    1    4    0    0    1    1    0       801   15    1 CMat     2    6    3    5
    3    4    2    1    8    0    0    2    1    1       925  155    0 CMat   147  148  149  150  151  152  153  154
    3    5    2    1    8    0    0    2    1    1      1084   16    1 CMat     9   11   12   14   10   15   16   13
    3    6    1    1    4    4    1    1    1    1       535  159    0 CMat   156  157  158  159
    3    7    2    1    8    0    0    1    1    0      1222   12    1 CMat     6    7    8    1    2    3    4    5
    3    8    2    1    4    0    0    1    1    0      1020  164    0 CMat   160  161  162  163
    3    9    1    1    8    4    5    2    1    0      1479    8    1 CMat     1    5    2    8    7    3    4    6
    3   10    1    1    4    1    4    1    1    1      1296  165    0 CMat   165  166  167  168
    3   11    1    1    4    3    2    2    1    0      1253    8    1 CMat     5    3    8    2
    3   12    2    1    2    0    0    2    1    1      1188  171    0 CMat   169  170
    3   13    1    1    4    1    4    1    1    1      1294    7    1 CMat    15   13   16   10
    3   14    1    1    8    6    3    2    1    0      1015  177    0 CMat   172  173  174  175  176  177  178  179
    3   15    1    1    8    8    1    2    1    0       978    7    1 CMat     5    8    1    6    4    3    2    7
    3   16    2    1    4    0    0    2    1    1      1041  184    0 CMat   180  181  182  183
    3   17    2    1    8    0    0    1    1    0      1132   10    1 CMat     7    1    2    8    5    6    4    3
    3   18    2    1    2    0    0    2    1    1      1039  187    0 CMat   185  186
    3   19    2    1    8    0    0    1    1    0       746   11    1 CMat     1    2    7    6    5    4    8    3
    3   20    1    1    2    1    2    1    1    1       991  188    0 CMat   188  189
    3   21    1    1    2    1    2    2    1    0      1084    7    1 CMat     7    6
    3   22    2    1    8    0    0    1    1    0       877  198    0 CMat   190  191  192  193  194  195  196  197
    3   23    1    1    4    1    4    2    1    0      1603    3    1 CMat     3    1    2    8
    3   24    2    1    2    0    0    2    1    1       787  201    0 CMat   199  200
    4    1    1    1    8    2    7    1    1    1       748    5    1 CMat     9   13   16   15   14   11   12   10
    4    2    1    1    4    2    3    1    1    1       917  203    0 CMat   202  203  204  205
    4    3    2    1    8    0    0    2    0    0       948   10    1 CMat     1    3    7    8    4    5    6    2
    4    4    1    1    2    1    2    2    1    0       944  206    0 CMat   206  207
    4    5    1    1    8    4    5    1    1    1       926    6    1 CMat    11   16   10   14   13   15    9   12
    4    6    1    1    8    4    5    2    1    0       902  211    0 CMat   208  209  210  211  212  213  214  215
    4    7    1    1    4    4    1    2    1    0       923    5    1 CMat     8    7    1    5
    4    8    2    1    2    0    0    2    1    1      1288  218    0 CMat   216  217
    4    9    1    1    4    3    2    1    1    1       862    5    1 CMat    12   10   13   11
    4   10    2    1    2    0    0    1    1    0       909  221    0 CMat   219  220
    4   11    2    1    2    0    0    2    1    1       764    9    1 CMat    10   11
    4   12    1    1    2    2    1    2    1    0       800  223    0 CMat   222  223
    4   13    1    1    8    6    3    1    1    1       899    1    1 CMat    14   15   16   12   13    9   11   10
    4   14    1    1    2    2    1    2    1    0       706  225    0 CMat   224  225
    4   15    1    1    4    1    4    2    1    0       863    4    1 CMat     4    7    8    2
    4   16    1    1    8    3    6    1    1    1      1210  228    0 CMat   226  227  228  229  230  231  232  233
    4   17    1    1    8    4    5    2    1    0       813    3    1 CMat     5    1    8    3    6    2    7    4
    4   18    1    1    4    2    3    1    1    1       834  235    0 CMat   234  235  236  237
    4   19    2    1    4    0    0    1    1    0       906   11    1 CMat     1    3    6    4
    4   20    2    1    8    0    0    1    1    0       612  246    0 CMat   238  239  240  241  242  243  244  245
    4   21    2    1    8    0    0    1    0    1      1119   13    1 CMat    11    9   12   10   15   16   14   13
    4   22    2    1    2    0    0    2    1    1       517  249    0 CMat   247  248
    4   23    2    1    8    0    0    2    1    1       724    9    1 CMat    11   13   16    9   15   14   10   12
    4   24    2    1    4    0    0    2    1    1       555  254    0 CMat   250  251  252  253
    5    1    2    1    2    0    0    2    1    1       637   13    1 CMat    16   14
    5    2    2    1    8    0    0    1    1    0       799  263    0 CMat   255  256  257  258  259  260  261  262
    5    3    1    1    4    3    2    1    1    1       680    1    1 CMat    15   11    9   13
    5    4    2    1    8    0    0    1    1    0      1371  272    0 CMat   264  265  266  267  268  269  270  271
    5    5    2    1    8    0    0    2    0    0      1256   14    1 CMat     8    2    5    6    4    1    3    7
    5    6    1    1    4    4    1    1    1    1       844  276    0 CMat   273  274  275  276
    5    7    2    1    8    0    0    1    1    0      1886   11    1 CMat     4    3    1    6    7    2    8    5
    5    8    1    1    2    2    1    2    1    0      1221  278    0 CMat   277  278
    5    9    2    1    2    0    0    2    1    1       728   11    1 CMat    15   10
    5   10    1    1    8    1    8    1    1    1      1305  279    0 CMat   279  280  281  282  283  284  285  286
    5   11    2    1    4    0    0    2    1    1       670   13    1 CMat    15   16   14    9
    5   12    2    1    8    0    0    1    1    0       705  295    0 CMat   287  288  289  290  291  292  293  294
    5   13    1    1    8    7    2    2    1    0       872    3    1 CMat     4    8    2    5    7    6    3    1
    5   14    2    1    8    0    0    2    1    1      1459  304    0 CMat   296  297  298  299  300  301  302  303
    5   15    1    1    2    2    1    2    1    0       716    4    1 CMat     1    4
    5   16    2    1    4    0    0    1    1    0       757  309    0 CMat   305  306  307  308
    5   17    1    1    4    4    1    1    1    1       784    7    1 CMat    16   10   11   15
    5   18    2    1    8    0    0    2    1    1      1245  318    0 CMat   310  311  312  313  314  315  316  317
    5   19    2    1    4    0    0    1    1    0       773   15    1 CMat     6    2    4    3
    5   20    1    1    4    2    3    1    1    1      1324  320    0 CMat   319  320  321  322
    5   21    2    1    8    0    0    1    1    0       987   10    1 CMat     4    7    2    8    6    5    1    3
    5   22    2    1    2    0    0    1    1    0       630  325    0 CMat   323  324
    5   23    1    1    4    4    1    1    1    1      1062    3    1 CMat    12   15   13   11
    5   24    1    1    2    2    1    1    1    1       637  327    0 CMat   326  327
    6    1    2    1    8    0    0    2    1    1       663   16    1 CMat    13   16   12   14   10    9   11   15
    6    2    2    1    4    0    0    2    1    1       530  332    0 CMat   328  329  330  331
    6    3    1    1    2    1    2    1    1    1       801    8    1 CMat    16   15
    6    4    1    1    4    2    3    1    1    1      1015  334    0 CMat   333  334  335  336
    6    5    2    1    4    0    0    2    1    1       983    9    1 CMat    16   12   10   13
    6    6    2    1    2    0    0    2    1    1      1664  339    0 CMat   337  338
    6    7    2    1    4    0    0    1    1    0      1590   12    1 CMat     3    2    1    4
    6    8    2    1    8    0    0    1    1    0       628  348    0 CMat   340  341  342  343  344  345  346  347
    6    9    2    1    4    0    0    2    1    1       884   15    1 CMat    12   15   16    9
    6   10    2    1    2    0    0    2    1    1       467  351    0 CMat   349  350
    6   11    1    1    2    2    1    1    1    1       804    2    1 CMat    12   10
    6   12    2    1    8    0    0    1    0    1      1008  360    0 CMat   352  353  354  355  356  357  358  359
    6   13    1    1    2    2    1    2    1    0      1307    4    1 CMat     2    4
    6   14    1    1    4    1    4    1    1    1      1102  361    0 CMat   361  362  363  364
    6   15    1    1    2    2    1    2    1    0       838    7    1 CMat     3    7
    6   16    1    1    2    1    2    2    1    0       807  365    0 CMat   365  366
    6   17    2    1    8    0    0    2    1    1      1579    9    1 CMat    13   15   10   12   16   14    9   11
    6   18    1    1    2    2    1    1    1    1       942  368    0 CMat   367  368
    6   19    1    1    2    1    2    2    1    0      1597    5    1 CMat     5    1
    6   20    1    1    4    2    3    2    1    0      1476  370    0 CMat   369  370  371  372
    6   21    2    1    8    0    0    2    1    1       716   10    1 CMat    13   14   15   11    9   12   10   16
    6   22    2    1    4    0    0    1    1    0      1493  377    0 CMat   373  374  375  376
    6   23    2    1    2    0    0    2    0    0      1261   14    1 CMat     7    1
    6   24    1    1    2    2    1    2    1    0       924  379    0 CMat   378  379
    7    1    1    1    2    2    1    2    1    0      1050    6    1 CMat     4    6
    7    2    2    1    4    0    0    2    1    1       774  384    0 CMat   380  381  382  383
    7    3    1    1    8    2    7    2    1    0      1259    5    1 CMat     3    5    8    4    7    2    1    6
    7    4    2    1    4    0    0    1    1    0       687  389    0 CMat   385  386  387  388
    7    5    2    1    4    0    0    2    1    1       717   12    1 CMat    15    9   16   11
    7    6    2    1    2    0    0    1    1    0       626  392    0 CMat   390  391
    7    7    1    1    8    7    2    2    1    0      1132    8    1 CMat     2    5    6    1    7    3    8    4
    7    8    2    1    2    0    0    1    1    0       529  395    0 CMat   393  394
    7    9    2    1    2    0    0    1    1    0       479   11    1 CMat     5    1
    7   10    1    1    8    1    8    2    1    0       969  396    0 CMat   396  397  398  399  400  401  402  403
    7   11    2    1    8    0    0    2    1    1       838   16    1 CMat    11   13   16    9   10   15   14   12
    7   12    2    1    4    0    0    1    1    0       634  408    0 CMat   404  405  406  407
    7   13    2    1    4    0    0    2    1    1       522   14    1 CMat    16   11   15   12
    7   14    2    1    8    0    0    1    1    0       578  417    0 CMat   409  410  411  412  413  414  415  416
    7   15    2    1    2    0    0    2    1    1       462   10    1 CMat    16   10
    7   16    2    1    4    0    0    2    1    1       640  422    0 CMat   418  419  420  421
    7   17    1    1    2    1    2    2    1    0      1067    7    1 CMat     7    1
    7   18    2    1    8    0    0    1    1    0       956  431    0 CMat   423  424  425  426  427  428  429  430
    7   19    1    1    2    1    2    1    1    1      1001    3    1 CMat    11   14
    7   20    2    1    4    0    0    2    1    1       663  436    0 CMat   432  433  434  435
    7   21    1    1    2    1    2    2    1    0       751    4    1 CMat     4    1
    7   22    1    1    2    2    1    1    1    1       803  438    0 CMat   437  438
    7   23    2    1    4    0    0    2    1    1       813   12    1 CMat     9   12   16   15
    7   24    2    1    2    0    0    1    1    0      1037  441    0 CMat   439  440
    8    1    2    1    8    0    0    1    1    0       851   15    1 CMat     5    7    2    6    4    1    8    3
    8    2    1    1    4    1    4    2    1    0      1334  442    0 CMat   442  443  444  445
    8    3    1    1    4    2    3    2    0    1      1705    7    1 CMat    11   15   10   13
    8    4    2    1    8    0    0    1    1    0       752  454    0 CMat   446  447  448  449  450  451  452  453
    8    5    2    1    2    0    0    2    1    1       837   15    1 CMat    10   14
    8    6    2    1    2    0    0    2    1    1       406  457    0 CMat   455  456
    8    7    1    1    2    2    1    1    1    1      1098    4    1 CMat     9   12
    8    8    1    1    8    2    7    1    1    1       794  459    0 CMat   458  459  460  461  462  463  464  465
    8    9    1    1    8    4    5    1    1    1       958    7    1 CMat    13   10   14   15    9   11   16   12
    8   10    1    1    2    1    2    2    1    0       842  466    0 CMat   466  467
    8   11    1    1    4    4    1    1    1    1       625    3    1 CMat    10   15   16   11
    8   12    1    1    8    5    4    2    1    0      1030  472    0 CMat   468  469  470  471  472  473  474  475
    8   13    2    1    2    0    0    1    1    0      2129   12    1 CMat     2    5
    8   14    1    1    2    1    2    1    1    1       782  476    0 CMat   476  477
    8   15    2    1    2    0    0    2    1    1       386   12    1 CMat    10   14
    8   16    1    1    4    4    1    1    1    1       633  481    0 CMat   478  479  480  481
    8   17    1    1    4    3    2    2    1    0       921    3    1 CMat     7    5    3    2
    8   18    1    1    2    2    1    2    1    0       583  483    0 CMat   482  483
    8   19    1    1    8    6    3    2    1    0       979    3    1 CMat     1    7    8    4    2    3    5    6
    8   20    1    1    4    3    2    1    0    0      2050  486    0 CMat   484  485  486  487
    8   21    1    1    2    1    2    2    0    1      2532    7    1 CMat    15   14
    8   22    1    1    2    1    2    2    1    0      1553  488    0 CMat   488  489
    8   23    2    1    8    0    0    2    1    1       935   12    1 CMat    10   16   12   14   15   11   13    9
    8   24    2    1    8    0    0    1    1    0      2029  498    0 CMat   490  491  492  493  494  495  496  497
    9    1    2    1    2    0    0    1    1    0       991   10    1 CMat     3    6
    9    2    2    1    8    0    0    1    1    0       597  507    0 CMat   499  500  501  502  503  504  505  506
    9    3    2    1    2    0    0    1    1    0       481    9    1 CMat     3    8
    9    4    2    1    2    0    0    1    1    0       544  510    0 CMat   508  509
    9    5    2    1    8    0    0    1    0    1       782   15    1 CMat    13   10   12   11    9   14   16   15
    9    6    2    1    8    0    0    2    1    1       780  519    0 CMat   511  512  513  514  515  516  517  518
    9    7    1    1    8    4    5    1    0    0      1216    1    1 CMat     3    6    8    1    7    5    2    4
    9    8    2    1    4    0    0    1    1    0      1075  524    0 CMat   520  521  522  523
    9    9    2    1    2    0    0    2    1    1       428   12    1 CMat    10   13
    9   10    2    1    4    0    0    2    1    1       497  529    0 CMat   525  526  527  528
    9   11    1    1    4    4    1    1    1    1      1046    6    1 CMat    13   11   10   14
    9   12    1    1    8    8    1    1    1    1       728  537    0 CMat   530  531  532  533  534  535  536  537
    9   13    1    1    2    2    1    2    1    0       734    4    1 CMat     6    4
    9   14    2    1    2    0    0    2    1    1       481  540    0 CMat   538  539
    9   15    2    1    8    0    0    1    1    0      1218   14    1 CMat     2    5    3    6    8    4    1    7
    9   16    2    1    2    0    0    1    1    0       883  543    0 CMat   541  542
    9   17    2    1    4    0    0    2    1    1      1176   16    1 CMat    13   15   14   16
    9   18    2    1    8    0    0    1    1    0       629  552    0 CMat   544  545  546  547  548  549  550  551
    9   19    1    1    4    2    3    2    1    0      1093    1    1 CMat     7    1    2    3
    9   20    2    1    4    0    0    2    0    0       783  557    0 CMat   553  554  555  556
    9   21    2    1    2    0    0    2    1    1       467   10    1 CMat    16   15
    9   22    2    1    2    0    0    1    1    0       530  560    0 CMat   558  559
    9   23    2    1    8    0    0    1    1    0      4401   16    1 CMat     8    6    3    7    4    2    5    1
    9   24    2    1    2    0    0    1    1    0      2531  563    0 CMat   561  562
