    1    1    1    1    8    8    1    2    1    0      1073    2    1 CMat     4    3    6    1    5    8    7    2
    1    2    1    1    4    2    3    2    1    0       702   18    0 CMat    17   18   19   20
    1    3    1    1    8    7    2    2    1    0       645    5    1 CMat     8    2    3    4    7    1    5    6
    1    4    1    1    4    4    1    1    1    1       757   24    0 CMat    21   22   23   24
    1    5    2    1    2    0    0    2    1    1       858    8    1 CMat    14   15
    1    6    1    1    4    1    4    2    1    0       800   25    0 CMat    25   26   27   28
    1    7    1    1    8    8    1    1    1    1       947   11    1 CMat    12   15   16   14   13   10    9   11
    1    8    1    1    2    1    2    1    1    1       832   29    0 CMat    29   30
    1    9    1    1    8    8    1    2    1    0       850    5    1 CMat     8    7    3    1    6    4    2    5
    1   10    1    1    8    1    8    1    1    1       802   31    0 CMat    31   32   33   34   35   36   37   38
    1   11    1    1    2    1    2    1    1    1       582   10    1 CMat    10   12
    1   12    2    1    8    0    0    1    1    0       881   47    0 CMat    39   40   41   42   43   44   45   46
    1   13    2    1    4    0    0    2    1    1       743    1    1 CMat    16   10   13   12
    1   14    1    1    8    4    5    1    1    1      1275   51    0 CMat    48   49   50   51   52   53   54   55
    1   15    1    1    4    2    3    2    1    0      1201    8    1 CMat     7    8    2    5
    1   16    1    1    4    4    1    1    1    1       697   59    0 CMat    56   57   58   59
    1   17    1    1    2    2    1    2    1    0       545    2    1 CMat     4    2
    1   18    2    1    8    0    0    1    1    0      1116   68    0 CMat    60   61   62   63   64   65   66   67
    1   19    2    1    8    0    0    2    1    1       803    4    1 CMat    16   14   11   12    9   15   13   10
    1   20    1    1    4    2    3    1    1    1       778   70    0 CMat    69   70   71   72
    1   21    1    1    2    1    2    1    1    1       591   13    1 CMat    13   15
    1   22    2    1    4    0    0    1    1    0       703   77    0 CMat    73   74   75   76
    1   23    2    1    8    0    0    1    1    0      1128   15    1 CMat     1    5    4    7    3    6    2    8
    1   24    2    1    2    0    0    1    1    0       557   80    0 CMat    78   79
    2    1    2    1    4    0    0    1    1    0       695   11    1 CMat     8    3    4    5
    2    2    2    1    8    0    0    1    1    0       637   89    0 CMat    81   82   83   84   85   86   87   88
    2    3    1    1    2    1    2    1    1    1       567   11    1 CMat    11   16
    2    4    2    1    2    0    0    1    1    0       660   92    0 CMat    90   91
    2    5    2    1    2    0    0    1    1    0       478   10    1 CMat     6    5
    2    6    2    1    4    0    0    2    1    1       531   97    0 CMat    93   94   95   96
    2    7    1    1    4    4    1    1    1    1       583   15    1 CMat    16   14    9   15
    2    8    1    1    8    8    1    1    1    1       528  105    0 CMat    98   99  100  101  102  103  104  105
    2    9    1    1    8    6    3    2    1    0       767    3    1 CMat     8    7    6    5    4    3    1    2
    2   10    2    1    2    0    0    1    1    0       452  108    0 CMat   106  107
    2   11    1    1    2    1    2    2    1    0       693    7    1 CMat     7    2
    2   12    2    1    2    0    0    1    1    0       461  111    0 CMat   109  110
    2   13    1    1    8    5    4    2    1    0       831    6    1 CMat     8    3    5    7    6    2    4    1
    2   14    1    1    4    2    3    1    1    1       630  113    0 CMat   112  113  114  115
    2   15    2    1    4    0    0    2    1    1       949    3    1 CMat    12   11   16   10
    2   16    1    1    2    1    2    1    1    1       483  116    0 CMat   116  117
    2   17    2    1    2    0    0    1    1    0      1043   13    1 CMat     1    5
    2   18    1    1    8    4    5    2    1    0       780  121    0 CMat   118  119  120  121  122  123  124  125
    2   19    1    1    2    1    2    2    1    0       720    3    1 CMat     3    5
    2   20    1    1    8    1    8    1    1    1       677  126    0 CMat   126  127  128  129  130  131  132  133
    2   21    1    1    4    2    3    2    1    0       691    5    1 CMat     3    5    1    7
    2   22    1    1    2    1    2    2    1    0       540  134    0 CMat   134  135
    2   23    2    1    4    0    0    2    1    1       656    6    1 CMat    10   13    9   14
    2   24    1    1    8    4    5    1    1    1       762  139    0 CMat   136  137  138  139  140  141  142  143
    3    1    1    1    2    2    1    2    1    0       595    2    1 CMat     6    2
    3    2    2    1    2    0    0    1    1    0       559  146    0 CMat   144  145
    3    3    2    1    4    0    0    1    1    0       562   16    1 CMat     3    6    1    8
    3    4    1    1    2    1    2    2    1    0       608  147    0 CMat   147  148
    3    5    2    1    8    0    0    2    1    1       988    3    1 CMat    11   16   14    9   10   12   13   15
    3    6    2    1    2    0    0    1    1    0       584  151    0 CMat   149  150
    3    7    2    1    2    0    0    1    1    0       613   13    1 CMat     6    4
    3    8    2    1    8    0    0    1    1    0       667  160    0 CMat   152  153  154  155  156  157  158  159
    3    9    1    1    8    2    7    1    1    1       661   12    1 CMat     9   12   15   16   10   14   11   13
    3   10    1    1    4    1    4    2    1    0       611  161    0 CMat   161  162  163  164
    3   11    1    1    4    2    3    2    1    0       676    3    1 CMat     1    3    4    7
    3   12    2    1    4    0    0    2    1    1       625  169    0 CMat   165  166  167  168
    3   13    1    1    2    1    2    1    1    1       572   11    1 CMat    11   16
    3   14    2    1    8    0    0    2    1    1       759  178    0 CMat   170  171  172  173  174  175  176  177
    3   15    2    1    4    0    0    2    1    1       626    6    1 CMat    10   14   13   16
    3   16    2    1    8    0    0    2    1    1       985  187    0 CMat   179  180  181  182  183  184  185  186
    3   17    2    1    8    0    0    1    1    0      1094   15    1 CMat     2    7    1    6    4    3    5    8
    3   18    2    1    2    0    0    2    1    1      1119  190    0 CMat   188  189
    3   19    1    1    4    2    3    2    1    0       651    6    1 CMat     5    6    2    7
    3   20    1    1    4    2    3    2    1    0       634  192    0 CMat   191  192  193  194
    3   21    1    1    8    6    3    1    1    1       789    9    1 CMat    11   16   15   12   13    9   10   14
    3   22    2    1    4    0    0    2    1    1       924  199    0 CMat   195  196  197  198
    3   23    2    1    4    0    0    1    1    0      1088   13    1 CMat     4    8    1    3
    3   24    1    1    4    4    1    1    1    1       526  203    0 CMat   200  201  202  203
    4    1    2    1    8    0    0    1    1    0       745   10    1 CMat     6    7    3    8    4    2    1    5
    4    2    1    1    4    3    2    1    1    1       675  206    0 CMat   204  205  206  207
    4    3    2    1    2    0    0    2    1    1       604    5    1 CMat    13   11
    4    4    1    1    8    3    6    1    1    1       709  210    0 CMat   208  209  210  211  212  213  214  215
    4    5    2    1    8    0    0    2    1    1       845    5    1 CMat     9   13   10   12   11   14   16   15
    4    6    2    1    8    0    0    2    1    1       573  224    0 CMat   216  217  218  219  220  221  222  223
    4    7    1    1    8    1    8    2    1    0       842    4    1 CMat     4    6    8    2    3    7    1    5
    4    8    1    1    4    4    1    2    1    0       514  228    0 CMat   225  226  227  228
    4    9    2    1    2    0    0    2    1    1       593    3    1 CMat    15    9
    4   10    1    1    4    2    3    1    1    1       754  230    0 CMat   229  230  231  232
    4   11    1    1    8    8    1    2    1    0       535    2    1 CMat     6    3    5    4    7    8    1    2
    4   12    2    1    2    0    0    2    1    1       532  235    0 CMat   233  234
    4   13    2    1    8    0    0    1    1    0       994   13    1 CMat     8    2    5    1    7    6    3    4
    4   14    1    1    4    1    4    2    1    0       675  236    0 CMat   236  237  238  239
    4   15    2    1    2    0    0    2    1    1       524    8    1 CMat    15   11
    4   16    2    1    4    0    0    2    1    1       687  244    0 CMat   240  241  242  243
    4   17    1    1    8    7    2    2    1    0       632    2    1 CMat     4    6    3    5    8    1    2    7
    4   18    1    1    4    4    1    2    1    0       567  248    0 CMat   245  246  247  248
    4   19    2    1    4    0    0    1    1    0       569   12    1 CMat     2    7    1    3
    4   20    2    1    4    0    0    2    1    1       474  253    0 CMat   249  250  251  252
    4   21    1    1    2    2    1    2    1    0       507    2    1 CMat     8    2
    4   22    2    1    4    0    0    1    1    0       830  258    0 CMat   254  255  256  257
    4   23    1    1    4    3    2    2    1    0       870    2    1 CMat     8    3    2    5
    4   24    2    1    4    0    0    1    1    0       506  263    0 CMat   259  260  261  262
    5    1    1    1    2    1    2    1    1    1       565    9    1 CMat     9   12
    5    2    2    1    2    0    0    1    1    0       561  266    0 CMat   264  265
    5    3    1    1    4    3    2    2    1    0       804    7    1 CMat     8    3    7    4
    5    4    1    1    8    3    6    1    1    1       679  269    0 CMat   267  268  269  270  271  272  273  274
    5    5    1    1    4    2    3    2    1    0       853    1    1 CMat     3    1    7    8
    5    6    1    1    2    2    1    2    1    0       519  276    0 CMat   275  276
    5    7    1    1    8    8    1    1    1    1       518   16    1 CMat    11    9   13   10   14   12   15   16
    5    8    1    1    8    8    1    2    1    0       401  284    0 CMat   277  278  279  280  281  282  283  284
    5    9    1    1    2    1    2    2    1    0       501    3    1 CMat     3    2
    5   10    2    1    2    0    0    1    1    0       531  287    0 CMat   285  286
    5   11    1    1    2    1    2    1    1    1       530   16    1 CMat    16   12
    5   12    2    1    8    0    0    2    1    1       590  296    0 CMat   288  289  290  291  292  293  294  295
    5   13    2    1    4    0    0    2    1    1       495    2    1 CMat    11   13   16   15
    5   14    2    1    2    0    0    2    1    1       462  299    0 CMat   297  298
    5   15    1    1    2    2    1    1    1    1       848   11    1 CMat    14   11
    5   16    1    1    8    5    4    2    1    0       688  304    0 CMat   300  301  302  303  304  305  306  307
    5   17    2    1    2    0    0    2    1    1       569    8    1 CMat     9   16
    5   18    2    1    2    0    0    2    1    1       565  310    0 CMat   308  309
    5   19    2    1    4    0    0    1    1    0       712   16    1 CMat     8    6    7    3
    5   20    1    1    4    2    3    2    1    0       676  312    0 CMat   311  312  313  314
    5   21    2    1    8    0    0    2    1    1       781    5    1 CMat    13   12   11   15   16   14   10    9
    5   22    1    1    2    1    2    1    1    1       705  315    0 CMat   315  316
    5   23    1    1    2    2    1    2    1    0       489    6    1 CMat     8    6
    5   24    2    1    4    0    0    2    1    1       765  321    0 CMat   317  318  319  320
    6    1    2    1    4    0    0    2    1    1       729    8    1 CMat    11   10    9   14
    6    2    2    1    8    0    0    2    1    1       555  330    0 CMat   322  323  324  325  326  327  328  329
    6    3    1    1    8    4    5    1    1    1       729   10    1 CMat    12   14   13   10   15   11    9   16
    6    4    2    1    8    0    0    2    1    1       798  339    0 CMat   331  332  333  334  335  336  337  338
    6    5    2    1    8    0    0    2    1    1       706    4    1 CMat    14   13   16   12   11    9   15   10
    6    6    2    1    2    0    0    1    1    0       650  342    0 CMat   340  341
    6    7    1    1    4    3    2    1    1    1       601   14    1 CMat    13   12   14    9
    6    8    1    1    4    3    2    1    1    1       601  345    0 CMat   343  344  345  346
    6    9    2    1    8    0    0    2    0    0      1029    9    1 CMat     1    6    3    2    4    5    8    7
    6   10    1    1    4    3    2    1    1    1       709  349    0 CMat   347  348  349  350
    6   11    1    1    8    6    3    1    1    1       621   10    1 CMat    16   11   14   12   15   10   13    9
    6   12    2    1    2    0    0    2    1    1       631  353    0 CMat   351  352
    6   13    1    1    4    3    2    1    1    1       583   15    1 CMat    10   14   15   12
    6   14    1    1    4    2    3    1    1    1       585  355    0 CMat   354  355  356  357
    6   15    2    1    8    0    0    1    1    0      1461   11    1 CMat     1    4    2    5    3    6    8    7
    6   16    1    1    8    7    2    2    1    0       636  364    0 CMat   358  359  360  361  362  363  364  365
    6   17    1    1    4    4    1    1    1    1       492    9    1 CMat    12   13   16    9
    6   18    1    1    2    1    2    1    1    1       669  366    0 CMat   366  367
    6   19    2    1    8    0    0    2    1    1       774    6    1 CMat    10   13   15   16   14   12    9   11
    6   20    1    1    4    4    1    1    1    1       592  371    0 CMat   368  369  370  371
    6   21    2    1    4    0    0    2    1    1       625    8    1 CMat    12   15   11   10
    6   22    2    1    8    0    0    2    1    1       487  380    0 CMat   372  373  374  375  376  377  378  379
    6   23    1    1    2    1    2    2    1    0       568    1    1 CMat     1    3
    6   24    2    1    2    0    0    2    1    1       581  383    0 CMat   381  382
    7    1    2    1    8    0    0    2    1    1      1019    6    1 CMat    12   14   13   15   11   10    9   16
    7    2    2    1    2    0    0    1    1    0       470  386    0 CMat   384  385
    7    3    1    1    8    7    2    2    1    0       647    3    1 CMat     5    4    6    1    7    2    3    8
    7    4    2    1    8    0    0    1    1    0       524  395    0 CMat   387  388  389  390  391  392  393  394
    7    5    2    1    8    0    0    1    1    0       539   12    1 CMat     1    2    6    3    8    7    5    4
    7    6    1    1    2    1    2    2    1    0       553  396    0 CMat   396  397
    7    7    2    1    4    0    0    2    1    1       588    6    1 CMat    16   15    9   14
    7    8    2    1    8    0    0    1    1    0       695  406    0 CMat   398  399  400  401  402  403  404  405
    7    9    1    1    4    3    2    1    1    1       501   11    1 CMat    13   10   11   16
    7   10    1    1    2    1    2    1    1    1       371  407    0 CMat   407  408
    7   11    2    1    2    0    0    1    1    0       520   14    1 CMat     1    4
    7   12    1    1    2    1    2    2    1    0       807  409    0 CMat   409  410
    7   13    2    1    4    0    0    1    1    0       544   16    1 CMat     8    3    6    1
    7   14    2    1    8    0    0    2    1    1       557  419    0 CMat   411  412  413  414  415  416  417  418
    7   15    2    1    8    0    0    2    1    1       538    5    1 CMat     9   12   13   11   16   14   10   15
    7   16    2    1    8    0    0    2    0    0      1126  428    0 CMat   420  421  422  423  424  425  426  427
    7   17    2    1    4    0    0    2    1    1       531    5    1 CMat    11   15   13   10
    7   18    2    1    8    0    0    1    1    0       654  437    0 CMat   429  430  431  432  433  434  435  436
    7   19    2    1    4    0    0    1    1    0       621    9    1 CMat     6    4    7    2
    7   20    2    1    8    0    0    1    1    0       469  446    0 CMat   438  439  440  441  442  443  444  445
    7   21    2    1    2    0    0    2    1    1       790    4    1 CMat    11   12
    7   22    1    1    2    2    1    1    1    1       490  448    0 CMat   447  448
    7   23    1    1    2    2    1    1    1    1       570   11    1 CMat    10   11
    7   24    1    1    4    3    2    2    1    0       636  451    0 CMat   449  450  451  452
    8    1    2    1    8    0    0    1    1    0       666   16    1 CMat     8    2    4    3    5    7    6    1
    8    2    2    1    8    0    0    1    1    0       544  461    0 CMat   453  454  455  456  457  458  459  460
    8    3    2    1    2    0    0    2    0    0       606   15    1 CMat     1    2
    8    4    1    1    4    2    3    1    1    1       605  463    0 CMat   462  463  464  465
    8    5    1    1    2    1    2    2    1    0       569    5    1 CMat     5    3
    8    6    1    1    2    1    2    1    1    1       551  466    0 CMat   466  467
    8    7    1    1    4    2    3    2    1    0       666    7    1 CMat     6    7    2    3
    8    8    1    1    8    4    5    1    1    1       688  471    0 CMat   468  469  470  471  472  473  474  475
    8    9    1    1    8    3    6    1    1    1       744   16    1 CMat    14   10   16   11   12    9   13   15
    8   10    2    1    8    0    0    2    1    1       843  484    0 CMat   476  477  478  479  480  481  482  483
    8   11    1    1    8    6    3    1    1    1       573   11    1 CMat    10   12   15   14   13   11    9   16
    8   12    1    1    2    2    1    1    1    1       427  486    0 CMat   485  486
    8   13    1    1    4    3    2    1    1    1       627   11    1 CMat    10   14   11   15
    8   14    2    1    2    0    0    1    1    0       637  489    0 CMat   487  488
    8   15    2    1    4    0    0    1    1    0       733   12    1 CMat     6    7    4    5
    8   16    2    1    4    0    0    1    1    0      1031  494    0 CMat   490  491  492  493
    8   17    1    1    4    1    4    1    1    1       983   13    1 CMat    13   10   14   11
    8   18    1    1    2    1    2    2    1    0       675  495    0 CMat   495  496
    8   19    2    1    4    0    0    2    1    1       641    1    1 CMat    16   10    9   15
    8   20    1    1    4    2    3    1    1    1       672  498    0 CMat   497  498  499  500
    8   21    2    1    2    0    0    1    1    0       921   14    1 CMat     4    1
    8   22    1    1    4    1    4    1    1    1       908  501    0 CMat   501  502  503  504
    8   23    2    1    2    0    0    1    1    0       540   16    1 CMat     1    3
    8   24    2    1    8    0    0    2    1    1       743  513    0 CMat   505  506  507  508  509  510  511  512
    9    1    2    1    2    0    0    2    1    1       484    1    1 CMat    14   11
    9    2    1    1    8    3    6    1    1    1       833  516    0 CMat   514  515  516  517  518  519  520  521
    9    3    1    1    4    3    2    2    1    0       505    1    1 CMat     6    7    1    4
    9    4    2    1    2    0    0    2    1    1       696  524    0 CMat   522  523
    9    5    1    1    2    1    2    1    1    1       656   15    1 CMat    15   16
    9    6    2    1    4    0    0    1    1    0       543  529    0 CMat   525  526  527  528
    9    7    2    1    2    0    0    1    1    0       621   15    1 CMat     3    1
    9    8    2    1    4    0    0    1    1    0       652  534    0 CMat   530  531  532  533
    9    9    1    1    2    1    2    2    1    0       599    2    1 CMat     2    1
    9   10    1    1    8    5    4    2    1    0       638  539    0 CMat   535  536  537  538  539  540  541  542
    9   11    2    1    4    0    0    1    1    0       718   16    1 CMat     7    8    6    1
    9   12    2    1    2    0    0    2    1    1       437  545    0 CMat   543  544
    9   13    2    1    2    0    0    2    1    1      1063    2    1 CMat    16   11
    9   14    1    1    2    2    1    1    1    1       608  547    0 CMat   546  547
    9   15    1    1    2    1    2    2    1    0       460    3    1 CMat     3    7
    9   16    2    1    2    0    0    2    1    1       477  550    0 CMat   548  549
    9   17    1    1    4    4    1    1    1    1       675   12    1 CMat    11    9   16   12
    9   18    2    1    8    0    0    1    1    0      1179  559    0 CMat   551  552  553  554  555  556  557  558
    9   19    2    1    4    0    0    1    1    0       822   13    1 CMat     2    3    4    1
    9   20    1    1    2    1    2    2    1    0       632  560    0 CMat   560  561
    9   21    2    1    8    0    0    1    1    0      1107    9    1 CMat     6    5    1    4    7    8    2    3
    9   22    2    1    2    0    0    2    1    1       570  564    0 CMat   562  563
    9   23    1    1    2    1    2    1    1    1      1047   16    1 CMat    16   14
    9   24    2    1    4    0    0    1    1    0       596  569    0 CMat   565  566  567  568
