    1    1    2    1    2    0    0    1    0    1      2893    6    1 CMat    16   14
    1    2    1    1    2    1    2    2    1    0      3196   17    0 CMat    17   18
    1    3    1    1    8    6    3    2    1    0      1370    5    1 CMat     8    6    4    7    2    5    3    1
    1    4    2    1    4    0    0    1    0    1       906   23    0 CMat    19   20   21   22
    1    5    2    1    2    0    0    1    0    1      3128    5    1 CMat    15   10
    1    6    2    1    4    0    0    1    0    1      1473   28    0 CMat    24   25   26   27
    1    7    1    1    8    3    6    2    1    0      3850    1    1 CMat     4    6    1    3    7    8    2    5
    1    8    2    1    8    0    0    1    0    1      1343   37    0 CMat    29   30   31   32   33   34   35   36
    1    9    2    1    8    0    0    2    1    1      1707    1    1 CMat    13   11   15   10   12   14    9   16
    1   10    2    1    8    0    0    1    0    1      1861   46    0 CMat    38   39   40   41   42   43   44   45
    1   11    2    1    4    0    0    2    1    1      1572    6    1 CMat    15   16   12    9
    1   12    2    1    2    0    0    1    1    0      2009   49    0 CMat    47   48
    1   13    1    1    4    4    1    2    1    0      1970    7    1 CMat     4    5    1    7
    1   14    2    1    4    0    0    1    0    1      1690   54    0 CMat    50   51   52   53
    1   15    2    1    2    0    0    2    1    1      1802    5    1 CMat    10   15
    1   16    2    1    8    0    0    1    0    1      1520   63    0 CMat    55   56   57   58   59   60   61   62
    1   17    2    1    2    0    0    2    1    1      2695    4    1 CMat    11   16
    1   18    2    1    2    0    0    1    1    0      1278   66    0 CMat    64   65
    1   19    2    1    4    0    0    2    0    0      1637   11    1 CMat     4    8    2    5
    1   20    2    1    4    0    0    1    1    0      1498   71    0 CMat    67   68   69   70
    1   21    1    1    2    1    2    2    0    1      1138   10    1 CMat    10   15
    1   22    1    1    4    1    4    1    1    1      5179   72    0 CMat    72   73   74   75
    1   23    1    1    8    3    6    1    1    1      1856   12    1 CMat    13    9   12   11   14   10   16   15
    1   24    1    1    2    1    2    1    1    1       808   76    0 CMat    76   77
    2    1    2    1    8    0    0    1    1    0      1967   12    1 CMat     1    6    7    2    3    4    8    5
    2    2    2    1    2    0    0    1    1    0      1971   80    0 CMat    78   79
    2    3    2    1    2    0    0    1    0    1      1784    4    1 CMat    11   16
    2    4    1    1    4    2    3    1    1    1      1367   82    0 CMat    81   82   83   84
    2    5    2    1    2    0    0    1    0    1       821    6    1 CMat    13   12
    2    6    1    1    4    2    3    1    1    1       746   86    0 CMat    85   86   87   88
    2    7    1    1    2    1    2    1    1    1       720   10    1 CMat    10    9
    2    8    2    1    2    0    0    2    1    1       887   91    0 CMat    89   90
    2    9    1    1    2    1    2    1    1    1       487   10    1 CMat    10   13
    2   10    1    1    2    1    2    2    1    0      1159   92    0 CMat    92   93
    2   11    1    1    4    4    1    1    1    1       674   11    1 CMat    10   13   12   11
    2   12    1    1    4    2    3    1    1    1       750   95    0 CMat    94   95   96   97
    2   13    1    1    8    5    4    1    0    0      1107    6    1 CMat     1    5    4    3    6    8    7    2
    2   14    2    1    8    0    0    1    1    0      1062  106    0 CMat    98   99  100  101  102  103  104  105
    2   15    2    1    8    0    0    1    0    1       848    3    1 CMat    10   13   16   11   15   14    9   12
    2   16    1    1    8    5    4    1    1    1       780  111    0 CMat   107  108  109  110  111  112  113  114
    2   17    1    1    4    4    1    2    1    0      1238    8    1 CMat     4    1    2    8
    2   18    2    1    2    0    0    1    1    0      2439  117    0 CMat   115  116
    2   19    1    1    8    6    3    2    1    0       858    1    1 CMat     8    4    7    5    2    1    3    6
    2   20    2    1    8    0    0    2    1    1      1189  126    0 CMat   118  119  120  121  122  123  124  125
    2   21    1    1    8    5    4    1    1    1       682   12    1 CMat    14   13   15   16   12   11    9   10
    2   22    1    1    2    1    2    1    1    1      1169  127    0 CMat   127  128
    2   23    1    1    4    1    4    2    1    0       700    1    1 CMat     1    8    2    5
    2   24    1    1    2    2    1    1    1    1       995  130    0 CMat   129  130
    3    1    2    1    4    0    0    1    1    0       843   11    1 CMat     3    2    4    5
    3    2    1    1    8    4    5    1    1    1       968  134    0 CMat   131  132  133  134  135  136  137  138
    3    3    1    1    2    2    1    2    1    0       741    2    1 CMat     6    2
    3    4    1    1    2    2    1    1    1    1       651  140    0 CMat   139  140
    3    5    2    1    4    0    0    2    1    1       746    3    1 CMat    12   16   11    9
    3    6    1    1    8    5    4    1    1    1       956  145    0 CMat   141  142  143  144  145  146  147  148
    3    7    1    1    2    2    1    1    1    1       554   15    1 CMat    13   15
    3    8    2    1    2    0    0    1    1    0       807  151    0 CMat   149  150
    3    9    1    1    8    8    1    1    1    1       699   15    1 CMat    16   14   13   12   11    9   10   15
    3   10    1    1    2    2    1    1    1    1       657  153    0 CMat   152  153
    3   11    1    1    8    8    1    2    1    0       666    2    1 CMat     6    3    4    8    5    1    7    2
    3   12    1    1    8    6    3    2    1    0       878  159    0 CMat   154  155  156  157  158  159  160  161
    3   13    2    1    2    0    0    2    1    1       879    2    1 CMat    15   10
    3   14    2    1    4    0    0    2    1    1       787  166    0 CMat   162  163  164  165
    3   15    2    1    4    0    0    2    1    1       748    1    1 CMat    16    9   13   12
    3   16    2    1    8    0    0    1    1    0       717  175    0 CMat   167  168  169  170  171  172  173  174
    3   17    2    1    8    0    0    1    1    0      1204   15    1 CMat     3    1    2    7    6    5    4    8
    3   18    2    1    2    0    0    2    1    1       744  178    0 CMat   176  177
    3   19    1    1    4    2    3    1    1    1       740   12    1 CMat    13   12   11   14
    3   20    1    1    2    1    2    1    1    1       601  179    0 CMat   179  180
    3   21    1    1    8    8    1    1    1    1       436   11    1 CMat    12   14   10   15   16   13    9   11
    3   22    2    1    8    0    0    2    1    1       643  189    0 CMat   181  182  183  184  185  186  187  188
    3   23    2    1    2    0    0    1    0    1      3501    2    1 CMat    16   14
    3   24    2    1    8    0    0    2    1    1       799  198    0 CMat   190  191  192  193  194  195  196  197
    4    1    2    1    4    0    0    2    1    1       862    3    1 CMat    16   13   10   14
    4    2    2    1    4    0    0    1    1    0       802  203    0 CMat   199  200  201  202
    4    3    2    1    2    0    0    1    1    0       741   10    1 CMat     7    8
    4    4    2    1    2    0    0    2    1    1       779  206    0 CMat   204  205
    4    5    1    1    2    1    2    1    1    1       881   16    1 CMat    16   11
    4    6    2    1    2    0    0    2    1    1       495  209    0 CMat   207  208
    4    7    1    1    4    2    3    2    1    0       757    6    1 CMat     3    6    1    2
    4    8    2    1    2    0    0    2    1    1       777  212    0 CMat   210  211
    4    9    2    1    8    0    0    2    0    0       766   11    1 CMat     2    5    1    3    4    7    6    8
    4   10    1    1    8    6    3    1    1    1      1246  218    0 CMat   213  214  215  216  217  218  219  220
    4   11    1    1    4    2    3    1    1    1       661   14    1 CMat    16   14   11    9
    4   12    1    1    8    4    5    2    1    0      1018  224    0 CMat   221  222  223  224  225  226  227  228
    4   13    1    1    4    3    2    2    1    0       602    5    1 CMat     8    2    5    6
    4   14    1    1    4    2    3    1    1    1       682  230    0 CMat   229  230  231  232
    4   15    2    1    4    0    0    2    1    1       680    4    1 CMat    15   11   16   12
    4   16    2    1    8    0    0    1    1    0       954  241    0 CMat   233  234  235  236  237  238  239  240
    4   17    2    1    4    0    0    1    1    0       701   16    1 CMat     7    3    1    2
    4   18    1    1    8    1    8    1    1    1      1248  242    0 CMat   242  243  244  245  246  247  248  249
    4   19    2    1    2    0    0    1    1    0       689    9    1 CMat     8    3
    4   20    1    1    4    4    1    2    1    0       572  253    0 CMat   250  251  252  253
    4   21    2    1    2    0    0    2    1    1       986    7    1 CMat    16   15
    4   22    2    1    2    0    0    1    1    0       629  256    0 CMat   254  255
    4   23    1    1    4    3    2    1    1    1       646   13    1 CMat    12   14   13   15
    4   24    2    1    2    0    0    2    1    1       782  259    0 CMat   257  258
    5    1    2    1    4    0    0    2    0    0       757   14    1 CMat     4    5    8    1
    5    2    2    1    2    0    0    2    1    1       840  262    0 CMat   260  261
    5    3    2    1    4    0    0    1    1    0       800   12    1 CMat     7    5    2    3
    5    4    1    1    4    4    1    2    1    0       678  266    0 CMat   263  264  265  266
    5    5    2    1    2    0    0    2    1    1       607    1    1 CMat    16   15
    5    6    2    1    2    0    0    1    1    0       617  269    0 CMat   267  268
    5    7    2    1    2    0    0    1    1    0       789    9    1 CMat     2    4
    5    8    2    1    2    0    0    2    1    1       759  272    0 CMat   270  271
    5    9    1    1    2    2    1    1    1    1       797    9    1 CMat    10    9
    5   10    1    1    8    5    4    2    0    1      1052  277    0 CMat   273  274  275  276  277  278  279  280
    5   11    2    1    4    0    0    1    1    0       683   13    1 CMat     2    6    5    3
    5   12    2    1    2    0    0    1    1    0       706  283    0 CMat   281  282
    5   13    1    1    8    1    8    1    1    1       634   15    1 CMat    15   14   11   10    9   13   12   16
    5   14    1    1    2    1    2    2    1    0       803  284    0 CMat   284  285
    5   15    1    1    2    2    1    1    1    1       631   16    1 CMat    10   16
    5   16    1    1    8    1    8    1    1    1       764  286    0 CMat   286  287  288  289  290  291  292  293
    5   17    1    1    4    2    3    2    0    1       791   15    1 CMat    10   15   12   14
    5   18    1    1    2    1    2    2    1    0       585  294    0 CMat   294  295
    5   19    2    1    8    0    0    2    0    0       677   10    1 CMat     8    4    6    1    7    2    3    5
    5   20    2    1    8    0    0    1    1    0      1096  304    0 CMat   296  297  298  299  300  301  302  303
    5   21    1    1    4    1    4    1    1    1       662   16    1 CMat    16   12   15    9
    5   22    1    1    2    1    2    2    1    0       718  305    0 CMat   305  306
    5   23    1    1    4    1    4    2    1    0       619    7    1 CMat     7    8    5    4
    5   24    1    1    2    1    2    2    1    0      1492  307    0 CMat   307  308
    6    1    1    1    4    3    2    2    1    0       707    6    1 CMat     5    7    6    3
    6    2    2    1    4    0    0    1    1    0       669  313    0 CMat   309  310  311  312
    6    3    1    1    2    1    2    1    1    1       550    9    1 CMat     9   10
    6    4    2    1    4    0    0    1    1    0       678  318    0 CMat   314  315  316  317
    6    5    2    1    4    0    0    1    1    0      1732   12    1 CMat     3    5    6    1
    6    6    2    1    2    0    0    2    1    1      1442  321    0 CMat   319  320
    6    7    1    1    2    2    1    2    1    0       668    8    1 CMat     5    8
    6    8    1    1    4    3    2    2    1    0      1224  324    0 CMat   322  323  324  325
    6    9    1    1    4    3    2    2    1    0      1088    4    1 CMat     5    8    4    1
    6   10    2    1    8    0    0    2    1    1       852  334    0 CMat   326  327  328  329  330  331  332  333
    6   11    1    1    8    5    4    2    1    0       854    2    1 CMat     4    5    8    1    2    7    6    3
    6   12    2    1    8    0    0    1    1    0       722  343    0 CMat   335  336  337  338  339  340  341  342
    6   13    1    1    4    4    1    2    1    0       590    5    1 CMat     2    3    7    5
    6   14    1    1    4    3    2    1    1    1       717  346    0 CMat   344  345  346  347
    6   15    1    1    4    2    3    2    1    0       714    5    1 CMat     3    5    4    1
    6   16    2    1    2    0    0    1    1    0      1423  350    0 CMat   348  349
    6   17    1    1    8    1    8    1    1    1       714   12    1 CMat    12   11   10   15   16    9   14   13
    6   18    1    1    2    1    2    2    1    0       784  351    0 CMat   351  352
    6   19    1    1    8    7    2    1    1    1       725   14    1 CMat     9   10   11   12   15   13   14   16
    6   20    2    1    8    0    0    1    1    0       932  361    0 CMat   353  354  355  356  357  358  359  360
    6   21    2    1    2    0    0    2    1    1      1075    2    1 CMat    12   14
    6   22    2    1    4    0    0    1    1    0       910  366    0 CMat   362  363  364  365
    6   23    2    1    4    0    0    1    1    0      1843   10    1 CMat     4    2    1    6
    6   24    2    1    4    0    0    2    1    1      3152  371    0 CMat   367  368  369  370
    7    1    1    1    4    2    3    1    0    0      1775    6    1 CMat     4    6    2    3
    7    2    2    1    2    0    0    1    1    0       523  374    0 CMat   372  373
    7    3    1    1    8    7    2    2    1    0       602    2    1 CMat     8    5    3    1    7    4    2    6
    7    4    1    1    2    1    2    1    1    1       741  375    0 CMat   375  376
    7    5    1    1    4    3    2    2    1    0       561    7    1 CMat     6    5    7    8
    7    6    1    1    8    3    6    1    1    1       809  379    0 CMat   377  378  379  380  381  382  383  384
    7    7    1    1    2    1    2    2    1    0      1901    6    1 CMat     6    8
    7    8    1    1    2    2    1    1    1    1       483  386    0 CMat   385  386
    7    9    1    1    2    2    1    1    1    1       516   12    1 CMat    13   12
    7   10    1    1    2    2    1    2    1    0       546  388    0 CMat   387  388
    7   11    2    1    8    0    0    1    1    0      3968   12    1 CMat     4    5    8    1    7    2    6    3
    7   12    2    1    4    0    0    1    1    0       631  393    0 CMat   389  390  391  392
    7   13    2    1    2    0    0    2    1    1      1266    8    1 CMat    11    9
    7   14    1    1    2    1    2    1    1    1       850  394    0 CMat   394  395
    7   15    1    1    4    4    1    2    1    0      1145    5    1 CMat     8    7    6    5
    7   16    1    1    2    1    2    1    1    1       830  396    0 CMat   396  397
    7   17    2    1    2    0    0    1    1    0      4576   10    1 CMat     7    8
    7   18    2    1    2    0    0    2    1    1       667  400    0 CMat   398  399
    7   19    2    1    2    0    0    1    1    0       788   14    1 CMat     5    4
    7   20    1    1    4    4    1    2    1    0       860  404    0 CMat   401  402  403  404
    7   21    2    1    8    0    0    1    0    1       925    5    1 CMat     9   15   10   11   16   13   12   14
    7   22    2    1    8    0    0    2    1    1       887  413    0 CMat   405  406  407  408  409  410  411  412
    7   23    2    1    8    0    0    2    1    1       983    7    1 CMat     9   11   12   13   15   16   14   10
    7   24    2    1    4    0    0    1    1    0       758  418    0 CMat   414  415  416  417
    8    1    1    1    2    2    1    1    1    1       509   16    1 CMat    11   16
    8    2    2    1    4    0    0    1    1    0      1087  423    0 CMat   419  420  421  422
    8    3    2    1    2    0    0    2    1    1      1207    4    1 CMat     9   10
    8    4    2    1    8    0    0    1    1    0       934  432    0 CMat   424  425  426  427  428  429  430  431
    8    5    2    1    4    0    0    2    1    1      2362    3    1 CMat    12    9   16   10
    8    6    1    1    4    2    3    2    0    1      1458  434    0 CMat   433  434  435  436
    8    7    1    1    4    1    4    1    1    1       625   11    1 CMat    11   14    9   13
    8    8    1    1    4    3    2    1    0    0       462  439    0 CMat   437  438  439  440
    8    9    1    1    2    2    1    2    1    0       608    6    1 CMat     2    6
    8   10    1    1    4    1    4    1    1    1       751  441    0 CMat   441  442  443  444
    8   11    1    1    2    1    2    1    1    1       725   12    1 CMat    12   13
    8   12    2    1    4    0    0    2    1    1       734  449    0 CMat   445  446  447  448
    8   13    1    1    8    4    5    1    1    1      1557   12    1 CMat    11   10   15   12   16   14    9   13
    8   14    2    1    2    0    0    1    1    0      2121  452    0 CMat   450  451
    8   15    1    1    8    3    6    1    1    1      1288   11    1 CMat    14   10   11    9   13   15   12   16
    8   16    2    1    8    0    0    1    1    0       771  461    0 CMat   453  454  455  456  457  458  459  460
    8   17    2    1    2    0    0    1    1    0      1464   14    1 CMat     5    2
    8   18    2    1    4    0    0    1    1    0       659  466    0 CMat   462  463  464  465
    8   19    2    1    4    0    0    1    1    0      1363   12    1 CMat     2    7    3    4
    8   20    2    1    8    0    0    2    1    1       923  475    0 CMat   467  468  469  470  471  472  473  474
    8   21    1    1    4    3    2    1    1    1       815    9    1 CMat    13   15    9   12
    8   22    2    1    4    0    0    2    1    1       582  480    0 CMat   476  477  478  479
    8   23    1    1    2    1    2    1    1    1       882   14    1 CMat    14   15
    8   24    1    1    2    1    2    2    1    0      1473  481    0 CMat   481  482
    9    1    1    1    2    1    2    2    1    0       500    3    1 CMat     3    7
    9    2    2    1    2    0    0    2    1    1       643  485    0 CMat   483  484
    9    3    2    1    2    0    0    2    1    1       797    3    1 CMat     9   15
    9    4    1    1    4    4    1    1    1    1       772  489    0 CMat   486  487  488  489
    9    5    2    1    2    0    0    2    0    0      1785   15    1 CMat     1    2
    9    6    2    1    4    0    0    1    1    0       808  494    0 CMat   490  491  492  493
    9    7    2    1    2    0    0    1    1    0      2252   10    1 CMat     7    4
    9    8    2    1    2    0    0    2    1    1       709  497    0 CMat   495  496
    9    9    1    1    4    4    1    1    1    1       690   16    1 CMat    10   11    9   16
    9   10    1    1    4    4    1    2    1    0       542  501    0 CMat   498  499  500  501
    9   11    1    1    8    6    3    2    1    0       636    8    1 CMat     5    4    7    2    1    8    3    6
    9   12    1    1    8    4    5    1    1    1       690  505    0 CMat   502  503  504  505  506  507  508  509
    9   13    1    1    4    4    1    2    1    0       544    8    1 CMat     5    3    2    8
    9   14    2    1    8    0    0    2    1    1      2840  518    0 CMat   510  511  512  513  514  515  516  517
    9   15    1    1    2    1    2    2    1    0       938    7    1 CMat     7    2
    9   16    2    1    4    0    0    1    1    0       730  523    0 CMat   519  520  521  522
    9   17    1    1    8    3    6    1    1    1       753   14    1 CMat     9   15   14   11   16   13   10   12
    9   18    1    1    4    1    4    1    0    0      1001  524    0 CMat   524  525  526  527
    9   19    1    1    2    2    1    2    1    0       549    7    1 CMat     2    7
    9   20    1    1    2    1    2    2    1    0       386  528    0 CMat   528  529
    9   21    2    1    8    0    0    1    0    1       902    3    1 CMat    12   14   11   16    9   13   10   15
    9   22    2    1    2    0    0    1    1    0       693  532    0 CMat   530  531
    9   23    2    1    8    0    0    2    1    1       877    7    1 CMat    12   14   10   11   15   16    9   13
    9   24    1    1    8    8    1    1    1    1       426  540    0 CMat   533  534  535  536  537  538  539  540
