    1    1    1    1    4    3    2    1    1    1      1703    4    1 CMat    10    9   12   13
    1    2    2    1    8    0    0    2    1    1      1504   25    0 CMat    17   18   19   20   21   22   23   24
    1    3    1    1    8    5    4    2    1    0      1173    3    1 CMat     5    8    7    6    3    1    2    4
    1    4    2    1    8    0    0    2    1    1      2552   34    0 CMat    26   27   28   29   30   31   32   33
    1    5    1    1    2    2    1    2    1    0      1270    4    1 CMat     6    4
    1    6    2    1    8    0    0    1    1    0       803   43    0 CMat    35   36   37   38   39   40   41   42
    1    7    1    1    2    1    2    2    1    0       679    2    1 CMat     2    3
    1    8    1    1    4    2    3    2    1    0       610   45    0 CMat    44   45   46   47
    1    9    2    1    2    0    0    2    1    1       733   15    1 CMat    14   15
    1   10    1    1    4    3    2    1    1    1       743   50    0 CMat    48   49   50   51
    1   11    1    1    4    1    4    2    1    0       658    5    1 CMat     5    1    6    7
    1   12    1    1    2    1    2    1    1    1       507   52    0 CMat    52   53
    1   13    2    1    4    0    0    2    1    1       623   11    1 CMat    10    9   11   13
    1   14    2    1    4    0    0    2    1    1       604   58    0 CMat    54   55   56   57
    1   15    2    1    4    0    0    2    1    1       637   11    1 CMat    16   10    9   14
    1   16    1    1    4    1    4    1    1    1       474   59    0 CMat    59   60   61   62
    1   17    1    1    8    6    3    2    1    0       844    1    1 CMat     6    7    4    3    8    1    2    5
    1   18    2    1    2    0    0    2    1    1       603   65    0 CMat    63   64
    1   19    1    1    4    1    4    1    1    1      1133    8    1 CMat    16   10   15    9
    1   20    2    1    4    0    0    1    1    0       822   70    0 CMat    66   67   68   69
    1   21    2    1    2    0    0    2    1    1       553    9    1 CMat    16   12
    1   22    1    1    2    1    2    1    1    1       583   71    0 CMat    71   72
    1   23    2    1    2    0    0    2    1    1       531   12    1 CMat    13   10
    1   24    1    1    2    2    1    2    1    0       641   74    0 CMat    73   74
    2    1    2    1    8    0    0    2    1    1       583    9    1 CMat    11   16   15   12   14   10   13    9
    2    2    2    1    8    0    0    2    1    1       607   83    0 CMat    75   76   77   78   79   80   81   82
    2    3    2    1    2    0    0    2    1    1       458   10    1 CMat    14   10
    2    4    2    1    4    0    0    1    1    0       511   88    0 CMat    84   85   86   87
    2    5    1    1    2    1    2    2    1    0       510    2    1 CMat     2    1
    2    6    2    1    4    0    0    2    1    1       623   93    0 CMat    89   90   91   92
    2    7    1    1    4    3    2    2    1    0       639    8    1 CMat     6    3    8    7
    2    8    2    1    4    0    0    2    1    1       524   98    0 CMat    94   95   96   97
    2    9    1    1    8    2    7    1    1    1       587    4    1 CMat    14   12   13   16   15    9   11   10
    2   10    2    1    8    0    0    2    1    1       515  107    0 CMat    99  100  101  102  103  104  105  106
    2   11    1    1    2    2    1    1    1    1       515    7    1 CMat    10   15
    2   12    2    1    4    0    0    1    1    0       756  112    0 CMat   108  109  110  111
    2   13    1    1    8    4    5    2    1    0       649    8    1 CMat     4    6    1    8    7    3    2    5
    2   14    1    1    4    3    2    2    1    0       421  115    0 CMat   113  114  115  116
    2   15    2    1    8    0    0    1    1    0       712   13    1 CMat     1    4    6    8    3    2    7    5
    2   16    1    1    2    2    1    2    1    0       463  118    0 CMat   117  118
    2   17    2    1    2    0    0    2    1    1       561   11    1 CMat    13   15
    2   18    1    1    2    1    2    2    1    0       589  119    0 CMat   119  120
    2   19    1    1    8    1    8    2    1    0       745    5    1 CMat     5    2    3    8    4    7    1    6
    2   20    1    1    2    1    2    1    1    1       749  121    0 CMat   121  122
    2   21    2    1    4    0    0    2    1    1       568    9    1 CMat    16   11   10   13
    2   22    2    1    8    0    0    2    1    1       504  131    0 CMat   123  124  125  126  127  128  129  130
    2   23    1    1    4    2    3    1    1    1       589    8    1 CMat    12   16   11   14
    2   24    2    1    2    0    0    2    1    1       488  134    0 CMat   132  133
    3    1    1    1    4    1    4    2    1    0       655    4    1 CMat     4    6    1    7
    3    2    2    1    2    0    0    1    1    0       994  137    0 CMat   135  136
    3    3    1    1    2    1    2    2    1    0       606    8    1 CMat     8    1
    3    4    1    1    4    3    2    1    1    1       573  140    0 CMat   138  139  140  141
    3    5    1    1    8    4    5    2    1    0       490    8    1 CMat     3    7    4    8    5    2    1    6
    3    6    2    1    2    0    0    1    1    0       570  144    0 CMat   142  143
    3    7    2    1    4    0    0    2    1    1       812   16    1 CMat    13   15   16    9
    3    8    1    1    4    4    1    1    1    1       769  148    0 CMat   145  146  147  148
    3    9    2    1    8    0    0    1    1    0       710    9    1 CMat     1    5    6    8    3    4    7    2
    3   10    1    1    8    5    4    2    1    0       985  153    0 CMat   149  150  151  152  153  154  155  156
    3   11    1    1    8    7    2    2    1    0       613    8    1 CMat     2    5    1    6    7    4    8    3
    3   12    2    1    8    0    0    2    1    1       581  165    0 CMat   157  158  159  160  161  162  163  164
    3   13    2    1    4    0    0    2    1    1       519   10    1 CMat     9   15   11   12
    3   14    1    1    2    1    2    2    1    0      1231  166    0 CMat   166  167
    3   15    2    1    4    0    0    2    1    1       582   14    1 CMat    16   11   10   13
    3   16    1    1    4    3    2    2    1    0       773  170    0 CMat   168  169  170  171
    3   17    2    1    4    0    0    1    1    0       864   10    1 CMat     7    6    4    8
    3   18    2    1    4    0    0    1    1    0       592  176    0 CMat   172  173  174  175
    3   19    2    1    4    0    0    2    1    1       562   12    1 CMat    15   14   13    9
    3   20    1    1    4    1    4    2    1    0       561  177    0 CMat   177  178  179  180
    3   21    1    1    4    1    4    2    1    0       515    4    1 CMat     4    6    5    8
    3   22    1    1    2    2    1    1    1    1       639  182    0 CMat   181  182
    3   23    2    1    2    0    0    1    1    0       537   10    1 CMat     4    7
    3   24    1    1    4    1    4    2    1    0       490  183    0 CMat   183  184  185  186
    4    1    2    1    4    0    0    1    1    0       616   14    1 CMat     4    1    8    3
    4    2    1    1    8    8    1    1    1    1       556  194    0 CMat   187  188  189  190  191  192  193  194
    4    3    2    1    4    0    0    2    1    1       431    9    1 CMat    12   15    9   14
    4    4    2    1    2    0    0    1    1    0       462  197    0 CMat   195  196
    4    5    1    1    2    2    1    2    1    0       431    4    1 CMat     8    4
    4    6    2    1    2    0    0    2    1    1       462  200    0 CMat   198  199
    4    7    1    1    8    1    8    2    1    0       527    3    1 CMat     3    7    8    1    6    5    4    2
    4    8    2    1    2    0    0    2    1    1       442  203    0 CMat   201  202
    4    9    1    1    8    8    1    1    1    1       892    8    1 CMat    10   13   15   12   11    9   14   16
    4   10    1    1    8    5    4    1    1    1       676  208    0 CMat   204  205  206  207  208  209  210  211
    4   11    2    1    4    0    0    1    1    0       706   16    1 CMat     4    3    1    2
    4   12    2    1    8    0    0    1    1    0       591  220    0 CMat   212  213  214  215  216  217  218  219
    4   13    2    1    8    0    0    1    1    0       731   11    1 CMat     2    8    4    7    3    1    6    5
    4   14    2    1    2    0    0    2    1    1       383  223    0 CMat   221  222
    4   15    1    1    4    3    2    2    1    0       761    4    1 CMat     7    2    4    6
    4   16    2    1    2    0    0    2    1    1       428  226    0 CMat   224  225
    4   17    2    1    8    0    0    1    1    0       558    9    1 CMat     6    5    8    1    4    7    3    2
    4   18    2    1    8    0    0    2    1    1       561  235    0 CMat   227  228  229  230  231  232  233  234
    4   19    2    1    4    0    0    2    1    1       531    9    1 CMat    11   10    9   12
    4   20    2    1    2    0    0    2    1    1       496  238    0 CMat   236  237
    4   21    1    1    8    5    4    2    1    0       768    3    1 CMat     4    8    7    2    3    6    5    1
    4   22    2    1    2    0    0    2    1    1       403  241    0 CMat   239  240
    4   23    1    1    4    1    4    2    1    0       476    1    1 CMat     1    2    6    3
    4   24    2    1    4    0    0    2    1    1       862  246    0 CMat   242  243  244  245
    5    1    2    1    2    0    0    1    1    0       423   16    1 CMat     5    8
    5    2    1    1    4    1    4    1    1    1       764  247    0 CMat   247  248  249  250
    5    3    1    1    2    2    1    1    1    1       530    5    1 CMat    14   13
    5    4    2    1    2    0    0    1    1    0       477  253    0 CMat   251  252
    5    5    1    1    2    1    2    2    1    0       461    8    1 CMat     8    3
    5    6    2    1    2    0    0    2    1    1       395  256    0 CMat   254  255
    5    7    2    1    2    0    0    2    1    1       479   12    1 CMat    16   12
    5    8    1    1    8    7    2    2    1    0       569  263    0 CMat   257  258  259  260  261  262  263  264
    5    9    1    1    2    1    2    2    1    0       438    1    1 CMat     1    6
    5   10    1    1    2    2    1    1    1    1       679  266    0 CMat   265  266
    5   11    1    1    2    1    2    1    1    1       512    7    1 CMat    15   14
    5   12    2    1    2    0    0    1    1    0       477  269    0 CMat   267  268
    5   13    1    1    4    3    2    1    1    1       627    6    1 CMat    15   10   14   13
    5   14    2    1    8    0    0    2    1    1       563  278    0 CMat   270  271  272  273  274  275  276  277
    5   15    2    1    4    0    0    2    1    1       437   11    1 CMat     9   10   16   14
    5   16    1    1    8    3    6    1    0    0       577  281    0 CMat   279  280  281  282  283  284  285  286
    5   17    2    1    8    0    0    2    1    1       669   16    1 CMat    11   13   12   10    9   14   15   16
    5   18    1    1    8    2    7    1    1    1       703  288    0 CMat   287  288  289  290  291  292  293  294
    5   19    1    1    8    6    3    2    1    0       646    3    1 CMat     8    2    6    5    7    3    1    4
    5   20    1    1    2    2    1    2    1    0       478  296    0 CMat   295  296
    5   21    1    1    4    3    2    2    1    0       852    3    1 CMat     5    2    3    7
    5   22    2    1    4    0    0    1    1    0       630  301    0 CMat   297  298  299  300
    5   23    2    1    8    0    0    1    1    0       640   10    1 CMat     7    3    6    1    2    4    5    8
    5   24    2    1    4    0    0    2    1    1       524  306    0 CMat   302  303  304  305
    6    1    1    1    2    1    2    1    1    1       486    4    1 CMat    12   15
    6    2    2    1    8    0    0    1    1    0       526  315    0 CMat   307  308  309  310  311  312  313  314
    6    3    1    1    2    1    2    1    1    1       636    8    1 CMat    16   10
    6    4    2    1    8    0    0    2    1    1       832  324    0 CMat   316  317  318  319  320  321  322  323
    6    5    1    1    2    1    2    1    1    1       418    5    1 CMat    13   12
    6    6    2    1    2    0    0    2    1    1       418  327    0 CMat   325  326
    6    7    1    1    2    2    1    1    1    1       438    3    1 CMat    13   11
    6    8    2    1    8    0    0    2    1    1       526  336    0 CMat   328  329  330  331  332  333  334  335
    6    9    2    1    8    0    0    2    1    1       700   16    1 CMat    12   10   16   15   13   11   14    9
    6   10    2    1    8    0    0    1    1    0       603  345    0 CMat   337  338  339  340  341  342  343  344
    6   11    1    1    2    1    2    1    1    1       487    4    1 CMat    12   15
    6   12    1    1    8    2    7    1    1    1       590  347    0 CMat   346  347  348  349  350  351  352  353
    6   13    1    1    4    3    2    2    1    0      1328    8    1 CMat     2    1    8    3
    6   14    1    1    2    2    1    1    1    1       397  355    0 CMat   354  355
    6   15    2    1    2    0    0    1    1    0       433    9    1 CMat     2    7
    6   16    1    1    8    6    3    2    1    0       571  361    0 CMat   356  357  358  359  360  361  362  363
    6   17    2    1    8    0    0    2    1    1       664   14    1 CMat    11    9   13   14   15   12   10   16
    6   18    1    1    8    1    8    1    1    1       571  364    0 CMat   364  365  366  367  368  369  370  371
    6   19    1    1    8    4    5    2    1    0       584    8    1 CMat     4    3    5    8    6    1    7    2
    6   20    1    1    2    1    2    1    1    1       481  372    0 CMat   372  373
    6   21    1    1    8    4    5    2    1    0       594    2    1 CMat     7    3    6    2    8    1    4    5
    6   22    2    1    2    0    0    2    1    1       442  376    0 CMat   374  375
    6   23    1    1    4    3    2    1    1    1       706    4    1 CMat    10   13   12   11
    6   24    2    1    8    0    0    2    1    1       593  385    0 CMat   377  378  379  380  381  382  383  384
    7    1    2    1    4    0    0    1    1    0       686    9    1 CMat     6    2    1    4
    7    2    1    1    8    1    8    1    1    1       480  386    0 CMat   386  387  388  389  390  391  392  393
    7    3    1    1    8    8    1    2    1    0       368    1    1 CMat     6    5    2    3    7    8    4    1
    7    4    1    1    8    5    4    1    0    0       623  398    0 CMat   394  395  396  397  398  399  400  401
    7    5    1    1    8    4    5    2    1    0       666    8    1 CMat     6    5    4    8    7    2    1    3
    7    6    2    1    4    0    0    2    1    1       467  406    0 CMat   402  403  404  405
    7    7    1    1    2    1    2    1    1    1       485    5    1 CMat    13   10
    7    8    2    1    8    0    0    1    1    0      1070  415    0 CMat   407  408  409  410  411  412  413  414
    7    9    1    1    8    7    2    1    1    1       647    3    1 CMat    13   10    9   14   15   16   11   12
    7   10    1    1    8    2    7    1    1    1       618  417    0 CMat   416  417  418  419  420  421  422  423
    7   11    2    1    8    0    0    2    1    1       596   15    1 CMat    12   16   10    9   14   11   13   15
    7   12    2    1    2    0    0    2    1    1       414  426    0 CMat   424  425
    7   13    1    1    4    2    3    1    1    1       630    2    1 CMat     9   10   16   15
    7   14    1    1    8    4    5    1    1    1       794  430    0 CMat   427  428  429  430  431  432  433  434
    7   15    2    1    4    0    0    2    1    1       643   14    1 CMat    16   12   10    9
    7   16    1    1    8    6    3    2    1    0       536  440    0 CMat   435  436  437  438  439  440  441  442
    7   17    2    1    2    0    0    1    1    0       438   14    1 CMat     5    2
    7   18    2    1    4    0    0    1    1    0       490  447    0 CMat   443  444  445  446
    7   19    1    1    2    2    1    1    1    1       427    1    1 CMat    14    9
    7   20    1    1    8    1    8    2    1    0       567  448    0 CMat   448  449  450  451  452  453  454  455
    7   21    1    1    8    1    8    1    1    1       723    1    1 CMat     9   16   11   15   13   12   10   14
    7   22    1    1    8    3    6    1    1    1       596  458    0 CMat   456  457  458  459  460  461  462  463
    7   23    1    1    2    1    2    1    1    1       400    5    1 CMat    13   11
    7   24    2    1    4    0    0    1    1    0       533  468    0 CMat   464  465  466  467
    8    1    2    1    2    0    0    2    1    1      2656   11    1 CMat    10   16
    8    2    1    1    4    1    4    1    1    1       666  469    0 CMat   469  470  471  472
    8    3    2    1    8    0    0    2    1    1       675   14    1 CMat     9   16   12   15   14   10   13   11
    8    4    2    1    8    0    0    1    0    1       630  481    0 CMat   473  474  475  476  477  478  479  480
    8    5    1    1    4    3    2    2    1    0       437    6    1 CMat     7    2    6    3
    8    6    1    1    8    1    8    2    1    0       769  482    0 CMat   482  483  484  485  486  487  488  489
    8    7    1    1    2    2    1    2    1    0       422    2    1 CMat     1    2
    8    8    1    1    4    1    4    2    1    0       603  490    0 CMat   490  491  492  493
    8    9    2    1    8    0    0    1    1    0       710    9    1 CMat     4    6    3    2    8    7    1    5
    8   10    1    1    4    3    2    2    1    0       558  496    0 CMat   494  495  496  497
    8   11    2    1    4    0    0    2    1    1       642   13    1 CMat    14   16    9   15
    8   12    1    1    4    3    2    1    1    1       527  500    0 CMat   498  499  500  501
    8   13    2    1    2    0    0    1    1    0       557   12    1 CMat     3    1
    8   14    2    1    2    0    0    1    1    0       424  504    0 CMat   502  503
    8   15    2    1    8    0    0    2    1    1       700   12    1 CMat    16    9   15   14   11   12   13   10
    8   16    2    1    2    0    0    1    1    0       369  507    0 CMat   505  506
    8   17    1    1    4    1    4    2    1    0       586    2    1 CMat     2    4    6    3
    8   18    1    1    2    1    2    1    1    1       662  508    0 CMat   508  509
    8   19    1    1    4    3    2    1    1    1       676    7    1 CMat    13    9   15   10
    8   20    1    1    4    3    2    1    1    1       463  512    0 CMat   510  511  512  513
    8   21    1    1    2    1    2    1    1    1       400    3    1 CMat    11   14
    8   22    2    1    2    0    0    1    1    0       416  516    0 CMat   514  515
    8   23    1    1    2    1    2    2    1    0       499    3    1 CMat     3    6
    8   24    1    1    8    7    2    2    1    0       508  523    0 CMat   517  518  519  520  521  522  523  524
    9    1    1    1    4    2    3    2    1    0       620    6    1 CMat     1    6    5    8
    9    2    1    1    8    2    7    2    1    0       544  526    0 CMat   525  526  527  528  529  530  531  532
    9    3    1    1    4    3    2    2    1    0       499    2    1 CMat     8    5    2    7
    9    4    2    1    2    0    0    1    1    0       544  535    0 CMat   533  534
    9    5    1    1    8    3    6    2    1    0       958    5    1 CMat     6    3    5    1    8    2    7    4
    9    6    2    1    2    0    0    1    1    0       538  538    0 CMat   536  537
    9    7    1    1    2    1    2    2    1    0       424    3    1 CMat     3    1
    9    8    1    1    8    7    2    1    1    1       485  545    0 CMat   539  540  541  542  543  544  545  546
    9    9    1    1    4    1    4    2    1    0       523    2    1 CMat     2    5    1    6
    9   10    1    1    8    8    1    2    1    0       386  554    0 CMat   547  548  549  550  551  552  553  554
    9   11    1    1    2    1    2    1    1    1       421    5    1 CMat    13   10
    9   12    2    1    8    0    0    1    1    0       542  563    0 CMat   555  556  557  558  559  560  561  562
    9   13    1    1    4    3    2    2    1    0       817    5    1 CMat     2    1    5    4
    9   14    2    1    2    0    0    1    1    0       483  566    0 CMat   564  565
    9   15    2    1    4    0    0    2    1    1       488   16    1 CMat    11   13    9   15
    9   16    2    1    4    0    0    1    1    0       458  571    0 CMat   567  568  569  570
    9   17    2    1    4    0    0    2    1    1       673   16    1 CMat    12    9   15   16
    9   18    1    1    2    1    2    1    1    1       552  572    0 CMat   572  573
    9   19    1    1    2    2    1    1    1    1       422    6    1 CMat    15   14
    9   20    2    1    2    0    0    1    1    0       456  576    0 CMat   574  575
    9   21    1    1    2    1    2    2    1    0       426    8    1 CMat     8    5
    9   22    2    1    4    0    0    1    1    0       526  581    0 CMat   577  578  579  580
    9   23    2    1    4    0    0    2    1    1       434   15    1 CMat    14    9   11   10
    9   24    2    1    4    0    0    2    1    1       484  586    0 CMat   582  583  584  585
