    1    1    2    1    8    0    0    2    0    0     17088   13    1 CMat     7    1    4    2    6    5    8    3
    1    2    2    1    8    0    0    2    1    1      2110   25    0 CMat    17   18   19   20   21   22   23   24
    1    3    2    1    4    0    0    2    1    1      1880   13    1 CMat    15   16    9   12
    1    4    2    1    8    0    0    1    1    0       901   34    0 CMat    26   27   28   29   30   31   32   33
    1    5    2    1    8    0    0    2    1    1      1731   13    1 CMat    14    9   13   16   15   12   10   11
    1    6    1    1    2    1    2    2    1    0      1225   35    0 CMat    35   36
    1    7    1    1    2    2    1    2    1    0       629    2    1 CMat     6    2
    1    8    1    1    8    4    5    1    0    0      1438   40    0 CMat    37   38   39   40   41   42   43   44
    1    9    1    1    2    2    1    1    1    1       561    5    1 CMat    10   13
    1   10    2    1    4    0    0    2    1    1      1315   49    0 CMat    45   46   47   48
    1   11    2    1    2    0    0    2    1    1      1203   16    1 CMat    10   13
    1   12    1    1    4    1    4    1    1    1       875   50    0 CMat    50   51   52   53
    1   13    2    1    8    0    0    2    1    1      1254   13    1 CMat    12    9   13   14   11   10   15   16
    1   14    1    1    2    2    1    1    1    1       952   55    0 CMat    54   55
    1   15    2    1    4    0    0    1    1    0       868   11    1 CMat     5    4    7    8
    1   16    2    1    4    0    0    2    0    0      1411   60    0 CMat    56   57   58   59
    1   17    1    1    2    2    1    2    1    0       479    1    1 CMat     8    1
    1   18    2    1    4    0    0    2    1    1      1461   65    0 CMat    61   62   63   64
    1   19    2    1    4    0    0    1    1    0      1166   14    1 CMat     4    2    1    8
    1   20    2    1    2    0    0    2    1    1      1369   68    0 CMat    66   67
    1   21    1    1    8    3    6    2    1    0      1376    1    1 CMat     6    8    1    5    4    2    3    7
    1   22    1    1    4    2    3    1    1    1      1193   70    0 CMat    69   70   71   72
    1   23    2    1    2    0    0    2    1    1      1679   13    1 CMat     9   16
    1   24    1    1    2    2    1    1    1    1      1088   74    0 CMat    73   74
    2    1    2    1    8    0    0    1    0    1      1168   12    1 CMat    11   10   12   13   14   15   16    9
    2    2    2    1    8    0    0    1    0    1      1107   83    0 CMat    75   76   77   78   79   80   81   82
    2    3    1    1    2    2    1    1    1    1      1100    3    1 CMat    12   11
    2    4    2    1    8    0    0    1    1    0      1204   92    0 CMat    84   85   86   87   88   89   90   91
    2    5    2    1    4    0    0    1    1    0      1102   12    1 CMat     7    4    2    6
    2    6    2    1    8    0    0    1    0    1      1956  101    0 CMat    93   94   95   96   97   98   99  100
    2    7    1    1    2    2    1    1    1    1      1003    5    1 CMat     9   13
    2    8    2    1    2    0    0    1    1    0       886  104    0 CMat   102  103
    2    9    2    1    8    0    0    2    1    1      1225    9    1 CMat    16   14   11   15   12   10   13    9
    2   10    2    1    8    0    0    1    1    0      2396  113    0 CMat   105  106  107  108  109  110  111  112
    2   11    2    1    8    0    0    2    1    1      1578   15    1 CMat    14   10   12   15   16   11   13    9
    2   12    2    1    4    0    0    1    1    0      1107  118    0 CMat   114  115  116  117
    2   13    1    1    2    1    2    1    1    1       956    3    1 CMat    11   10
    2   14    1    1    8    8    1    2    1    0      1263  126    0 CMat   119  120  121  122  123  124  125  126
    2   15    2    1    8    0    0    2    1    1      1283   12    1 CMat     9   15   14   10   13   16   12   11
    2   16    2    1    4    0    0    2    1    1      1127  131    0 CMat   127  128  129  130
    2   17    2    1    4    0    0    2    1    1      1044   16    1 CMat    11   16    9   10
    2   18    2    1    4    0    0    1    1    0       963  136    0 CMat   132  133  134  135
    2   19    1    1    8    5    4    1    1    1      1179    6    1 CMat    13   12   16   10   14    9   11   15
    2   20    1    1    4    1    4    1    1    1      1068  137    0 CMat   137  138  139  140
    2   21    1    1    2    2    1    1    1    1       974    6    1 CMat     9   14
    2   22    1    1    4    3    2    1    1    1      1166  143    0 CMat   141  142  143  144
    2   23    1    1    2    1    2    1    1    1      1028    1    1 CMat     9   10
    2   24    1    1    8    4    5    2    1    0      1172  148    0 CMat   145  146  147  148  149  150  151  152
    3    1    2    1    2    0    0    2    1    1      1063   14    1 CMat    12   16
    3    2    1    1    4    4    1    2    1    0      1069  156    0 CMat   153  154  155  156
    3    3    2    1    4    0    0    1    1    0      1132   15    1 CMat     5    8    2    4
    3    4    1    1    4    2    3    2    1    0      1112  158    0 CMat   157  158  159  160
    3    5    2    1    2    0    0    2    1    1       961   11    1 CMat    16   12
    3    6    1    1    2    1    2    1    1    1      1294  161    0 CMat   161  162
    3    7    2    1    2    0    0    2    1    1       992   11    1 CMat    16   13
    3    8    1    1    2    1    2    1    1    1       796  163    0 CMat   163  164
    3    9    1    1    4    3    2    1    1    1       831    1    1 CMat    12   16    9   10
    3   10    1    1    8    2    7    2    1    0      1271  166    0 CMat   165  166  167  168  169  170  171  172
    3   11    2    1    8    0    0    1    1    0      1194   14    1 CMat     7    6    1    4    2    5    8    3
    3   12    2    1    2    0    0    1    1    0      1156  175    0 CMat   173  174
    3   13    1    1    2    2    1    1    1    1      1091    5    1 CMat    10   13
    3   14    1    1    4    3    2    2    1    0       953  178    0 CMat   176  177  178  179
    3   15    1    1    2    1    2    1    1    1       760    2    1 CMat    10   15
    3   16    1    1    4    2    3    2    1    0      1234  181    0 CMat   180  181  182  183
    3   17    1    1    2    1    2    2    1    0      1366    1    1 CMat     1    6
    3   18    2    1    2    0    0    1    1    0       809  186    0 CMat   184  185
    3   19    1    1    8    2    7    2    1    0      1030    1    1 CMat     8    1    2    6    4    5    3    7
    3   20    1    1    4    3    2    1    1    1       724  189    0 CMat   187  188  189  190
    3   21    2    1    8    0    0    2    1    1      1597   16    1 CMat     9   14   12   13   16   15   11   10
    3   22    2    1    8    0    0    2    1    1      1436  199    0 CMat   191  192  193  194  195  196  197  198
    3   23    1    1    8    3    6    1    1    1      1089    7    1 CMat    10   14   15   11   16    9   13   12
    3   24    1    1    4    4    1    1    1    1       916  203    0 CMat   200  201  202  203
    4    1    1    1    8    7    2    1    1    1       819    8    1 CMat     9   10   13   11   15   12   16   14
    4    2    2    1    4    0    0    2    1    1      2396  208    0 CMat   204  205  206  207
    4    3    2    1    2    0    0    1    1    0      1322   15    1 CMat     2    5
    4    4    1    1    2    2    1    1    1    1       953  210    0 CMat   209  210
    4    5    2    1    2    0    0    2    0    0      1824   11    1 CMat     8    5
    4    6    1    1    2    1    2    1    1    1      1363  211    0 CMat   211  212
    4    7    1    1    8    1    8    1    0    0      1891    6    1 CMat     6    3    8    1    4    2    7    5
    4    8    1    1    4    1    4    2    1    0      1295  213    0 CMat   213  214  215  216
    4    9    2    1    2    0    0    1    1    0       777    9    1 CMat     5    8
    4   10    2    1    8    0    0    2    1    1      1319  225    0 CMat   217  218  219  220  221  222  223  224
    4   11    2    1    4    0    0    2    1    1      1005   10    1 CMat    10   13   15   16
    4   12    2    1    8    0    0    1    1    0       987  234    0 CMat   226  227  228  229  230  231  232  233
    4   13    1    1    4    2    3    2    1    0      1046    6    1 CMat     7    6    8    5
    4   14    1    1    4    1    4    2    1    0      1269  235    0 CMat   235  236  237  238
    4   15    1    1    4    3    2    1    1    1      1124    6    1 CMat    12   11   14    9
    4   16    2    1    4    0    0    2    1    1      5599  243    0 CMat   239  240  241  242
    4   17    2    1    8    0    0    1    1    0      1014   14    1 CMat     6    7    3    8    5    4    1    2
    4   18    2    1    8    0    0    2    1    1      1287  252    0 CMat   244  245  246  247  248  249  250  251
    4   19    1    1    2    1    2    1    1    1      1272    5    1 CMat    13    9
    4   20    2    1    8    0    0    1    1    0      1601  261    0 CMat   253  254  255  256  257  258  259  260
    4   21    2    1    8    0    0    2    0    0      1399   13    1 CMat     3    1    7    6    5    8    4    2
    4   22    2    1    4    0    0    1    1    0      1062  266    0 CMat   262  263  264  265
    4   23    1    1    4    4    1    1    1    1      1030    6    1 CMat     9   13   16   14
    4   24    2    1    2    0    0    1    1    0      1344  269    0 CMat   267  268
    5    1    2    1    2    0    0    2    1    1      1290   15    1 CMat    14   11
    5    2    2    1    8    0    0    2    1    1      1210  278    0 CMat   270  271  272  273  274  275  276  277
    5    3    1    1    4    2    3    1    1    1       964    1    1 CMat    14    9   12   15
    5    4    2    1    2    0    0    2    1    1      1273  281    0 CMat   279  280
    5    5    2    1    8    0    0    2    1    1      1844   14    1 CMat    15   14   10    9   11   12   16   13
    5    6    1    1    2    2    1    2    1    0      2063  283    0 CMat   282  283
    5    7    1    1    4    1    4    1    1    1      1807    8    1 CMat    16    9   13   12
    5    8    1    1    4    3    2    1    1    1       806  286    0 CMat   284  285  286  287
    5    9    1    1    8    3    6    1    0    0      1091    2    1 CMat     5    4    2    7    3    1    6    8
    5   10    1    1    4    3    2    1    1    1      1193  290    0 CMat   288  289  290  291
    5   11    2    1    2    0    0    2    1    1       966   15    1 CMat    11   14
    5   12    2    1    8    0    0    1    1    0      1689  300    0 CMat   292  293  294  295  296  297  298  299
    5   13    2    1    2    0    0    2    1    1      1394   10    1 CMat    16   13
    5   14    2    1    2    0    0    1    1    0      1541  303    0 CMat   301  302
    5   15    2    1    2    0    0    1    1    0      1333   13    1 CMat     3    2
    5   16    2    1    8    0    0    1    1    0       997  312    0 CMat   304  305  306  307  308  309  310  311
    5   17    1    1    2    1    2    2    1    0       962    1    1 CMat     1    5
    5   18    2    1    4    0    0    1    1    0      1220  317    0 CMat   313  314  315  316
    5   19    1    1    2    2    1    2    1    0       808    4    1 CMat     7    4
    5   20    2    1    4    0    0    1    0    1      1184  322    0 CMat   318  319  320  321
    5   21    1    1    4    2    3    2    1    0       827    2    1 CMat     3    2    1    7
    5   22    1    1    4    3    2    1    1    1      1491  325    0 CMat   323  324  325  326
    5   23    1    1    8    3    6    2    1    0       805    2    1 CMat     1    3    2    6    5    7    8    4
    5   24    1    1    8    7    2    1    1    1       920  333    0 CMat   327  328  329  330  331  332  333  334
    6    1    2    1    2    0    0    2    1    1       849   14    1 CMat    13   16
    6    2    1    1    8    7    2    1    1    1       857  341    0 CMat   335  336  337  338  339  340  341  342
    6    3    1    1    2    1    2    1    0    0      6027    4    1 CMat     4    3
    6    4    1    1    8    1    8    1    1    1       654  343    0 CMat   343  344  345  346  347  348  349  350
    6    5    2    1    8    0    0    1    1    0      1130   13    1 CMat     5    8    7    4    2    1    6    3
    6    6    2    1    2    0    0    2    1    1       616  353    0 CMat   351  352
    6    7    1    1    8    7    2    1    1    1       469    8    1 CMat     9   15   12   13   10   14   16   11
    6    8    1    1    8    1    8    1    1    1       743  354    0 CMat   354  355  356  357  358  359  360  361
    6    9    1    1    4    3    2    1    1    1       508    8    1 CMat    13   15   16    9
    6   10    1    1    2    2    1    2    1    0       404  363    0 CMat   362  363
    6   11    1    1    8    8    1    2    1    0       545    8    1 CMat     1    2    4    6    7    5    3    8
    6   12    1    1    4    4    1    1    1    1       387  367    0 CMat   364  365  366  367
    6   13    1    1    4    2    3    2    0    1      1558    5    1 CMat    15   13   12   14
    6   14    2    1    8    0    0    1    1    0      1007  376    0 CMat   368  369  370  371  372  373  374  375
    6   15    2    1    2    0    0    1    1    0       620    9    1 CMat     5    4
    6   16    1    1    4    2    3    2    1    0      1093  378    0 CMat   377  378  379  380
    6   17    2    1    2    0    0    1    1    0       615   16    1 CMat     6    4
    6   18    1    1    4    2    3    2    1    0      1270  382    0 CMat   381  382  383  384
    6   19    1    1    2    1    2    2    1    0       688    6    1 CMat     6    1
    6   20    1    1    8    2    7    1    1    1      1072  386    0 CMat   385  386  387  388  389  390  391  392
    6   21    2    1    4    0    0    1    1    0       704   15    1 CMat     7    6    8    3
    6   22    2    1    2    0    0    2    1    1       799  395    0 CMat   393  394
    6   23    1    1    8    5    4    1    1    1       676    5    1 CMat    16   11   12   14   13   15   10    9
    6   24    2    1    2    0    0    1    1    0       716  398    0 CMat   396  397
    7    1    1    1    4    2    3    1    1    1       408    2    1 CMat    15   10   11   13
    7    2    2    1    2    0    0    2    1    1       995  401    0 CMat   399  400
    7    3    2    1    2    0    0    1    1    0       672   13    1 CMat     6    5
    7    4    1    1    4    4    1    1    1    1       459  405    0 CMat   402  403  404  405
    7    5    2    1    4    0    0    2    1    1       812   16    1 CMat    14   12   16   11
    7    6    2    1    8    0    0    2    0    0       725  414    0 CMat   406  407  408  409  410  411  412  413
    7    7    2    1    8    0    0    2    1    1      1278   13    1 CMat    10   16   11   13   12   14    9   15
    7    8    2    1    2    0    0    1    1    0       784  417    0 CMat   415  416
    7    9    2    1    8    0    0    1    1    0      1071   13    1 CMat     1    3    4    2    5    6    8    7
    7   10    1    1    4    2    3    1    1    1       955  419    0 CMat   418  419  420  421
    7   11    1    1    4    1    4    2    1    0       943    8    1 CMat     8    7    6    2
    7   12    1    1    4    3    2    2    1    0       643  424    0 CMat   422  423  424  425
    7   13    1    1    2    1    2    1    1    1       470    2    1 CMat    10   11
    7   14    2    1    8    0    0    2    0    0       503  434    0 CMat   426  427  428  429  430  431  432  433
    7   15    1    1    4    3    2    1    1    1       437    8    1 CMat    15   11   16   12
    7   16    2    1    2    0    0    2    1    1       894  437    0 CMat   435  436
    7   17    1    1    4    2    3    2    1    0       997    1    1 CMat     3    1    2    5
    7   18    2    1    2    0    0    2    1    1       912  440    0 CMat   438  439
    7   19    2    1    2    0    0    2    1    1       913   13    1 CMat    11   14
    7   20    1    1    8    3    6    2    1    0      1103  443    0 CMat   441  442  443  444  445  446  447  448
    7   21    2    1    4    0    0    1    1    0       829   10    1 CMat     3    1    8    4
    7   22    1    1    8    3    6    2    1    0      1120  451    0 CMat   449  450  451  452  453  454  455  456
    7   23    2    1    8    0    0    1    0    1       928   15    1 CMat    14   11   16   15    9   10   12   13
    7   24    2    1    4    0    0    1    1    0      1357  461    0 CMat   457  458  459  460
    8    1    2    1    2    0    0    1    1    0      1617   12    1 CMat     6    4
    8    2    2    1    4    0    0    2    1    1       824  466    0 CMat   462  463  464  465
    8    3    1    1    4    2    3    2    1    0       746    2    1 CMat     6    2    3    7
    8    4    1    1    8    8    1    2    1    0      2149  474    0 CMat   467  468  469  470  471  472  473  474
    8    5    2    1    4    0    0    2    1    1      1337   15    1 CMat    16   12   11    9
    8    6    2    1    4    0    0    2    1    1       739  479    0 CMat   475  476  477  478
    8    7    1    1    2    1    2    2    1    0       786    8    1 CMat     8    5
    8    8    2    1    4    0    0    2    1    1       787  484    0 CMat   480  481  482  483
    8    9    1    1    4    3    2    1    1    1       711    4    1 CMat    10   16   12   15
    8   10    1    1    8    8    1    2    1    0       825  492    0 CMat   485  486  487  488  489  490  491  492
    8   11    1    1    2    1    2    1    0    0       893    2    1 CMat     2    7
    8   12    2    1    4    0    0    2    1    1       881  497    0 CMat   493  494  495  496
    8   13    2    1    4    0    0    1    1    0       792   11    1 CMat     4    8    6    1
    8   14    1    1    8    6    3    1    1    1      1228  503    0 CMat   498  499  500  501  502  503  504  505
    8   15    2    1    2    0    0    2    1    1      1144   11    1 CMat    13   16
    8   16    2    1    2    0    0    1    1    0       855  508    0 CMat   506  507
    8   17    1    1    8    1    8    1    1    1      1027    8    1 CMat    16   10   14   12   15   11   13    9
    8   18    1    1    2    2    1    1    0    0      5747  510    0 CMat   509  510
    8   19    2    1    2    0    0    2    1    1       947   12    1 CMat    10   15
    8   20    2    1    8    0    0    2    1    1      1279  519    0 CMat   511  512  513  514  515  516  517  518
    8   21    1    1    2    1    2    1    1    1       993    1    1 CMat     9   11
    8   22    1    1    2    1    2    2    1    0       901  520    0 CMat   520  521
    8   23    2    1    4    0    0    1    1    0       892   15    1 CMat     7    3    1    2
    8   24    1    1    4    4    1    2    1    0      1922  525    0 CMat   522  523  524  525
    9    1    1    1    2    1    2    2    1    0       883    6    1 CMat     6    3
    9    2    1    1    2    2    1    1    1    1       756  527    0 CMat   526  527
    9    3    2    1    4    0    0    1    0    1       856   14    1 CMat     9   11   15   13
    9    4    1    1    2    1    2    2    1    0       826  528    0 CMat   528  529
    9    5    1    1    8    7    2    2    1    0      1143    8    1 CMat     7    3    6    2    5    4    8    1
    9    6    1    1    2    1    2    1    1    1       639  530    0 CMat   530  531
    9    7    1    1    2    1    2    1    1    1       594    1    1 CMat     9   10
    9    8    2    1    8    0    0    2    1    1      1022  540    0 CMat   532  533  534  535  536  537  538  539
    9    9    2    1    4    0    0    1    1    0       800   11    1 CMat     3    4    2    6
    9   10    2    1    2    0    0    2    1    1      3275  543    0 CMat   541  542
    9   11    2    1    2    0    0    1    1    0       766   16    1 CMat     8    4
    9   12    2    1    2    0    0    1    1    0       682  546    0 CMat   544  545
    9   13    2    1    2    0    0    1    1    0       628   12    1 CMat     4    1
    9   14    1    1    8    2    7    1    1    1       701  548    0 CMat   547  548  549  550  551  552  553  554
    9   15    1    1    2    1    2    1    1    1      2557    8    1 CMat    16   15
    9   16    2    1    2    0    0    2    1    1      1048  557    0 CMat   555  556
    9   17    1    1    2    2    1    1    1    1       611    4    1 CMat    16   12
    9   18    1    1    2    2    1    1    1    1      1160  559    0 CMat   558  559
    9   19    2    1    8    0    0    1    1    0       848    9    1 CMat     4    2    7    1    8    3    5    6
    9   20    2    1    8    0    0    2    0    0      1520  568    0 CMat   560  561  562  563  564  565  566  567
    9   21    1    1    2    2    1    2    1    0      1912    1    1 CMat     3    1
    9   22    1    1    2    2    1    1    1    1       808  570    0 CMat   569  570
    9   23    1    1    8    1    8    1    1    1       757    5    1 CMat    13   16    9   11   12   15   10   14
    9   24    2    1    4    0    0    1    1    0       783  575    0 CMat   571  572  573  574
