    1    1    1    1    4    1    4    1    1    1      1855   11    1 CMat    11   13    9   14
    1    2    1    1    8    3    6    2    1    0       936   19    0 CMat    17   18   19   20   21   22   23   24
    1    3    1    1    4    4    1    1    1    1       651   10    1 CMat     9   13   14   10
    1    4    2    1    4    0    0    2    1    1      4650   29    0 CMat    25   26   27   28
    1    5    1    1    4    1    4    2    1    0      1144    7    1 CMat     7    3    2    6
    1    6    2    1    4    0    0    2    1    1      1235   34    0 CMat    30   31   32   33
    1    7    2    1    8    0    0    1    1    0      1094    9    1 CMat     1    6    4    5    3    8    2    7
    1    8    1    1    4    2    3    1    1    1      1170   36    0 CMat    35   36   37   38
    1    9    1    1    4    3    2    2    1    0      2221    3    1 CMat     6    4    3    2
    1   10    1    1    4    1    4    2    0    1      1325   39    0 CMat    39   40   41   42
    1   11    1    1    2    2    1    2    1    0      1228    6    1 CMat     7    6
    1   12    1    1    8    2    7    1    1    1      1071   44    0 CMat    43   44   45   46   47   48   49   50
    1   13    2    1    2    0    0    1    1    0       696   11    1 CMat     6    2
    1   14    1    1    8    7    2    2    1    0      3726   57    0 CMat    51   52   53   54   55   56   57   58
    1   15    2    1    4    0    0    1    0    1      1043    8    1 CMat    13   14   12   11
    1   16    1    1    8    3    6    2    1    0      1068   61    0 CMat    59   60   61   62   63   64   65   66
    1   17    1    1    4    2    3    2    1    0       875    4    1 CMat     7    4    8    5
    1   18    2    1    4    0    0    2    1    1      1296   71    0 CMat    67   68   69   70
    1   19    2    1    2    0    0    1    1    0      2673   14    1 CMat     4    1
    1   20    2    1    2    0    0    1    1    0       795   74    0 CMat    72   73
    1   21    1    1    8    6    3    2    1    0       912    4    1 CMat     3    1    8    7    5    4    2    6
    1   22    1    1    2    1    2    1    1    1       912   75    0 CMat    75   76
    1   23    1    1    2    1    2    1    1    1       656    9    1 CMat     9   15
    1   24    1    1    2    1    2    2    1    0       666   77    0 CMat    77   78
    2    1    1    1    4    4    1    1    1    1      1045   15    1 CMat    11    9   10   15
    2    2    1    1    4    1    4    2    1    0       741   79    0 CMat    79   80   81   82
    2    3    1    1    8    4    5    1    1    1      1036   11    1 CMat    13   10    9   11   16   15   12   14
    2    4    1    1    8    2    7    2    0    1      1044   84    0 CMat    83   84   85   86   87   88   89   90
    2    5    2    1    4    0    0    1    1    0       788   15    1 CMat     1    7    5    6
    2    6    1    1    2    2    1    1    1    1      1033   92    0 CMat    91   92
    2    7    2    1    2    0    0    2    1    1       819    2    1 CMat    15   14
    2    8    2    1    2    0    0    1    1    0      2406   95    0 CMat    93   94
    2    9    2    1    2    0    0    2    1    1       810    6    1 CMat    16    9
    2   10    1    1    2    1    2    2    1    0       926   96    0 CMat    96   97
    2   11    2    1    8    0    0    1    0    1      1470    6    1 CMat    14   12   13   15   11   16    9   10
    2   12    2    1    4    0    0    1    1    0      1149  102    0 CMat    98   99  100  101
    2   13    1    1    8    5    4    1    0    0       995    3    1 CMat     2    7    1    8    3    4    5    6
    2   14    2    1    2    0    0    1    1    0      1104  105    0 CMat   103  104
    2   15    2    1    2    0    0    1    1    0       824    9    1 CMat     7    2
    2   16    2    1    4    0    0    1    1    0      1216  110    0 CMat   106  107  108  109
    2   17    2    1    4    0    0    1    1    0       825   13    1 CMat     4    5    8    6
    2   18    1    1    8    8    1    1    1    1      1098  118    0 CMat   111  112  113  114  115  116  117  118
    2   19    1    1    4    4    1    1    1    1       536   11    1 CMat    16   12   10   11
    2   20    2    1    2    0    0    1    1    0       902  121    0 CMat   119  120
    2   21    2    1    8    0    0    2    1    1      2678    1    1 CMat     9   15   14   10   11   12   13   16
    2   22    1    1    2    2    1    2    1    0       992  123    0 CMat   122  123
    2   23    2    1    2    0    0    1    1    0       909   10    1 CMat     6    3
    2   24    2    1    2    0    0    2    1    1       748  126    0 CMat   124  125
    3    1    2    1    8    0    0    1    1    0      1036   10    1 CMat     8    1    7    2    6    3    4    5
    3    2    2    1    2    0    0    1    1    0       902  129    0 CMat   127  128
    3    3    1    1    4    1    4    1    1    1       748   11    1 CMat    11   12   16   15
    3    4    2    1    2    0    0    1    1    0       930  132    0 CMat   130  131
    3    5    1    1    8    4    5    1    1    1       866   15    1 CMat    16   11   10   15   12   14   13    9
    3    6    2    1    4    0    0    1    1    0       728  137    0 CMat   133  134  135  136
    3    7    2    1    4    0    0    1    1    0       996    9    1 CMat     1    4    2    5
    3    8    2    1    8    0    0    2    1    1       976  146    0 CMat   138  139  140  141  142  143  144  145
    3    9    1    1    4    4    1    1    1    1       770   14    1 CMat    13   11   12   14
    3   10    1    1    2    1    2    2    1    0       647  147    0 CMat   147  148
    3   11    1    1    2    2    1    2    1    0       578    6    1 CMat     2    6
    3   12    1    1    4    1    4    1    1    1      1060  149    0 CMat   149  150  151  152
    3   13    2    1    8    0    0    1    1    0      1119   13    1 CMat     6    3    4    2    5    7    1    8
    3   14    2    1    8    0    0    2    0    0       997  161    0 CMat   153  154  155  156  157  158  159  160
    3   15    2    1    4    0    0    2    1    1      1784    3    1 CMat    10   15   14   13
    3   16    2    1    8    0    0    2    1    1      1171  170    0 CMat   162  163  164  165  166  167  168  169
    3   17    1    1    2    1    2    1    1    1       809   15    1 CMat    15   13
    3   18    2    1    4    0    0    1    1    0      1281  175    0 CMat   171  172  173  174
    3   19    1    1    4    2    3    1    1    1       775   16    1 CMat    15   16   11    9
    3   20    1    1    4    2    3    2    1    0       911  177    0 CMat   176  177  178  179
    3   21    1    1    8    8    1    2    1    0       800    6    1 CMat     8    1    4    2    3    7    5    6
    3   22    2    1    2    0    0    2    0    0      1539  182    0 CMat   180  181
    3   23    2    1    4    0    0    1    1    0       735   14    1 CMat     3    8    1    2
    3   24    1    1    4    1    4    2    1    0      1035  183    0 CMat   183  184  185  186
    4    1    2    1    2    0    0    1    1    0       799   12    1 CMat     5    7
    4    2    1    1    8    1    8    2    1    0       993  187    0 CMat   187  188  189  190  191  192  193  194
    4    3    2    1    4    0    0    1    1    0       611   15    1 CMat     4    3    6    2
    4    4    1    1    2    2    1    1    1    1       623  196    0 CMat   195  196
    4    5    2    1    8    0    0    2    1    1      1659    2    1 CMat    16   10   14   12    9   11   15   13
    4    6    2    1    8    0    0    1    0    1       908  205    0 CMat   197  198  199  200  201  202  203  204
    4    7    2    1    8    0    0    2    1    1      1884    4    1 CMat    15   14    9   16   13   11   12   10
    4    8    2    1    4    0    0    1    1    0       747  210    0 CMat   206  207  208  209
    4    9    1    1    2    2    1    1    1    1       657   12    1 CMat    11   12
    4   10    1    1    8    4    5    1    1    1      1050  214    0 CMat   211  212  213  214  215  216  217  218
    4   11    2    1    2    0    0    1    1    0      1764   13    1 CMat     1    4
    4   12    2    1    4    0    0    1    1    0       726  223    0 CMat   219  220  221  222
    4   13    1    1    8    7    2    1    1    1       910   14    1 CMat    12   13   16    9   10   15   14   11
    4   14    1    1    2    1    2    2    1    0      1021  224    0 CMat   224  225
    4   15    1    1    4    1    4    1    1    1       590   15    1 CMat    15   12   11   16
    4   16    2    1    4    0    0    1    1    0       750  230    0 CMat   226  227  228  229
    4   17    1    1    8    5    4    1    1    1       597   16    1 CMat    15   14   11   13   16    9   10   12
    4   18    1    1    8    8    1    1    1    1       559  238    0 CMat   231  232  233  234  235  236  237  238
    4   19    2    1    2    0    0    1    1    0       797   14    1 CMat     4    3
    4   20    1    1    4    4    1    1    0    0       583  242    0 CMat   239  240  241  242
    4   21    1    1    8    5    4    2    0    1      1348   11    1 CMat    12    9   14   13   11   10   15   16
    4   22    1    1    8    5    4    2    1    0      1393  247    0 CMat   243  244  245  246  247  248  249  250
    4   23    1    1    2    1    2    1    1    1       878   14    1 CMat    14   13
    4   24    2    1    2    0    0    2    1    1       751  253    0 CMat   251  252
    5    1    2    1    2    0    0    1    1    0      3249   15    1 CMat     1    4
    5    2    1    1    2    1    2    1    1    1      1138  254    0 CMat   254  255
    5    3    1    1    8    1    8    1    1    1       904   10    1 CMat    10   12    9   15   14   16   11   13
    5    4    1    1    4    2    3    1    1    1      1419  257    0 CMat   256  257  258  259
    5    5    1    1    4    1    4    1    1    1       876   15    1 CMat    15   13   11   14
    5    6    2    1    4    0    0    1    1    0      1280  264    0 CMat   260  261  262  263
    5    7    1    1    8    1    8    2    0    1      1121   10    1 CMat    10   15   14    9   13   11   16   12
    5    8    2    1    2    0    0    2    1    1      1224  267    0 CMat   265  266
    5    9    1    1    2    2    1    1    1    1       908   15    1 CMat    12   15
    5   10    2    1    2    0    0    2    1    1      1227  270    0 CMat   268  269
    5   11    2    1    8    0    0    2    1    1       991    4    1 CMat    10   15   14   11    9   16   13   12
    5   12    2    1    8    0    0    2    1    1      1193  279    0 CMat   271  272  273  274  275  276  277  278
    5   13    2    1    4    0    0    1    1    0       595   16    1 CMat     5    2    6    4
    5   14    1    1    4    3    2    2    1    0       981  282    0 CMat   280  281  282  283
    5   15    2    1    2    0    0    2    1    1      1746    8    1 CMat    11   10
    5   16    2    1    4    0    0    1    1    0       695  288    0 CMat   284  285  286  287
    5   17    2    1    8    0    0    1    1    0       815   13    1 CMat     5    8    6    7    2    1    3    4
    5   18    1    1    8    4    5    2    1    0      1122  292    0 CMat   289  290  291  292  293  294  295  296
    5   19    1    1    2    1    2    1    1    1       809   10    1 CMat    10   15
    5   20    1    1    8    7    2    1    1    1       844  303    0 CMat   297  298  299  300  301  302  303  304
    5   21    2    1    4    0    0    1    1    0       757   15    1 CMat     6    3    2    8
    5   22    2    1    8    0    0    2    1    1       825  313    0 CMat   305  306  307  308  309  310  311  312
    5   23    2    1    8    0    0    1    1    0       893   16    1 CMat     4    5    3    1    7    2    6    8
    5   24    1    1    2    2    1    1    1    1       941  315    0 CMat   314  315
    6    1    1    1    8    1    8    1    1    1       874   15    1 CMat    15   14   16   13    9   10   11   12
    6    2    2    1    2    0    0    1    1    0       634  318    0 CMat   316  317
    6    3    1    1    8    1    8    1    1    1       677   12    1 CMat    12   14   11    9   13   15   16   10
    6    4    1    1    2    1    2    1    1    1       558  319    0 CMat   319  320
    6    5    2    1    2    0    0    2    1    1       876    3    1 CMat    14   10
    6    6    1    1    8    3    6    1    1    1       861  323    0 CMat   321  322  323  324  325  326  327  328
    6    7    2    1    8    0    0    2    0    0      1935   15    1 CMat     8    1    4    2    7    6    5    3
    6    8    2    1    4    0    0    1    1    0      1115  333    0 CMat   329  330  331  332
    6    9    1    1    2    1    2    1    1    1       594   16    1 CMat    16   11
    6   10    1    1    4    3    2    2    1    0       868  336    0 CMat   334  335  336  337
    6   11    2    1    4    0    0    2    1    1      1547    2    1 CMat    14   11   16   12
    6   12    2    1    4    0    0    2    1    1       934  342    0 CMat   338  339  340  341
    6   13    2    1    2    0    0    2    1    1       740    2    1 CMat     9   12
    6   14    1    1    4    1    4    1    1    1       624  343    0 CMat   343  344  345  346
    6   15    2    1    2    0    0    2    1    1       699    8    1 CMat    14   13
    6   16    2    1    8    0    0    1    1    0       897  355    0 CMat   347  348  349  350  351  352  353  354
    6   17    1    1    4    4    1    1    1    1       631   15    1 CMat    10   12    9   15
    6   18    2    1    2    0    0    1    1    0       706  358    0 CMat   356  357
    6   19    1    1    2    2    1    1    1    1       570   15    1 CMat    16   15
    6   20    1    1    4    1    4    2    1    0       860  359    0 CMat   359  360  361  362
    6   21    1    1    8    7    2    2    1    0       622    6    1 CMat     8    1    2    7    3    5    6    4
    6   22    1    1    4    3    2    2    1    0       637  365    0 CMat   363  364  365  366
    6   23    1    1    2    1    2    1    1    1       616   13    1 CMat    13   16
    6   24    1    1    2    2    1    1    0    0       419  368    0 CMat   367  368
    7    1    1    1    2    1    2    2    1    0      2553    5    1 CMat     5    2
    7    2    2    1    4    0    0    2    1    1       845  373    0 CMat   369  370  371  372
    7    3    2    1    2    0    0    1    1    0       656   16    1 CMat     4    5
    7    4    1    1    8    2    7    2    1    0       664  375    0 CMat   374  375  376  377  378  379  380  381
    7    5    1    1    2    1    2    1    1    1       418   10    1 CMat    10   12
    7    6    1    1    2    2    1    1    1    1       853  383    0 CMat   382  383
    7    7    1    1    4    2    3    1    1    1      1069    9    1 CMat    11    9   10   12
    7    8    1    1    4    3    2    2    1    0       635  386    0 CMat   384  385  386  387
    7    9    1    1    8    8    1    2    1    0       550    6    1 CMat     1    4    3    5    7    2    8    6
    7   10    1    1    2    2    1    2    1    0       643  389    0 CMat   388  389
    7   11    2    1    8    0    0    1    1    0       894   11    1 CMat     1    8    6    3    7    5    4    2
    7   12    1    1    2    2    1    2    1    0       798  391    0 CMat   390  391
    7   13    2    1    8    0    0    1    1    0      1043   13    1 CMat     4    7    1    8    3    2    5    6
    7   14    1    1    2    1    2    2    1    0       461  392    0 CMat   392  393
    7   15    2    1    4    0    0    1    1    0       740   14    1 CMat     5    4    2    1
    7   16    2    1    4    0    0    2    1    1      1071  398    0 CMat   394  395  396  397
    7   17    2    1    4    0    0    1    1    0       574   12    1 CMat     4    1    7    5
    7   18    1    1    8    2    7    2    1    0       714  400    0 CMat   399  400  401  402  403  404  405  406
    7   19    2    1    4    0    0    1    1    0       743   14    1 CMat     2    3    5    6
    7   20    2    1    2    0    0    2    1    1       670  409    0 CMat   407  408
    7   21    1    1    2    2    1    2    1    0       504    4    1 CMat     3    4
    7   22    2    1    8    0    0    1    1    0       614  418    0 CMat   410  411  412  413  414  415  416  417
    7   23    1    1    8    7    2    1    1    1       802   11    1 CMat    12   10    9   14   16   13   11   15
    7   24    2    1    8    0    0    1    1    0       710  427    0 CMat   419  420  421  422  423  424  425  426
    8    1    2    1    2    0    0    2    1    1       765    3    1 CMat    14   11
    8    2    1    1    4    3    2    1    1    1       792  430    0 CMat   428  429  430  431
    8    3    1    1    2    2    1    1    1    1       429   10    1 CMat    14   10
    8    4    1    1    2    1    2    1    1    1       542  432    0 CMat   432  433
    8    5    2    1    8    0    0    1    1    0       876   16    1 CMat     2    5    4    1    8    3    6    7
    8    6    1    1    4    4    1    2    1    0       659  437    0 CMat   434  435  436  437
    8    7    1    1    8    4    5    2    1    0      1565    3    1 CMat     6    1    8    3    5    7    4    2
    8    8    2    1    2    0    0    1    1    0       706  440    0 CMat   438  439
    8    9    1    1    4    1    4    2    1    0       735    6    1 CMat     6    4    5    7
    8   10    2    1    8    0    0    2    1    1       677  449    0 CMat   441  442  443  444  445  446  447  448
    8   11    1    1    4    4    1    1    1    1       564   15    1 CMat    10   14   11   15
    8   12    1    1    2    1    2    2    1    0       673  450    0 CMat   450  451
    8   13    2    1    8    0    0    2    1    1       955    8    1 CMat    12   13   10   11    9   15   16   14
    8   14    1    1    4    2    3    1    1    1       765  453    0 CMat   452  453  454  455
    8   15    1    1    2    2    1    1    1    1       419   13    1 CMat     9   13
    8   16    1    1    8    5    4    1    1    1       581  460    0 CMat   456  457  458  459  460  461  462  463
    8   17    1    1    8    6    3    1    1    1       675   15    1 CMat     9   13   16   10   12   15   11   14
    8   18    1    1    8    4    5    2    1    0      1244  467    0 CMat   464  465  466  467  468  469  470  471
    8   19    1    1    4    4    1    2    1    0       404    6    1 CMat     2    1    7    6
    8   20    1    1    4    1    4    1    1    1       893  472    0 CMat   472  473  474  475
    8   21    1    1    4    4    1    1    1    1       435   13    1 CMat    12   14   15   13
    8   22    2    1    4    0    0    2    1    1       587  480    0 CMat   476  477  478  479
    8   23    2    1    2    0    0    1    1    0       616   14    1 CMat     2    3
    8   24    1    1    4    3    2    1    1    1       760  483    0 CMat   481  482  483  484
    9    1    1    1    2    1    2    1    1    1       664   13    1 CMat    13   15
    9    2    2    1    4    0    0    1    1    0       599  489    0 CMat   485  486  487  488
    9    3    2    1    4    0    0    1    1    0       521   16    1 CMat     1    4    5    2
    9    4    2    1    8    0    0    2    1    1       856  498    0 CMat   490  491  492  493  494  495  496  497
    9    5    1    1    4    1    4    2    1    0       624    1    1 CMat     1    4    8    7
    9    6    1    1    4    1    4    1    0    0       848  499    0 CMat   499  500  501  502
    9    7    1    1    4    4    1    2    1    0       424    1    1 CMat     7    2    6    1
    9    8    1    1    8    5    4    1    1    1       905  507    0 CMat   503  504  505  506  507  508  509  510
    9    9    1    1    4    1    4    1    1    1       591    9    1 CMat     9   16   11   15
    9   10    1    1    2    2    1    1    1    1       331  512    0 CMat   511  512
    9   11    1    1    4    3    2    1    1    1       519   14    1 CMat    12    9   14   11
    9   12    2    1    8    0    0    1    1    0       886  521    0 CMat   513  514  515  516  517  518  519  520
    9   13    1    1    2    2    1    1    1    1       407   11    1 CMat    10   11
    9   14    1    1    2    2    1    1    1    1       475  523    0 CMat   522  523
    9   15    2    1    2    0    0    1    1    0       461    9    1 CMat     2    5
    9   16    2    1    8    0    0    2    0    0       940  532    0 CMat   524  525  526  527  528  529  530  531
    9   17    1    1    4    1    4    2    1    0       624    5    1 CMat     5    6    1    3
    9   18    1    1    2    2    1    1    1    1       587  534    0 CMat   533  534
    9   19    1    1    4    2    3    2    1    0       670    3    1 CMat     2    3    1    8
    9   20    1    1    2    2    1    1    1    1       342  536    0 CMat   535  536
    9   21    1    1    8    6    3    1    1    1       461    9    1 CMat    10   16   11   12   13    9   15   14
    9   22    2    1    2    0    0    1    1    0       607  539    0 CMat   537  538
    9   23    1    1    4    1    4    1    1    1       576   14    1 CMat    14   10    9   13
    9   24    2    1    8    0    0    2    1    1       780  548    0 CMat   540  541  542  543  544  545  546  547
