    1    1    2    1    4    0    0    1    1    0      7131   16    1 CMat     3    4    8    6
    1    2    1    1    2    1    2    2    0    1      1436   17    0 CMat    17   18
    1    3    1    1    2    1    2    2    1    0      1807    2    1 CMat     2    1
    1    4    2    1    8    0    0    1    1    0      2159   27    0 CMat    19   20   21   22   23   24   25   26
    1    5    1    1    2    1    2    1    1    1      1173    9    1 CMat     9   15
    1    6    1    1    2    1    2    1    1    1       674   28    0 CMat    28   29
    1    7    2    1    2    0    0    1    1    0      2312   16    1 CMat     5    1
    1    8    2    1    8    0    0    1    1    0      1545   38    0 CMat    30   31   32   33   34   35   36   37
    1    9    2    1    4    0    0    2    1    1      1558    3    1 CMat     9   15   14   12
    1   10    1    1    2    2    1    2    1    0       689   40    0 CMat    39   40
    1   11    2    1    4    0    0    1    1    0      1343   15    1 CMat     2    6    1    5
    1   12    1    1    2    2    1    1    1    1       794   42    0 CMat    41   42
    1   13    2    1    4    0    0    2    1    1       736    3    1 CMat    12   11   16   13
    1   14    2    1    8    0    0    2    1    1      1067   51    0 CMat    43   44   45   46   47   48   49   50
    1   15    2    1    4    0    0    2    1    1      1163    3    1 CMat    10   16   13    9
    1   16    2    1    2    0    0    1    1    0      1081   54    0 CMat    52   53
    1   17    1    1    4    4    1    2    1    0       969    4    1 CMat     2    8    7    4
    1   18    1    1    8    5    4    2    1    0       876   59    0 CMat    55   56   57   58   59   60   61   62
    1   19    2    1    4    0    0    2    1    1       943    1    1 CMat    12   14   10   16
    1   20    2    1    2    0    0    2    1    1      1261   65    0 CMat    63   64
    1   21    2    1    4    0    0    1    1    0       976   13    1 CMat     1    7    3    6
    1   22    2    1    4    0    0    1    1    0       795   70    0 CMat    66   67   68   69
    1   23    2    1    8    0    0    2    0    0       843   13    1 CMat     8    5    1    2    4    7    3    6
    1   24    1    1    2    1    2    2    1    0       932   71    0 CMat    71   72
    2    1    1    1    4    1    4    1    1    1       777    9    1 CMat     9   12   13   14
    2    2    1    1    8    2    7    2    1    0       685   74    0 CMat    73   74   75   76   77   78   79   80
    2    3    2    1    8    0    0    2    1    1       877    2    1 CMat     9   11   16   15   10   12   14   13
    2    4    2    1    2    0    0    2    1    1       672   83    0 CMat    81   82
    2    5    2    1    2    0    0    1    1    0       707   16    1 CMat     7    8
    2    6    1    1    2    1    2    1    1    1       790   84    0 CMat    84   85
    2    7    2    1    8    0    0    1    1    0       883   10    1 CMat     8    2    4    1    5    7    6    3
    2    8    2    1    8    0    0    2    1    1       804   94    0 CMat    86   87   88   89   90   91   92   93
    2    9    1    1    4    4    1    1    1    1       730   14    1 CMat    16   15   10   14
    2   10    2    1    8    0    0    2    1    1       818  103    0 CMat    95   96   97   98   99  100  101  102
    2   11    1    1    4    1    4    2    1    0       619    8    1 CMat     8    4    5    6
    2   12    1    1    8    1    8    2    1    0       574  104    0 CMat   104  105  106  107  108  109  110  111
    2   13    1    1    4    4    1    1    1    1       454   16    1 CMat    15   13   12   16
    2   14    2    1    8    0    0    2    1    1       775  120    0 CMat   112  113  114  115  116  117  118  119
    2   15    2    1    2    0    0    2    1    1       580    4    1 CMat     9   13
    2   16    1    1    2    1    2    2    1    0       679  121    0 CMat   121  122
    2   17    1    1    4    4    1    2    1    0       565    8    1 CMat     6    4    5    8
    2   18    2    1    8    0    0    1    1    0       779  131    0 CMat   123  124  125  126  127  128  129  130
    2   19    1    1    8    8    1    1    1    1       614   16    1 CMat    11   12   10   13   14   15    9   16
    2   20    1    1    4    1    4    2    1    0       846  132    0 CMat   132  133  134  135
    2   21    1    1    2    2    1    2    1    0       470    7    1 CMat     8    7
    2   22    1    1    2    2    1    2    1    0       375  137    0 CMat   136  137
    2   23    1    1    2    1    2    2    1    0       546    6    1 CMat     6    3
    2   24    2    1    8    0    0    2    1    1       938  146    0 CMat   138  139  140  141  142  143  144  145
    3    1    2    1    2    0    0    2    1    1       605    8    1 CMat    15   12
    3    2    2    1    8    0    0    2    1    1       875  155    0 CMat   147  148  149  150  151  152  153  154
    3    3    1    1    2    2    1    1    1    1       521   12    1 CMat    14   12
    3    4    2    1    2    0    0    1    1    0       659  158    0 CMat   156  157
    3    5    2    1    2    0    0    2    1    1       774    1    1 CMat    15    9
    3    6    2    1    2    0    0    2    1    1       628  161    0 CMat   159  160
    3    7    2    1    4    0    0    1    1    0       743   11    1 CMat     2    8    4    6
    3    8    1    1    2    1    2    2    0    1       554  162    0 CMat   162  163
    3    9    2    1    8    0    0    2    0    0      1274   12    1 CMat     3    6    2    4    5    8    7    1
    3   10    1    1    2    1    2    1    1    1       810  164    0 CMat   164  165
    3   11    1    1    8    8    1    2    1    0       574    1    1 CMat     5    8    6    3    4    7    2    1
    3   12    1    1    2    2    1    1    1    1       561  167    0 CMat   166  167
    3   13    1    1    8    3    6    1    1    1       833   11    1 CMat    13   12   11   16   15   14   10    9
    3   14    2    1    8    0    0    1    1    0       850  176    0 CMat   168  169  170  171  172  173  174  175
    3   15    2    1    2    0    0    1    1    0       602   14    1 CMat     2    7
    3   16    1    1    8    1    8    1    1    1       914  177    0 CMat   177  178  179  180  181  182  183  184
    3   17    2    1    4    0    0    2    0    0      1485   16    1 CMat     3    6    2    5
    3   18    2    1    4    0    0    2    1    1       699  189    0 CMat   185  186  187  188
    3   19    1    1    2    1    2    2    1    0       614    8    1 CMat     8    1
    3   20    1    1    4    1    4    1    1    1      1337  190    0 CMat   190  191  192  193
    3   21    1    1    8    2    7    1    1    1       740   10    1 CMat    14   10   16   13   12   11    9   15
    3   22    2    1    4    0    0    1    1    0       698  198    0 CMat   194  195  196  197
    3   23    1    1    4    4    1    1    1    1       557   13    1 CMat     9   12   16   13
    3   24    2    1    8    0    0    2    1    1       848  207    0 CMat   199  200  201  202  203  204  205  206
    4    1    1    1    4    2    3    1    1    1       561   15    1 CMat     9   15   14   10
    4    2    2    1    2    0    0    2    1    1       563  210    0 CMat   208  209
    4    3    2    1    2    0    0    2    1    1       739    6    1 CMat    11    9
    4    4    2    1    8    0    0    2    1    1       623  219    0 CMat   211  212  213  214  215  216  217  218
    4    5    2    1    4    0    0    2    1    1       703    2    1 CMat    16   12   14   11
    4    6    2    1    8    0    0    2    1    1       840  228    0 CMat   220  221  222  223  224  225  226  227
    4    7    2    1    8    0    0    2    1    1      1024    7    1 CMat    14   11   10   15    9   12   16   13
    4    8    1    1    8    7    2    1    1    1       768  235    0 CMat   229  230  231  232  233  234  235  236
    4    9    2    1    8    0    0    2    1    1       844    8    1 CMat    15   13   10    9   12   11   14   16
    4   10    1    1    2    2    1    1    1    1       452  238    0 CMat   237  238
    4   11    2    1    2    0    0    2    1    1       594    5    1 CMat    14   10
    4   12    2    1    4    0    0    2    1    1       687  243    0 CMat   239  240  241  242
    4   13    1    1    8    7    2    2    1    0       840    7    1 CMat     8    3    2    5    1    6    7    4
    4   14    2    1    2    0    0    1    1    0       531  246    0 CMat   244  245
    4   15    1    1    2    1    2    2    1    0       878    7    1 CMat     7    1
    4   16    2    1    4    0    0    2    1    1       761  251    0 CMat   247  248  249  250
    4   17    2    1    4    0    0    2    1    1      1145    4    1 CMat    10   16   13   11
    4   18    2    1    4    0    0    2    1    1       743  256    0 CMat   252  253  254  255
    4   19    2    1    8    0    0    2    1    1       938    7    1 CMat    15    9   11   12   16   13   10   14
    4   20    2    1    8    0    0    2    1    1       746  265    0 CMat   257  258  259  260  261  262  263  264
    4   21    2    1    2    0    0    2    1    1       656    8    1 CMat    15   16
    4   22    1    1    4    3    2    2    1    0       619  268    0 CMat   266  267  268  269
    4   23    1    1    4    3    2    2    1    0       744    8    1 CMat     7    6    8    5
    4   24    1    1    8    6    3    1    1    1       625  275    0 CMat   270  271  272  273  274  275  276  277
    5    1    1    1    8    7    2    2    1    0       556    7    1 CMat     3    4    2    6    5    8    7    1
    5    2    2    1    2    0    0    2    1    1       733  280    0 CMat   278  279
    5    3    2    1    8    0    0    2    1    1       978    4    1 CMat    12   11   10   15   14    9   16   13
    5    4    1    1    2    2    1    1    1    1       600  282    0 CMat   281  282
    5    5    1    1    8    5    4    2    1    0       803    1    1 CMat     5    7    6    3    1    4    8    2
    5    6    2    1    4    0    0    2    1    1       862  287    0 CMat   283  284  285  286
    5    7    1    1    8    7    2    2    1    0       649    6    1 CMat     5    3    2    4    7    1    6    8
    5    8    1    1    2    2    1    1    1    1       682  289    0 CMat   288  289
    5    9    2    1    8    0    0    1    1    0       834   11    1 CMat     8    7    4    2    1    5    3    6
    5   10    2    1    8    0    0    2    1    1       811  298    0 CMat   290  291  292  293  294  295  296  297
    5   11    2    1    8    0    0    2    0    0      1390   15    1 CMat     8    4    5    2    1    6    3    7
    5   12    1    1    8    8    1    1    1    1       633  306    0 CMat   299  300  301  302  303  304  305  306
    5   13    2    1    8    0    0    2    1    1       855    7    1 CMat    11   16   14    9   15   10   13   12
    5   14    1    1    8    6    3    1    1    1       514  312    0 CMat   307  308  309  310  311  312  313  314
    5   15    1    1    8    7    2    1    1    1       600   16    1 CMat    13   10   12   15   11   14   16    9
    5   16    1    1    8    5    4    2    1    0       603  319    0 CMat   315  316  317  318  319  320  321  322
    5   17    1    1    4    3    2    2    1    0       713    2    1 CMat     5    8    2    1
    5   18    1    1    2    1    2    1    1    1       588  323    0 CMat   323  324
    5   19    1    1    2    2    1    2    1    0       417    7    1 CMat     3    7
    5   20    2    1    8    0    0    2    1    1       692  333    0 CMat   325  326  327  328  329  330  331  332
    5   21    2    1    8    0    0    2    1    1      1007    6    1 CMat    13   14    9   15   11   10   12   16
    5   22    1    1    4    3    2    1    1    1       707  336    0 CMat   334  335  336  337
    5   23    2    1    8    0    0    2    0    0       819   14    1 CMat     8    4    6    2    7    3    5    1
    5   24    1    1    2    2    1    2    1    0       553  339    0 CMat   338  339
    6    1    1    1    2    1    2    2    1    0       476    6    1 CMat     6    8
    6    2    2    1    8    0    0    2    1    1       900  348    0 CMat   340  341  342  343  344  345  346  347
    6    3    2    1    8    0    0    2    1    1       839    2    1 CMat    15   14   12   13   11   16   10    9
    6    4    1    1    2    1    2    2    1    0       706  349    0 CMat   349  350
    6    5    1    1    2    1    2    1    1    1       547   13    1 CMat    13   14
    6    6    2    1    8    0    0    1    1    0       691  359    0 CMat   351  352  353  354  355  356  357  358
    6    7    2    1    2    0    0    2    1    1       672    4    1 CMat    12   11
    6    8    2    1    8    0    0    1    1    0       622  368    0 CMat   360  361  362  363  364  365  366  367
    6    9    2    1    4    0    0    2    1    1       801    4    1 CMat    10   16   15   13
    6   10    2    1    2    0    0    2    1    1       868  371    0 CMat   369  370
    6   11    2    1    4    0    0    1    1    0       791   10    1 CMat     7    6    2    8
    6   12    2    1    8    0    0    1    1    0       771  380    0 CMat   372  373  374  375  376  377  378  379
    6   13    2    1    8    0    0    2    1    1      1118    8    1 CMat    13   14   12    9   10   16   11   15
    6   14    1    1    2    1    2    1    1    1       595  381    0 CMat   381  382
    6   15    1    1    4    4    1    2    1    0       529    1    1 CMat     2    4    8    1
    6   16    2    1    8    0    0    1    1    0       777  391    0 CMat   383  384  385  386  387  388  389  390
    6   17    2    1    4    0    0    2    1    1       666    6    1 CMat    10   12   15   14
    6   18    1    1    8    5    4    2    1    0       946  396    0 CMat   392  393  394  395  396  397  398  399
    6   19    2    1    8    0    0    2    1    1       992    2    1 CMat    12   10   14   11    9   15   16   13
    6   20    1    1    8    4    5    2    1    0       731  403    0 CMat   400  401  402  403  404  405  406  407
    6   21    2    1    4    0    0    1    1    0       950   13    1 CMat     1    4    2    8
    6   22    2    1    4    0    0    1    1    0      1036  412    0 CMat   408  409  410  411
    6   23    1    1    2    2    1    2    1    0       714    7    1 CMat     8    7
    6   24    1    1    2    1    2    2    1    0       506  413    0 CMat   413  414
    7    1    2    1    4    0    0    1    1    0       699   13    1 CMat     3    8    7    6
    7    2    1    1    8    8    1    2    1    0       587  422    0 CMat   415  416  417  418  419  420  421  422
    7    3    1    1    8    3    6    1    1    1      1646   14    1 CMat    16   12   14   11   13   15   10    9
    7    4    2    1    8    0    0    2    1    1       956  431    0 CMat   423  424  425  426  427  428  429  430
    7    5    1    1    2    2    1    1    1    1       471   11    1 CMat    16   11
    7    6    1    1    4    2    3    2    1    0       682  433    0 CMat   432  433  434  435
    7    7    2    1    8    0    0    1    1    0      1712   16    1 CMat     5    8    6    3    2    7    1    4
    7    8    1    1    8    8    1    1    1    1       584  443    0 CMat   436  437  438  439  440  441  442  443
    7    9    2    1    4    0    0    2    1    1       771    6    1 CMat    13   16    9   10
    7   10    1    1    2    2    1    2    1    0       534  445    0 CMat   444  445
    7   11    1    1    2    2    1    2    1    0       430    6    1 CMat     2    6
    7   12    1    1    4    1    4    1    1    1       863  446    0 CMat   446  447  448  449
    7   13    1    1    2    1    2    2    1    0       650    7    1 CMat     7    1
    7   14    2    1    2    0    0    2    1    1       621  452    0 CMat   450  451
    7   15    2    1    8    0    0    2    1    1       840    6    1 CMat    11   15   14   13    9   16   12   10
    7   16    1    1    8    1    8    1    1    1       888  453    0 CMat   453  454  455  456  457  458  459  460
    7   17    1    1    8    2    7    1    1    1      2267   15    1 CMat     9   15   14   16   10   12   11   13
    7   18    2    1    2    0    0    1    1    0       852  463    0 CMat   461  462
    7   19    1    1    4    1    4    1    1    1       775   12    1 CMat    12   15    9   10
    7   20    2    1    2    0    0    1    1    0       804  466    0 CMat   464  465
    7   21    2    1    4    0    0    2    1    1       858    1    1 CMat    12   16   11   14
    7   22    1    1    2    2    1    1    1    1       570  468    0 CMat   467  468
    7   23    1    1    4    4    1    2    1    0       629    3    1 CMat     8    2    5    3
    7   24    1    1    4    1    4    1    1    1       781  469    0 CMat   469  470  471  472
    8    1    1    1    2    2    1    2    1    0       483    3    1 CMat     8    3
    8    2    2    1    2    0    0    1    1    0       486  475    0 CMat   473  474
    8    3    1    1    4    3    2    1    1    1       524   16    1 CMat    12   15   16   11
    8    4    1    1    2    1    2    2    1    0       519  476    0 CMat   476  477
    8    5    1    1    8    3    6    1    1    1       671   11    1 CMat    14   15   11   13   12   10    9   16
    8    6    2    1    8    0    0    1    1    0       667  486    0 CMat   478  479  480  481  482  483  484  485
    8    7    1    1    2    2    1    2    1    0       547    5    1 CMat     4    5
    8    8    2    1    8    0    0    2    1    1       793  495    0 CMat   487  488  489  490  491  492  493  494
    8    9    2    1    2    0    0    2    1    1       649    4    1 CMat    14   11
    8   10    2    1    4    0    0    2    1    1       711  500    0 CMat   496  497  498  499
    8   11    2    1    8    0    0    2    1    1       788    5    1 CMat    10   12   16   15   11   14    9   13
    8   12    1    1    8    8    1    1    1    1       623  508    0 CMat   501  502  503  504  505  506  507  508
    8   13    2    1    2    0    0    1    1    0       573    9    1 CMat     8    7
    8   14    1    1    8    6    3    2    1    0       651  514    0 CMat   509  510  511  512  513  514  515  516
    8   15    1    1    8    7    2    1    1    1       686   15    1 CMat    14   10   13   16   12    9   15   11
    8   16    2    1    8    0    0    2    1    1       654  525    0 CMat   517  518  519  520  521  522  523  524
    8   17    1    1    8    1    8    1    1    1       674   14    1 CMat    14   11    9   10   15   13   16   12
    8   18    1    1    4    2    3    1    1    1       690  527    0 CMat   526  527  528  529
    8   19    2    1    2    0    0    2    1    1       704    3    1 CMat    16   11
    8   20    2    1    8    0    0    1    1    0       725  538    0 CMat   530  531  532  533  534  535  536  537
    8   21    2    1    2    0    0    1    1    0       680   12    1 CMat     3    1
    8   22    1    1    4    2    3    2    1    0       774  540    0 CMat   539  540  541  542
    8   23    2    1    4    0    0    1    1    0       790   15    1 CMat     6    2    3    5
    8   24    2    1    8    0    0    1    1    0       716  551    0 CMat   543  544  545  546  547  548  549  550
    9    1    1    1    8    5    4    1    0    0      1335    5    1 CMat     6    1    3    4    5    7    8    2
    9    2    1    1    8    5    4    1    1    1       971  556    0 CMat   552  553  554  555  556  557  558  559
    9    3    1    1    8    3    6    1    1    1       670   10    1 CMat    14    9   10   13   15   12   16   11
    9    4    1    1    2    2    1    2    1    0       582  561    0 CMat   560  561
    9    5    2    1    8    0    0    1    1    0       844   13    1 CMat     3    4    6    5    2    7    8    1
    9    6    1    1    8    1    8    1    1    1       690  562    0 CMat   562  563  564  565  566  567  568  569
    9    7    2    1    2    0    0    2    1    1       682    1    1 CMat    13   12
    9    8    1    1    2    2    1    1    1    1       453  571    0 CMat   570  571
    9    9    2    1    2    0    0    1    1    0       546   13    1 CMat     1    7
    9   10    1    1    8    8    1    2    1    0       592  579    0 CMat   572  573  574  575  576  577  578  579
    9   11    1    1    4    2    3    1    1    1       814   12    1 CMat    16   12   15    9
    9   12    1    1    8    2    7    2    0    1       758  581    0 CMat   580  581  582  583  584  585  586  587
    9   13    2    1    4    0    0    2    1    1       866    7    1 CMat     9   14   16   15
    9   14    2    1    4    0    0    2    1    1       674  592    0 CMat   588  589  590  591
    9   15    1    1    8    6    3    2    1    0       648    2    1 CMat     3    8    1    7    4    2    5    6
    9   16    1    1    4    2    3    2    1    0       768  594    0 CMat   593  594  595  596
    9   17    2    1    8    0    0    1    1    0       971   12    1 CMat     4    1    8    3    6    2    5    7
    9   18    2    1    4    0    0    1    1    0      1515  601    0 CMat   597  598  599  600
    9   19    2    1    4    0    0    2    1    1       929    4    1 CMat     9   14   12   11
    9   20    1    1    2    1    2    1    1    1       666  602    0 CMat   602  603
    9   21    2    1    8    0    0    2    1    1      1234    1    1 CMat    10   12   15   11   14   16   13    9
    9   22    2    1    4    0    0    1    1    0       685  608    0 CMat   604  605  606  607
    9   23    1    1    2    2    1    1    1    1       565   10    1 CMat    13   10
    9   24    1    1    4    2    3    2    1    0       659  610    0 CMat   609  610  611  612
