    1    1    2    1    4    0    0    1    0    1       721   12    1 CMat    13   15   11    9
    1    2    1    1    8    1    8    1    1    1      1603   17    0 CMat    17   18   19   20   21   22   23   24
    1    3    2    1    4    0    0    2    1    1       620   15    1 CMat    11   14   10   16
    1    4    2    1    4    0    0    1    1    0       730   29    0 CMat    25   26   27   28
    1    5    1    1    2    2    1    1    1    1      1040    7    1 CMat    12   15
    1    6    2    1    8    0    0    1    1    0       647   38    0 CMat    30   31   32   33   34   35   36   37
    1    7    2    1    2    0    0    2    1    1       689   13    1 CMat    11   16
    1    8    2    1    2    0    0    2    1    1       505   41    0 CMat    39   40
    1    9    2    1    8    0    0    2    1    1       537   11    1 CMat    16   14   12   15   13    9   10   11
    1   10    2    1    8    0    0    1    1    0       517   50    0 CMat    42   43   44   45   46   47   48   49
    1   11    2    1    8    0    0    2    1    1       676   15    1 CMat    16    9   13   15   14   12   11   10
    1   12    2    1    2    0    0    1    1    0       574   53    0 CMat    51   52
    1   14    2    1    4    0    0    2    1    1      1131   14    1 CMat    10   11   13   14
    1   15    1    1    8    7    2    1    1    1       688   60    0 CMat    54   55   56   57   58   59   60   61
    1   16    2    1    2    0    0    1    0    1       457   13    1 CMat    16   15
    1   17    1    1    8    3    6    2    0    1      1369   64    0 CMat    62   63   64   65   66   67   68   69
    1   18    2    1    4    0    0    1    1    0       444   16    1 CMat     3    4    6    5
    1   19    2    1    2    0    0    2    1    1       430   72    0 CMat    70   71
    1   20    1    1    4    3    2    1    0    0       376    2    1 CMat     3    5    2    7
    1   21    1    1    4    2    3    2    0    1       546   74    0 CMat    73   74   75   76
    1   22    1    1    2    1    2    2    1    0       497    4    1 CMat     4    3
    1   23    2    1    2    0    0    1    1    0       352   79    0 CMat    77   78
    1   24    1    1    2    1    2    2    1    0       390    2    1 CMat     2    7
    2    1    1    1    4    2    3    1    0    0       396    3    1 CMat     5    3    7    1
    2    2    1    1    4    3    2    2    0    1       548   82    0 CMat    80   81   82   83
    2    3    2    1    4    0    0    1    0    1       647   14    1 CMat    11   12    9   15
    2    4    1    1    8    1    8    1    1    1       882   84    0 CMat    84   85   86   87   88   89   90   91
    2    5    2    1    4    0    0    1    1    0       712   12    1 CMat     2    7    3    5
    2    6    2    1    8    0    0    2    1    1       607  100    0 CMat    92   93   94   95   96   97   98   99
    2    7    2    1    8    0    0    1    1    0       683   10    1 CMat     8    4    1    5    6    7    2    3
    2    8    2    1    8    0    0    1    0    1       243  109    0 CMat   101  102  103  104  105  106  107  108
    2    9    2    1    4    0    0    1    1    0      1091   14    1 CMat     3    4    5    2
    2   10    2    1    4    0    0    2    1    1      3680  114    0 CMat   110  111  112  113
    2   11    1    1    4    1    4    1    1    1       407    7    1 CMat    15   13   10   16
    2   12    2    1    4    0    0    1    1    0       558  119    0 CMat   115  116  117  118
    2   13    2    1    2    0    0    2    1    1      2412   13    1 CMat     9   15
    2   14    1    1    8    3    6    1    1    1       893  122    0 CMat   120  121  122  123  124  125  126  127
    2   15    1    1    8    6    3    2    1    0       814    7    1 CMat     8    4    2    5    1    7    3    6
    2   16    2    1    4    0    0    2    1    1       727  132    0 CMat   128  129  130  131
    2   17    1    1    4    2    3    1    1    1       707    2    1 CMat    12   10   16    9
    2   18    1    1    2    1    2    1    1    1       523  133    0 CMat   133  134
    2   19    1    1    8    6    3    2    1    0       395    3    1 CMat     7    1    6    8    5    3    4    2
    2   20    2    1    2    0    0    2    0    0      2782  137    0 CMat   135  136
    2   21    2    1    8    0    0    1    1    0      1107   12    1 CMat     6    7    8    3    2    5    1    4
    2   22    1    1    8    4    5    1    1    1       506  141    0 CMat   138  139  140  141  142  143  144  145
    2   23    2    1    2    0    0    1    1    0       538    9    1 CMat     4    5
    2   24    1    1    2    2    1    1    1    1       536  147    0 CMat   146  147
    3    1    2    1    4    0    0    1    1    0       416    9    1 CMat     6    8    1    7
    3    2    1    1    2    2    1    2    0    1      2659  149    0 CMat   148  149
    3    3    2    1    2    0    0    1    1    0       381   14    1 CMat     6    3
    3    4    1    1    8    5    4    2    1    0       448  154    0 CMat   150  151  152  153  154  155  156  157
    3    5    2    1    8    0    0    1    1    0       547    9    1 CMat     4    2    7    5    6    3    1    8
    3    6    2    1    8    0    0    1    0    1      1037  166    0 CMat   158  159  160  161  162  163  164  165
    3    7    2    1    8    0    0    2    0    0      3715   14    1 CMat     4    6    7    5    8    1    3    2
    3    8    2    1    8    0    0    1    1    0      1615  175    0 CMat   167  168  169  170  171  172  173  174
    3    9    2    1    2    0    0    1    0    1      1826    9    1 CMat    16   12
    3   10    1    1    8    3    6    2    1    0       828  178    0 CMat   176  177  178  179  180  181  182  183
    3   11    1    1    2    1    2    2    1    0       767    2    1 CMat     2    4
    3   12    1    1    8    7    2    1    1    1       579  190    0 CMat   184  185  186  187  188  189  190  191
    3   13    2    1    4    0    0    1    1    0       838   16    1 CMat     2    5    1    4
    3   14    2    1    4    0    0    2    1    1      1082  196    0 CMat   192  193  194  195
    3   15    1    1    8    5    4    1    1    1       468    8    1 CMat    11    9   15   13   16   12   10   14
    3   16    2    1    2    0    0    2    0    0      3956  199    0 CMat   197  198
    3   17    2    1    8    0    0    2    1    1       699   11    1 CMat    13   11   12    9   10   14   16   15
    3   18    2    1    4    0    0    2    0    0      1766  204    0 CMat   200  201  202  203
    3   19    1    1    4    3    2    1    1    1       569    1    1 CMat    11   13    9   15
    3   20    1    1    8    4    5    1    1    1       550  208    0 CMat   205  206  207  208  209  210  211  212
    3   21    1    1    4    4    1    2    1    0      1641    8    1 CMat     7    4    3    8
    3   22    2    1    2    0    0    2    1    1      3500  215    0 CMat   213  214
    3   23    1    1    4    2    3    1    1    1       634    4    1 CMat    11   12   14   16
    3   24    2    1    2    0    0    2    1    1      1588  218    0 CMat   216  217
    4    1    1    1    2    2    1    2    1    0      2141    1    1 CMat     2    1
    4    2    2    1    4    0    0    2    1    1       654  223    0 CMat   219  220  221  222
    4    3    2    1    8    0    0    1    1    0      1144   14    1 CMat     3    8    2    7    4    5    1    6
    4    4    1    1    8    1    8    1    0    0       621  224    0 CMat   224  225  226  227  228  229  230  231
    4    5    2    1    4    0    0    1    1    0       766   14    1 CMat     1    3    7    5
    4    6    1    1    8    2    7    2    0    1       705  233    0 CMat   232  233  234  235  236  237  238  239
    4    7    2    1    4    0    0    2    1    1       511   16    1 CMat    16   10    9   14
    4    8    2    1    8    0    0    1    1    0       621  248    0 CMat   240  241  242  243  244  245  246  247
    4    9    1    1    2    2    1    2    1    0       441    5    1 CMat     7    5
    4   10    1    1    8    5    4    2    1    0       470  253    0 CMat   249  250  251  252  253  254  255  256
    4   11    2    1    8    0    0    2    1    1       776   15    1 CMat    14   15   12   11    9   13   16   10
    4   12    2    1    2    0    0    2    1    1      3709  259    0 CMat   257  258
    4   13    2    1    2    0    0    2    1    1      1358   14    1 CMat    13   16
    4   14    1    1    2    1    2    2    0    1       731  260    0 CMat   260  261
    4   15    2    1    8    0    0    1    1    0       834   16    1 CMat     8    2    7    5    3    4    6    1
    4   16    1    1    8    3    6    2    1    0       832  264    0 CMat   262  263  264  265  266  267  268  269
    4   17    1    1    8    2    7    1    1    1      4579    2    1 CMat    12   10   15   13   16    9   14   11
    4   18    2    1    8    0    0    2    1    1       908  278    0 CMat   270  271  272  273  274  275  276  277
    4   19    1    1    2    2    1    1    0    0      2589    6    1 CMat     4    6
    4   20    1    1    2    1    2    2    0    1      2377  279    0 CMat   279  280
    4   21    2    1    4    0    0    1    0    1       932   15    1 CMat    11   13    9   16
    4   22    2    1    8    0    0    1    1    0       705  289    0 CMat   281  282  283  284  285  286  287  288
    4   23    2    1    4    0    0    1    0    1       925   14    1 CMat    10   12    9   14
    4   24    2    1    8    0    0    1    1    0       728  298    0 CMat   290  291  292  293  294  295  296  297
    5    1    2    1    4    0    0    2    1    1      1096   15    1 CMat    10    9   11   16
    5    2    1    1    4    1    4    2    1    0       724  299    0 CMat   299  300  301  302
    5    3    2    1    4    0    0    1    1    0       721   15    1 CMat     7    8    1    6
    5    4    2    1    8    0    0    2    1    1       596  311    0 CMat   303  304  305  306  307  308  309  310
    5    5    1    1    4    3    2    2    1    0       934    4    1 CMat     3    5    4    2
    5    6    2    1    8    0    0    1    1    0       657  320    0 CMat   312  313  314  315  316  317  318  319
    5    7    2    1    2    0    0    1    1    0       619   16    1 CMat     6    8
    5    8    2    1    2    0    0    1    1    0       773  323    0 CMat   321  322
    5    9    1    1    4    1    4    2    1    0       544    6    1 CMat     6    5    1    8
    5   10    1    1    4    1    4    1    1    1       756  324    0 CMat   324  325  326  327
    5   11    1    1    2    2    1    1    1    1       411    2    1 CMat    11   10
    5   12    1    1    8    4    5    1    1    1       603  331    0 CMat   328  329  330  331  332  333  334  335
    5   13    1    1    8    8    1    2    1    0       311    7    1 CMat     6    4    5    8    3    2    1    7
    5   14    2    1    2    0    0    1    1    0       702  338    0 CMat   336  337
    5   15    1    1    4    2    3    2    1    0       523    8    1 CMat     6    8    4    7
    5   16    1    1    8    1    8    1    1    1       457  339    0 CMat   339  340  341  342  343  344  345  346
    5   17    1    1    4    3    2    1    1    1       369    3    1 CMat    15   13   11    9
    5   18    1    1    8    6    3    1    1    1       452  352    0 CMat   347  348  349  350  351  352  353  354
    5   19    1    1    4    4    1    1    0    0       396    3    1 CMat     7    5    1    3
    5   20    2    1    8    0    0    2    1    1       686  363    0 CMat   355  356  357  358  359  360  361  362
    5   21    1    1    4    4    1    1    1    1       300    7    1 CMat    12   16   13   15
    5   22    1    1    4    4    1    2    1    0       360  367    0 CMat   364  365  366  367
    5   23    2    1    2    0    0    2    0    0      3182   12    1 CMat     8    4
    5   24    1    1    2    2    1    2    1    0       434  369    0 CMat   368  369
    6    1    2    1    4    0    0    1    1    0       754   12    1 CMat     4    7    2    1
    6    2    1    1    2    2    1    1    1    1       710  371    0 CMat   370  371
    6    3    1    1    4    2    3    1    1    1       500    5    1 CMat    15   13    9   14
    6    4    1    1    4    4    1    1    1    1       313  375    0 CMat   372  373  374  375
    6    5    1    1    8    3    6    1    1    1       497    4    1 CMat    10    9   12   11   14   15   16   13
    6    6    1    1    4    2    3    2    1    0      3365  377    0 CMat   376  377  378  379
    6    7    2    1    2    0    0    1    1    0       963   11    1 CMat     6    5
    6    8    1    1    2    1    2    2    0    1      2976  380    0 CMat   380  381
    6    9    2    1    4    0    0    2    1    1      3475    9    1 CMat    16   12   11   14
    6   10    1    1    4    3    2    1    1    1       593  384    0 CMat   382  383  384  385
    6   11    1    1    8    6    3    1    1    1       446    5    1 CMat    10   16   15   11    9   13   14   12
    6   12    1    1    4    4    1    2    1    0       373  389    0 CMat   386  387  388  389
    6   13    2    1    2    0    0    2    1    1      1994   16    1 CMat    10   12
    6   14    2    1    4    0    0    2    1    1       611  394    0 CMat   390  391  392  393
    6   15    1    1    8    5    4    2    1    0      1183    5    1 CMat     4    8    6    3    5    2    1    7
    6   16    2    1    2    0    0    2    1    1      1586  397    0 CMat   395  396
    6   17    2    1    2    0    0    1    1    0       743   10    1 CMat     6    4
    6   18    1    1    2    1    2    1    1    1       717  398    0 CMat   398  399
    6   19    1    1    2    1    2    1    1    1       453    1    1 CMat     9   11
    6   20    2    1    4    0    0    2    0    0      1130  404    0 CMat   400  401  402  403
    6   21    1    1    8    7    2    2    1    0       512    8    1 CMat     1    2    7    4    3    6    8    5
    6   22    1    1    4    4    1    1    1    1       388  408    0 CMat   405  406  407  408
    6   23    2    1    2    0    0    1    1    0      1432   14    1 CMat     5    1
    6   24    2    1    2    0    0    2    0    0       577  411    0 CMat   409  410
    7    1    1    1    2    1    2    2    1    0       755    5    1 CMat     5    8
    7    2    1    1    8    6    3    2    1    0       568  417    0 CMat   412  413  414  415  416  417  418  419
    7    3    2    1    8    0    0    1    1    0       581   11    1 CMat     2    6    4    1    8    7    5    3
    7    4    1    1    4    1    4    1    1    1       502  420    0 CMat   420  421  422  423
    7    5    1    1    2    1    2    1    1    1       518    3    1 CMat    11   16
    7    6    2    1    8    0    0    2    0    0       834  432    0 CMat   424  425  426  427  428  429  430  431
    7    7    1    1    4    4    1    1    1    1      2570    3    1 CMat    10   14   16   11
    7    8    1    1    2    1    2    2    1    0       568  433    0 CMat   433  434
    7    9    1    1    8    8    1    2    1    0       390    3    1 CMat     6    4    7    8    1    2    5    3
    7   10    1    1    4    3    2    1    1    1       445  437    0 CMat   435  436  437  438
    7   11    2    1    4    0    0    2    1    1       902   11    1 CMat    10   12   13   14
    7   12    1    1    8    6    3    1    0    0      2179  444    0 CMat   439  440  441  442  443  444  445  446
    7   13    2    1    4    0    0    2    0    0       230   11    1 CMat     8    4    3    7
    7   14    1    1    2    2    1    2    1    0      2848  448    0 CMat   447  448
    7   15    2    1    8    0    0    2    1    1       611   15    1 CMat    12   14   13    9   11   15   10   16
    7   16    1    1    8    6    3    2    1    0       413  454    0 CMat   449  450  451  452  453  454  455  456
    7   17    2    1    2    0    0    1    1    0      1441   16    1 CMat     4    3
    7   18    1    1    8    1    8    2    1    0       586  457    0 CMat   457  458  459  460  461  462  463  464
    7   19    2    1    8    0    0    1    1    0       598   10    1 CMat     6    1    5    4    8    2    3    7
    7   20    1    1    2    2    1    2    1    0      2369  466    0 CMat   465  466
    7   21    2    1    2    0    0    2    1    1       903   15    1 CMat    15   14
    7   22    2    1    8    0    0    2    0    0      1093  475    0 CMat   467  468  469  470  471  472  473  474
    7   23    1    1    8    7    2    1    1    1       510    3    1 CMat    12   16   15   13   14   10   11    9
    7   24    1    1    4    4    1    2    1    0       322  479    0 CMat   476  477  478  479
    8    1    2    1    4    0    0    1    1    0       989   11    1 CMat     8    4    2    5
    8    2    1    1    4    2    3    1    1    1       478  481    0 CMat   480  481  482  483
    8    3    2    1    4    0    0    1    1    0       724   15    1 CMat     1    3    4    8
    8    4    2    1    4    0    0    2    1    1       912  488    0 CMat   484  485  486  487
    8    5    1    1    4    4    1    1    1    1       710    8    1 CMat    10   13   15   16
    8    6    2    1    8    0    0    2    1    1       813  497    0 CMat   489  490  491  492  493  494  495  496
    8    7    2    1    2    0    0    2    1    1      4096    9    1 CMat     9   16
    8    8    2    1    8    0    0    2    1    1       590  506    0 CMat   498  499  500  501  502  503  504  505
    8    9    1    1    2    2    1    1    1    1       394    4    1 CMat    10   12
    8   10    2    1    8    0    0    2    0    0       557  515    0 CMat   507  508  509  510  511  512  513  514
    8   11    2    1    8    0    0    2    1    1       523   10    1 CMat    15   10   11    9   12   16   14   13
    8   12    2    1    4    0    0    2    0    0       942  520    0 CMat   516  517  518  519
    8   13    2    1    4    0    0    1    1    0       643   16    1 CMat     5    1    2    8
    8   14    2    1    8    0    0    1    0    1       779  529    0 CMat   521  522  523  524  525  526  527  528
    8   15    2    1    4    0    0    1    1    0       598   11    1 CMat     3    7    2    4
    8   16    2    1    8    0    0    1    1    0       591  538    0 CMat   530  531  532  533  534  535  536  537
    8   17    2    1    4    0    0    2    1    1       753   16    1 CMat    13   16   10   14
    8   18    1    1    4    3    2    2    1    0       412  541    0 CMat   539  540  541  542
    8   19    2    1    4    0    0    2    1    1       821   12    1 CMat    10   11    9   12
    8   20    2    1    8    0    0    1    1    0       615  551    0 CMat   543  544  545  546  547  548  549  550
    8   21    2    1    8    0    0    2    1    1       563   13    1 CMat    16   10   11   12   15   13    9   14
    8   22    2    1    8    0    0    2    1    1       848  560    0 CMat   552  553  554  555  556  557  558  559
    8   23    2    1    2    0    0    1    1    0      2018   13    1 CMat     4    1
    8   24    2    1    4    0    0    1    0    1       954  565    0 CMat   561  562  563  564
    9    1    1    1    4    4    1    2    1    0       272    1    1 CMat     6    3    2    1
    9    2    1    1    2    1    2    1    1    1       890  566    0 CMat   566  567
    9    3    1    1    8    1    8    2    1    0       507    4    1 CMat     4    5    6    7    8    3    1    2
    9    4    1    1    8    6    3    2    1    0       375  573    0 CMat   568  569  570  571  572  573  574  575
    9    5    1    1    2    1    2    2    1    0       445    8    1 CMat     8    1
    9    6    1    1    2    1    2    2    0    1       942  576    0 CMat   576  577
    9    7    1    1    4    1    4    1    1    1       507    1    1 CMat     9   15   16   10
    9    8    2    1    8    0    0    2    1    1       661  586    0 CMat   578  579  580  581  582  583  584  585
    9    9    1    1    2    1    2    1    1    1      4927    8    1 CMat    16   10
    9   10    1    1    2    2    1    1    1    1       446  588    0 CMat   587  588
    9   11    1    1    4    4    1    1    1    1       310    2    1 CMat    11   13   15   10
    9   12    1    1    8    8    1    1    1    1       283  596    0 CMat   589  590  591  592  593  594  595  596
    9   13    1    1    4    3    2    2    1    0       329    8    1 CMat     3    5    8    6
    9   14    1    1    4    1    4    1    1    1       484  597    0 CMat   597  598  599  600
    9   15    2    1    4    0    0    1    0    1       266   15    1 CMat    13   12   15    9
    9   16    2    1    4    0    0    1    1    0       808  605    0 CMat   601  602  603  604
    9   17    2    1    2    0    0    1    0    1      1116    9    1 CMat    13   14
    9   18    2    1    2    0    0    2    1    1      1571  608    0 CMat   606  607
    9   19    2    1    4    0    0    1    0    1       350   14    1 CMat    14   10   13   11
    9   20    2    1    2    0    0    2    0    0      1540  611    0 CMat   609  610
    9   21    1    1    8    2    7    2    1    0       571    5    1 CMat     6    5    3    8    4    1    7    2
    9   22    1    1    4    3    2    1    1    1       348  614    0 CMat   612  613  614  615
    9   23    1    1    2    1    2    1    1    1       898    2    1 CMat    10   12
    9   24    1    1    2    2    1    2    1    0       497  617    0 CMat   616  617
