    1    1    2    1    4    0    0    1    1    0      3027   12    1 CMat     6    4    2    1
    1    2    1    1    2    1    2    2    1    0      2764   17    0 CMat    17   18
    1    3    2    1    2    0    0    2    1    1      2576   14    1 CMat    14    9
    1    4    1    1    8    8    1    1    1    1       758   26    0 CMat    19   20   21   22   23   24   25   26
    1    5    1    1    8    7    2    2    1    0       712    1    1 CMat     7    5    2    4    8    6    1    3
    1    6    2    1    2    0    0    2    1    1       790   29    0 CMat    27   28
    1    7    2    1    4    0    0    1    1    0       591   11    1 CMat     7    4    8    3
    1    8    2    1    8    0    0    1    1    0       572   38    0 CMat    30   31   32   33   34   35   36   37
    1    9    2    1    8    0    0    1    1    0       601   14    1 CMat     1    6    5    8    4    2    7    3
    1   10    2    1    8    0    0    1    1    0       535   47    0 CMat    39   40   41   42   43   44   45   46
    1   11    2    1    4    0    0    1    1    0       475    9    1 CMat     1    7    4    8
    1   12    1    1    8    7    2    2    1    0       518   54    0 CMat    48   49   50   51   52   53   54   55
    1   13    1    1    4    3    2    1    1    1       698    1    1 CMat    15   11    9   10
    1   14    2    1    2    0    0    2    1    1       534   58    0 CMat    56   57
    1   15    2    1    2    0    0    1    1    0       540   13    1 CMat     1    2
    1   16    1    1    8    2    7    2    1    0       644   60    0 CMat    59   60   61   62   63   64   65   66
    1   17    2    1    2    0    0    1    1    0       646   15    1 CMat     7    5
    1   18    1    1    4    1    4    2    1    0       522   67    0 CMat    67   68   69   70
    1   19    1    1    2    1    2    2    1    0       449    7    1 CMat     7    2
    1   20    1    1    2    2    1    1    1    1       457   72    0 CMat    71   72
    1   21    2    1    4    0    0    1    1    0       601   13    1 CMat     1    5    2    7
    1   22    1    1    2    1    2    1    1    1       467   73    0 CMat    73   74
    1   23    1    1    2    1    2    1    1    1       557    3    1 CMat    11   15
    1   24    2    1    4    0    0    2    1    1       892   79    0 CMat    75   76   77   78
    2    1    2    1    8    0    0    2    1    1       919   14    1 CMat     9   12   10   14   16   13   11   15
    2    2    1    1    8    1    8    1    1    1       705   80    0 CMat    80   81   82   83   84   85   86   87
    2    3    1    1    4    1    4    2    1    0       463    5    1 CMat     5    1    8    3
    2    4    1    1    2    2    1    2    1    0       342   89    0 CMat    88   89
    2    5    1    1    2    2    1    2    1    0       325    7    1 CMat     6    7
    2    6    2    1    2    0    0    1    1    0       562   92    0 CMat    90   91
    2    7    1    1    4    3    2    1    1    1       557    8    1 CMat    13   15   16   14
    2    8    1    1    8    6    3    1    1    1       590   98    0 CMat    93   94   95   96   97   98   99  100
    2    9    2    1    8    0    0    1    1    0      1283   14    1 CMat     6    8    7    4    5    2    3    1
    2   10    1    1    8    7    2    2    1    0       717  107    0 CMat   101  102  103  104  105  106  107  108
    2   11    2    1    4    0    0    2    1    1       657   15    1 CMat     9   11   10   16
    2   12    1    1    8    1    8    1    1    1       605  109    0 CMat   109  110  111  112  113  114  115  116
    2   13    1    1    4    3    2    2    1    0       446    8    1 CMat     1    4    8    6
    2   14    1    1    8    4    5    1    1    1       568  120    0 CMat   117  118  119  120  121  122  123  124
    2   15    2    1    8    0    0    1    0    1       726   14    1 CMat     9   12   10   15   14   16   11   13
    2   16    2    1    4    0    0    2    1    1       599  129    0 CMat   125  126  127  128
    2   17    1    1    4    1    4    2    1    0       432    2    1 CMat     2    8    1    7
    2   18    1    1    8    4    5    2    1    0       588  133    0 CMat   130  131  132  133  134  135  136  137
    2   19    1    1    2    2    1    1    1    1       432    8    1 CMat     9   16
    2   20    1    1    2    2    1    2    1    0       403  139    0 CMat   138  139
    2   21    2    1    8    0    0    2    1    1       583    9    1 CMat    12   11   15    9   14   10   13   16
    2   22    1    1    8    1    8    2    1    0       638  140    0 CMat   140  141  142  143  144  145  146  147
    2   23    1    1    8    5    4    2    1    0       601    5    1 CMat     8    1    3    2    5    6    4    7
    2   24    2    1    8    0    0    1    1    0       638  156    0 CMat   148  149  150  151  152  153  154  155
    3    1    2    1    8    0    0    2    1    1       838   11    1 CMat     9   12   10   11   13   16   15   14
    3    2    2    1    8    0    0    1    1    0       888  165    0 CMat   157  158  159  160  161  162  163  164
    3    3    1    1    4    3    2    2    1    0       502    1    1 CMat     5    4    1    8
    3    4    2    1    8    0    0    1    1    0       528  174    0 CMat   166  167  168  169  170  171  172  173
    3    5    2    1    8    0    0    1    1    0       583   13    1 CMat     8    7    6    4    2    3    5    1
    3    6    1    1    8    3    6    1    1    1       573  177    0 CMat   175  176  177  178  179  180  181  182
    3    7    2    1    2    0    0    2    1    1       499   12    1 CMat    12   10
    3    8    2    1    2    0    0    2    1    1       440  185    0 CMat   183  184
    3    9    1    1    4    4    1    1    1    1       488    3    1 CMat    16   12    9   11
    3   10    2    1    2    0    0    2    1    1       376  188    0 CMat   186  187
    3   11    2    1    4    0    0    1    1    0       570   13    1 CMat     5    1    8    7
    3   12    1    1    4    4    1    2    1    0       346  192    0 CMat   189  190  191  192
    3   13    2    1    2    0    0    2    1    1       480   10    1 CMat    16   14
    3   14    2    1    8    0    0    2    1    1       458  201    0 CMat   193  194  195  196  197  198  199  200
    3   15    2    1    2    0    0    1    1    0       453   13    1 CMat     6    7
    3   16    1    1    2    1    2    1    1    1       461  202    0 CMat   202  203
    3   17    2    1    2    0    0    1    1    0       407   12    1 CMat     7    3
    3   18    2    1    4    0    0    1    1    0       492  208    0 CMat   204  205  206  207
    3   19    1    1    8    1    8    1    1    1       997    7    1 CMat    15   16   13   14   10    9   12   11
    3   20    2    1    8    0    0    2    1    1       577  217    0 CMat   209  210  211  212  213  214  215  216
    3   21    1    1    2    1    2    2    1    0       407    5    1 CMat     5    7
    3   22    2    1    4    0    0    2    1    1       405  222    0 CMat   218  219  220  221
    3   23    1    1    8    7    2    1    1    1       585    5    1 CMat    10   15   12   14    9   11   13   16
    3   24    2    1    2    0    0    1    1    0       531  225    0 CMat   223  224
    4    1    2    1    8    0    0    2    1    1       454   16    1 CMat    15   10    9   14   16   13   12   11
    4    2    1    1    4    4    1    2    1    0       458  229    0 CMat   226  227  228  229
    4    3    2    1    8    0    0    2    1    1       397   13    1 CMat    15   16   11    9   10   14   13   12
    4    4    1    1    2    1    2    1    1    1       528  230    0 CMat   230  231
    4    5    1    1    4    1    4    2    1    0       732    3    1 CMat     3    5    8    7
    4    6    1    1    2    2    1    2    1    0       402  233    0 CMat   232  233
    4    7    1    1    4    1    4    2    1    0       563    8    1 CMat     8    5    2    6
    4    8    2    1    8    0    0    2    1    1       496  242    0 CMat   234  235  236  237  238  239  240  241
    4    9    2    1    8    0    0    2    1    1       617    9    1 CMat     9   16   10   13   12   15   11   14
    4   10    2    1    4    0    0    2    1    1       605  247    0 CMat   243  244  245  246
    4   11    2    1    4    0    0    2    1    1       743   14    1 CMat    15   13   10   14
    4   12    2    1    4    0    0    2    1    1       527  252    0 CMat   248  249  250  251
    4   13    1    1    2    2    1    1    1    1       447    4    1 CMat    10   12
    4   14    1    1    8    8    1    1    0    0       581  260    0 CMat   253  254  255  256  257  258  259  260
    4   15    2    1    8    0    0    1    1    0       849    9    1 CMat     8    1    2    4    3    6    7    5
    4   16    1    1    2    1    2    1    1    1       451  261    0 CMat   261  262
    4   17    1    1    4    4    1    2    1    0       370    3    1 CMat     7    1    6    3
    4   18    2    1    4    0    0    2    1    1       546  267    0 CMat   263  264  265  266
    4   19    2    1    2    0    0    2    1    1       504   16    1 CMat    12   15
    4   20    2    1    4    0    0    2    1    1       458  272    0 CMat   268  269  270  271
    4   21    1    1    2    1    2    1    1    1       588    5    1 CMat    13    9
    4   22    1    1    2    2    1    1    1    1       392  274    0 CMat   273  274
    4   23    2    1    4    0    0    2    1    1       722   15    1 CMat     9   13   12   11
    4   24    2    1    2    0    0    2    1    1       471  277    0 CMat   275  276
    5    1    2    1    8    0    0    1    1    0       990   11    1 CMat     6    5    7    2    3    1    8    4
    5    2    1    1    8    8    1    2    1    0       567  285    0 CMat   278  279  280  281  282  283  284  285
    5    3    2    1    4    0    0    1    1    0       738   11    1 CMat     7    1    4    3
    5    4    1    1    8    5    4    1    1    1       724  290    0 CMat   286  287  288  289  290  291  292  293
    5    5    1    1    8    3    6    2    1    0       652    2    1 CMat     1    8    2    4    3    7    6    5
    5    6    2    1    4    0    0    2    1    1       535  298    0 CMat   294  295  296  297
    5    7    1    1    4    4    1    2    1    0       460    5    1 CMat     8    3    4    5
    5    8    1    1    2    2    1    1    1    1       395  300    0 CMat   299  300
    5    9    1    1    2    1    2    1    1    1       545    8    1 CMat    16   11
    5   10    1    1    2    1    2    2    1    0       470  301    0 CMat   301  302
    5   11    2    1    8    0    0    2    1    1       680   16    1 CMat    10   14   15   16   12   13   11    9
    5   12    1    1    4    1    4    2    1    0       629  303    0 CMat   303  304  305  306
    5   13    2    1    4    0    0    2    1    1       653    9    1 CMat    13   16   15   12
    5   14    1    1    4    4    1    2    1    0       642  310    0 CMat   307  308  309  310
    5   15    1    1    8    1    8    2    1    0       557    5    1 CMat     5    8    1    4    7    3    6    2
    5   16    2    1    2    0    0    1    1    0       793  313    0 CMat   311  312
    5   17    1    1    2    1    2    2    1    0       414    4    1 CMat     4    3
    5   18    1    1    4    3    2    1    1    1       603  316    0 CMat   314  315  316  317
    5   19    2    1    2    0    0    2    1    1       511    9    1 CMat     9   14
    5   20    1    1    8    5    4    2    1    0       603  322    0 CMat   318  319  320  321  322  323  324  325
    5   21    1    1    8    2    7    2    1    0       823    6    1 CMat     4    6    3    5    7    8    1    2
    5   22    2    1    2    0    0    2    1    1       489  328    0 CMat   326  327
    5   23    1    1    4    1    4    1    1    1       551    8    1 CMat    16   10    9   11
    5   24    2    1    2    0    0    1    1    0       500  331    0 CMat   329  330
    6    1    1    1    4    3    2    1    1    1       529    7    1 CMat    13   16   15   12
    6    2    1    1    4    1    4    2    1    0       723  332    0 CMat   332  333  334  335
    6    3    1    1    2    1    2    2    1    0       347    7    1 CMat     7    6
    6    4    2    1    8    0    0    1    1    0       695  344    0 CMat   336  337  338  339  340  341  342  343
    6    5    1    1    8    7    2    1    1    1       527    1    1 CMat    15   13   14   10   16   12    9   11
    6    6    1    1    2    2    1    1    1    1       366  346    0 CMat   345  346
    6    7    1    1    8    4    5    1    1    1       507    3    1 CMat    12    9   10   11   14   15   13   16
    6    8    1    1    8    6    3    2    1    0       510  352    0 CMat   347  348  349  350  351  352  353  354
    6    9    2    1    8    0    0    1    1    0       710   11    1 CMat     4    5    1    8    2    3    7    6
    6   10    1    1    4    3    2    2    1    0       507  357    0 CMat   355  356  357  358
    6   11    1    1    4    4    1    1    1    1       457    1    1 CMat    15   13   10    9
    6   12    2    1    8    0    0    1    1    0       630  367    0 CMat   359  360  361  362  363  364  365  366
    6   13    2    1    2    0    0    2    1    1       458   16    1 CMat    11   14
    6   14    2    1    2    0    0    2    1    1       496  370    0 CMat   368  369
    6   15    2    1    8    0    0    1    1    0       784   11    1 CMat     5    2    8    7    6    3    4    1
    6   16    1    1    8    4    5    2    1    0       585  374    0 CMat   371  372  373  374  375  376  377  378
    6   17    2    1    8    0    0    2    1    1       605   16    1 CMat    15   13   12   14   11   10    9   16
    6   18    1    1    4    1    4    2    1    0       523  379    0 CMat   379  380  381  382
    6   19    2    1    8    0    0    2    1    1       563   16    1 CMat    13   11   12    9   15   14   10   16
    6   20    1    1    4    3    2    2    1    0       499  385    0 CMat   383  384  385  386
    6   21    1    1    4    2    3    2    1    0       392    5    1 CMat     1    5    2    8
    6   22    2    1    4    0    0    1    1    0       536  391    0 CMat   387  388  389  390
    6   23    2    1    4    0    0    2    1    1       492   15    1 CMat    13   12    9   11
    6   24    2    1    2    0    0    2    1    1       411  394    0 CMat   392  393
    7    1    1    1    2    2    1    1    1    1       704    6    1 CMat    13   14
    7    2    1    1    2    1    2    2    1    0       448  395    0 CMat   395  396
    7    3    1    1    8    6    3    2    1    0       874    7    1 CMat     8    6    5    2    3    7    4    1
    7    4    2    1    2    0    0    2    1    1       425  399    0 CMat   397  398
    7    5    1    1    4    3    2    1    1    1       498    3    1 CMat     9   14   11   12
    7    6    2    1    2    0    0    2    1    1       473  402    0 CMat   400  401
    7    7    1    1    4    4    1    2    1    0       344    7    1 CMat     6    8    2    7
    7    8    2    1    2    0    0    1    1    0       453  405    0 CMat   403  404
    7    9    2    1    8    0    0    2    1    1      1015   10    1 CMat    14   12   10   11   15   16    9   13
    7   10    1    1    4    3    2    1    1    1       557  408    0 CMat   406  407  408  409
    7   11    1    1    8    2    7    2    1    0       651    1    1 CMat     3    1    7    6    4    5    2    8
    7   12    2    1    8    0    0    1    1    0       488  418    0 CMat   410  411  412  413  414  415  416  417
    7   13    1    1    4    3    2    1    1    1       414    2    1 CMat    16   14   10   13
    7   14    1    1    8    4    5    2    1    0       727  422    0 CMat   419  420  421  422  423  424  425  426
    7   15    2    1    4    0    0    1    1    0       564   13    1 CMat     1    8    6    2
    7   16    1    1    2    1    2    2    1    0       361  427    0 CMat   427  428
    7   17    2    1    2    0    0    2    1    1       536   10    1 CMat    11   14
    7   18    2    1    4    0    0    1    1    0       570  433    0 CMat   429  430  431  432
    7   19    2    1    2    0    0    2    1    1       543   14    1 CMat    15   12
    7   20    1    1    4    4    1    2    1    0       360  437    0 CMat   434  435  436  437
    7   21    1    1    4    1    4    1    1    1       540    5    1 CMat    13   15   16   14
    7   22    2    1    8    0    0    2    1    1       512  446    0 CMat   438  439  440  441  442  443  444  445
    7   23    1    1    4    1    4    2    1    0       621    7    1 CMat     7    8    2    6
    7   24    1    1    8    6    3    2    1    0       518  452    0 CMat   447  448  449  450  451  452  453  454
    8    1    2    1    2    0    0    1    1    0       406   14    1 CMat     4    7
    8    2    1    1    2    2    1    2    1    0       401  456    0 CMat   455  456
    8    3    1    1    2    1    2    2    1    0       373    6    1 CMat     6    4
    8    4    2    1    4    0    0    2    1    1       709  461    0 CMat   457  458  459  460
    8    5    2    1    2    0    0    2    1    1       389   13    1 CMat    16   12
    8    6    1    1    8    3    6    2    1    0       564  464    0 CMat   462  463  464  465  466  467  468  469
    8    7    2    1    2    0    0    1    1    0       377   12    1 CMat     8    7
    8    8    2    1    2    0    0    1    1    0       445  472    0 CMat   470  471
    8    9    2    1    8    0    0    1    0    1       832    9    1 CMat    10    9   14   16   13   11   12   15
    8   10    2    1    2    0    0    2    1    1       440  475    0 CMat   473  474
    8   11    2    1    8    0    0    1    1    0       722   13    1 CMat     7    5    2    8    3    1    6    4
    8   12    1    1    2    2    1    2    1    0       448  477    0 CMat   476  477
    8   13    2    1    2    0    0    2    1    1       410   12    1 CMat    11   16
    8   14    1    1    8    3    6    1    1    1       595  480    0 CMat   478  479  480  481  482  483  484  485
    8   15    2    1    8    0    0    2    1    1       543   11    1 CMat    12   14   13   15   16   10   11    9
    8   16    1    1    8    7    2    2    1    0       505  492    0 CMat   486  487  488  489  490  491  492  493
    8   17    1    1    4    2    3    1    1    1       615    7    1 CMat    16   15   13   14
    8   18    2    1    4    0    0    2    1    1       451  498    0 CMat   494  495  496  497
    8   19    2    1    2    0    0    1    1    0       637   10    1 CMat     8    3
    8   20    2    1    2    0    0    2    1    1       415  501    0 CMat   499  500
    8   21    1    1    4    1    4    1    1    1       703    5    1 CMat    13   12    9   16
    8   22    2    1    8    0    0    2    1    1       546  510    0 CMat   502  503  504  505  506  507  508  509
    8   23    1    1    8    7    2    1    1    1       585    4    1 CMat    11   13   10   15   14    9   12   16
    8   24    2    1    2    0    0    1    1    0       484  513    0 CMat   511  512
    9    1    1    1    2    2    1    2    1    0       451    5    1 CMat     8    5
    9    2    1    1    4    1    4    2    1    0       568  514    0 CMat   514  515  516  517
    9    3    1    1    8    2    7    1    0    0      1277    3    1 CMat     5    3    2    4    8    1    6    7
    9    4    2    1    8    0    0    1    1    0       656  526    0 CMat   518  519  520  521  522  523  524  525
    9    5    2    1    2    0    0    2    1    1       426    9    1 CMat    10   14
    9    6    1    1    2    1    2    2    1    0       428  527    0 CMat   527  528
    9    7    1    1    4    4    1    1    1    1       461    5    1 CMat    14    9   15   13
    9    8    2    1    4    0    0    2    1    1       426  533    0 CMat   529  530  531  532
    9    9    2    1    2    0    0    2    1    1       533   15    1 CMat    16   13
    9   10    1    1    8    2    7    2    1    0       655  535    0 CMat   534  535  536  537  538  539  540  541
    9   11    1    1    2    1    2    1    1    1       561    1    1 CMat     9   12
    9   12    2    1    2    0    0    2    1    1       454  544    0 CMat   542  543
    9   13    1    1    8    8    1    1    1    1       472    8    1 CMat    13   11   10   12   14   15    9   16
    9   14    2    1    4    0    0    2    1    1       510  549    0 CMat   545  546  547  548
    9   15    1    1    4    2    3    1    1    1       531    8    1 CMat    11   16   15   10
    9   16    1    1    8    8    1    2    1    0       484  557    0 CMat   550  551  552  553  554  555  556  557
    9   17    2    1    8    0    0    2    1    1       837    9    1 CMat    14   13   16    9   15   11   12   10
    9   18    2    1    8    0    0    2    1    1       452  566    0 CMat   558  559  560  561  562  563  564  565
    9   19    2    1    2    0    0    1    1    0       446    9    1 CMat     1    8
    9   20    1    1    8    5    4    2    1    0       683  571    0 CMat   567  568  569  570  571  572  573  574
    9   21    2    1    8    0    0    2    1    1       524   11    1 CMat    14   11    9   15   12   13   10   16
    9   22    1    1    2    1    2    1    1    1       499  575    0 CMat   575  576
    9   23    2    1    4    0    0    1    1    0       896   16    1 CMat     7    8    4    2
    9   24    2    1    4    0    0    2    1    1       491  581    0 CMat   577  578  579  580
