    1    1    1    1    2    1    2    2    1    0      1528    7    1 CMat     7    8
    1    2    2    1    8    0    0    1    1    0      1558   25    0 CMat    17   18   19   20   21   22   23   24
    1    3    2    1    8    0    0    2    1    1      1502   16    1 CMat    14   10   13   15    9   16   11   12
    1    4    1    1    8    2    7    2    1    0      1678   27    0 CMat    26   27   28   29   30   31   32   33
    1    5    1    1    2    1    2    2    1    0      1302    7    1 CMat     7    3
    1    6    2    1    4    0    0    2    1    1       910   38    0 CMat    34   35   36   37
    1    7    2    1    8    0    0    1    1    0       865    9    1 CMat     3    6    4    2    1    8    7    5
    1    8    2    1    2    0    0    2    1    1       975   41    0 CMat    39   40
    1    9    1    1    4    1    4    2    1    0      1145    7    1 CMat     7    2    8    6
    1   10    1    1    8    8    1    2    1    0       777   49    0 CMat    42   43   44   45   46   47   48   49
    1   11    1    1    8    6    3    2    1    0       838    2    1 CMat     4    1    5    3    6    2    7    8
    1   12    1    1    2    1    2    2    1    0       638   50    0 CMat    50   51
    1   13    2    1    2    0    0    1    1    0       721   11    1 CMat     6    8
    1   14    2    1    4    0    0    1    1    0       738   56    0 CMat    52   53   54   55
    1   15    2    1    2    0    0    1    1    0       752   15    1 CMat     1    5
    1   16    1    1    4    1    4    1    1    1      1151   57    0 CMat    57   58   59   60
    1   17    2    1    2    0    0    2    1    1       781   14    1 CMat    12    9
    1   18    2    1    2    0    0    2    1    1       599   63    0 CMat    61   62
    1   19    1    1    8    3    6    2    1    0      1011    3    1 CMat     2    7    3    4    8    5    6    1
    1   20    1    1    2    1    2    2    1    0       933   64    0 CMat    64   65
    1   21    2    1    4    0    0    2    1    1       929   16    1 CMat    12   13   14   15
    1   22    1    1    2    1    2    2    1    0       623   66    0 CMat    66   67
    1   23    2    1    4    0    0    2    1    1       967   10    1 CMat     9   16   10   11
    1   24    1    1    2    2    1    1    1    1       683   69    0 CMat    68   69
    2    1    1    1    4    4    1    2    1    0       757    5    1 CMat     7    6    8    5
    2    2    1    1    4    1    4    2    1    0       846   70    0 CMat    70   71   72   73
    2    3    2    1    4    0    0    1    1    0       614   11    1 CMat     7    3    1    2
    2    4    1    1    8    3    6    2    1    0       896   76    0 CMat    74   75   76   77   78   79   80   81
    2    5    2    1    2    0    0    2    1    1       561   12    1 CMat    10   11
    2    6    2    1    8    0    0    2    1    1       790   90    0 CMat    82   83   84   85   86   87   88   89
    2    7    2    1    2    0    0    2    1    1       610   14    1 CMat    14   15
    2    8    2    1    2    0    0    2    1    1       517   93    0 CMat    91   92
    2    9    2    1    2    0    0    1    1    0       692   12    1 CMat     2    3
    2   10    1    1    8    8    1    2    1    0       918  101    0 CMat    94   95   96   97   98   99  100  101
    2   11    1    1    8    8    1    2    1    0       525    4    1 CMat     2    5    8    1    3    6    7    4
    2   12    1    1    2    2    1    2    1    0       474  103    0 CMat   102  103
    2   13    1    1    8    4    5    1    1    1       739    1    1 CMat    14   16   15    9   10   12   13   11
    2   14    2    1    2    0    0    2    1    1       625  106    0 CMat   104  105
    2   15    1    1    8    3    6    2    1    0      1212    5    1 CMat     8    2    5    1    3    4    7    6
    2   16    2    1    2    0    0    1    1    0       653  109    0 CMat   107  108
    2   17    2    1    4    0    0    2    1    1       652   13    1 CMat    14   12   10   13
    2   18    1    1    2    2    1    2    1    0       572  111    0 CMat   110  111
    2   19    2    1    2    0    0    1    1    0       618   12    1 CMat     4    1
    2   20    2    1    8    0    0    1    1    0       927  120    0 CMat   112  113  114  115  116  117  118  119
    2   21    1    1    2    1    2    1    1    1       631    8    1 CMat    16   13
    2   22    2    1    2    0    0    1    1    0       591  123    0 CMat   121  122
    2   23    2    1    4    0    0    1    1    0       793   15    1 CMat     4    2    6    7
    2   24    2    1    8    0    0    1    1    0      3503  132    0 CMat   124  125  126  127  128  129  130  131
    3    1    1    1    4    2    3    1    1    1       803    3    1 CMat    12   11    9   15
    3    2    1    1    4    4    1    1    1    1       608  136    0 CMat   133  134  135  136
    3    3    1    1    4    3    2    1    1    1      2481    8    1 CMat    12   13   16    9
    3    4    1    1    8    5    4    2    1    0      1156  141    0 CMat   137  138  139  140  141  142  143  144
    3    5    1    1    2    1    2    2    1    0       578    6    1 CMat     6    5
    3    6    1    1    8    6    3    1    1    1       946  150    0 CMat   145  146  147  148  149  150  151  152
    3    7    1    1    4    4    1    1    1    1       518    1    1 CMat    10   12   15    9
    3    8    2    1    8    0    0    2    1    1      1089  161    0 CMat   153  154  155  156  157  158  159  160
    3    9    2    1    2    0    0    1    1    0       745   16    1 CMat     6    8
    3   10    2    1    8    0    0    2    1    1       667  170    0 CMat   162  163  164  165  166  167  168  169
    3   11    2    1    4    0    0    2    1    1       537    9    1 CMat    16   10   12    9
    3   12    2    1    4    0    0    1    1    0      3681  175    0 CMat   171  172  173  174
    3   13    1    1    2    1    2    2    1    0       577    4    1 CMat     4    7
    3   14    1    1    4    1    4    1    1    1       694  176    0 CMat   176  177  178  179
    3   15    1    1    4    3    2    1    1    1       620    6    1 CMat    10   12   14   15
    3   16    1    1    2    2    1    2    1    0       766  181    0 CMat   180  181
    3   17    1    1    2    2    1    1    1    1       563    2    1 CMat     9   10
    3   18    2    1    8    0    0    2    1    1       730  190    0 CMat   182  183  184  185  186  187  188  189
    3   19    1    1    4    2    3    1    1    1       742    5    1 CMat    12   13   15   11
    3   20    2    1    8    0    0    1    1    0       990  199    0 CMat   191  192  193  194  195  196  197  198
    3   21    1    1    8    4    5    2    1    0      1074    8    1 CMat     6    4    3    8    5    1    7    2
    3   22    1    1    8    5    4    1    1    1       669  204    0 CMat   200  201  202  203  204  205  206  207
    3   23    2    1    8    0    0    1    1    0      1191   15    1 CMat     5    3    2    6    1    4    7    8
    3   24    1    1    8    3    6    2    0    1      1167  210    0 CMat   208  209  210  211  212  213  214  215
    4    1    2    1    2    0    0    2    1    1      1158   12    1 CMat    10   14
    4    2    1    1    4    1    4    2    1    0       718  216    0 CMat   216  217  218  219
    4    3    2    1    8    0    0    2    1    1       902   12    1 CMat    12   10   15    9   13   11   14   16
    4    4    2    1    2    0    0    1    1    0       532  222    0 CMat   220  221
    4    5    2    1    8    0    0    1    1    0      1219   11    1 CMat     4    2    8    5    7    1    3    6
    4    6    1    1    4    4    1    1    1    1       458  226    0 CMat   223  224  225  226
    4    7    1    1    8    5    4    2    1    0      3044    7    1 CMat     2    1    4    6    7    5    3    8
    4    8    2    1    2    0    0    2    1    1       597  229    0 CMat   227  228
    4    9    1    1    4    2    3    1    1    1       959    8    1 CMat    15   16   11   12
    4   10    2    1    2    0    0    1    1    0       659  232    0 CMat   230  231
    4   11    1    1    2    2    1    1    1    1       486    1    1 CMat    10    9
    4   12    1    1    8    5    4    1    1    1      2201  237    0 CMat   233  234  235  236  237  238  239  240
    4   13    2    1    2    0    0    2    1    1       541    9    1 CMat    11   16
    4   14    1    1    4    2    3    2    1    0       584  242    0 CMat   241  242  243  244
    4   15    1    1    8    2    7    2    0    1      2180    4    1 CMat    11   12   15    9   14   13   16   10
    4   16    1    1    2    2    1    1    1    1       617  246    0 CMat   245  246
    4   17    2    1    4    0    0    1    1    0       874    9    1 CMat     5    4    2    1
    4   18    2    1    4    0    0    2    1    1       996  251    0 CMat   247  248  249  250
    4   19    2    1    2    0    0    1    1    0       457   13    1 CMat     2    6
    4   20    1    1    2    2    1    2    1    0       570  253    0 CMat   252  253
    4   21    1    1    2    2    1    1    1    1       543    7    1 CMat    13   15
    4   22    1    1    8    7    2    1    1    1      1041  260    0 CMat   254  255  256  257  258  259  260  261
    4   23    2    1    4    0    0    1    1    0       633   14    1 CMat     6    4    3    8
    4   24    1    1    2    1    2    1    1    1       546  262    0 CMat   262  263
    5    1    1    1    8    4    5    2    1    0       609    5    1 CMat     2    1    4    5    7    3    6    8
    5    2    2    1    8    0    0    2    1    1       678  272    0 CMat   264  265  266  267  268  269  270  271
    5    3    2    1    2    0    0    2    1    1       511   16    1 CMat    14    9
    5    4    1    1    8    5    4    2    1    0       574  277    0 CMat   273  274  275  276  277  278  279  280
    5    5    2    1    8    0    0    2    0    0      2355   14    1 CMat     1    8    7    2    6    5    4    3
    5    6    1    1    8    7    2    1    1    1       529  287    0 CMat   281  282  283  284  285  286  287  288
    5    7    2    1    4    0    0    2    1    1       598   12    1 CMat    11    9   16   15
    5    8    2    1    8    0    0    1    1    0       747  297    0 CMat   289  290  291  292  293  294  295  296
    5    9    1    1    8    7    2    2    1    0       450    2    1 CMat     4    7    8    1    5    3    2    6
    5   10    1    1    2    2    1    1    1    1       507  299    0 CMat   298  299
    5   11    1    1    2    2    1    2    1    0       451    2    1 CMat     5    2
    5   12    2    1    4    0    0    1    1    0      3004  304    0 CMat   300  301  302  303
    5   13    1    1    4    2    3    2    1    0       534    1    1 CMat     5    1    8    6
    5   14    2    1    8    0    0    2    1    1       804  313    0 CMat   305  306  307  308  309  310  311  312
    5   15    1    1    4    1    4    1    1    1       646    3    1 CMat    11   14    9   16
    5   16    1    1    4    3    2    2    1    0       578  316    0 CMat   314  315  316  317
    5   17    2    1    2    0    0    2    1    1       392   16    1 CMat    16   15
    5   18    2    1    4    0    0    1    1    0       677  322    0 CMat   318  319  320  321
    5   19    1    1    2    2    1    1    1    1       494    7    1 CMat     9   15
    5   20    1    1    2    1    2    1    1    1       562  323    0 CMat   323  324
    5   21    2    1    4    0    0    1    1    0      1182   15    1 CMat     6    1    7    3
    5   22    1    1    8    2    7    2    1    0      1419  326    0 CMat   325  326  327  328  329  330  331  332
    5   23    2    1    8    0    0    1    1    0       774   15    1 CMat     4    1    8    5    3    7    6    2
    5   24    1    1    2    1    2    1    1    1       658  333    0 CMat   333  334
    6    1    1    1    8    2    7    1    1    1       597    4    1 CMat    11   12   13   14    9   15   10   16
    6    2    2    1    8    0    0    1    1    0      1043  343    0 CMat   335  336  337  338  339  340  341  342
    6    3    2    1    8    0    0    2    1    1       798   10    1 CMat    13   12   16   10   15   14   11    9
    6    4    2    1    2    0    0    2    1    1       519  346    0 CMat   344  345
    6    5    2    1    2    0    0    1    1    0       406   13    1 CMat     8    1
    6    6    2    1    8    0    0    2    1    1       594  355    0 CMat   347  348  349  350  351  352  353  354
    6    7    2    1    2    0    0    1    1    0       447   14    1 CMat     4    2
    6    8    2    1    2    0    0    2    1    1       472  358    0 CMat   356  357
    6    9    1    1    4    2    3    1    1    1       887    4    1 CMat    11   12   13   16
    6   10    2    1    2    0    0    1    0    1     10822  361    0 CMat   359  360
    6   11    2    1    4    0    0    2    1    1       639   10    1 CMat    11   10   16   12
    6   12    2    1    8    0    0    2    1    1       545  370    0 CMat   362  363  364  365  366  367  368  369
    6   13    1    1    2    1    2    2    1    0       617    3    1 CMat     3    5
    6   14    2    1    8    0    0    2    1    1       932  379    0 CMat   371  372  373  374  375  376  377  378
    6   15    2    1    2    0    0    1    1    0       482   11    1 CMat     4    8
    6   16    2    1    2    0    0    1    1    0       463  382    0 CMat   380  381
    6   17    1    1    2    1    2    1    1    1       385    8    1 CMat    16   11
    6   18    1    1    2    1    2    2    1    0       645  383    0 CMat   383  384
    6   19    1    1    4    2    3    2    1    0       749    7    1 CMat     3    7    1    4
    6   20    2    1    8    0    0    1    1    0       580  393    0 CMat   385  386  387  388  389  390  391  392
    6   21    2    1    8    0    0    2    1    1      2049   12    1 CMat    11   16   15   13   10   14   12    9
    6   22    1    1    8    3    6    1    1    1       628  396    0 CMat   394  395  396  397  398  399  400  401
    6   23    2    1    4    0    0    2    1    1       605   16    1 CMat     9   12   11   13
    6   24    2    1    2    0    0    1    1    0       485  404    0 CMat   402  403
    7    1    1    1    8    1    8    2    1    0       668    6    1 CMat     6    8    2    4    3    7    5    1
    7    2    2    1    2    0    0    2    1    1       522  407    0 CMat   405  406
    7    3    1    1    2    1    2    2    1    0       505    5    1 CMat     5    1
    7    4    2    1    2    0    0    1    1    0       543  410    0 CMat   408  409
    7    5    2    1    2    0    0    2    1    1       438   12    1 CMat    16   11
    7    6    1    1    8    3    6    1    0    0      2594  413    0 CMat   411  412  413  414  415  416  417  418
    7    7    1    1    4    1    4    2    1    0       892    6    1 CMat     6    3    5    8
    7    8    2    1    8    0    0    2    1    1       972  427    0 CMat   419  420  421  422  423  424  425  426
    7    9    2    1    4    0    0    1    1    0       710   13    1 CMat     4    8    7    2
    7   10    2    1    8    0    0    1    1    0       732  436    0 CMat   428  429  430  431  432  433  434  435
    7   11    2    1    2    0    0    2    1    1       531   10    1 CMat    10    9
    7   12    1    1    2    2    1    2    1    0       463  438    0 CMat   437  438
    7   13    2    1    8    0    0    2    1    1       889   16    1 CMat    11   12   14    9   16   10   13   15
    7   14    1    1    2    1    2    2    1    0       624  439    0 CMat   439  440
    7   15    2    1    4    0    0    2    1    1       649   16    1 CMat    10   16   13   14
    7   16    1    1    2    2    1    1    1    1       410  442    0 CMat   441  442
    7   17    2    1    8    0    0    1    1    0       774   11    1 CMat     3    2    8    4    6    1    7    5
    7   18    2    1    8    0    0    1    1    0       795  451    0 CMat   443  444  445  446  447  448  449  450
    7   19    2    1    2    0    0    1    1    0       616   14    1 CMat     3    4
    7   20    1    1    2    1    2    2    1    0       657  452    0 CMat   452  453
    7   21    2    1    4    0    0    2    1    1      1008    9    1 CMat    14   15   12   16
    7   22    1    1    2    1    2    1    1    1       483  454    0 CMat   454  455
    7   23    1    1    2    1    2    2    1    0       380    1    1 CMat     1    3
    7   24    2    1    8    0    0    1    1    0       773  464    0 CMat   456  457  458  459  460  461  462  463
    8    1    1    1    4    4    1    2    1    0       505    2    1 CMat     1    8    4    2
    8    2    1    1    4    2    3    1    1    1       540  466    0 CMat   465  466  467  468
    8    3    2    1    2    0    0    2    1    1       395    9    1 CMat    10   12
    8    4    1    1    8    5    4    2    1    0       625  473    0 CMat   469  470  471  472  473  474  475  476
    8    5    1    1    2    1    2    1    1    1       452    6    1 CMat    14   13
    8    6    2    1    8    0    0    2    1    1       750  485    0 CMat   477  478  479  480  481  482  483  484
    8    7    2    1    8    0    0    2    1    1       572   13    1 CMat    13   15    9   10   14   16   11   12
    8    8    1    1    8    2    7    1    1    1       687  487    0 CMat   486  487  488  489  490  491  492  493
    8    9    1    1    4    1    4    1    1    1       725    2    1 CMat    10   14   16   11
    8   10    1    1    8    5    4    1    1    1       636  498    0 CMat   494  495  496  497  498  499  500  501
    8   11    1    1    4    1    4    2    1    0       581    8    1 CMat     8    4    5    3
    8   12    2    1    4    0    0    2    1    1       602  506    0 CMat   502  503  504  505
    8   13    1    1    8    1    8    2    1    0       622    2    1 CMat     2    1    5    6    3    4    7    8
    8   14    1    1    8    7    2    1    1    1       543  513    0 CMat   507  508  509  510  511  512  513  514
    8   15    1    1    2    1    2    1    1    1       405    2    1 CMat    10   14
    8   16    1    1    8    8    1    2    1    0       425  522    0 CMat   515  516  517  518  519  520  521  522
    8   17    1    1    2    2    1    2    1    0       445    5    1 CMat     2    5
    8   18    1    1    8    5    4    2    1    0       608  527    0 CMat   523  524  525  526  527  528  529  530
    8   19    2    1    4    0    0    1    1    0       657   12    1 CMat     1    3    2    6
    8   20    1    1    2    1    2    1    1    1       473  531    0 CMat   531  532
    8   21    2    1    4    0    0    2    1    1       624   16    1 CMat    10   12   14   13
    8   22    1    1    4    3    2    2    1    0       573  535    0 CMat   533  534  535  536
    8   23    2    1    2    0    0    2    1    1       538   10    1 CMat    10   14
    8   24    1    1    8    6    3    1    1    1       657  542    0 CMat   537  538  539  540  541  542  543  544
    9    1    1    1    8    7    2    1    1    1       515    5    1 CMat    15   12   16   14   11   10   13    9
    9    2    2    1    4    0    0    1    1    0       733  549    0 CMat   545  546  547  548
    9    3    1    1    8    6    3    1    1    1       508    2    1 CMat    11   15   12   14   13   10    9   16
    9    4    2    1    8    0    0    1    1    0       787  558    0 CMat   550  551  552  553  554  555  556  557
    9    5    1    1    8    5    4    2    1    0       639    2    1 CMat     3    4    7    6    2    8    5    1
    9    6    1    1    8    2    7    1    1    1       876  560    0 CMat   559  560  561  562  563  564  565  566
    9    7    1    1    8    2    7    1    1    1       797    1    1 CMat    15    9   10   11   14   12   16   13
    9    8    1    1    2    1    2    2    1    0       423  567    0 CMat   567  568
    9    9    1    1    8    4    5    1    1    1       882    8    1 CMat    12   15    9   16   10   11   14   13
    9   10    1    1    2    1    2    1    1    1       504  569    0 CMat   569  570
    9   11    1    1    8    7    2    2    1    0       504    5    1 CMat     6    4    7    2    3    8    5    1
    9   12    1    1    2    2    1    1    1    1       502  572    0 CMat   571  572
    9   13    1    1    2    2    1    1    1    1       486    2    1 CMat    14   10
    9   14    2    1    8    0    0    1    1    0       579  581    0 CMat   573  574  575  576  577  578  579  580
    9   15    1    1    2    1    2    2    1    0       385    2    1 CMat     2    6
    9   16    1    1    4    1    4    2    1    0       856  582    0 CMat   582  583  584  585
    9   17    2    1    4    0    0    1    1    0       760   14    1 CMat     3    4    1    8
    9   18    2    1    2    0    0    1    1    0       435  588    0 CMat   586  587
    9   19    2    1    2    0    0    2    1    1       502   16    1 CMat    15   13
    9   20    1    1    2    2    1    1    1    1       701  590    0 CMat   589  590
    9   21    1    1    2    2    1    2    1    0       925    3    1 CMat     2    3
    9   22    2    1    4    0    0    2    1    1       507  595    0 CMat   591  592  593  594
    9   23    2    1    4    0    0    2    1    1       560   13    1 CMat    16    9   15   12
    9   24    2    1    8    0    0    1    1    0       543  604    0 CMat   596  597  598  599  600  601  602  603
