    1    1    1    1    8    2    7    1    1    1      2064    2    1 CMat    14   10   11   12   15    9   16   13
    1    2    2    1    8    0    0    2    1    1       909   25    0 CMat    17   18   19   20   21   22   23   24
    1    3    2    1    8    0    0    1    1    0      1941   13    1 CMat     2    6    3    1    8    5    4    7
    1    4    1    1    8    4    5    1    0    0       648   29    0 CMat    26   27   28   29   30   31   32   33
    1    5    1    1    8    8    1    1    1    1      1259    3    1 CMat    14   12    9   13   15   10   16   11
    1    6    1    1    2    1    2    2    1    0      1020   34    0 CMat    34   35
    1    7    1    1    2    2    1    1    1    1       784    7    1 CMat    13   15
    1    8    1    1    2    2    1    1    1    1       724   37    0 CMat    36   37
    1    9    2    1    4    0    0    1    1    0       994   10    1 CMat     8    5    2    7
    1   10    1    1    8    3    6    2    1    0      1154   40    0 CMat    38   39   40   41   42   43   44   45
    1   11    1    1    8    4    5    1    1    1       746    6    1 CMat    15    9   12   14   13   11   16   10
    1   12    1    1    2    1    2    2    1    0       744   46    0 CMat    46   47
    1   13    2    1    8    0    0    2    1    1       753   14    1 CMat    12   11   13   15   16   14   10    9
    1   14    2    1    4    0    0    1    0    1       808   52    0 CMat    48   49   50   51
    1   15    1    1    8    4    5    2    1    0      1318    8    1 CMat     1    7    6    8    5    3    2    4
    1   16    2    1    2    0    0    1    1    0       661   55    0 CMat    53   54
    1   17    1    1    2    1    2    1    1    1      1128    4    1 CMat    12   14
    1   18    1    1    2    1    2    2    1    0       943   56    0 CMat    56   57
    1   19    2    1    4    0    0    2    1    1       780    9    1 CMat    14   10   16    9
    1   20    1    1    8    8    1    1    1    1       870   65    0 CMat    58   59   60   61   62   63   64   65
    1   21    2    1    8    0    0    1    1    0      1073   12    1 CMat     3    1    2    6    7    5    8    4
    1   22    1    1    2    1    2    1    1    1       905   66    0 CMat    66   67
    1   23    2    1    8    0    0    2    1    1       827    9    1 CMat    16   15   12   10   13   14    9   11
    1   24    1    1    8    3    6    1    1    1      1179   70    0 CMat    68   69   70   71   72   73   74   75
    2    1    1    1    2    2    1    1    1    1       885    2    1 CMat    15   10
    2    2    2    1    2    0    0    1    1    0      1021   78    0 CMat    76   77
    2    3    1    1    8    5    4    2    1    0      1106    7    1 CMat     2    4    6    5    7    1    3    8
    2    4    1    1    4    4    1    2    1    0      1231   82    0 CMat    79   80   81   82
    2    5    1    1    4    2    3    2    1    0       808    3    1 CMat     8    3    5    2
    2    6    2    1    8    0    0    1    1    0       767   91    0 CMat    83   84   85   86   87   88   89   90
    2    7    1    1    8    7    2    2    1    0       982    4    1 CMat     7    3    6    1    8    2    4    5
    2    8    1    1    2    2    1    1    1    1       785   93    0 CMat    92   93
    2    9    1    1    4    1    4    1    1    1       916    8    1 CMat    16   11   12   10
    2   10    2    1    2    0    0    1    1    0       811   96    0 CMat    94   95
    2   11    1    1    2    1    2    1    1    1       839    1    1 CMat     9   13
    2   12    1    1    2    1    2    2    1    0       577   97    0 CMat    97   98
    2   13    2    1    8    0    0    2    1    1      1024   14    1 CMat    16   13    9   15   14   12   11   10
    2   14    1    1    8    5    4    2    1    0      1087  103    0 CMat    99  100  101  102  103  104  105  106
    2   15    2    1    4    0    0    1    1    0      1271   12    1 CMat     4    7    3    2
    2   16    2    1    2    0    0    1    1    0       687  109    0 CMat   107  108
    2   17    2    1    2    0    0    2    1    1       881   13    1 CMat    12   14
    2   18    2    1    2    0    0    1    1    0       600  112    0 CMat   110  111
    2   19    2    1    4    0    0    2    1    1       539    9    1 CMat    10   15   14   13
    2   20    2    1    4    0    0    1    1    0       701  117    0 CMat   113  114  115  116
    2   21    1    1    8    5    4    1    1    1       863    4    1 CMat    16   14   11   13   12   10   15    9
    2   22    1    1    2    2    1    2    1    0       783  119    0 CMat   118  119
    2   23    2    1    8    0    0    1    1    0       854   14    1 CMat     7    8    5    3    4    2    1    6
    2   24    1    1    4    1    4    2    1    0       891  120    0 CMat   120  121  122  123
    3    1    2    1    2    0    0    1    1    0       709   16    1 CMat     5    1
    3    2    1    1    4    1    4    1    1    1       928  124    0 CMat   124  125  126  127
    3    3    1    1    2    1    2    2    1    0       745    5    1 CMat     5    1
    3    4    2    1    4    0    0    1    1    0       540  132    0 CMat   128  129  130  131
    3    5    1    1    2    1    2    2    1    0       612    1    1 CMat     1    8
    3    6    1    1    2    2    1    1    1    1       599  134    0 CMat   133  134
    3    7    2    1    8    0    0    1    1    0       572   10    1 CMat     1    8    7    6    3    2    4    5
    3    8    2    1    2    0    0    1    1    0       632  137    0 CMat   135  136
    3    9    2    1    8    0    0    2    1    1      1028   13    1 CMat    13   14    9   11   15   16   10   12
    3   10    2    1    4    0    0    2    1    1       827  142    0 CMat   138  139  140  141
    3   11    2    1    8    0    0    1    1    0       680   15    1 CMat     7    5    4    1    6    2    8    3
    3   12    2    1    2    0    0    1    1    0       552  145    0 CMat   143  144
    3   13    2    1    8    0    0    2    1    1       920   12    1 CMat    11   15   12    9   13   14   10   16
    3   14    1    1    4    2    3    1    1    1       978  147    0 CMat   146  147  148  149
    3   15    1    1    2    1    2    2    1    0       664    1    1 CMat     1    2
    3   16    1    1    2    1    2    2    1    0       554  150    0 CMat   150  151
    3   17    1    1    2    1    2    1    1    1       649    5    1 CMat    13   15
    3   18    2    1    2    0    0    2    1    1       666  154    0 CMat   152  153
    3   19    1    1    4    1    4    2    1    0       545    5    1 CMat     5    4    6    8
    3   20    2    1    8    0    0    1    1    0       532  163    0 CMat   155  156  157  158  159  160  161  162
    3   21    1    1    4    4    1    2    1    0       641    6    1 CMat     8    5    4    6
    3   22    1    1    4    1    4    1    1    1       992  164    0 CMat   164  165  166  167
    3   23    1    1    2    1    2    1    1    1       621    1    1 CMat     9   11
    3   24    2    1    4    0    0    2    1    1       586  172    0 CMat   168  169  170  171
    4    1    2    1    4    0    0    1    1    0       757    9    1 CMat     8    4    5    7
    4    2    1    1    2    2    1    2    1    0       675  174    0 CMat   173  174
    4    3    1    1    2    1    2    1    1    1       765    8    1 CMat    16   14
    4    4    2    1    2    0    0    2    1    1       578  177    0 CMat   175  176
    4    5    2    1    2    0    0    1    1    0       544   15    1 CMat     4    6
    4    6    2    1    4    0    0    1    1    0       626  182    0 CMat   178  179  180  181
    4    7    1    1    8    4    5    2    1    0       559    2    1 CMat     4    6    3    2    5    8    1    7
    4    8    1    1    4    2    3    1    1    1       824  184    0 CMat   183  184  185  186
    4    9    2    1    2    0    0    1    1    0       604   13    1 CMat     5    8
    4   10    1    1    4    1    4    2    1    0       827  187    0 CMat   187  188  189  190
    4   11    1    1    8    7    2    1    1    1       824    4    1 CMat    10   14   15   11   16   13   12    9
    4   12    2    1    4    0    0    2    1    1       832  195    0 CMat   191  192  193  194
    4   13    1    1    4    3    2    2    1    0       745    8    1 CMat     6    7    8    1
    4   14    1    1    8    4    5    2    1    0       595  199    0 CMat   196  197  198  199  200  201  202  203
    4   15    1    1    2    2    1    1    1    1       464    1    1 CMat    15    9
    4   16    1    1    8    7    2    1    1    1       536  210    0 CMat   204  205  206  207  208  209  210  211
    4   17    1    1    4    3    2    2    1    0       541    2    1 CMat     4    6    2    5
    4   18    2    1    8    0    0    2    1    1       574  220    0 CMat   212  213  214  215  216  217  218  219
    4   19    1    1    4    2    3    1    1    1       554    3    1 CMat     9   11   13   16
    4   20    2    1    4    0    0    2    1    1       706  225    0 CMat   221  222  223  224
    4   21    1    1    4    1    4    2    1    0       536    2    1 CMat     2    7    8    3
    4   22    1    1    2    2    1    1    1    1       758  227    0 CMat   226  227
    4   23    2    1    8    0    0    1    1    0       814   11    1 CMat     6    3    2    1    4    8    5    7
    4   24    2    1    8    0    0    1    1    0       557  236    0 CMat   228  229  230  231  232  233  234  235
    5    1    2    1    4    0    0    2    1    1       810   10    1 CMat    15   12    9   11
    5    2    2    1    4    0    0    2    1    1       423  241    0 CMat   237  238  239  240
    5    3    1    1    4    2    3    1    1    1       649    8    1 CMat    13   16   11   14
    5    4    1    1    8    3    6    1    1    1       720  244    0 CMat   242  243  244  245  246  247  248  249
    5    5    1    1    2    2    1    1    1    1       400    2    1 CMat    15   10
    5    6    2    1    2    0    0    1    1    0       529  252    0 CMat   250  251
    5    7    1    1    4    1    4    2    1    0       479    4    1 CMat     4    8    6    2
    5    8    2    1    8    0    0    2    1    1       524  261    0 CMat   253  254  255  256  257  258  259  260
    5    9    1    1    8    1    8    1    1    1       525    2    1 CMat    10   15    9   14   16   13   12   11
    5   10    1    1    8    1    8    2    1    0       759  262    0 CMat   262  263  264  265  266  267  268  269
    5   11    1    1    2    2    1    2    1    0       806    1    1 CMat     4    1
    5   12    1    1    2    1    2    1    1    1       586  270    0 CMat   270  271
    5   13    2    1    8    0    0    2    1    1       712   12    1 CMat    10   11    9   14   12   15   16   13
    5   14    1    1    4    2    3    1    1    1       498  273    0 CMat   272  273  274  275
    5   15    1    1    4    3    2    2    1    0       505    3    1 CMat     6    1    3    5
    5   16    2    1    8    0    0    2    1    1       643  284    0 CMat   276  277  278  279  280  281  282  283
    5   17    2    1    2    0    0    2    1    1      2935   11    1 CMat    15   16
    5   18    1    1    2    1    2    1    1    1       725  285    0 CMat   285  286
    5   19    1    1    4    4    1    2    1    0       787    3    1 CMat     1    8    4    3
    5   20    2    1    8    0    0    2    1    1       779  295    0 CMat   287  288  289  290  291  292  293  294
    5   21    2    1    8    0    0    1    1    0       850   10    1 CMat     4    6    2    5    7    1    3    8
    5   22    1    1    4    2    3    1    1    1      1849  297    0 CMat   296  297  298  299
    5   23    2    1    2    0    0    2    1    1       588   13    1 CMat    16   10
    5   24    2    1    8    0    0    2    1    1       729  308    0 CMat   300  301  302  303  304  305  306  307
    6    1    1    1    4    1    4    2    1    0       481    8    1 CMat     8    7    4    5
    6    2    2    1    8    0    0    2    1    1       799  317    0 CMat   309  310  311  312  313  314  315  316
    6    3    2    1    4    0    0    2    1    1       769   10    1 CMat    15   10   11   16
    6    4    2    1    2    0    0    1    1    0       598  320    0 CMat   318  319
    6    5    2    1    2    0    0    2    1    1       754    9    1 CMat    11   10
    6    6    1    1    8    4    5    1    1    1       877  324    0 CMat   321  322  323  324  325  326  327  328
    6    7    1    1    2    1    2    1    1    1       671    4    1 CMat    12   15
    6    8    2    1    2    0    0    2    1    1       480  331    0 CMat   329  330
    6    9    2    1    4    0    0    1    1    0       623   16    1 CMat     5    1    3    2
    6   10    2    1    4    0    0    2    1    1       630  336    0 CMat   332  333  334  335
    6   11    2    1    4    0    0    2    1    1       591   12    1 CMat     9   11   10   16
    6   12    2    1    8    0    0    2    1    1       647  345    0 CMat   337  338  339  340  341  342  343  344
    6   13    1    1    8    7    2    2    1    0       443    5    1 CMat     7    1    4    6    3    2    5    8
    6   14    1    1    2    2    1    2    1    0       429  347    0 CMat   346  347
    6   15    2    1    2    0    0    1    1    0       561   14    1 CMat     7    2
    6   16    1    1    4    2    3    2    1    0       546  349    0 CMat   348  349  350  351
    6   17    2    1    8    0    0    1    1    0       555   15    1 CMat     2    6    1    7    4    5    8    3
    6   18    1    1    8    3    6    2    1    0       827  354    0 CMat   352  353  354  355  356  357  358  359
    6   19    2    1    8    0    0    2    1    1       760   14    1 CMat    15   14   10    9   13   16   12   11
    6   20    2    1    8    0    0    2    1    1       937  368    0 CMat   360  361  362  363  364  365  366  367
    6   21    1    1    2    2    1    1    1    1       480    6    1 CMat    15   14
    6   22    2    1    4    0    0    2    1    1       556  373    0 CMat   369  370  371  372
    6   23    2    1    4    0    0    2    1    1       568   13    1 CMat    12   13   11   15
    6   24    2    1    8    0    0    1    1    0       498  382    0 CMat   374  375  376  377  378  379  380  381
    7    1    2    1    2    0    0    1    1    0       478    9    1 CMat     4    1
    7    2    1    1    2    1    2    2    1    0       615  383    0 CMat   383  384
    7    3    1    1    4    1    4    1    1    1       648    5    1 CMat    13   15   14   12
    7    4    2    1    8    0    0    1    0    1      1029  393    0 CMat   385  386  387  388  389  390  391  392
    7    5    2    1    8    0    0    1    1    0       699    9    1 CMat     8    5    7    1    6    3    4    2
    7    6    2    1    8    0    0    1    1    0       637  402    0 CMat   394  395  396  397  398  399  400  401
    7    7    2    1    8    0    0    2    1    1       738   16    1 CMat    15   13   11   10   16   12   14    9
    7    8    1    1    2    2    1    2    1    0       801  404    0 CMat   403  404
    7    9    2    1    4    0    0    1    1    0       659   11    1 CMat     3    2    7    4
    7   10    2    1    8    0    0    1    1    0       638  413    0 CMat   405  406  407  408  409  410  411  412
    7   11    2    1    4    0    0    1    1    0       639   12    1 CMat     2    5    3    8
    7   12    1    1    2    1    2    2    1    0       544  414    0 CMat   414  415
    7   13    1    1    2    1    2    2    1    0       487    4    1 CMat     4    5
    7   14    2    1    8    0    0    2    1    1       586  424    0 CMat   416  417  418  419  420  421  422  423
    7   15    1    1    2    2    1    1    1    1       432    2    1 CMat    13   10
    7   16    1    1    8    3    6    1    1    1       719  427    0 CMat   425  426  427  428  429  430  431  432
    7   17    1    1    4    3    2    2    1    0       556    4    1 CMat     3    7    4    5
    7   18    1    1    4    2    3    1    1    1       870  434    0 CMat   433  434  435  436
    7   19    1    1    2    2    1    1    1    1       384    7    1 CMat    16   15
    7   20    1    1    2    2    1    1    1    1       539  438    0 CMat   437  438
    7   21    1    1    8    8    1    1    1    1       427    4    1 CMat    10   14   13   16    9   15   11   12
    7   22    2    1    2    0    0    1    1    0       678  441    0 CMat   439  440
    7   23    1    1    4    2    3    2    1    0       686    3    1 CMat     7    3    4    6
    7   24    2    1    4    0    0    2    1    1       610  446    0 CMat   442  443  444  445
    8    1    2    1    8    0    0    1    1    0      1024   13    1 CMat     8    1    4    6    3    7    5    2
    8    2    2    1    8    0    0    1    1    0       529  455    0 CMat   447  448  449  450  451  452  453  454
    8    3    2    1    4    0    0    1    1    0       583   10    1 CMat     4    8    7    2
    8    4    2    1    2    0    0    1    1    0       513  458    0 CMat   456  457
    8    5    2    1    8    0    0    2    1    1       579    9    1 CMat    14   12    9   10   16   13   15   11
    8    6    2    1    4    0    0    2    1    1       653  463    0 CMat   459  460  461  462
    8    7    2    1    2    0    0    1    1    0       528   12    1 CMat     3    1
    8    8    1    1    2    2    1    1    1    1       735  465    0 CMat   464  465
    8    9    1    1    2    2    1    1    1    1       494    3    1 CMat    15   11
    8   10    2    1    2    0    0    1    1    0      2704  468    0 CMat   466  467
    8   11    2    1    2    0    0    1    1    0       584    9    1 CMat     2    5
    8   12    2    1    8    0    0    1    1    0       624  477    0 CMat   469  470  471  472  473  474  475  476
    8   13    1    1    2    2    1    1    1    1       636    1    1 CMat    13    9
    8   14    1    1    2    1    2    1    1    1       734  478    0 CMat   478  479
    8   15    2    1    2    0    0    1    1    0       605   16    1 CMat     4    2
    8   16    1    1    8    1    8    1    1    1       710  480    0 CMat   480  481  482  483  484  485  486  487
    8   17    2    1    2    0    0    1    1    0       494   10    1 CMat     8    6
    8   18    1    1    2    1    2    2    1    0       558  488    0 CMat   488  489
    8   19    2    1    2    0    0    1    1    0       501   11    1 CMat     3    7
    8   20    2    1    8    0    0    1    1    0       553  498    0 CMat   490  491  492  493  494  495  496  497
    8   21    2    1    2    0    0    1    1    0       439   14    1 CMat     2    4
    8   22    2    1    4    0    0    2    1    1       661  503    0 CMat   499  500  501  502
    8   23    2    1    4    0    0    2    1    1       637    9    1 CMat    12   13   15   10
    8   24    1    1    4    3    2    2    0    1       549  506    0 CMat   504  505  506  507
    9    1    2    1    8    0    0    2    1    1       793   13    1 CMat    10   12    9   14   13   15   16   11
    9    2    1    1    2    1    2    2    1    0       950  508    0 CMat   508  509
    9    3    1    1    8    5    4    2    1    0       854    4    1 CMat     7    2    8    5    4    3    1    6
    9    4    1    1    8    7    2    1    1    1       554  516    0 CMat   510  511  512  513  514  515  516  517
    9    5    1    1    4    3    2    2    1    0       486    4    1 CMat     5    8    4    7
    9    6    1    1    4    3    2    1    1    1       706  520    0 CMat   518  519  520  521
    9    7    1    1    2    2    1    2    1    0       643    5    1 CMat     6    5
    9    8    1    1    2    2    1    1    1    1       582  523    0 CMat   522  523
    9    9    2    1    8    0    0    1    1    0       765   12    1 CMat     1    6    7    5    8    4    3    2
    9   10    2    1    8    0    0    2    1    1       631  532    0 CMat   524  525  526  527  528  529  530  531
    9   11    2    1    4    0    0    2    1    1       544   16    1 CMat    16   14   15   12
    9   12    2    1    8    0    0    1    1    0       626  541    0 CMat   533  534  535  536  537  538  539  540
    9   13    1    1    8    7    2    1    1    1       607    4    1 CMat    10   13   16    9   15   14   12   11
    9   14    1    1    2    2    1    1    1    1       507  543    0 CMat   542  543
    9   15    2    1    8    0    0    2    1    1       852   10    1 CMat    16   13   10   11   15   12   14    9
    9   16    2    1    2    0    0    2    1    1       732  546    0 CMat   544  545
    9   17    1    1    4    3    2    2    1    0       545    8    1 CMat     5    4    8    7
    9   18    2    1    4    0    0    2    1    1       580  551    0 CMat   547  548  549  550
    9   19    1    1    4    3    2    2    1    0       512    1    1 CMat     4    5    1    8
    9   20    2    1    2    0    0    2    1    1       630  554    0 CMat   552  553
    9   21    2    1    2    0    0    2    1    1       618   12    1 CMat    11   16
    9   22    1    1    8    3    6    2    1    0       679  557    0 CMat   555  556  557  558  559  560  561  562
    9   23    1    1    2    1    2    1    1    1       561    3    1 CMat    11   16
    9   24    2    1    4    0    0    1    1    0       499  567    0 CMat   563  564  565  566
