    1    1    1    1    4    4    1    1    1    1      3246   13    1 CMat    14   10   15   13
    1    2    1    1    4    1    4    1    1    1      1369   17    0 CMat    17   18   19   20
    1    3    1    1    4    1    4    1    0    0      1452    1    1 CMat     1    2    4    3
    1    4    1    1    4    2    3    1    0    0       797   22    0 CMat    21   22   23   24
    1    5    2    1    8    0    0    1    1    0      1178   12    1 CMat     2    1    3    4    5    7    8    6
    1    6    2    1    4    0    0    1    1    0       547   29    0 CMat    25   26   27   28
    1    7    1    1    8    6    3    2    0    1      1104   16    1 CMat    15   10   14   13    9   16   12   11
    1    8    2    1    8    0    0    1    1    0       676   38    0 CMat    30   31   32   33   34   35   36   37
    1    9    1    1    4    4    1    1    1    1       930   13    1 CMat    12   11   10   13
    1   10    1    1    2    2    1    1    1    1       668   40    0 CMat    39   40
    1   11    1    1    4    1    4    2    1    0       663    7    1 CMat     7    8    3    4
    1   12    2    1    2    0    0    2    1    1       778   43    0 CMat    41   42
    1   13    1    1    4    3    2    2    0    1       573    9    1 CMat    13   15    9   11
    1   14    2    1    2    0    0    1    1    0      1432   46    0 CMat    44   45
    1   15    1    1    8    1    8    2    1    0       822    7    1 CMat     7    6    1    3    4    5    8    2
    1   16    1    1    2    2    1    1    1    1       739   48    0 CMat    47   48
    1   17    1    1    2    2    1    1    1    1       457    9    1 CMat    13    9
    1   18    2    1    8    0    0    2    1    1       508   57    0 CMat    49   50   51   52   53   54   55   56
    1   19    1    1    8    6    3    1    1    1       629   10    1 CMat    16   14   12   11    9   10   13   15
    1   20    2    1    8    0    0    2    1    1       555   66    0 CMat    58   59   60   61   62   63   64   65
    1   21    1    1    8    7    2    2    1    0       459    2    1 CMat     3    7    1    8    6    5    2    4
    1   22    2    1    2    0    0    1    1    0       697   69    0 CMat    67   68
    1   23    2    1    8    0    0    1    1    0       855   14    1 CMat     5    4    8    2    6    1    7    3
    1   24    2    1    2    0    0    1    1    0       567   72    0 CMat    70   71
    2    1    1    1    4    3    2    1    1    1       669   16    1 CMat    11   14   16    9
    2    2    2    1    8    0    0    1    1    0       650   81    0 CMat    73   74   75   76   77   78   79   80
    2    3    1    1    8    5    4    2    1    0       582    5    1 CMat     1    8    3    7    5    2    4    6
    2    4    1    1    4    4    1    1    1    1       625   85    0 CMat    82   83   84   85
    2    5    2    1    4    0    0    1    1    0       550   12    1 CMat     6    1    5    8
    2    6    2    1    4    0    0    2    1    1       588   90    0 CMat    86   87   88   89
    2    7    1    1    2    2    1    2    1    0       868    6    1 CMat     4    6
    2    8    1    1    8    4    5    1    1    1       608   94    0 CMat    91   92   93   94   95   96   97   98
    2    9    1    1    2    1    2    2    1    0       586    3    1 CMat     3    2
    2   10    2    1    2    0    0    2    1    1       419  101    0 CMat    99  100
    2   11    2    1    4    0    0    2    1    1       477    8    1 CMat    11   12   14    9
    2   12    1    1    8    7    2    1    1    1       819  108    0 CMat   102  103  104  105  106  107  108  109
    2   13    1    1    2    2    1    1    1    1       569   13    1 CMat    11   13
    2   14    2    1    8    0    0    1    1    0       625  118    0 CMat   110  111  112  113  114  115  116  117
    2   15    1    1    2    1    2    2    1    0       706    5    1 CMat     5    2
    2   16    1    1    4    4    1    2    1    0       346  122    0 CMat   119  120  121  122
    2   17    1    1    2    2    1    1    1    1       802   12    1 CMat    11   12
    2   18    2    1    8    0    0    2    1    1       547  131    0 CMat   123  124  125  126  127  128  129  130
    2   19    2    1    4    0    0    2    1    1       744    4    1 CMat    14   12   15   13
    2   20    1    1    4    3    2    2    1    0      1446  134    0 CMat   132  133  134  135
    2   21    2    1    8    0    0    1    0    1       809    2    1 CMat    12   13   15   14    9   16   11   10
    2   22    2    1    4    0    0    1    1    0       562  140    0 CMat   136  137  138  139
    2   23    1    1    2    2    1    2    1    0       932    1    1 CMat     3    1
    2   24    1    1    8    6    3    1    1    1       930  146    0 CMat   141  142  143  144  145  146  147  148
    3    1    2    1    8    0    0    2    1    1       793    1    1 CMat    15   16   13   10    9   11   12   14
    3    2    2    1    8    0    0    2    1    1       732  157    0 CMat   149  150  151  152  153  154  155  156
    3    3    1    1    2    1    2    2    1    0      1007    3    1 CMat     3    8
    3    4    1    1    2    1    2    1    1    1       727  158    0 CMat   158  159
    3    5    1    1    4    1    4    2    1    0       764    7    1 CMat     7    6    2    1
    3    6    1    1    8    2    7    2    1    0       712  161    0 CMat   160  161  162  163  164  165  166  167
    3    7    2    1    4    0    0    2    1    1       859    7    1 CMat    15   13   16   14
    3    8    2    1    2    0    0    2    1    1       736  170    0 CMat   168  169
    3    9    1    1    4    3    2    1    1    1       683   13    1 CMat    10   11   13    9
    3   10    1    1    8    6    3    1    1    1       748  176    0 CMat   171  172  173  174  175  176  177  178
    3   11    2    1    8    0    0    1    1    0       724   12    1 CMat     6    5    7    2    8    3    4    1
    3   12    1    1    2    1    2    2    1    0       575  179    0 CMat   179  180
    3   13    2    1    4    0    0    1    1    0       586   12    1 CMat     4    1    8    7
    3   14    2    1    2    0    0    1    1    0       677  183    0 CMat   181  182
    3   15    2    1    8    0    0    1    1    0       704   13    1 CMat     4    1    7    6    5    2    8    3
    3   16    1    1    2    2    1    2    1    0       782  185    0 CMat   184  185
    3   17    1    1    4    4    1    2    1    0       622    3    1 CMat     8    4    7    3
    3   18    1    1    4    4    1    2    1    0       532  189    0 CMat   186  187  188  189
    3   19    2    1    4    0    0    2    1    1       503    4    1 CMat     9   14   10   15
    3   20    1    1    2    2    1    2    1    0       412  191    0 CMat   190  191
    3   21    2    1    4    0    0    2    1    1       776    4    1 CMat    13   14    9   15
    3   22    2    1    8    0    0    2    1    1       466  200    0 CMat   192  193  194  195  196  197  198  199
    3   23    2    1    4    0    0    2    0    0      1589   15    1 CMat     8    4    6    1
    3   24    1    1    2    1    2    1    1    1      1014  201    0 CMat   201  202
    4    1    1    1    4    1    4    1    1    1       705   11    1 CMat    11   14   13   10
    4    2    1    1    8    4    5    2    1    0       815  206    0 CMat   203  204  205  206  207  208  209  210
    4    3    2    1    2    0    0    1    1    0       642   15    1 CMat     2    6
    4    4    1    1    4    2    3    1    1    1       610  212    0 CMat   211  212  213  214
    4    5    1    1    2    2    1    2    1    0       605    2    1 CMat     6    2
    4    6    2    1    2    0    0    2    1    1       618  217    0 CMat   215  216
    4    7    2    1    8    0    0    1    1    0       822   15    1 CMat     1    2    8    7    3    5    4    6
    4    8    1    1    4    4    1    1    1    1       534  221    0 CMat   218  219  220  221
    4    9    2    1    2    0    0    1    1    0      1678   11    1 CMat     7    4
    4   10    1    1    4    3    2    2    1    0      1065  224    0 CMat   222  223  224  225
    4   11    2    1    2    0    0    2    1    1       511    7    1 CMat    13   10
    4   12    2    1    2    0    0    2    1    1       583  228    0 CMat   226  227
    4   13    2    1    4    0    0    1    1    0       434   13    1 CMat     5    1    8    2
    4   14    1    1    2    2    1    1    1    1       458  230    0 CMat   229  230
    4   15    1    1    4    4    1    1    1    1       461   10    1 CMat     9   12   16   10
    4   16    2    1    2    0    0    2    1    1       413  233    0 CMat   231  232
    4   17    1    1    2    1    2    1    1    1       723   14    1 CMat    14    9
    4   18    2    1    4    0    0    1    1    0       670  238    0 CMat   234  235  236  237
    4   19    2    1    4    0    0    1    1    0       556   14    1 CMat     6    2    4    1
    4   20    2    1    4    0    0    2    1    1       513  243    0 CMat   239  240  241  242
    4   21    2    1    4    0    0    2    1    1       620    3    1 CMat    11   12   13   16
    4   22    2    1    8    0    0    2    1    1       522  252    0 CMat   244  245  246  247  248  249  250  251
    4   23    2    1    4    0    0    1    1    0       455   11    1 CMat     1    3    2    6
    4   24    2    1    2    0    0    2    1    1       536  255    0 CMat   253  254
    5    1    2    1    8    0    0    2    1    1       958    2    1 CMat     9   12   14   15   13   11   10   16
    5    2    2    1    4    0    0    1    1    0       553  260    0 CMat   256  257  258  259
    5    3    1    1    2    2    1    1    1    1       457   10    1 CMat    14   10
    5    4    1    1    8    4    5    1    1    1       836  264    0 CMat   261  262  263  264  265  266  267  268
    5    5    2    1    4    0    0    1    1    0       879   14    1 CMat     5    1    8    3
    5    6    2    1    4    0    0    1    1    0       565  273    0 CMat   269  270  271  272
    5    7    2    1    4    0    0    1    1    0       477    9    1 CMat     4    5    6    2
    5    8    1    1    4    1    4    2    1    0       579  274    0 CMat   274  275  276  277
    5    9    1    1    8    1    8    1    1    1       694   11    1 CMat    11    9   14   16   13   15   12   10
    5   10    2    1    4    0    0    2    1    1      1065  282    0 CMat   278  279  280  281
    5   11    1    1    2    1    2    1    1    1       594    9    1 CMat     9   16
    5   12    2    1    8    0    0    2    1    1       578  291    0 CMat   283  284  285  286  287  288  289  290
    5   13    1    1    2    2    1    2    1    0       712    5    1 CMat     2    5
    5   14    1    1    8    5    4    2    1    0       717  296    0 CMat   292  293  294  295  296  297  298  299
    5   15    1    1    4    3    2    1    1    1       563   11    1 CMat    15   12   11    9
    5   16    2    1    4    0    0    1    1    0       585  304    0 CMat   300  301  302  303
    5   17    1    1    8    2    7    2    1    0       561    2    1 CMat     4    2    8    5    1    6    3    7
    5   18    2    1    2    0    0    2    1    1       900  307    0 CMat   305  306
    5   19    1    1    4    1    4    2    1    0      2396    3    1 CMat     3    5    6    4
    5   20    2    1    8    0    0    1    1    0       472  316    0 CMat   308  309  310  311  312  313  314  315
    5   21    2    1    2    0    0    2    1    1       472    2    1 CMat    10   16
    5   22    2    1    2    0    0    1    1    0       504  319    0 CMat   317  318
    5   23    2    1    8    0    0    1    1    0       558   16    1 CMat     6    1    4    7    3    5    8    2
    5   24    1    1    8    1    8    1    1    1       724  320    0 CMat   320  321  322  323  324  325  326  327
    6    1    2    1    4    0    0    2    1    1       759    6    1 CMat    16   14   13   15
    6    2    2    1    2    0    0    2    1    1       487  330    0 CMat   328  329
    6    3    2    1    4    0    0    1    1    0       656   10    1 CMat     6    8    1    7
    6    4    1    1    8    5    4    1    1    1       646  335    0 CMat   331  332  333  334  335  336  337  338
    6    5    2    1    8    0    0    1    1    0       694   15    1 CMat     3    2    7    6    1    5    4    8
    6    6    2    1    2    0    0    2    1    1       516  341    0 CMat   339  340
    6    7    1    1    4    3    2    1    1    1       641    9    1 CMat    16   14    9   15
    6    8    2    1    2    0    0    2    1    1       551  344    0 CMat   342  343
    6    9    2    1    8    0    0    2    1    1       743    4    1 CMat    16   15   11   10   12   14    9   13
    6   10    1    1    2    2    1    1    1    1       704  346    0 CMat   345  346
    6   11    1    1    8    5    4    1    1    1       592   11    1 CMat    15    9   13   10   11   12   14   16
    6   12    1    1    8    3    6    1    1    1       705  349    0 CMat   347  348  349  350  351  352  353  354
    6   13    2    1    4    0    0    2    1    1       564    6    1 CMat     9   16   11   13
    6   14    2    1    2    0    0    1    1    0       521  357    0 CMat   355  356
    6   15    2    1    2    0    0    2    1    1       529    2    1 CMat    13   11
    6   16    1    1    4    1    4    2    0    1       484  358    0 CMat   358  359  360  361
    6   17    2    1    4    0    0    1    1    0       653    9    1 CMat     6    5    8    4
    6   18    2    1    2    0    0    2    1    1       389  364    0 CMat   362  363
    6   19    1    1    4    1    4    1    1    1       677   11    1 CMat    11   16   14   12
    6   20    2    1    4    0    0    2    1    1       520  369    0 CMat   365  366  367  368
    6   21    2    1    8    0    0    2    1    1       577    7    1 CMat    15    9   12   16   13   14   11   10
    6   22    1    1    4    1    4    1    0    0       510  370    0 CMat   370  371  372  373
    6   23    1    1    8    5    4    2    1    0       676    5    1 CMat     8    3    7    6    5    4    1    2
    6   24    2    1    2    0    0    1    1    0       530  376    0 CMat   374  375
    7    1    1    1    4    2    3    1    1    1       565   11    1 CMat    14   11   12   10
    7    2    1    1    8    6    3    1    1    1       718  382    0 CMat   377  378  379  380  381  382  383  384
    7    3    2    1    8    0    0    2    1    1      1134    7    1 CMat    13   11   14   12   10   16   15    9
    7    4    1    1    4    4    1    2    1    0       556  388    0 CMat   385  386  387  388
    7    5    1    1    4    3    2    2    1    0       530    6    1 CMat     7    1    6    8
    7    6    2    1    4    0    0    2    1    1       434  393    0 CMat   389  390  391  392
    7    7    2    1    8    0    0    2    1    1       619    1    1 CMat    15   13    9   14   16   11   10   12
    7    8    1    1    8    2    7    2    0    1       550  395    0 CMat   394  395  396  397  398  399  400  401
    7    9    1    1    4    2    3    1    1    1       715   14    1 CMat    13   14   11   10
    7   10    1    1    8    4    5    2    1    0       572  405    0 CMat   402  403  404  405  406  407  408  409
    7   11    1    1    4    2    3    1    1    1       839   12    1 CMat    14   12   10   16
    7   12    1    1    2    2    1    2    1    0       610  411    0 CMat   410  411
    7   13    1    1    2    2    1    1    1    1       397   14    1 CMat     9   14
    7   14    1    1    2    2    1    1    1    1       525  413    0 CMat   412  413
    7   15    1    1    4    4    1    2    1    0       555    7    1 CMat     2    8    4    7
    7   16    2    1    2    0    0    1    1    0       421  416    0 CMat   414  415
    7   17    2    1    2    0    0    2    1    1       571    2    1 CMat    12   11
    7   18    1    1    2    1    2    1    1    1       723  417    0 CMat   417  418
    7   19    1    1    8    2    7    2    1    0       663    2    1 CMat     5    2    8    3    6    7    4    1
    7   20    2    1    8    0    0    2    1    1       548  427    0 CMat   419  420  421  422  423  424  425  426
    7   21    1    1    4    1    4    2    1    0       631    3    1 CMat     3    1    5    4
    7   22    2    1    8    0    0    2    1    1       954  436    0 CMat   428  429  430  431  432  433  434  435
    7   23    2    1    8    0    0    1    1    0       667   14    1 CMat     5    3    4    1    8    7    2    6
    7   24    2    1    8    0    0    1    1    0       537  445    0 CMat   437  438  439  440  441  442  443  444
    8    1    2    1    4    0    0    1    1    0       746   11    1 CMat     1    7    5    4
    8    2    1    1    2    2    1    2    1    0       944  447    0 CMat   446  447
    8    3    1    1    8    6    3    2    1    0       577    6    1 CMat     1    8    2    7    3    6    4    5
    8    4    2    1    2    0    0    1    1    0       521  450    0 CMat   448  449
    8    5    1    1    8    4    5    2    1    0       673    5    1 CMat     8    3    4    5    2    1    7    6
    8    6    2    1    4    0    0    2    1    1       514  455    0 CMat   451  452  453  454
    8    7    1    1    4    1    4    2    1    0       559    6    1 CMat     6    4    1    2
    8    8    1    1    8    5    4    2    0    1       610  460    0 CMat   456  457  458  459  460  461  462  463
    8    9    2    1    8    0    0    1    1    0       638   16    1 CMat     6    5    4    3    8    1    2    7
    8   10    1    1    8    6    3    2    0    1       715  469    0 CMat   464  465  466  467  468  469  470  471
    8   11    1    1    2    1    2    1    1    1       588   13    1 CMat    13   15
    8   12    2    1    4    0    0    1    1    0       665  476    0 CMat   472  473  474  475
    8   13    2    1    4    0    0    2    1    1       535    4    1 CMat    15   12   13   10
    8   14    2    1    8    0    0    2    1    1       648  485    0 CMat   477  478  479  480  481  482  483  484
    8   15    1    1    2    1    2    2    1    0       776    3    1 CMat     3    8
    8   16    1    1    8    5    4    2    1    0       563  490    0 CMat   486  487  488  489  490  491  492  493
    8   17    2    1    8    0    0    2    1    1       531    7    1 CMat    13    9   14   16   11   10   15   12
    8   18    1    1    2    2    1    1    1    1       465  495    0 CMat   494  495
    8   19    1    1    2    2    1    1    1    1       497    9    1 CMat    13    9
    8   20    1    1    2    1    2    1    1    1       713  496    0 CMat   496  497
    8   21    1    1    4    4    1    1    1    1       511   12    1 CMat    13   10   14   12
    8   22    2    1    8    0    0    2    1    1       645  506    0 CMat   498  499  500  501  502  503  504  505
    8   23    1    1    2    1    2    2    1    0       693    3    1 CMat     3    4
    8   24    2    1    4    0    0    2    1    1       749  511    0 CMat   507  508  509  510
    9    1    2    1    8    0    0    1    1    0       726   14    1 CMat     6    5    2    1    7    4    8    3
    9    2    2    1    2    0    0    1    1    0       601  514    0 CMat   512  513
    9    3    1    1    4    4    1    1    1    1       985   14    1 CMat    11   12   10   14
    9    4    2    1    2    0    0    2    1    1       546  517    0 CMat   515  516
    9    5    2    1    4    0    0    1    1    0       631   13    1 CMat     5    8    1    4
    9    6    2    1    4    0    0    2    1    1       573  522    0 CMat   518  519  520  521
    9    7    1    1    2    1    2    1    1    1       675   10    1 CMat    10   14
    9    8    2    1    8    0    0    2    1    1       723  531    0 CMat   523  524  525  526  527  528  529  530
    9    9    2    1    4    0    0    1    1    0       489   11    1 CMat     1    4    3    7
    9   10    2    1    4    0    0    1    1    0       435  536    0 CMat   532  533  534  535
    9   11    2    1    8    0    0    2    1    1      1034    1    1 CMat    16   10   12   11   13   15    9   14
    9   12    2    1    2    0    0    2    1    1       543  539    0 CMat   537  538
    9   13    1    1    8    2    7    1    1    1       637   14    1 CMat    15   14   11    9   10   12   16   13
    9   14    1    1    8    7    2    1    1    1       672  546    0 CMat   540  541  542  543  544  545  546  547
    9   15    2    1    2    0    0    1    1    0      1638   16    1 CMat     8    2
    9   16    1    1    8    1    8    1    1    1       990  548    0 CMat   548  549  550  551  552  553  554  555
    9   17    1    1    2    2    1    1    1    1       516   14    1 CMat    10   14
    9   18    2    1    2    0    0    1    1    0       572  558    0 CMat   556  557
    9   19    2    1    2    0    0    1    1    0       546   10    1 CMat     1    5
    9   20    1    1    2    2    1    2    1    0       703  560    0 CMat   559  560
    9   21    2    1    4    0    0    2    1    1       623    3    1 CMat    16    9   12   11
    9   22    2    1    8    0    0    2    1    1       587  569    0 CMat   561  562  563  564  565  566  567  568
    9   23    2    1    8    0    0    1    1    0       611   10    1 CMat     1    5    4    6    3    8    7    2
    9   24    2    1    8    0    0    2    1    1       534  578    0 CMat   570  571  572  573  574  575  576  577
