    1    1    1    1    4    4    1    2    1    0      1037    5    1 CMat     6    7    3    5
    1    2    2    1    4    0    0    2    1    1       984   21    0 CMat    17   18   19   20
    1    3    2    1    4    0    0    2    1    1       918    6    1 CMat    10    9   11   13
    1    4    1    1    8    5    4    1    1    1       927   26    0 CMat    22   23   24   25   26   27   28   29
    1    5    1    1    8    4    5    2    1    0       827    8    1 CMat     7    3    5    8    2    6    4    1
    1    6    1    1    2    2    1    1    1    1       925   31    0 CMat    30   31
    1    7    1    1    8    1    8    2    1    0       716    8    1 CMat     8    2    3    4    7    5    6    1
    1    8    2    1    4    0    0    1    1    0       772   36    0 CMat    32   33   34   35
    1    9    1    1    8    6    3    1    1    1       998   11    1 CMat    14   12    9   16   10   11   13   15
    1   10    1    1    8    8    1    1    1    1       457   44    0 CMat    37   38   39   40   41   42   43   44
    1   11    1    1    4    3    2    2    1    0       977    6    1 CMat     2    8    6    1
    1   12    1    1    8    7    2    2    1    0       520   51    0 CMat    45   46   47   48   49   50   51   52
    1   13    2    1    2    0    0    1    1    0      1015   10    1 CMat     8    2
    1   14    2    1    2    0    0    2    1    1       784   55    0 CMat    53   54
    1   15    1    1    8    2    7    2    1    0       709    4    1 CMat     8    4    5    7    2    3    6    1
    1   16    2    1    8    0    0    2    1    1       806   64    0 CMat    56   57   58   59   60   61   62   63
    1   17    2    1    2    0    0    1    1    0       938   12    1 CMat     8    7
    1   18    2    1    2    0    0    2    1    1       711   67    0 CMat    65   66
    1   19    1    1    8    7    2    1    1    1      1342   12    1 CMat    16   11   14   10   15   13   12    9
    1   20    2    1    8    0    0    1    1    0       806   76    0 CMat    68   69   70   71   72   73   74   75
    1   21    1    1    2    2    1    2    1    0       586    3    1 CMat     7    3
    1   22    1    1    4    4    1    1    1    1       569   80    0 CMat    77   78   79   80
    1   23    1    1    8    2    7    2    0    1       902   12    1 CMat     9   12   11   14   10   13   15   16
    1   24    1    1    4    4    1    1    1    1       616   84    0 CMat    81   82   83   84
    2    1    1    1    2    1    2    2    1    0       513    8    1 CMat     8    7
    2    2    1    1    2    1    2    1    1    1       607   85    0 CMat    85   86
    2    3    2    1    8    0    0    1    1    0       955   16    1 CMat     4    2    1    8    3    5    6    7
    2    4    2    1    2    0    0    1    1    0       854   89    0 CMat    87   88
    2    5    2    1    4    0    0    1    1    0       733   14    1 CMat     4    7    1    5
    2    6    1    1    2    1    2    1    1    1       898   90    0 CMat    90   91
    2    7    2    1    2    0    0    1    1    0       578   14    1 CMat     7    4
    2    8    1    1    8    3    6    1    1    1      1033   94    0 CMat    92   93   94   95   96   97   98   99
    2    9    2    1    8    0    0    1    1    0       852    9    1 CMat     3    2    7    4    8    1    6    5
    2   10    1    1    8    2    7    2    1    0      1360  101    0 CMat   100  101  102  103  104  105  106  107
    2   11    1    1    8    8    1    2    1    0       798    5    1 CMat     1    7    2    4    6    3    8    5
    2   12    2    1    4    0    0    2    1    1       931  112    0 CMat   108  109  110  111
    2   13    2    1    4    0    0    2    1    1       919    8    1 CMat     9   11   14   13
    2   14    2    1    2    0    0    1    1    0       644  115    0 CMat   113  114
    2   15    1    1    8    7    2    2    1    0       767    2    1 CMat     4    3    1    6    5    8    2    7
    2   16    1    1    4    1    4    2    0    1       694  116    0 CMat   116  117  118  119
    2   17    2    1    4    0    0    1    1    0       660   14    1 CMat     7    6    1    3
    2   18    2    1    4    0    0    1    1    0       815  124    0 CMat   120  121  122  123
    2   19    1    1    8    4    5    2    1    0       738    8    1 CMat     4    6    5    8    1    3    2    7
    2   20    2    1    8    0    0    2    1    1       754  133    0 CMat   125  126  127  128  129  130  131  132
    2   21    2    1    8    0    0    2    1    1       856    7    1 CMat     9   12   10   13   15   11   16   14
    2   22    1    1    4    4    1    2    1    0       988  137    0 CMat   134  135  136  137
    2   23    1    1    8    5    4    2    1    0       504    4    1 CMat     5    6    1    2    4    3    7    8
    2   24    1    1    2    1    2    1    1    1       774  138    0 CMat   138  139
    3    1    2    1    8    0    0    2    1    1       810    1    1 CMat     9   10   15   12   13   16   11   14
    3    2    2    1    8    0    0    1    1    0       839  148    0 CMat   140  141  142  143  144  145  146  147
    3    3    1    1    4    1    4    2    1    0       894    5    1 CMat     5    7    8    6
    3    4    2    1    2    0    0    1    1    0       637  151    0 CMat   149  150
    3    5    2    1    8    0    0    1    1    0       887   11    1 CMat     8    4    2    1    6    7    5    3
    3    6    2    1    2    0    0    2    1    1       469  154    0 CMat   152  153
    3    7    1    1    4    3    2    1    1    1       652   16    1 CMat    15   12   16   13
    3    8    1    1    8    6    3    1    1    1       750  160    0 CMat   155  156  157  158  159  160  161  162
    3    9    1    1    4    2    3    1    1    1       602   16    1 CMat    14   16   12   15
    3   10    1    1    8    8    1    2    1    0       365  170    0 CMat   163  164  165  166  167  168  169  170
    3   11    2    1    8    0    0    1    1    0       818   11    1 CMat     6    4    2    8    1    3    7    5
    3   12    1    1    4    1    4    2    1    0       600  171    0 CMat   171  172  173  174
    3   13    1    1    4    3    2    2    1    0       777    4    1 CMat     6    2    4    7
    3   14    1    1    2    1    2    1    1    1       493  175    0 CMat   175  176
    3   15    1    1    4    4    1    2    1    0       419    5    1 CMat     2    8    1    5
    3   16    1    1    2    2    1    1    1    1       436  178    0 CMat   177  178
    3   17    1    1    4    2    3    2    1    0       572    1    1 CMat     4    1    2    7
    3   18    1    1    2    2    1    1    0    0       519  180    0 CMat   179  180
    3   19    2    1    8    0    0    2    1    1      1062    8    1 CMat    16   15   14   12   13   11    9   10
    3   20    2    1    2    0    0    2    1    1       717  183    0 CMat   181  182
    3   21    2    1    2    0    0    2    1    1       581    8    1 CMat    15   14
    3   22    1    1    2    1    2    2    1    0       512  184    0 CMat   184  185
    3   23    2    1    2    0    0    1    1    0       608   12    1 CMat     5    6
    3   24    1    1    4    4    1    2    1    0       366  189    0 CMat   186  187  188  189
    4    1    1    1    2    1    2    1    1    1       834   10    1 CMat    10    9
    4    2    1    1    4    2    3    1    1    1       775  191    0 CMat   190  191  192  193
    4    3    2    1    4    0    0    2    0    0      1330   12    1 CMat     3    1    2    4
    4    4    1    1    8    2    7    2    1    0       825  195    0 CMat   194  195  196  197  198  199  200  201
    4    5    1    1    4    1    4    2    1    0       786    2    1 CMat     2    7    6    5
    4    6    1    1    2    2    1    1    1    1       532  203    0 CMat   202  203
    4    7    1    1    4    1    4    2    1    0       504    8    1 CMat     8    3    6    7
    4    8    1    1    4    3    2    1    1    1       714  206    0 CMat   204  205  206  207
    4    9    1    1    8    7    2    1    1    1       561    9    1 CMat    16   12   11   14   13   15    9   10
    4   10    1    1    4    4    1    1    1    1       418  211    0 CMat   208  209  210  211
    4   11    2    1    8    0    0    2    0    0      1029   13    1 CMat     6    2    1    7    4    5    3    8
    4   12    1    1    4    3    2    2    1    0      1042  214    0 CMat   212  213  214  215
    4   13    2    1    2    0    0    1    1    0       684   14    1 CMat     2    4
    4   14    1    1    2    2    1    1    1    1       500  217    0 CMat   216  217
    4   15    1    1    4    3    2    2    1    0       345    5    1 CMat     8    6    5    7
    4   16    2    1    8    0    0    2    1    1       665  226    0 CMat   218  219  220  221  222  223  224  225
    4   17    1    1    8    7    2    2    1    0       450    8    1 CMat     2    6    5    3    1    4    8    7
    4   18    1    1    4    1    4    2    1    0       599  227    0 CMat   227  228  229  230
    4   19    2    1    8    0    0    1    1    0      1635   12    1 CMat     3    8    6    1    2    4    7    5
    4   20    1    1    2    1    2    1    1    1       435  231    0 CMat   231  232
    4   21    2    1    8    0    0    1    1    0       486   12    1 CMat     8    7    1    3    5    6    4    2
    4   22    1    1    8    8    1    1    0    0       512  240    0 CMat   233  234  235  236  237  238  239  240
    4   23    1    1    4    1    4    1    1    1      1189   15    1 CMat    15   13   10   11
    4   24    2    1    8    0    0    2    1    1      1122  249    0 CMat   241  242  243  244  245  246  247  248
    5    1    2    1    4    0    0    1    1    0       607   14    1 CMat     2    5    4    6
    5    2    2    1    4    0    0    1    1    0       701  254    0 CMat   250  251  252  253
    5    3    1    1    4    4    1    2    1    0       746    3    1 CMat     1    7    2    3
    5    4    1    1    2    2    1    1    1    1       495  256    0 CMat   255  256
    5    5    1    1    8    6    3    1    1    1       607   14    1 CMat    16   11    9   10   15   14   13   12
    5    6    2    1    4    0    0    1    1    0       685  261    0 CMat   257  258  259  260
    5    7    2    1    8    0    0    1    1    0      1557   12    1 CMat     3    5    1    7    4    8    2    6
    5    8    1    1    4    3    2    2    1    0      1245  264    0 CMat   262  263  264  265
    5    9    2    1    2    0    0    1    1    0       527   11    1 CMat     4    1
    5   10    1    1    8    5    4    1    1    1       728  270    0 CMat   266  267  268  269  270  271  272  273
    5   11    1    1    2    1    2    2    1    0       560    2    1 CMat     2    6
    5   12    1    1    2    1    2    1    1    1       444  274    0 CMat   274  275
    5   13    1    1    8    7    2    2    1    0       622    4    1 CMat     7    1    6    3    2    8    4    5
    5   14    1    1    4    4    1    2    1    0       476  279    0 CMat   276  277  278  279
    5   15    2    1    8    0    0    1    1    0       573    9    1 CMat     8    7    6    4    3    2    5    1
    5   16    1    1    4    4    1    1    1    1       396  283    0 CMat   280  281  282  283
    5   17    1    1    2    1    2    2    1    0       433    2    1 CMat     2    1
    5   18    2    1    8    0    0    1    1    0       669  292    0 CMat   284  285  286  287  288  289  290  291
    5   19    2    1    8    0    0    2    1    1       806    2    1 CMat    15    9   13   11   14   12   10   16
    5   20    1    1    2    2    1    2    1    0       392  294    0 CMat   293  294
    5   21    2    1    8    0    0    2    1    1      1709    2    1 CMat    10   13   14   11   15    9   16   12
    5   22    1    1    4    4    1    2    1    0       431  298    0 CMat   295  296  297  298
    5   23    1    1    2    2    1    2    1    0       402    1    1 CMat     5    1
    5   24    1    1    8    3    6    2    1    0       896  301    0 CMat   299  300  301  302  303  304  305  306
    6    1    2    1    2    0    0    1    1    0       512   14    1 CMat     2    3
    6    2    2    1    4    0    0    1    1    0       642  311    0 CMat   307  308  309  310
    6    3    1    1    4    2    3    2    1    0      1058    3    1 CMat     5    3    4    6
    6    4    1    1    4    1    4    1    1    1       814  312    0 CMat   312  313  314  315
    6    5    1    1    2    1    2    1    1    1       482   13    1 CMat    13   12
    6    6    1    1    2    2    1    1    1    1       401  317    0 CMat   316  317
    6    7    1    1    2    2    1    2    1    0       405    1    1 CMat     7    1
    6    8    2    1    2    0    0    1    1    0       470  320    0 CMat   318  319
    6    9    1    1    2    1    2    2    1    0       503    1    1 CMat     1    5
    6   10    1    1    2    2    1    2    1    0       374  322    0 CMat   321  322
    6   11    1    1    4    2    3    2    1    0       640    6    1 CMat     5    6    1    7
    6   12    1    1    4    1    4    1    1    1       638  323    0 CMat   323  324  325  326
    6   13    1    1    8    7    2    1    1    1       424   15    1 CMat    16   13   12   14   11    9   15   10
    6   14    2    1    4    0    0    1    1    0       573  331    0 CMat   327  328  329  330
    6   15    1    1    4    1    4    1    1    1       368   10    1 CMat    10   11   16   13
    6   16    1    1    8    6    3    1    1    1       688  337    0 CMat   332  333  334  335  336  337  338  339
    6   17    1    1    2    1    2    2    1    0       633    6    1 CMat     6    4
    6   18    1    1    2    1    2    1    1    1       402  340    0 CMat   340  341
    6   19    2    1    8    0    0    2    1    1       726    3    1 CMat     9   14   16   13   11   15   10   12
    6   20    2    1    4    0    0    1    1    0       608  346    0 CMat   342  343  344  345
    6   21    2    1    4    0    0    1    1    0       529   15    1 CMat     7    6    1    2
    6   22    2    1    2    0    0    1    1    0       718  349    0 CMat   347  348
    6   23    1    1    2    1    2    2    1    0       789    4    1 CMat     4    3
    6   24    2    1    4    0    0    2    1    1       604  354    0 CMat   350  351  352  353
    7    1    2    1    4    0    0    2    1    1       632    6    1 CMat    14   15   12   13
    7    2    1    1    2    2    1    1    1    1       434  356    0 CMat   355  356
    7    3    1    1    8    3    6    1    1    1       548   14    1 CMat    16   10   14   12    9   11   15   13
    7    4    2    1    4    0    0    2    1    1       628  361    0 CMat   357  358  359  360
    7    5    1    1    8    8    1    2    1    0       367    2    1 CMat     5    6    4    8    1    3    7    2
    7    6    1    1    4    1    4    2    1    0       679  362    0 CMat   362  363  364  365
    7    7    2    1    2    0    0    1    1    0       512   13    1 CMat     5    2
    7    8    1    1    2    1    2    2    1    0       478  366    0 CMat   366  367
    7    9    1    1    8    2    7    1    1    1       576   13    1 CMat    14   13   12    9   11   10   16   15
    7   10    2    1    2    0    0    2    1    1       459  370    0 CMat   368  369
    7   11    2    1    2    0    0    2    1    1       477    3    1 CMat     9   13
    7   12    1    1    8    7    2    1    1    1       585  377    0 CMat   371  372  373  374  375  376  377  378
    7   13    1    1    4    3    2    2    1    0       427    3    1 CMat     8    6    3    1
    7   14    2    1    4    0    0    1    1    0       624  383    0 CMat   379  380  381  382
    7   15    2    1    2    0    0    2    1    1       539    4    1 CMat    14   13
    7   16    1    1    8    8    1    1    1    1       388  391    0 CMat   384  385  386  387  388  389  390  391
    7   17    1    1    8    4    5    2    1    0       584    7    1 CMat     1    4    6    7    2    8    3    5
    7   18    1    1    4    1    4    1    1    1       647  392    0 CMat   392  393  394  395
    7   19    1    1    8    2    7    1    1    1       497   16    1 CMat    13   16   15   12    9   11   10   14
    7   20    1    1    4    2    3    2    1    0       561  397    0 CMat   396  397  398  399
    7   21    1    1    2    1    2    2    1    0       367    7    1 CMat     7    1
    7   22    2    1    2    0    0    1    1    0       547  402    0 CMat   400  401
    7   23    2    1    4    0    0    2    1    1      1813    2    1 CMat     9   14   15   10
    7   24    2    1    8    0    0    2    1    1       859  411    0 CMat   403  404  405  406  407  408  409  410
    8    1    1    1    2    1    2    2    1    0       520    4    1 CMat     4    2
    8    2    1    1    4    4    1    1    1    1       346  415    0 CMat   412  413  414  415
    8    3    2    1    2    0    0    2    1    1       544    3    1 CMat    10    9
    8    4    1    1    2    2    1    2    1    0       365  417    0 CMat   416  417
    8    5    1    1    2    1    2    2    1    0       435    7    1 CMat     7    2
    8    6    1    1    2    1    2    2    1    0       531  418    0 CMat   418  419
    8    7    2    1    2    0    0    1    1    0       546   14    1 CMat     1    7
    8    8    2    1    2    0    0    2    1    1       462  422    0 CMat   420  421
    8    9    2    1    2    0    0    1    1    0       464    9    1 CMat     3    8
    8   10    2    1    2    0    0    2    1    1       495  425    0 CMat   423  424
    8   11    2    1    4    0    0    2    1    1       581    8    1 CMat    10   14   11   16
    8   12    1    1    8    2    7    1    1    1       668  427    0 CMat   426  427  428  429  430  431  432  433
    8   13    1    1    4    3    2    2    1    0       507    4    1 CMat     1    2    4    3
    8   14    1    1    8    3    6    2    1    0       661  436    0 CMat   434  435  436  437  438  439  440  441
    8   15    1    1    4    2    3    2    1    0       484    3    1 CMat     5    3    7    8
    8   16    1    1    8    7    2    2    1    0       525  448    0 CMat   442  443  444  445  446  447  448  449
    8   17    2    1    4    0    0    2    1    1       626    6    1 CMat    12   15    9   13
    8   18    2    1    4    0    0    2    0    0       751  454    0 CMat   450  451  452  453
    8   19    1    1    4    3    2    1    1    1       410    9    1 CMat    15   16    9   11
    8   20    2    1    2    0    0    1    1    0       524  457    0 CMat   455  456
    8   21    1    1    8    7    2    2    1    0       539    5    1 CMat     7    6    3    4    1    8    5    2
    8   22    2    1    4    0    0    1    1    0       700  462    0 CMat   458  459  460  461
    8   23    1    1    2    2    1    2    1    0       579    1    1 CMat     7    1
    8   24    1    1    2    1    2    1    1    1       383  463    0 CMat   463  464
    9    1    1    1    8    1    8    2    1    0       550    1    1 CMat     1    4    6    3    7    8    2    5
    9    2    1    1    8    3    6    1    1    1       670  467    0 CMat   465  466  467  468  469  470  471  472
    9    3    2    1    2    0    0    1    1    0       919   10    1 CMat     8    6
    9    4    2    1    4    0    0    1    1    0      1112  477    0 CMat   473  474  475  476
    9    5    2    1    8    0    0    2    1    1       640    5    1 CMat    16   12   14   13   11    9   15   10
    9    6    1    1    4    2    3    1    1    1       605  479    0 CMat   478  479  480  481
    9    7    1    1    2    1    2    2    1    0       489    1    1 CMat     1    3
    9    8    2    1    4    0    0    2    1    1       555  486    0 CMat   482  483  484  485
    9    9    2    1    4    0    0    2    1    1       574    1    1 CMat    14   15   12   10
    9   10    1    1    4    2    3    2    1    0       686  488    0 CMat   487  488  489  490
    9   11    2    1    8    0    0    1    1    0       887   10    1 CMat     5    6    2    3    8    7    1    4
    9   12    1    1    4    2    3    1    1    1       746  492    0 CMat   491  492  493  494
    9   13    2    1    4    0    0    1    1    0      1942   12    1 CMat     8    7    3    4
    9   14    1    1    4    3    2    2    1    0       880  497    0 CMat   495  496  497  498
    9   15    1    1    8    6    3    2    1    0       496    4    1 CMat     6    2    5    7    8    4    3    1
    9   16    2    1    2    0    0    2    1    1       686  501    0 CMat   499  500
    9   17    1    1    8    1    8    1    1    1       614    9    1 CMat     9   13   11   10   15   16   12   14
    9   18    1    1    8    2    7    1    1    1       619  503    0 CMat   502  503  504  505  506  507  508  509
    9   19    1    1    8    7    2    2    1    0       486    8    1 CMat     1    7    5    4    3    2    8    6
    9   20    1    1    2    2    1    1    1    1       470  511    0 CMat   510  511
    9   21    2    1    8    0    0    2    1    1       647    6    1 CMat    13   14   10    9   12   16   15   11
    9   22    2    1    4    0    0    1    1    0       691  516    0 CMat   512  513  514  515
    9   23    1    1    4    1    4    2    1    0       481    3    1 CMat     3    8    5    7
    9   24    1    1    2    1    2    1    1    1       624  517    0 CMat   517  518
