    1    1    1    1    8    5    4    1    1    1      2205    3    1 MIX     8    2    3    1   17   18   19   20
    1    2    2    1    4    0    0    1    1    0      2700   14    1 MIX     7    1   21   22
    1    3    2    1    4    0    0    1    1    0      2759   13    1 MIX     5    1   23   24
    1    4    2    1    8    0    0    1    1    0      1547   12    1 MIX     4    7    3    8   25   26   27   28
    1    5    2    1    4    0    0    1    1    0      1734   31    0 MIX     7    6   29   30
    1    6    1    1    2    2    1    2    1    0      2021   32    0 MIX     7   32
    1    7    2    1    2    0    0    1    1    0      3191   34    0 MIX     1   33
    1    8    2    1    4    0    0    1    1    0      1261   37    0 MIX     1    2   35   36
    1    9    2    1    4    0    0    2    1    1      1956    8    1 MIX     5    4   38   39
    1   10    2    1    4    0    0    2    1    1      1823    3    1 MIX     4    1   40   41
    1   11    2    1    2    0    0    1    1    0      1657   43    0 MIX     5   42
    1   12    2    1    2    0    0    1    1    0      1786   10    1 MIX     6   44
    1   13    2    1    2    0    0    2    1    1      2022    1    1 MIX     1   45
    1   14    2    1    4    0    0    2    1    1      1439    8    1 MIX     3    6   46   47
    1   15    2    1    4    0    0    1    1    0      1437   10    1 MIX     3    7   48   49
    1   16    2    1    8    0    0    2    1    1      1430   54    0 MIX     7    2    4    1   50   51   52   53
    1   17    1    1    4    4    1    1    1    1      1397   56    0 MIX     2    3   55   56
    1   18    2    1    8    0    0    2    1    1      1984    8    1 MIX     2    4    7    1   57   58   59   60
    1   19    2    1    4    0    0    2    1    1      1303   63    0 MIX     4    3   61   62
    1   20    2    1    2    0    0    1    1    0      1671   12    1 MIX     1   64
    1   21    1    1    2    1    2    1    1    1      1752   65    0 MIX     6   65
    1   22    1    1    4    2    3    1    1    1      1177    3    1 MIX     3    7   66   67
    1   23    2    1    8    0    0    2    1    1       939   72    0 MIX     2    7    8    3   68   69   70   71
    1   24    1    1    2    1    2    2    1    0      1065   73    0 MIX     2   73
    2    1    1    1    2    2    1    2    1    0      1521   74    0 MIX     5   74
    2    2    1    1    8    6    3    2    1    0      1670    6    1 MIX     8    1    7    6   75   76   77   78
    2    3    2    1    8    0    0    1    1    0      1366   12    1 MIX     7    3    1    2   79   80   81   82
    2    4    2    1    4    0    0    2    1    1       951   85    0 MIX     4    3   83   84
    2    5    2    1    4    0    0    1    1    0      1273   88    0 MIX     1    4   86   87
    2    6    2    1    2    0    0    2    1    1       937   90    0 MIX     7   89
    2    7    1    1    8    2    7    1    1    1      2501    8    1 MIX     4    3    8    6   91   92   93   94
    2    8    1    1    8    2    7    2    1    0      1701    7    1 MIX     7    4    3    1   95   96   97   98
    2    9    2    1    4    0    0    2    1    1      2696    7    1 MIX     5    2   99  100
    2   10    2    1    2    0    0    1    1    0      3921   14    1 MIX     4  101
    2   11    1    1    8    1    8    2    0    1      1958  102    0 MIX     4    2    5    8  102  103  104  105
    2   12    2    1    8    0    0    2    1    1      1593    5    1 MIX     7    5    6    2  106  107  108  109
    2   13    1    1    4    2    3    1    1    1      1538  110    0 MIX     5    6  110  111
    2   14    2    1    8    0    0    1    1    0      2231   16    1 MIX     1    6    3    5  112  113  114  115
    2   15    1    1    4    4    1    2    1    0       966  116    0 MIX     4    1  116  117
    2   16    1    1    2    1    2    2    1    0      1011  118    0 MIX     7  118
    2   17    2    1    8    0    0    1    1    0      1469  123    0 MIX     4    1    6    5  119  120  121  122
    2   18    2    1    2    0    0    2    1    1      1030    7    1 MIX     1  124
    2   19    2    1    8    0    0    2    1    1       878    2    1 MIX     2    3    5    7  125  126  127  128
    2   20    1    1    8    7    2    1    1    1      1181  130    0 MIX     4    6    2    8  129  130  131  132
    2   21    2    1    4    0    0    2    1    1       759    8    1 MIX     6    5  133  134
    2   22    2    1    2    0    0    1    1    0       733   10    1 MIX     2  135
    2   23    1    1    4    4    1    2    1    0       985    1    1 MIX     3    1  136  137
    2   24    2    1    2    0    0    1    1    0      2901  139    0 MIX     8  138
    3    1    1    1    8    3    6    1    1    1      1355  140    0 MIX     7    8    3    6  140  141  142  143
    3    2    2    1    8    0    0    1    1    0      1190  148    0 MIX     2    7    6    5  144  145  146  147
    3    3    1    1    8    4    5    1    1    1      1321    3    1 MIX     7    1    3    8  149  150  151  152
    3    4    2    1    8    0    0    2    1    1       903    4    1 MIX     6    5    8    1  153  154  155  156
    3    5    1    1    8    7    2    2    1    0      1126    3    1 MIX     1    8    7    3  157  158  159  160
    3    6    1    1    8    3    6    2    1    0      1037    8    1 MIX     6    1    4    8  161  162  163  164
    3    7    1    1    2    1    2    1    1    1      4120    2    1 MIX     2  165
    3    8    1    1    2    1    2    2    1    0      1126    2    1 MIX     2  166
    3    9    2    1    8    0    0    1    1    0       909  171    0 MIX     4    8    2    3  167  168  169  170
    3   10    1    1    8    5    4    2    1    0      2921  174    0 MIX     5    1    6    2  172  173  174  175
    3   11    2    1    2    0    0    2    1    1       744    5    1 MIX     3  176
    3   12    2    1    4    0    0    2    1    1      1074  179    0 MIX     7    1  177  178
    3   13    1    1    4    3    2    2    1    0      1056  180    0 MIX     5    4  180  181
    3   14    2    1    2    0    0    1    1    0       696  183    0 MIX     4  182
    3   15    1    1    4    1    4    2    1    0       980  185    0 MIX     7    5  184  185
    3   16    2    1    4    0    0    2    1    1      1364  188    0 MIX     1    2  186  187
    3   17    1    1    2    2    1    1    1    1       913  189    0 MIX     8  189
    3   18    2    1    4    0    0    2    1    1       708  192    0 MIX     2    1  190  191
    3   19    1    1    2    1    2    2    1    0      1324  193    0 MIX     4  193
    3   20    1    1    4    4    1    1    1    1      1119    1    1 MIX     1    6  194  195
    3   21    2    1    2    0    0    2    1    1       805  197    0 MIX     2  196
    3   22    1    1    2    1    2    1    1    1       841  198    0 MIX     3  198
    3   23    1    1    2    1    2    1    1    1       747    7    1 MIX     7  199
    3   24    1    1    8    2    7    2    1    0      3231  202    0 MIX     7    8    2    1  200  201  202  203
    4    1    2    1    8    0    0    2    1    1      2097    2    1 MIX     6    1    2    3  204  205  206  207
    4    2    2    1    8    0    0    2    0    0      1872    9    1 MIX     3    8    5    2  208  209  210  211
    4    3    2    1    4    0    0    2    1    1       941    6    1 MIX     7    5  212  213
    4    4    1    1    8    1    8    2    1    0      2170    7    1 MIX     3    7    8    2  214  215  216  217
    4    5    2    1    8    0    0    2    1    1      1412    8    1 MIX     1    7    5    2  218  219  220  221
    4    6    2    1    2    0    0    2    1    1      1983  223    0 MIX     1  222
    4    7    2    1    8    0    0    1    1    0       899  228    0 MIX     7    2    4    6  224  225  226  227
    4    8    1    1    4    2    3    1    1    1      1688    6    1 MIX     8    6  229  230
    4    9    2    1    4    0    0    2    1    1      1597    7    1 MIX     8    5  231  232
    4   10    2    1    4    0    0    2    1    1       917  235    0 MIX     5    4  233  234
    4   11    1    1    2    2    1    2    1    0       916    8    1 MIX     8  236
    4   12    2    1    4    0    0    2    1    1       808    1    1 MIX     3    7  237  238
    4   13    2    1    4    0    0    1    1    0       608  241    0 MIX     5    8  239  240
    4   14    1    1    4    2    3    1    0    0      4753  242    0 MIX     1    5  242  243
    4   15    1    1    2    1    2    1    1    1       902  244    0 MIX     3  244
    4   16    2    1    8    0    0    1    0    1      2820    8    1 MIX     1    5    8    6  245  246  247  248
    4   17    1    1    4    2    3    2    1    0      1131  249    0 MIX     2    5  249  250
    4   18    1    1    8    4    5    2    1    0       975    2    1 MIX     3    2    4    6  251  252  253  254
    4   19    2    1    8    0    0    2    1    1       890  259    0 MIX     5    6    4    7  255  256  257  258
    4   20    2    1    2    0    0    2    1    1       745  261    0 MIX     7  260
    4   21    2    1    4    0    0    2    1    1      1444  264    0 MIX     7    1  262  263
    4   22    1    1    8    2    7    2    1    0      1421  267    0 MIX     1    3    6    8  265  266  267  268
    4   23    2    1    4    0    0    1    1    0      3054    9    1 MIX     3    4  269  270
    4   24    2    1    8    0    0    2    1    1       887  275    0 MIX     2    4    8    6  271  272  273  274
    5    1    1    1    2    1    2    1    1    1       793  276    0 MIX     5  276
    5    2    1    1    4    1    4    1    1    1      1794    2    1 MIX     3    2  277  278
    5    3    1    1    2    2    1    2    1    0       766    3    1 MIX     3  279
    5    4    1    1    4    4    1    1    1    1       807  280    0 MIX     3    5  280  281
    5    5    1    1    4    1    4    2    1    0      1280    7    1 MIX     7    5  282  283
    5    6    1    1    4    1    4    1    1    1       853    7    1 MIX     7    6  284  285
    5    7    2    1    2    0    0    2    1    1       615    7    1 MIX     7  286
    5    8    2    1    8    0    0    2    1    1      3439    7    1 MIX     1    5    7    8  287  288  289  290
    5    9    1    1    4    3    2    2    1    0       974  292    0 MIX     3    5  291  292
    5   10    1    1    2    2    1    1    1    1       779  293    0 MIX     1  293
    5   11    1    1    2    2    1    1    1    1       527  294    0 MIX     4  294
    5   12    1    1    4    4    1    1    1    1       772    1    1 MIX     2    1  295  296
    5   13    2    1    8    0    0    2    1    1       967    6    1 MIX     4    5    1    3  297  298  299  300
    5   14    2    1    4    0    0    1    1    0       712  303    0 MIX     4    6  301  302
    5   15    1    1    4    4    1    2    1    0       789    6    1 MIX     6    2  304  305
    5   16    1    1    4    3    2    1    1    1       797  307    0 MIX     4    5  306  307
    5   17    1    1    8    3    6    2    1    0       959    5    1 MIX     2    6    5    8  308  309  310  311
    5   18    2    1    8    0    0    2    1    1       794    4    1 MIX     3    8    2    6  312  313  314  315
    5   19    1    1    8    8    1    1    1    1      1342    4    1 MIX     6    7    8    4  316  317  318  319
    5   20    1    1    8    5    4    2    0    1      2076  321    0 MIX     5    1    2    8  320  321  322  323
    5   21    1    1    4    1    4    1    1    1      1170    6    1 MIX     3    6  324  325
    5   22    1    1    8    1    8    1    1    1      1044  329    0 MIX     4    2    8    6  326  327  328  329
    5   23    2    1    4    0    0    2    1    1       803  332    0 MIX     1    5  330  331
    5   24    1    1    8    6    3    1    1    1       934  335    0 MIX     6    2    5    3  333  334  335  336
    6    1    1    1    2    2    1    1    1    1       703  337    0 MIX     6  337
    6    2    1    1    8    8    1    1    1    1       723  340    0 MIX     6    3    5    7  338  339  340  341
    6    3    1    1    8    4    5    1    1    1       873    3    1 MIX     6    3    7    8  342  343  344  345
    6    4    2    1    4    0    0    1    1    0      2335   15    1 MIX     1    6  346  347
    6    5    2    1    2    0    0    1    1    0       869  349    0 MIX     6  348
    6    6    1    1    4    4    1    2    1    0       890  351    0 MIX     1    5  350  351
    6    7    1    1    8    8    1    2    1    0       744  355    0 MIX     6    7    8    5  352  353  354  355
    6    8    1    1    4    3    2    2    1    0       804  356    0 MIX     7    5  356  357
    6    9    2    1    4    0    0    2    1    1       779  360    0 MIX     2    4  358  359
    6   10    1    1    4    2    3    1    1    1       723    7    1 MIX     6    7  361  362
    6   11    2    1    8    0    0    2    0    0      1177   11    1 MIX     4    2    7    3  363  364  365  366
    6   12    1    1    2    2    1    2    1    0       942    2    1 MIX     2  367
    6   13    2    1    8    0    0    1    1    0       634  372    0 MIX     2    5    8    6  368  369  370  371
    6   14    1    1    4    2    3    2    1    0      1017  373    0 MIX     4    7  373  374
    6   15    1    1    2    2    1    2    1    0       803    5    1 MIX     5  375
    6   16    2    1    2    0    0    2    1    1       630  377    0 MIX     4  376
    6   17    2    1    4    0    0    1    1    0       821    9    1 MIX     2    3  378  379
    6   18    1    1    8    5    4    1    0    0       533  382    0 MIX     4    8    5    2  380  381  382  383
    6   19    1    1    8    3    6    2    1    0       995    6    1 MIX     4    6    5    3  384  385  386  387
    6   20    1    1    4    2    3    2    1    0      1108    2    1 MIX     7    2  388  389
    6   21    1    1    4    2    3    2    1    0       704    5    1 MIX     2    5  390  391
    6   22    2    1    2    0    0    2    1    1       791    7    1 MIX     8  392
    6   23    1    1    4    2    3    1    1    1       736    3    1 MIX     8    3  393  394
    6   24    2    1    4    0    0    2    1    1       570  397    0 MIX     3    8  395  396
    7    1    1    1    4    3    2    1    1    1       988  398    0 MIX     7    6  398  399
    7    2    1    1    8    3    6    2    1    0       808  403    0 MIX     3    1    7    4  400  401  402  403
    7    3    2    1    2    0    0    1    1    0      1515   14    1 MIX     8  404
    7    4    2    1    8    0    0    1    1    0       657  409    0 MIX     6    2    1    4  405  406  407  408
    7    5    2    1    2    0    0    1    1    0      1290    9    1 MIX     6  410
    7    6    2    1    8    0    0    1    1    0      2345   14    1 MIX     3    1    4    5  411  412  413  414
    7    7    2    1    8    0    0    1    1    0       860  419    0 MIX     7    2    5    6  415  416  417  418
    7    8    1    1    2    1    2    2    1    0      1469    3    1 MIX     3  420
    7    9    1    1    4    3    2    1    1    1       667  421    0 MIX     1    3  421  422
    7   10    1    1    4    1    4    1    1    1       937  424    0 MIX     8    4  423  424
    7   11    2    1    2    0    0    2    1    1       887    4    1 MIX     5  425
    7   12    1    1    2    1    2    1    1    1       631  426    0 MIX     6  426
    7   13    1    1    8    2    7    2    0    1       767    7    1 MIX     5    4    7    3  427  428  429  430
    7   14    1    1    4    4    1    2    1    0       921    1    1 MIX     7    1  431  432
    7   15    1    1    4    4    1    1    1    1       749  433    0 MIX     2    5  433  434
    7   16    1    1    4    3    2    2    1    0       742  435    0 MIX     2    8  435  436
    7   17    2    1    2    0    0    1    1    0       460  438    0 MIX     3  437
    7   18    2    1    4    0    0    1    1    0       466  441    0 MIX     6    4  439  440
    7   19    2    1    8    0    0    1    1    0      2066    9    1 MIX     8    6    2    7  442  443  444  445
    7   20    1    1    2    1    2    2    1    0       979  446    0 MIX     8  446
    7   21    1    1    4    4    1    2    1    0       965  448    0 MIX     4    5  447  448
    7   22    1    1    4    2    3    2    1    0       774  450    0 MIX     8    6  449  450
    7   23    1    1    2    1    2    1    1    1       603  451    0 MIX     5  451
    7   24    1    1    8    8    1    2    1    0       933    3    1 MIX     1    3    8    4  452  453  454  455
    8    1    2    1    4    0    0    2    1    1       683  458    0 MIX     8    7  456  457
    8    2    2    1    2    0    0    1    1    0      1107   16    1 MIX     4  459
    8    3    2    1    4    0    0    2    1    1       719  462    0 MIX     6    2  460  461
    8    4    2    1    8    0    0    2    1    1       979  467    0 MIX     7    8    3    6  463  464  465  466
    8    5    1    1    2    1    2    1    1    1       576    8    1 MIX     8  468
    8    6    2    1    8    0    0    1    0    1      1739    3    1 MIX     5    4    2    8  469  470  471  472
    8    7    2    1    2    0    0    1    1    0       697  474    0 MIX     4  473
    8    8    2    1    4    0    0    1    1    0       821  477    0 MIX     3    4  475  476
    8    9    2    1    2    0    0    1    1    0       519   10    1 MIX     4  478
    8   10    2    1    4    0    0    2    1    1       635  481    0 MIX     3    6  479  480
    8   11    2    1    8    0    0    2    0    0       899  486    0 MIX     1    3    4    8  482  483  484  485
    8   12    2    1    4    0    0    2    1    1       936    3    1 MIX     5    4  487  488
    8   13    1    1    2    1    2    1    1    1       470  489    0 MIX     2  489
    8   14    2    1    8    0    0    2    1    1       902    2    1 MIX     4    1    8    2  490  491  492  493
    8   15    1    1    2    1    2    1    1    1       581    4    1 MIX     4  494
    8   16    2    1    8    0    0    1    0    1      2190    1    1 MIX     3    8    5    1  495  496  497  498
    8   17    2    1    2    0    0    2    1    1       554    2    1 MIX     7  499
    8   18    1    1    4    1    4    2    1    0       876    8    1 MIX     1    8  500  501
    8   19    1    1    4    4    1    2    1    0       752  502    0 MIX     5    6  502  503
    8   20    2    1    4    0    0    1    1    0      1258  506    0 MIX     5    8  504  505
    8   21    2    1    4    0    0    2    1    1       722  509    0 MIX     4    1  507  508
    8   22    1    1    2    1    2    1    1    1      1081    6    1 MIX     6  510
    8   23    2    1    2    0    0    1    1    0       577   15    1 MIX     4  511
    8   24    2    1    4    0    0    2    1    1      1170  514    0 MIX     5    8  512  513
    9    1    2    1    2    0    0    2    1    1       720  516    0 MIX     4  515
    9    2    2    1    2    0    0    1    1    0      1206   10    1 MIX     8  517
    9    3    2    1    2    0    0    1    1    0       682   14    1 MIX     7  518
    9    4    2    1    2    0    0    1    1    0       833   13    1 MIX     4  519
    9    5    2    1    4    0    0    1    1    0       776  522    0 MIX     3    8  520  521
    9    6    1    1    2    1    2    1    1    1       653    6    1 MIX     6  523
    9    7    2    1    4    0    0    2    1    1       635    1    1 MIX     3    4  524  525
    9    8    1    1    8    3    6    2    1    0      1076  526    0 MIX     6    1    2    4  526  527  528  529
    9    9    2    1    2    0    0    1    1    0       668   13    1 MIX     1  530
    9   10    1    1    8    8    1    1    1    1       739  533    0 MIX     2    5    4    6  531  532  533  534
    9   11    2    1    2    0    0    2    0    0      2073   14    1 MIX     8  535
    9   12    2    1    4    0    0    1    1    0       655  538    0 MIX     6    4  536  537
    9   13    1    1    2    2    1    2    1    0      1481  539    0 MIX     7  539
    9   14    2    1    8    0    0    2    1    1      1471    4    1 MIX     3    8    7    1  540  541  542  543
    9   15    1    1    8    7    2    1    1    1       982  545    0 MIX     3    6    7    2  544  545  546  547
    9   16    2    1    4    0    0    2    1    1      1911    1    1 MIX     4    6  548  549
    9   17    1    1    4    3    2    2    1    0      1412  550    0 MIX     2    5  550  551
    9   18    1    1    8    7    2    1    1    1      1342    4    1 MIX     2    4    8    3  552  553  554  555
    9   19    2    1    2    0    0    1    1    0      1020   12    1 MIX     4  556
    9   20    1    1    2    2    1    2    1    0       743  557    0 MIX     6  557
    9   21    2    1    4    0    0    2    1    1       802    5    1 MIX     5    6  558  559
    9   22    1    1    2    1    2    2    1    0       964  560    0 MIX     4  560
    9   23    1    1    4    3    2    1    1    1       663  562    0 MIX     8    4  561  562
    9   24    2    1    8    0    0    2    0    0      1072   16    1 MIX     3    6    4    5  563  564  565  566
