    1    1    1    1    2    1    2    2    1    0      1514    3    1 MIX     3   17
    1    2    2    1    4    0    0    2    1    1      1228    2    1 MIX    19   14   18   16
    1    3    2    1    2    0    0    1    1    0       870   21    0 MIX    20    3
    1    4    2    1    2    0    0    2    1    1       918    3    1 MIX    22   12
    1    5    1    1    4    3    2    2    1    0       953    6    1 MIX     5   23    6   24
    1    6    2    1    4    0    0    2    1    1       699   27    0 MIX    26   15   25   10
    1    7    1    1    8    1    8    1    1    1       731   31    0 MIX    31   11   16   29   14   30   10   28
    1    8    2    1    2    0    0    1    1    0       673   15    1 MIX     5   32
    1    9    1    1    4    1    4    1    1    1       695   33    0 MIX    33   11    9   34
    1   10    1    1    2    2    1    2    1    0       655    4    1 MIX    35    4
    1   11    1    1    4    1    4    1    1    1       646   10    1 MIX    10    9   37   36
    1   12    2    1    2    0    0    2    1    1       608   39    0 MIX    38   11
    1   13    1    1    4    1    4    1    1    1       825   13    1 MIX    13   16   40   41
    1   14    2    1    2    0    0    1    1    0       660    9    1 MIX     3   42
    1   15    1    1    8    2    7    1    1    1      1427    9    1 MIX    44    9   46   45   43   13   16   12
    1   16    2    1    4    0    0    2    1    1       819    6    1 MIX    13   48   47   16
    1   17    2    1    8    0    0    2    1    1       940    2    1 MIX    51   14   16   12   13   50   52   49
    1   18    2    1    4    0    0    2    1    1       657   55    0 MIX    53   15   54   14
    1   19    1    1    8    8    1    1    1    1       778   12    1 MIX    15   13    9   57   56   58   59   12
    1   20    2    1    8    0    0    2    1    1       718    7    1 MIX    11   63   62   10   61   60   14    9
    1   21    2    1    2    0    0    2    1    1       581    5    1 MIX    10   64
    1   22    2    1    4    0    0    2    1    1       598    1    1 MIX    66   16   65   12
    1   23    1    1    2    1    2    2    1    0       658   67    0 MIX    67    1
    1   24    2    1    4    0    0    1    1    0      1032   70    0 MIX    68    6   69    3
    2    1    2    1    8    0    0    2    1    1       724   75    0 MIX    10   11   73   71   13   72   12   74
    2    2    2    1    4    0    0    1    1    0       904   78    0 MIX     6    5   77   76
    2    3    2    1    4    0    0    1    1    0       900   81    0 MIX    80   79    8    2
    2    4    2    1    4    0    0    1    1    0       872   16    1 MIX     1   83    6   82
    2    5    1    1    4    2    3    1    1    1       926   85    0 MIX    13   85   11   84
    2    6    2    1    2    0    0    1    1    0       758   87    0 MIX     6   86
    2    7    1    1    4    3    2    1    1    1       913   89    0 MIX    14   88   89   15
    2    8    2    1    8    0    0    2    1    1       989   94    0 MIX    15   91   12   93   11   92   90   10
    2    9    1    1    2    1    2    1    1    1       777   15    1 MIX    15   95
    2   10    2    1    4    0    0    2    1    1       915    5    1 MIX    10   97   96    9
    2   11    2    1    4    0    0    2    1    1       620  100    0 MIX    10   98   99    9
    2   12    2    1    8    0    0    2    1    1       751    8    1 MIX    16    9  102  104  103   15  101   12
    2   13    2    1    8    0    0    1    1    0       889  109    0 MIX   107    8    2  105    6    4  106  108
    2   14    1    1    4    4    1    1    1    1       727  110    0 MIX   111   11   14  110
    2   15    2    1    4    0    0    1    1    0       834  114    0 MIX     4  113    3  112
    2   16    1    1    8    6    3    2    1    0       789  116    0 MIX     3    7    1  117    5  116  115  118
    2   17    2    1    2    0    0    2    1    1       769  120    0 MIX   119   12
    2   18    1    1    8    2    7    1    0    0      1917  121    0 MIX   122  121    5    7    2    6  124  123
    2   19    1    1    2    1    2    2    1    0      1283    8    1 MIX     8  125
    2   20    2    1    2    0    0    1    1    0       667    9    1 MIX   126    8
    2   21    1    1    4    2    3    2    1    0       554  128    0 MIX   127  128    4    2
    2   22    2    1    2    0    0    2    1    1       486  130    0 MIX   129   16
    2   23    2    1    4    0    0    2    1    1       683  133    0 MIX    14   13  132  131
    2   24    1    1    8    7    2    1    1    1       794   13    1 MIX   134  137  135   10  136   11   13   12
    3    1    2    1    8    0    0    1    1    0       717  142    0 MIX     6  140  138  141    4    5    3  139
    3    2    2    1    2    0    0    2    1    1       411  144    0 MIX   143   13
    3    3    1    1    2    2    1    1    1    1      1103  145    0 MIX    15  145
    3    4    1    1    2    1    2    2    1    0      2887    6    1 MIX     6  146
    3    5    1    1    4    3    2    2    1    0      1317    6    1 MIX     1  148    6  147
    3    6    2    1    2    0    0    2    1    1       605    1    1 MIX   149    9
    3    7    2    1    4    0    0    2    1    1       581  152    0 MIX   150  151   13   14
    3    8    2    1    2    0    0    1    1    0       753  154    0 MIX     6  153
    3    9    2    1    8    0    0    2    1    1       750    3    1 MIX    14   16  155   11   12  158  156  157
    3   10    2    1    2    0    0    2    1    1       572  160    0 MIX   159   10
    3   11    2    1    4    0    0    2    1    1       606  163    0 MIX    15  162    9  161
    3   12    1    1    4    4    1    2    1    0       534  164    0 MIX     8    2  165  164
    3   13    2    1    8    0    0    1    1    0       940  170    0 MIX   167    8    5    4  169  168  166    2
    3   14    1    1    8    3    6    1    1    1      1009   14    1 MIX    13  171   14   10  173  172  174    9
    3   15    1    1    4    2    3    2    1    0      1130    3    1 MIX     7    3  175  176
    3   16    1    1    2    1    2    1    1    1       825   10    1 MIX    10  177
    3   17    1    1    2    1    2    2    1    0      1005    1    1 MIX     1  178
    3   18    1    1    8    1    8    2    0    1      1376   10    1 MIX    10   13  179  180  182   12  181   14
    3   19    2    1    4    0    0    1    1    0       835   12    1 MIX   183    5  184    7
    3   20    2    1    4    0    0    1    0    1      1235    6    1 MIX   185   15    9  186
    3   21    2    1    2    0    0    1    1    0      1061   10    1 MIX     7  187
    3   22    2    1    4    0    0    1    1    0       669   13    1 MIX     7  188  189    5
    3   23    1    1    4    1    4    1    0    0       756  190    0 MIX   190    3  191    2
    3   24    2    1    2    0    0    1    1    0       739  193    0 MIX   192    5
    4    1    2    1    2    0    0    2    1    1       615  195    0 MIX   194   15
    4    2    2    1    2    0    0    1    1    0       818   13    1 MIX   196    5
    4    3    2    1    8    0    0    2    1    1       908    4    1 MIX    16  198   13  197   14   15  200  199
    4    4    1    1    2    1    2    2    1    0       684    6    1 MIX     6  201
    4    5    2    1    2    0    0    1    1    0       700   14    1 MIX     2  202
    4    6    2    1    8    0    0    2    1    1       731  207    0 MIX   206  204  203   14   16  205   12   15
    4    7    1    1    2    2    1    1    1    1      1522    9    1 MIX   208    9
    4    8    1    1    4    4    1    2    1    0       718  209    0 MIX   210    2    1  209
    4    9    1    1    4    4    1    1    1    1       971    9    1 MIX   211   15  212    9
    4   10    1    1    8    7    2    1    1    1       689   10    1 MIX     9  213   12  214   14  215   10  216
    4   11    1    1    8    8    1    1    1    1       759   16    1 MIX   218  220    9  217   15  219   13   16
    4   12    2    1    4    0    0    2    1    1       586  223    0 MIX   221   14  222   13
    4   13    2    1    2    0    0    1    1    0      1094    9    1 MIX   224    3
    4   14    2    1    4    0    0    2    1    1       899  227    0 MIX   226   13   16  225
    4   15    2    1    8    0    0    1    1    0      1476   15    1 MIX   230    8    4  229    1  231  228    7
    4   16    1    1    8    4    5    1    1    1       852  232    0 MIX    15   10  233  232   12  234  235   14
    4   17    1    1    2    2    1    2    1    0       653  236    0 MIX     8  236
    4   18    1    1    8    4    5    2    1    0       791  237    0 MIX   238    3  239  237    6    2  240    1
    4   19    2    1    4    0    0    1    1    0       975   15    1 MIX   241  242    5    1
    4   20    1    1    8    1    8    2    1    0       868  245    0 MIX   245    3    5  243    6  244    8  246
    4   21    1    1    8    7    2    1    1    1       814   14    1 MIX   250    9  247   12  248  249   14   16
    4   22    2    1    4    0    0    1    1    0       733  253    0 MIX   252  251    5    4
    4   23    1    1    2    2    1    2    1    0       613    7    1 MIX   254    7
    4   24    1    1    4    4    1    2    1    0       405  256    0 MIX   255    8    3  256
    5    1    2    1    8    0    0    1    1    0       878   10    1 MIX   260    3  257    8  258    6  259    5
    5    2    2    1    4    0    0    2    1    1       731  263    0 MIX   261    9  262   12
    5    3    1    1    8    1    8    1    1    1       681   10    1 MIX    10   11  267   13   15  265  266  264
    5    4    2    1    2    0    0    1    1    0       778  269    0 MIX     4  268
    5    5    1    1    8    6    3    2    1    0       687  272    0 MIX   270  271    4    2    6  272    8  273
    5    6    1    1    4    3    2    2    1    0       645    2    1 MIX   275    8    2  274
    5    7    2    1    4    0    0    2    1    1       981    2    1 MIX    10  277  276    9
    5    8    1    1    8    5    4    2    1    0       786    3    1 MIX   278    6  279    4    3    8  280  281
    5    9    1    1    8    4    5    1    1    1       798   13    1 MIX    14   11  283   13  282  284   16  285
    5   10    1    1    4    3    2    1    1    1       656    9    1 MIX   286   12    9  287
    5   11    1    1    4    3    2    2    1    0       592    1    1 MIX   289    4    1  288
    5   12    2    1    8    0    0    1    1    0       821   16    1 MIX     3    5    8  292    6  290  293  291
    5   13    1    1    4    4    1    1    1    1       789   13    1 MIX   295  294   10   13
    5   14    1    1    8    1    8    1    0    0       904    5    1 MIX     5  297    7  298    6  296  299    8
    5   15    2    1    2    0    0    2    1    1      1080    7    1 MIX   300   11
    5   16    2    1    2    0    0    2    1    1       641  302    0 MIX   301   11
    5   17    1    1    2    2    1    2    1    0       715  303    0 MIX     8  303
    5   18    2    1    2    0    0    1    1    0       731   11    1 MIX   304    8
    5   19    2    1    4    0    0    2    1    1       791    3    1 MIX    12  305  306   15
    5   20    1    1    8    5    4    2    1    0       627    4    1 MIX     3    2    7  308    4  307  309  310
    5   21    1    1    8    5    4    1    1    1       700   10    1 MIX    14   11  314  312   10    9  313  311
    5   22    2    1    2    0    0    2    1    1       789    3    1 MIX    16  315
    5   23    2    1    8    0    0    1    1    0       913  320    0 MIX   317    6    1  316    3    7  319  318
    5   24    2    1    4    0    0    1    1    0       709  323    0 MIX   322    6  321    5
    6    1    1    1    8    3    6    1    1    1       626  324    0 MIX   327  325  324   13   11   12   16  326
    6    2    2    1    8    0    0    1    1    0       837   14    1 MIX     4    6  328    2  329  331  330    5
    6    3    1    1    2    1    2    1    1    1       624   13    1 MIX    13  332
    6    4    1    1    4    2    3    1    1    1       929   14    1 MIX     9   14  334  333
    6    5    1    1    8    6    3    1    1    1       687  335    0 MIX   337   14   11   16   12  335  336  338
    6    6    1    1    2    2    1    1    1    1       728  339    0 MIX    14  339
    6    7    1    1    4    4    1    1    1    1       605   15    1 MIX   341   10  340   15
    6    8    1    1    4    1    4    2    1    0       677  343    0 MIX   343    5    6  342
    6    9    1    1    4    2    3    2    1    0       675  345    0 MIX   344  345    8    2
    6   10    1    1    8    5    4    1    1    1       659  347    0 MIX   349   14   13  346  347  348   16   12
    6   11    1    1    8    6    3    1    1    1       643   15    1 MIX    10   11   12  352  353   15  350  351
    6   12    1    1    8    7    2    1    1    1       837   10    1 MIX   357  354  356   15   13   11   10  355
    6   13    2    1    8    0    0    1    1    0       840  362    0 MIX   360    3  358    8  361  359    2    4
    6   14    2    1    8    0    0    2    1    1       904  367    0 MIX   364   12   14  366  365   13  363    9
    6   15    1    1    8    3    6    1    1    1       760   12    1 MIX   369   16   12  368  371  370   10   13
    6   16    2    1    4    0    0    2    1    1      1187  374    0 MIX    11  372   13  373
    6   17    1    1    8    5    4    2    1    0       800  375    0 MIX     4  377    8    6  375  376    3  378
    6   18    2    1    4    0    0    2    0    0       721   11    1 MIX   379  380    6    2
    6   19    1    1    4    4    1    1    1    1       701   15    1 MIX   381  382   10   15
    6   20    1    1    2    1    2    1    1    1       669  383    0 MIX   383    9
    6   21    1    1    8    4    5    2    0    1       925  387    0 MIX    13    9   15  387  385  384  386   16
    6   22    1    1    2    2    1    1    1    1       613  388    0 MIX     9  388
    6   23    2    1    4    0    0    1    1    0       949   12    1 MIX   389  390    2    8
    6   24    1    1    4    4    1    1    1    1      1337  392    0 MIX    10   11  391  392
    7    1    1    1    8    7    2    2    1    0       676    6    1 MIX     7  395  396  394    1    4    6  393
    7    2    2    1    4    0    0    1    1    0       570  399    0 MIX   398    8  397    7
    7    3    1    1    2    1    2    1    1    1       832  400    0 MIX   400   15
    7    4    2    1    2    0    0    1    1    0       563  402    0 MIX     6  401
    7    5    2    1    4    0    0    1    1    0      1445  405    0 MIX     8    7  404  403
    7    6    2    1    8    0    0    2    1    1       686  410    0 MIX   407  408   12  406   11   15  409   10
    7    7    2    1    4    0    0    1    1    0       747  413    0 MIX     5  411    8  412
    7    8    1    1    8    7    2    2    1    0       786  417    0 MIX   414  415    2    3    6    5  417  416
    7    9    2    1    2    0    0    1    1    0       807  419    0 MIX   418    4
    7   10    1    1    4    4    1    1    1    1       567    9    1 MIX   420  421   10    9
    7   11    1    1    8    8    1    2    1    0       491    7    1 MIX     3  425  423  424    5  422    2    7
    7   12    2    1    2    0    0    1    1    0       580  427    0 MIX   426    2
    7   13    2    1    4    0    0    1    1    0       661  430    0 MIX   429  428    7    3
    7   14    2    1    4    0    0    2    1    1      1075  433    0 MIX    12  431  432   11
    7   15    2    1    2    0    0    1    1    0       597  435    0 MIX   434    5
    7   16    1    1    4    2    3    2    1    0      1110  436    0 MIX   437  436    2    8
    7   17    1    1    2    2    1    1    1    1       622   15    1 MIX   438   15
    7   18    2    1    8    0    0    2    1    1       625  443    0 MIX   440   11  439  441   10   13   14  442
    7   19    1    1    8    3    6    1    1    1      1002   15    1 MIX   444  445   15  447   13   10   12  446
    7   20    1    1    4    1    4    1    1    1       699   16    1 MIX    16  448  449   10
    7   21    1    1    8    7    2    1    1    1       546   11    1 MIX   450   14  452   15  453   12   11  451
    7   22    1    1    4    2    3    2    1    0      1062    1    1 MIX     4    1  454  455
    7   23    1    1    8    2    7    1    1    1       840  458    0 MIX   459  458   12   15  456    9   16  457
    7   24    1    1    8    7    2    2    1    0       602  461    0 MIX   462    4    6    7  463  460  461    8
    8    1    1    1    4    4    1    2    1    0       434    4    1 MIX   464  465    5    4
    8    2    1    1    2    1    2    2    1    0       549    6    1 MIX     6  466
    8    3    1    1    2    1    2    2    1    0       371  467    0 MIX   467    4
    8    4    1    1    4    3    2    2    1    0       791    1    1 MIX   469    8    1  468
    8    5    2    1    2    0    0    1    1    0       827   16    1 MIX   470    6
    8    6    2    1    2    0    0    2    1    1       694    6    1 MIX    14  471
    8    7    2    1    4    0    0    2    1    1       716  474    0 MIX    14  473  472   13
    8    8    2    1    2    0    0    1    1    0       971    9    1 MIX     1  475
    8    9    1    1    4    4    1    2    1    0       349  477    0 MIX   476    4    5  477
    8   10    2    1    2    0    0    1    1    0       547  479    0 MIX   478    7
    8   11    1    1    2    2    1    2    1    0       425    8    1 MIX   480    8
    8   12    1    1    4    3    2    1    1    1       561    9    1 MIX    10  482    9  481
    8   13    2    1    8    0    0    2    1    1      1078    5    1 MIX    12   16  485  486  484  483   10   13
    8   14    1    1    8    6    3    2    1    0       624  488    0 MIX     1  487    7  489    5  488    2  490
    8   15    2    1    8    0    0    1    1    0       810  495    0 MIX   493    4  491  492    8    2    1  494
    8   16    2    1    8    0    0    1    0    1       750    8    1 MIX   496  499  497    9   16  498   15   12
    8   17    2    1    2    0    0    2    1    1       941  501    0 MIX   500    9
    8   18    1    1    2    1    2    1    1    1       803   10    1 MIX    10  502
    8   19    1    1    8    1    8    2    1    0       751    2    1 MIX     2  503    6    8  505    5  506  504
    8   20    2    1    8    0    0    2    1    1       717  511    0 MIX   509   16  508   12  507   15   13  510
    8   21    1    1    4    2    3    2    1    0       802    5    1 MIX   513    5  512    8
    8   22    1    1    2    2    1    2    1    0       422  514    0 MIX     2  514
    8   23    1    1    4    2    3    1    1    1       606   14    1 MIX    12   14  515  516
    8   24    1    1    4    1    4    2    1    0       837    6    1 MIX     6    3  517  518
    9    1    2    1    2    0    0    2    1    1       629  520    0 MIX    11  519
    9    2    2    1    4    0    0    1    1    0       477   15    1 MIX   521  522    4    2
    9    3    1    1    8    1    8    2    1    0       629  526    0 MIX   526    8  525    2    1  523    3  524
    9    4    1    1    2    1    2    1    1    1       393  527    0 MIX   527    9
    9    5    2    1    2    0    0    2    1    1       493  529    0 MIX    12  528
    9    6    2    1    2    0    0    2    1    1       590    1    1 MIX     9  530
    9    7    2    1    8    0    0    2    1    1       882    7    1 MIX    12   13   15   16  533  534  531  532
    9    8    1    1    2    1    2    1    1    1       579  535    0 MIX   535   16
    9    9    1    1    4    3    2    2    1    0      1013  537    0 MIX   536    4  537    3
    9   10    1    1    2    2    1    1    1    1       593   11    1 MIX   538   11
    9   11    2    1    2    0    0    1    1    0       588  540    0 MIX     6  539
    9   12    2    1    4    0    0    1    1    0       678   10    1 MIX   541    3    5  542
    9   13    2    1    2    0    0    1    1    0      1255  544    0 MIX   543    1
    9   14    1    1    8    2    7    1    1    1       808  547    0 MIX   548  547  545   15   14   16  546   10
    9   15    1    1    2    1    2    2    1    0      1243    2    1 MIX     2  549
    9   16    1    1    8    4    5    1    1    1       798  552    0 MIX    16   15  553  552  550  551    9   11
    9   17    1    1    8    3    6    2    1    0       610    1    1 MIX     7  554    1    6  555    8  557  556
    9   18    2    1    4    0    0    1    1    0       834  560    0 MIX   559    5  558    6
    9   19    1    1    4    2    3    2    1    0       593  561    0 MIX     5  561  562    7
    9   20    2    1    8    0    0    1    1    0       717   10    1 MIX     6  566    8    5  563  564  565    4
    9   21    1    1    4    3    2    1    1    1       682  567    0 MIX    12   13  567  568
    9   22    2    1    4    0    0    2    1    1       960  571    0 MIX    10   12  570  569
    9   23    2    1    2    0    0    1    1    0       478  573    0 MIX   572    3
    9   24    1    1    4    1    4    1    1    1       565   13    1 MIX    13  575  574   12
