    1    1    2    1    4    0    0    2    1    1      6028    1    1 MIX     5    3   17   18
    1    2    2    1    2    0    0    1    1    0      2508   16    1 MIX     4   19
    1    3    2    1    2    0    0    2    1    1      1459    8    1 MIX     8   20
    1    4    2    1    4    0    0    1    1    0      1585   23    0 MIX     3    4   21   22
    1    5    2    1    4    0    0    1    1    0      1208   10    1 MIX     7    8   24   25
    1    6    1    1    4    4    1    1    1    1      1431    3    1 MIX     6    3   26   27
    1    7    1    1    4    3    2    2    1    0      1301   29    0 MIX     5    2   28   29
    1    8    1    1    4    1    4    2    1    0      1223   30    0 MIX     6    1   30   31
    1    9    1    1    2    1    2    1    1    1      1017   32    0 MIX     7   32
    1   10    1    1    4    3    2    1    1    1      1006   34    0 MIX     2    4   33   34
    1   11    2    1    8    0    0    1    0    1      1288    1    1 MIX     6    5    7    4   35   36   37   38
    1   12    2    1    8    0    0    1    1    0       973   16    1 MIX     7    5    8    3   39   40   41   42
    1   13    1    1    2    1    2    2    1    0      1482   43    0 MIX     1   43
    1   14    1    1    8    3    6    1    1    1      1000    8    1 MIX     1    8    4    7   44   45   46   47
    1   15    1    1    2    1    2    1    1    1       852   48    0 MIX     5   48
    1   16    1    1    8    4    5    1    1    1      1019    2    1 MIX     8    2    6    5   49   50   51   52
    1   17    2    1    4    0    0    1    1    0      1121   55    0 MIX     5    6   53   54
    1   18    1    1    2    1    2    2    1    0      1176   56    0 MIX     2   56
    1   19    2    1    2    0    0    1    1    0       805   10    1 MIX     6   57
    1   20    1    1    8    1    8    1    1    1      1213   59    0 MIX     3    8    2    4   58   59   60   61
    1   21    2    1    2    0    0    1    1    0       929   12    1 MIX     5   62
    1   22    2    1    2    0    0    2    0    0      1096   64    0 MIX     2   63
    1   23    1    1    4    2    3    2    1    0      1381    3    1 MIX     1    3   65   66
    1   24    2    1    8    0    0    2    1    1      1408    7    1 MIX     3    4    8    1   67   68   69   70
    2    1    2    1    4    0    0    1    0    1      1140    7    1 MIX     3    1   71   72
    2    2    1    1    8    8    1    2    1    0      1400    7    1 MIX     3    1    7    8   73   74   75   76
    2    3    2    1    4    0    0    2    1    1      1735   79    0 MIX     4    1   77   78
    2    4    2    1    8    0    0    2    1    1      1212    6    1 MIX     6    8    3    2   80   81   82   83
    2    5    1    1    8    2    7    2    1    0      1084    2    1 MIX     3    8    6    2   84   85   86   87
    2    6    1    1    2    2    1    1    1    1      1013    2    1 MIX     2   88
    2    7    2    1    8    0    0    2    1    1      1054   93    0 MIX     6    2    3    4   89   90   91   92
    2    8    2    1    8    0    0    1    1    0      1469   98    0 MIX     7    8    6    5   94   95   96   97
    2    9    2    1    4    0    0    1    1    0      1042   14    1 MIX     5    3   99  100
    2   10    2    1    2    0    0    1    1    0       827   13    1 MIX     5  101
    2   11    2    1    8    0    0    1    0    1      1428  106    0 MIX     1    6    7    2  102  103  104  105
    2   12    2    1    8    0    0    1    1    0      1116  111    0 MIX     4    5    1    8  107  108  109  110
    2   13    2    1    4    0    0    2    1    1      1392    6    1 MIX     2    3  112  113
    2   14    1    1    4    4    1    1    1    1      1064  114    0 MIX     7    4  114  115
    2   15    1    1    4    3    2    2    1    0      1174    1    1 MIX     4    1  116  117
    2   16    2    1    8    0    0    1    1    0       871    9    1 MIX     5    2    3    7  118  119  120  121
    2   17    2    1    4    0    0    2    1    1       892    6    1 MIX     4    5  122  123
    2   18    1    1    4    2    3    2    1    0       929    4    1 MIX     4    3  124  125
    2   19    2    1    2    0    0    2    1    1       839  127    0 MIX     5  126
    2   20    2    1    8    0    0    2    1    1      1054  132    0 MIX     8    1    3    5  128  129  130  131
    2   21    2    1    2    0    0    2    1    1       687  134    0 MIX     4  133
    2   22    1    1    8    8    1    1    1    1      1573    1    1 MIX     5    2    8    1  135  136  137  138
    2   23    1    1    8    8    1    2    1    0      1039    1    1 MIX     2    5    1    4  139  140  141  142
    2   24    1    1    4    4    1    1    1    1      1646  143    0 MIX     5    6  143  144
    3    1    2    1    8    0    0    1    1    0      1647  149    0 MIX     2    4    1    3  145  146  147  148
    3    2    1    1    2    1    2    1    1    1      1185  150    0 MIX     1  150
    3    3    2    1    4    0    0    2    1    1      1058  153    0 MIX     1    6  151  152
    3    4    1    1    8    4    5    2    1    0      1209  155    0 MIX     3    4    6    5  154  155  156  157
    3    5    1    1    2    2    1    1    1    1       900    7    1 MIX     7  158
    3    6    1    1    2    2    1    2    1    0      1716  159    0 MIX     2  159
    3    7    2    1    8    0    0    2    1    1      1208    8    1 MIX     3    2    5    8  160  161  162  163
    3    8    2    1    4    0    0    2    1    1       800    2    1 MIX     5    2  164  165
    3    9    1    1    4    2    3    2    1    0      2207    7    1 MIX     4    7  166  167
    3   10    1    1    8    5    4    2    1    0       984    6    1 MIX     6    2    5    3  168  169  170  171
    3   11    2    1    2    0    0    1    1    0       916   15    1 MIX     6  172
    3   12    1    1    8    3    6    1    1    1      1064  176    0 MIX     6    1    7    2  173  174  175  176
    3   13    2    1    8    0    0    2    1    1      1190    3    1 MIX     7    3    2    4  177  178  179  180
    3   14    1    1    8    6    3    2    1    0      1280    3    1 MIX     3    8    6    4  181  182  183  184
    3   15    2    1    2    0    0    1    1    0       792  186    0 MIX     2  185
    3   16    1    1    2    1    2    1    1    1       916  187    0 MIX     6  187
    3   17    1    1    8    4    5    2    1    0      1057    1    1 MIX     2    3    8    1  188  189  190  191
    3   18    2    1    2    0    0    2    1    1      1746    2    1 MIX     3  192
    3   19    2    1    8    0    0    2    1    1      1045  197    0 MIX     8    4    1    5  193  194  195  196
    3   20    2    1    4    0    0    2    1    1      1052    5    1 MIX     4    3  198  199
    3   21    2    1    2    0    0    2    1    1       988  201    0 MIX     5  200
    3   22    1    1    8    8    1    1    1    1       757  205    0 MIX     7    6    4    1  202  203  204  205
    3   23    2    1    8    0    0    1    1    0       863  210    0 MIX     4    7    3    1  206  207  208  209
    3   24    1    1    2    2    1    1    1    1       768  211    0 MIX     4  211
    4    1    1    1    4    2    3    1    1    1      1764    6    1 MIX     4    6  212  213
    4    2    2    1    8    0    0    1    1    0      1471   11    1 MIX     8    1    2    5  214  215  216  217
    4    3    2    1    4    0    0    1    1    0      1011   16    1 MIX     6    3  218  219
    4    4    1    1    4    2    3    1    1    1      1035  221    0 MIX     2    4  220  221
    4    5    1    1    8    1    8    1    1    1      1738  222    0 MIX     3    2    5    7  222  223  224  225
    4    6    1    1    2    2    1    1    1    1       831  226    0 MIX     8  226
    4    7    2    1    8    0    0    2    1    1      1222    8    1 MIX     7    8    6    2  227  228  229  230
    4    8    1    1    2    1    2    1    1    1      1528    7    1 MIX     7  231
    4    9    2    1    2    0    0    1    1    0       703    9    1 MIX     1  232
    4   10    1    1    8    5    4    1    1    1      1867    8    1 MIX     5    8    1    7  233  234  235  236
    4   11    2    1    8    0    0    1    1    0       873  241    0 MIX     2    4    8    3  237  238  239  240
    4   12    2    1    2    0    0    1    1    0       729  243    0 MIX     2  242
    4   13    2    1    4    0    0    2    1    1       789  246    0 MIX     8    6  244  245
    4   14    1    1    4    3    2    2    1    0      1046  247    0 MIX     7    3  247  248
    4   15    1    1    8    2    7    1    0    0      2061    8    1 MIX     8    7    3    2  249  250  251  252
    4   16    1    1    8    7    2    2    1    0      1052  256    0 MIX     5    1    7    2  253  254  255  256
    4   17    2    1    4    0    0    2    1    1      1138    6    1 MIX     7    2  257  258
    4   18    2    1    2    0    0    1    1    0       696   12    1 MIX     7  259
    4   19    1    1    2    1    2    1    1    1      1097    7    1 MIX     7  260
    4   20    1    1    4    4    1    1    1    1       805  261    0 MIX     7    4  261  262
    4   21    2    1    4    0    0    2    1    1       780  265    0 MIX     8    5  263  264
    4   22    1    1    2    1    2    1    1    1      2297  266    0 MIX     8  266
    4   23    1    1    4    4    1    2    1    0       877    6    1 MIX     7    6  267  268
    4   24    1    1    8    3    6    1    1    1      1002    2    1 MIX     1    2    7    5  269  270  271  272
    5    1    2    1    4    0    0    2    1    1       906  275    0 MIX     1    2  273  274
    5    2    1    1    8    3    6    1    1    1       878  277    0 MIX     2    6    5    7  276  277  278  279
    5    3    2    1    2    0    0    1    1    0       966   10    1 MIX     3  280
    5    4    2    1    8    0    0    2    1    1       944  285    0 MIX     4    2    6    8  281  282  283  284
    5    5    1    1    4    1    4    2    1    0      1090    6    1 MIX     6    2  286  287
    5    6    2    1    8    0    0    1    1    0       888   14    1 MIX     3    4    2    6  288  289  290  291
    5    7    1    1    4    3    2    2    1    0      1140  292    0 MIX     7    3  292  293
    5    8    1    1    8    7    2    1    1    1       911    5    1 MIX     7    5    1    4  294  295  296  297
    5    9    2    1    8    0    0    2    1    1       893    1    1 MIX     7    3    4    2  298  299  300  301
    5   10    2    1    4    0    0    2    1    1      1147    8    1 MIX     7    5  302  303
    5   11    2    1    2    0    0    1    1    0       656   14    1 MIX     5  304
    5   12    1    1    2    1    2    2    1    0      1073    4    1 MIX     4  305
    5   13    1    1    8    1    8    2    0    1      1472    1    1 MIX     3    6    1    7  306  307  308  309
    5   14    2    1    8    0    0    1    1    0      1487    9    1 MIX     1    6    4    2  310  311  312  313
    5   15    2    1    4    0    0    2    1    1       845    5    1 MIX     7    8  314  315
    5   16    1    1    8    8    1    2    1    0       947    1    1 MIX     6    5    3    1  316  317  318  319
    5   17    2    1    8    0    0    2    1    1       847    1    1 MIX     3    4    5    2  320  321  322  323
    5   18    1    1    2    2    1    2    1    0       824  324    0 MIX     7  324
    5   19    2    1    2    0    0    2    1    1      1235    3    1 MIX     7  325
    5   20    2    1    8    0    0    2    0    0      1899   14    1 MIX     5    6    1    3  326  327  328  329
    5   21    2    1    8    0    0    1    1    0       751  334    0 MIX     3    5    2    8  330  331  332  333
    5   22    1    1    2    1    2    1    1    1       691  335    0 MIX     7  335
    5   23    1    1    8    2    7    2    1    0      1177  339    0 MIX     2    4    5    8  336  337  338  339
    5   24    2    1    4    0    0    2    1    1      1009    3    1 MIX     7    8  340  341
    6    1    2    1    8    0    0    1    1    0       646  346    0 MIX     5    7    2    4  342  343  344  345
    6    2    2    1    8    0    0    1    1    0       821  351    0 MIX     2    4    6    5  347  348  349  350
    6    3    1    1    8    6    3    1    1    1       894    5    1 MIX     2    5    3    1  352  353  354  355
    6    4    1    1    2    1    2    1    1    1       838  356    0 MIX     3  356
    6    5    2    1    2    0    0    2    1    1       752    3    1 MIX     1  357
    6    6    1    1    4    1    4    1    1    1      1042    8    1 MIX     8    1  358  359
    6    7    1    1    2    2    1    2    1    0       892    3    1 MIX     3  360
    6    8    1    1    8    6    3    1    1    1       818  362    0 MIX     6    5    3    2  361  362  363  364
    6    9    1    1    4    3    2    1    1    1       625    2    1 MIX     1    2  365  366
    6   10    1    1    4    4    1    1    1    1       855    4    1 MIX     7    4  367  368
    6   11    1    1    2    2    1    1    1    1       544  369    0 MIX     4  369
    6   12    2    1    2    0    0    1    1    0       631    9    1 MIX     8  370
    6   13    2    1    4    0    0    1    1    0       693   16    1 MIX     2    5  371  372
    6   14    1    1    8    7    2    1    1    1       938    3    1 MIX     1    2    3    5  373  374  375  376
    6   15    1    1    8    8    1    1    1    1       494  379    0 MIX     6    4    2    1  377  378  379  380
    6   16    2    1    8    0    0    1    1    0       931    9    1 MIX     1    5    4    8  381  382  383  384
    6   17    2    1    4    0    0    1    1    0       637  387    0 MIX     8    6  385  386
    6   18    1    1    4    2    3    2    1    0      1051  389    0 MIX     2    1  388  389
    6   19    2    1    2    0    0    1    1    0       555  391    0 MIX     7  390
    6   20    1    1    2    2    1    1    1    1       665    5    1 MIX     5  392
    6   21    1    1    2    2    1    1    1    1       601    4    1 MIX     4  393
    6   22    1    1    8    4    5    1    1    1       617  397    0 MIX     6    2    7    5  394  395  396  397
    6   23    1    1    8    8    1    1    1    1       458  399    0 MIX     6    5    2    4  398  399  400  401
    6   24    1    1    4    1    4    2    1    0      1078    5    1 MIX     2    5  402  403
    7    1    1    1    8    1    8    2    1    0      1021    2    1 MIX     7    8    6    2  404  405  406  407
    7    2    1    1    4    3    2    2    1    0       772  408    0 MIX     4    8  408  409
    7    3    2    1    4    0    0    1    1    0       668  412    0 MIX     8    6  410  411
    7    4    1    1    4    3    2    2    1    0       673  414    0 MIX     8    1  413  414
    7    5    2    1    8    0    0    2    1    1       703  419    0 MIX     3    2    8    6  415  416  417  418
    7    6    1    1    4    3    2    1    1    1       867  421    0 MIX     5    6  420  421
    7    7    1    1    8    3    6    2    1    0      1169    2    1 MIX     6    2    1    8  422  423  424  425
    7    8    2    1    4    0    0    2    1    1       817  428    0 MIX     1    5  426  427
    7    9    2    1    4    0    0    1    1    0      1640   15    1 MIX     3    7  429  430
    7   10    2    1    8    0    0    2    1    1      2615    1    1 MIX     4    2    5    8  431  432  433  434
    7   11    1    1    8    6    3    1    1    1      1648  438    0 MIX     4    2    1    8  435  436  437  438
    7   12    1    1    2    2    1    1    0    0       762  439    0 MIX     2  439
    7   13    2    1    2    0    0    2    1    1      1415  441    0 MIX     4  440
    7   14    2    1    4    0    0    2    1    1       854    2    1 MIX     2    3  442  443
    7   15    1    1    2    2    1    2    1    0       983  444    0 MIX     4  444
    7   16    2    1    8    0    0    1    1    0       736  449    0 MIX     1    3    6    4  445  446  447  448
    7   17    1    1    2    1    2    1    1    1       574    7    1 MIX     7  450
    7   18    1    1    8    7    2    1    1    1       857    2    1 MIX     7    2    1    4  451  452  453  454
    7   19    1    1    2    1    2    1    1    1       482  455    0 MIX     5  455
    7   20    1    1    2    2    1    2    1    0       873    3    1 MIX     3  456
    7   21    2    1    8    0    0    2    1    1      1080    1    1 MIX     7    8    1    4  457  458  459  460
    7   22    2    1    8    0    0    2    1    1       926    4    1 MIX     1    3    5    8  461  462  463  464
    7   23    2    1    8    0    0    2    1    1       868    6    1 MIX     1    7    8    3  465  466  467  468
    7   24    1    1    8    8    1    2    1    0      1050  470    0 MIX     7    6    1    5  469  470  471  472
    8    1    2    1    4    0    0    2    1    1       934    5    1 MIX     1    8  473  474
    8    2    1    1    4    3    2    2    1    0       767    2    1 MIX     8    2  475  476
    8    3    1    1    4    2    3    1    1    1       929  478    0 MIX     2    8  477  478
    8    4    1    1    2    2    1    2    1    0       639    6    1 MIX     6  479
    8    5    2    1    8    0    0    1    1    0       765  484    0 MIX     5    7    1    6  480  481  482  483
    8    6    2    1    4    0    0    2    1    1      1006    1    1 MIX     4    5  485  486
    8    7    2    1    8    0    0    2    1    1       917    7    1 MIX     4    5    2    3  487  488  489  490
    8    8    2    1    2    0    0    2    1    1      1210  492    0 MIX     5  491
    8    9    1    1    8    3    6    1    0    0      1395    5    1 MIX     3    2    5    1  493  494  495  496
    8   10    1    1    4    4    1    1    1    1       683    5    1 MIX     1    5  497  498
    8   11    1    1    2    1    2    1    1    1      1740  499    0 MIX     3  499
    8   12    1    1    2    2    1    1    1    1       474  500    0 MIX     6  500
    8   13    1    1    8    7    2    1    1    1       870    4    1 MIX     4    8    6    3  501  502  503  504
    8   14    2    1    2    0    0    2    1    1       767    3    1 MIX     3  505
    8   15    1    1    2    2    1    2    1    0       788    7    1 MIX     7  506
    8   16    1    1    2    1    2    1    1    1       865    3    1 MIX     3  507
    8   17    1    1    2    2    1    1    0    0       786    7    1 MIX     7  508
    8   18    1    1    8    4    5    1    1    1       851    6    1 MIX     3    2    7    6  509  510  511  512
    8   19    1    1    8    7    2    1    1    1       914  515    0 MIX     1    3    6    7  513  514  515  516
    8   20    2    1    8    0    0    1    1    0      1309  521    0 MIX     2    6    3    1  517  518  519  520
    8   21    2    1    4    0    0    1    1    0      1353   12    1 MIX     6    4  522  523
    8   22    2    1    4    0    0    1    1    0       899   15    1 MIX     1    6  524  525
    8   23    2    1    4    0    0    2    1    1      1997  528    0 MIX     2    6  526  527
    8   24    1    1    8    6    3    1    1    1       823    1    1 MIX     5    1    2    8  529  530  531  532
    9    1    1    1    8    6    3    1    1    1       638  536    0 MIX     4    1    7    6  533  534  535  536
    9    2    1    1    8    8    1    2    1    0      1006  540    0 MIX     4    5    3    6  537  538  539  540
    9    3    2    1    2    0    0    2    1    1       657    1    1 MIX     1  541
    9    4    1    1    8    2    7    1    1    1       769    4    1 MIX     4    6    8    3  542  543  544  545
    9    5    1    1    4    2    3    1    1    1      3547  546    0 MIX     5    6  546  547
    9    6    2    1    2    0    0    1    1    0       769   11    1 MIX     3  548
    9    7    1    1    8    6    3    2    0    1      1339    3    1 MIX     8    6    1    3  549  550  551  552
    9    8    2    1    8    0    0    1    1    0       752   15    1 MIX     6    4    2    7  553  554  555  556
    9    9    2    1    4    0    0    2    0    0       794   14    1 MIX     4    7  557  558
    9   10    2    1    2    0    0    2    1    1      1462    4    1 MIX     2  559
    9   11    1    1    2    2    1    2    1    0      1039    5    1 MIX     5  560
    9   12    2    1    4    0    0    2    1    1       908  563    0 MIX     3    7  561  562
    9   13    1    1    8    1    8    1    0    0       810    4    1 MIX     8    1    6    4  564  565  566  567
    9   14    1    1    2    1    2    2    1    0       534  568    0 MIX     4  568
    9   15    1    1    2    1    2    1    1    1       891    8    1 MIX     8  569
    9   16    2    1    2    0    0    2    1    1       851    7    1 MIX     1  570
    9   17    2    1    4    0    0    1    1    0       593   15    1 MIX     5    6  571  572
    9   18    1    1    8    1    8    2    0    1       771    6    1 MIX     1    6    2    7  573  574  575  576
    9   19    2    1    4    0    0    1    1    0       693   12    1 MIX     3    6  577  578
    9   20    2    1    4    0    0    1    1    0       594   15    1 MIX     6    2  579  580
    9   21    2    1    4    0    0    1    1    0       770  583    0 MIX     1    6  581  582
    9   22    1    1    8    1    8    2    0    1      1117    6    1 MIX     3    2    1    6  584  585  586  587
    9   23    2    1    4    0    0    2    1    1       832  590    0 MIX     1    6  588  589
    9   24    1    1    8    8    1    2    1    0       721  592    0 MIX     2    4    3    1  591  592  593  594
