    1    1    1    1    2    2    1    1    1    1      1328   17    0 MIX    11   17
    1    2    2    1    8    0    0    1    1    0      1944   10    1 MIX    20    8   21    1    6   19   18    5
    1    3    1    1    2    2    1    1    1    1       814   22    0 MIX     9   22
    1    4    2    1    2    0    0    1    1    0       848    9    1 MIX    23    4
    1    5    2    1    2    0    0    1    1    0       665   15    1 MIX    24    4
    1    6    2    1    2    0    0    1    1    0       650   10    1 MIX    25    2
    1    7    1    1    4    3    2    1    1    1      1127   16    1 MIX    26    9   16   27
    1    8    1    1    2    1    2    1    1    1      1118   11    1 MIX    11   28
    1    9    1    1    2    2    1    1    1    1      2981   29    0 MIX    16   29
    1   10    2    1    8    0    0    2    1    1       871   34    0 MIX    10   12   30   32   14   31   16   33
    1   11    2    1    4    0    0    2    1    1       685   37    0 MIX    35   13   36    9
    1   12    2    1    8    0    0    1    1    0       956   11    1 MIX    38    1   40   41    3    5   39    8
    1   13    1    1    2    1    2    2    1    0       641    5    1 MIX     5   42
    1   14    2    1    2    0    0    1    1    0       860   44    0 MIX    43    1
    1   15    1    1    4    1    4    1    1    1       947   11    1 MIX    11   46   45   15
    1   16    1    1    2    1    2    2    0    1       465   47    0 MIX    47   16
    1   17    2    1    8    0    0    2    0    0       985   52    0 MIX     6   48    4    1   50   49    5   51
    1   18    1    1    8    4    5    1    1    1       964    9    1 MIX    15   55   56    9   12   54   53   16
    1   19    1    1    2    1    2    1    1    1      1513   13    1 MIX    13   57
    1   20    1    1    8    1    8    2    0    1       727   11    1 MIX    11   10   58   61   13   15   60   59
    1   21    2    1    8    0    0    1    1    0      1237   66    0 MIX    63   64   65    3    6    8   62    2
    1   22    2    1    4    0    0    2    1    1       812   69    0 MIX    68   67   14   13
    1   23    2    1    8    0    0    1    0    1      1317    6    1 MIX    14   70    9   72   10   73   71   16
    1   24    1    1    4    3    2    2    1    0       882    2    1 MIX     3   74    2   75
    2    1    2    1    4    0    0    2    1    1      1061    4    1 MIX    14   15   76   77
    2    2    1    1    4    4    1    1    1    1       956   79    0 MIX    78   12   14   79
    2    3    2    1    4    0    0    1    1    0       774   82    0 MIX     1    8   80   81
    2    4    1    1    8    7    2    2    1    0       802   85    0 MIX    84    2    1   86   83    6   85    8
    2    5    1    1    8    8    1    2    1    0       636   88    0 MIX     6    3    4    8   90   87   89   88
    2    6    1    1    4    4    1    1    1    1       691   92    0 MIX    91   11   10   92
    2    7    2    1    2    0    0    1    1    0      1611   14    1 MIX    93    7
    2    8    1    1    2    2    1    2    1    0       615    8    1 MIX    94    8
    2    9    2    1    2    0    0    2    1    1       795    1    1 MIX    16   95
    2   10    1    1    8    6    3    2    1    0       784    1    1 MIX     6    5   97   99   96    1   98    4
    2   11    2    1    4    0    0    2    1    1       753  102    0 MIX    10  100  101   12
    2   12    2    1    4    0    0    2    1    1       731  105    0 MIX   104    9  103   13
    2   13    2    1    4    0    0    1    0    1       694    2    1 MIX   106  107   15   12
    2   14    2    1    8    0    0    2    1    1       869  112    0 MIX    13  109   11   10  108  111  110    9
    2   15    1    1    2    1    2    2    1    0       703  113    0 MIX   113    1
    2   16    2    1    2    0    0    1    1    0       623  115    0 MIX   114    4
    2   17    2    1    4    0    0    2    1    1       710  118    0 MIX   116  117    9   11
    2   18    2    1    2    0    0    2    1    1      1174  120    0 MIX    15  119
    2   19    1    1    2    2    1    2    1    0       748  121    0 MIX     1  121
    2   20    2    1    2    0    0    2    1    1       849    5    1 MIX   122    9
    2   21    2    1    8    0    0    1    1    0       865  127    0 MIX   126    6    4  125  124    5    1  123
    2   22    2    1    4    0    0    2    1    1       951    4    1 MIX    10   15  128  129
    2   23    1    1    8    1    8    2    0    1       868  133    0 MIX   133   10  132  131   13   14  130   15
    2   24    2    1    2    0    0    2    1    1       932  135    0 MIX   134   13
    3    1    1    1    8    4    5    2    1    0      1098  136    0 MIX   137    8    7  136    1    3  138  139
    3    2    1    1    2    1    2    1    1    1       914   12    1 MIX    12  140
    3    3    1    1    2    1    2    1    1    1       586   12    1 MIX    12  141
    3    4    2    1    2    0    0    1    1    0       598   13    1 MIX   142    5
    3    5    2    1    8    0    0    1    1    0       744   16    1 MIX     4    7    5    2  143  145  146  144
    3    6    1    1    4    3    2    1    1    1       748    9    1 MIX   148  147    9   12
    3    7    1    1    8    6    3    1    1    1       632   14    1 MIX    16  150   13  149  151   14   12  152
    3    8    2    1    2    0    0    2    1    1      1202  154    0 MIX     9  153
    3    9    1    1    4    4    1    1    1    1       562  155    0 MIX    11   13  156  155
    3   10    2    1    4    0    0    1    1    0       636  159    0 MIX   158    8  157    6
    3   11    1    1    2    1    2    2    1    0       670  160    0 MIX   160    5
    3   12    2    1    2    0    0    2    1    1       575  162    0 MIX   161   12
    3   13    1    1    8    8    1    2    1    0       531    2    1 MIX     3  164    4  163    6  166  165    2
    3   14    2    1    2    0    0    1    1    0       521  168    0 MIX   167    2
    3   15    1    1    8    6    3    1    1    1       727  171    0 MIX    12  172   10    9  170  171   14  169
    3   16    1    1    8    3    6    1    1    1       742  175    0 MIX    14   10  175   16  173  174  176   12
    3   17    2    1    8    0    0    1    1    0       682   13    1 MIX   180  179  177    7  178    2    5    4
    3   18    2    1    2    0    0    1    1    0       578  182    0 MIX     5  181
    3   19    2    1    4    0    0    1    1    0       507  185    0 MIX   184  183    2    4
    3   20    2    1    2    0    0    1    1    0       539  187    0 MIX     4  186
    3   21    2    1    8    0    0    2    1    1       680    3    1 MIX    13  189   11   15  191    9  188  190
    3   22    1    1    4    2    3    2    1    0       702  193    0 MIX     2  193  192    3
    3   23    1    1    8    8    1    1    1    1       557  197    0 MIX   195   13   12   16  196   15  194  197
    3   24    2    1    4    0    0    1    1    0       535  200    0 MIX     3  199  198    8
    4    1    2    1    2    0    0    1    1    0       946  202    0 MIX     1  201
    4    2    2    1    2    0    0    2    1    1       648    2    1 MIX   203   11
    4    3    2    1    4    0    0    2    0    0       982   16    1 MIX     1    7  205  204
    4    4    2    1    2    0    0    2    1    1      1043    4    1 MIX   206   15
    4    5    2    1    8    0    0    2    1    1       769    8    1 MIX   209   15  208    9  207  210   12   14
    4    6    2    1    4    0    0    2    1    1       740    7    1 MIX   211  212   15   11
    4    7    1    1    8    6    3    2    1    0       793    5    1 MIX     3    4  213  215  216    5  214    1
    4    8    1    1    8    8    1    2    1    0       675    8    1 MIX   219    2  218  217    3  220    7    8
    4    9    1    1    8    2    7    1    1    1       659   14    1 MIX   221   14   16  222   11  224  223   15
    4   10    1    1    8    3    6    2    1    0      1324  226    0 MIX   227    5  226  228  225    3    2    4
    4   11    2    1    8    0    0    2    1    1       810  233    0 MIX   230  232   10   12  231    9   14  229
    4   12    2    1    2    0    0    1    1    0       590  235    0 MIX     5  234
    4   13    1    1    8    1    8    1    1    1       673  237    0 MIX   237  236   13  238   16   11   14  239
    4   14    2    1    4    0    0    1    1    0       607  242    0 MIX   241    2  240    1
    4   15    1    1    4    2    3    1    1    1       519   11    1 MIX   243   11  244   15
    4   16    2    1    2    0    0    2    1    1       799  246    0 MIX     9  245
    4   17    2    1    2    0    0    1    1    0       636   12    1 MIX   247    8
    4   18    1    1    4    2    3    1    1    1       921  248    0 MIX     9  248   13  249
    4   19    2    1    8    0    0    1    1    0       679  254    0 MIX     5  253  251  250    4    7    1  252
    4   20    1    1    4    2    3    2    1    0       693    1    1 MIX     6    1  256  255
    4   21    2    1    4    0    0    1    1    0       563   11    1 MIX   258    8    5  257
    4   22    1    1    4    3    2    1    1    1       677  259    0 MIX   260   13  259    9
    4   23    1    1    2    1    2    1    1    1       471  261    0 MIX   261   15
    4   24    2    1    2    0    0    2    1    1       392    7    1 MIX   262   15
    5    1    2    1    8    0    0    1    1    0       625  267    0 MIX     8  264    2    3    5  266  263  265
    5    2    1    1    2    2    1    2    1    0       524  268    0 MIX     4  268
    5    3    2    1    4    0    0    1    1    0       552  271    0 MIX     6    4  270  269
    5    4    2    1    4    0    0    1    1    0       506   10    1 MIX     3  273  272    4
    5    5    1    1    4    3    2    2    1    0       599  274    0 MIX     1  275  274    4
    5    6    2    1    2    0    0    1    1    0       572   13    1 MIX     8  276
    5    7    2    1    2    0    0    2    1    1       424    7    1 MIX   277   14
    5    8    1    1    2    2    1    2    1    0       596    7    1 MIX   278    7
    5    9    1    1    2    2    1    2    1    0       376    2    1 MIX   279    2
    5   10    2    1    8    0    0    1    1    0       612  284    0 MIX   280    4    1    6    3  281  283  282
    5   11    2    1    8    0    0    2    1    1       870    1    1 MIX   286  287   13   10    9   12  288  285
    5   12    1    1    4    3    2    1    1    1       596   14    1 MIX   289   16   14  290
    5   13    1    1    8    3    6    2    1    0       655  293    0 MIX     6    1  293    8  294    3  291  292
    5   14    2    1    2    0    0    1    1    0      1017   12    1 MIX     5  295
    5   15    2    1    2    0    0    2    1    1       627  297    0 MIX   296   14
    5   16    2    1    8    0    0    2    1    1       572  302    0 MIX   301   12   13  300   10  299   15  298
    5   17    2    1    4    0    0    1    1    0       470  305    0 MIX   304    7  303    5
    5   18    2    1    4    0    0    1    1    0       499  308    0 MIX     2  307    1  306
    5   19    1    1    2    1    2    2    1    0       563  309    0 MIX   309    1
    5   20    1    1    8    5    4    1    1    1       944   13    1 MIX    15   12  313  312   13   10  311  310
    5   21    1    1    8    8    1    1    1    1       597  316    0 MIX     9  317  315   15  314   12   10  316
    5   22    1    1    4    1    4    2    1    0       703  319    0 MIX   319    2    1  318
    5   23    2    1    2    0    0    2    1    1       590  321    0 MIX    13  320
    5   24    1    1    4    4    1    2    1    0       551    8    1 MIX   322    6  323    8
    6    1    1    1    4    4    1    2    1    0       598    5    1 MIX   324    6  325    5
    6    2    1    1    2    1    2    2    1    0       482  326    0 MIX   326    1
    6    3    2    1    8    0    0    1    1    0       706   14    1 MIX   330    7    6    3  329    1  328  327
    6    4    1    1    8    4    5    1    1    1       665   10    1 MIX   333   12  332   10  331   16  334   11
    6    5    2    1    4    0    0    2    1    1       582    7    1 MIX    13  335   14  336
    6    6    2    1    4    0    0    1    1    0       440   13    1 MIX     5  338  337    4
    6    7    1    1    4    1    4    2    1    0       711  339    0 MIX   339    7    4  340
    6    8    2    1    8    0    0    1    1    0       541  345    0 MIX     2  344    7  341  342  343    6    4
    6    9    1    1    4    1    4    1    1    1       632  347    0 MIX   347   16  346   13
    6   10    1    1    2    2    1    1    1    1       466  348    0 MIX    13  348
    6   11    1    1    2    1    2    2    1    0       739    4    1 MIX     4  349
    6   12    1    1    4    1    4    1    1    1       662   12    1 MIX    12  350   11  351
    6   13    2    1    2    0    0    2    1    1       543    4    1 MIX   352   10
    6   14    1    1    8    2    7    1    0    0       652    5    1 MIX     8    5  356    2  355    4  353  354
    6   15    2    1    4    0    0    1    1    0       603  359    0 MIX     2    8  358  357
    6   16    1    1    4    3    2    2    1    0       611    4    1 MIX     7  360    4  361
    6   17    1    1    4    4    1    1    1    1       548   16    1 MIX   362  363   12   16
    6   18    1    1    8    1    8    1    1    1       560   14    1 MIX    14  364  367  366   10   16   12  365
    6   19    1    1    4    2    3    2    1    0       555    1    1 MIX   369    1  368    5
    6   20    2    1    2    0    0    2    1    1       433    4    1 MIX    13  370
    6   21    2    1    4    0    0    2    1    1       632    8    1 MIX   371   10   14  372
    6   22    1    1    8    6    3    2    1    0       609    5    1 MIX     2  375    4  374    6    5  376  373
    6   23    1    1    8    5    4    2    1    0       684  380    0 MIX     3  378    4    2  380    7  379  377
    6   24    2    1    2    0    0    1    1    0       492   12    1 MIX     5  381
    7    1    1    1    2    1    2    2    1    0       510    2    1 MIX     2  382
    7    2    2    1    8    0    0    1    1    0       876  387    0 MIX   385    7    5  384  386  383    1    6
    7    3    1    1    4    1    4    2    1    0       683    4    1 MIX     4  389    3  388
    7    4    2    1    4    0    0    2    1    1       569    7    1 MIX   390  391    9   12
    7    5    1    1    4    1    4    2    1    0       523  392    0 MIX   392    3    7  393
    7    6    1    1    2    1    2    2    1    0       450  394    0 MIX   394    5
    7    7    2    1    2    0    0    1    1    0       364    9    1 MIX     4  395
    7    8    1    1    2    2    1    1    1    1       410  396    0 MIX    12  396
    7    9    1    1    4    4    1    1    1    1       506   15    1 MIX   397    9  398   15
    7   10    2    1    2    0    0    2    1    1       578  400    0 MIX   399   13
    7   11    1    1    8    3    6    2    1    0       663  402    0 MIX     2    5  402  401  403    8  404    6
    7   12    1    1    8    7    2    2    1    0       575    5    1 MIX     6  407  408    8  405  406    5    3
    7   13    2    1    4    0    0    2    1    1       576  411    0 MIX   409    9   16  410
    7   14    1    1    2    2    1    2    1    0       397    3    1 MIX   412    3
    7   15    2    1    2    0    0    1    1    0       520   13    1 MIX     8  413
    7   16    2    1    2    0    0    1    1    0       543  415    0 MIX   414    8
    7   17    1    1    2    2    1    1    1    1       342  416    0 MIX    12  416
    7   18    1    1    8    6    3    2    1    0       850  417    0 MIX     2  419    7    5    8  417  420  418
    7   19    2    1    4    0    0    2    1    1      1176  423    0 MIX    10  421    9  422
    7   20    1    1    4    3    2    2    1    0       547    7    1 MIX   425    4    7  424
    7   21    1    1    4    2    3    2    1    0       541    5    1 MIX   427    5  426    8
    7   22    1    1    2    1    2    1    1    1       451  428    0 MIX   428   16
    7   23    2    1    2    0    0    1    1    0       605   10    1 MIX   429    1
    7   24    1    1    4    3    2    2    1    0       661  430    0 MIX   431    2  430    5
    8    1    2    1    8    0    0    1    1    0       535  436    0 MIX   434  432    1    8  435  433    4    5
    8    2    2    1    8    0    0    1    1    0       900   10    1 MIX   437    8  438  439    5    3    6  440
    8    3    1    1    8    4    5    2    1    0       635  442    0 MIX     7    5  444  442  443    6    1  441
    8    4    1    1    8    3    6    1    1    1       740  448    0 MIX    13  446  448  447  445   10   16   12
    8    5    2    1    8    0    0    2    1    1       561    3    1 MIX    12    9  452   10  449  451   13  450
    8    6    2    1    8    0    0    1    1    0       461  457    0 MIX   456  453    3    5  455    8  454    4
    8    7    2    1    2    0    0    2    1    1       438  459    0 MIX    15  458
    8    8    1    1    2    1    2    1    1    1       585  460    0 MIX   460   16
    8    9    1    1    8    7    2    2    1    0       532  463    0 MIX   464  461    8    1    5    3  463  462
    8   10    1    1    8    8    1    1    1    1       353  467    0 MIX    10  465  466   14  468   12   11  467
    8   11    2    1    4    0    0    1    1    0       428  471    0 MIX     1    3  469  470
    8   12    2    1    8    0    0    1    1    0       461  476    0 MIX   472    8  474  475    6    5    2  473
    8   13    1    1    4    3    2    2    1    0       812    2    1 MIX   477  478    2    8
    8   14    2    1    4    0    0    1    1    0       509   15    1 MIX   480  479    6    2
    8   15    1    1    2    2    1    2    1    0       477    3    1 MIX   481    3
    8   16    1    1    4    3    2    1    1    1       411  483    0 MIX   482   11  483   12
    8   17    2    1    2    0    0    2    1    1       407    7    1 MIX    11  484
    8   18    2    1    2    0    0    1    1    0       347   10    1 MIX     6  485
    8   19    2    1    2    0    0    2    1    1       431  487    0 MIX   486   16
    8   20    1    1    2    1    2    2    1    0       498  488    0 MIX   488    4
    8   21    1    1    8    3    6    1    1    1       704   16    1 MIX    12  492   16  489  491   11  490    9
    8   22    2    1    2    0    0    2    1    1       503  494    0 MIX   493   10
    8   23    2    1    2    0    0    1    1    0       479   14    1 MIX     1  495
    8   24    1    1    4    2    3    1    1    1       502   11    1 MIX    15   11  497  496
    9    1    2    1    8    0    0    1    1    0       476  502    0 MIX     5  498  499  500  501    8    1    4
    9    2    1    1    2    2    1    2    1    0      2773    8    1 MIX   503    8
    9    3    1    1    8    3    6    1    1    1       602   13    1 MIX   506  504   13  507  505   12   15    9
    9    4    1    1    2    1    2    2    1    0       543  508    0 MIX   508    4
    9    5    2    1    4    0    0    1    1    0       570   15    1 MIX     1  509    8  510
    9    6    2    1    8    0    0    1    1    0       623    9    1 MIX   514    3  513    2    4    7  511  512
    9    7    1    1    4    3    2    1    0    0       558  516    0 MIX     5  515  516    8
    9    8    1    1    4    4    1    2    1    0       425  517    0 MIX     3  518    2  517
    9    9    2    1    2    0    0    2    0    0     10787   12    1 MIX   519    5
    9   10    1    1    4    4    1    1    1    1       630   12    1 MIX   521  520   13   12
    9   11    1    1    8    5    4    2    1    0       615    7    1 MIX   525  523    4    3    7    1  522  524
    9   12    2    1    8    0    0    2    1    1       592  530    0 MIX   527  529   14   10   11   16  526  528
    9   13    1    1    8    4    5    1    1    1       660  534    0 MIX    16    9  533  534   14   10  532  531
    9   14    1    1    8    2    7    2    1    0       516    1    1 MIX   536    1    2    3    6  538  537  535
    9   15    1    1    4    1    4    2    0    1       456  539    0 MIX   539  540   15    9
    9   16    1    1    4    4    1    2    1    0       495  542    0 MIX     2  541    7  542
    9   17    1    1    8    6    3    2    1    0       568    4    1 MIX     7  543    2  545  544    4    5  546
    9   18    2    1    2    0    0    2    1    1       699  548    0 MIX   547   12
    9   19    2    1    8    0    0    2    1    1       609    3    1 MIX   551    9   11  550   16  549  552   10
    9   20    2    1    2    0    0    1    1    0      1238   10    1 MIX   553    5
    9   21    1    1    4    2    3    1    1    1       437  555    0 MIX   554  555   12   13
    9   22    2    1    4    0    0    2    1    1       589  558    0 MIX    11   13  556  557
    9   23    2    1    4    0    0    1    1    0       551    9    1 MIX   559    6    4  560
    9   24    1    1    8    3    6    1    1    1       763   15    1 MIX   564   16   15   11  561  563  562   10
