    1    1    2    1    2    0    0    1    1    0      6062   18    0 MIX    17    1
    1    2    2    1    4    0    0    2    1    1      1245    8    1 MIX    20   19   12   13
    1    3    2    1    2    0    0    2    1    1      1712   22    0 MIX    16   21
    1    4    1    1    8    5    4    1    1    1      1016   10    1 MIX    24   23    9   15   10   25   26   13
    1    5    1    1    8    8    1    2    1    0       908    5    1 MIX     6   29   28   30    4    2   27    5
    1    6    2    1    4    0    0    2    1    1       906    4    1 MIX    10   32   31   16
    1    7    1    1    8    1    8    2    1    0       676    3    1 MIX     3   33    1   35   36   34    7    6
    1    8    1    1    8    3    6    2    1    0       694   38    0 MIX     3   40   38   39    1    4   37    7
    1    9    1    1    8    3    6    2    1    0       895   41    0 MIX     4   44   41    2    1    5   43   42
    1   10    2    1    8    0    0    2    1    1       689    2    1 MIX    11   14   47   13   16   46   48   45
    1   11    1    1    2    2    1    2    1    0       811   49    0 MIX     4   49
    1   12    2    1    8    0    0    1    1    0       912   54    0 MIX     7    1   53   50   51   52    8    3
    1   13    2    1    8    0    0    1    1    0       841   59    0 MIX     2   57    6    1   56    5   58   55
    1   14    2    1    4    0    0    2    1    1       625   62    0 MIX    13   60   61    9
    1   15    1    1    4    3    2    1    1    1      1275   16    1 MIX    64   63   16   15
    1   16    1    1    8    1    8    1    1    1       662   67    0 MIX    67   11    9   68   14   12   65   66
    1   17    1    1    2    2    1    1    1    1       569   10    1 MIX    69   10
    1   18    2    1    4    0    0    1    1    0       811   72    0 MIX     8   70    4   71
    1   19    1    1    8    4    5    2    1    0       609    8    1 MIX     5   73   75    8    4   74    7   76
    1   20    1    1    8    7    2    2    1    0       807   78    0 MIX    77    6   79   80    4    5   78    2
    1   21    1    1    8    2    7    1    1    1       892   14    1 MIX    81   14   82    9   83   84   11   10
    1   22    2    1    2    0    0    1    1    0       710   15    1 MIX    85    7
    1   23    1    1    8    2    7    1    1    1       903   16    1 MIX    89   16   10   87   86   13   88    9
    1   24    1    1    8    8    1    2    1    0       689   92    0 MIX     2   91   93    1    7   90    4   92
    2    1    1    1    8    8    1    1    1    1       639   13    1 MIX    97   12   14   95   94   96   15   13
    2    2    2    1    8    0    0    2    1    1       762    3    1 MIX    98   16  101   12   14   13   99  100
    2    3    2    1    2    0    0    1    1    0       849  103    0 MIX     7  102
    2    4    1    1    2    2    1    1    1    1       524  104    0 MIX    14  104
    2    5    2    1    2    0    0    2    1    1       491    8    1 MIX    11  105
    2    6    1    1    2    2    1    2    1    0       509  106    0 MIX     2  106
    2    7    1    1    8    2    7    1    1    1       511   10    1 MIX    11   10   13  108   15  109  110  107
    2    8    2    1    4    0    0    1    1    0       637  113    0 MIX     6  111  112    1
    2    9    1    1    8    1    8    1    1    1       593   16    1 MIX    16  115    9   15   13  117  114  116
    2   10    1    1    2    1    2    2    0    1       847   15    1 MIX    15  118
    2   11    1    1    2    1    2    1    1    1       466   11    1 MIX    11  119
    2   12    2    1    4    0    0    2    1    1       505    5    1 MIX    12  121   14  120
    2   13    2    1    2    0    0    1    1    0       546  123    0 MIX     2  122
    2   14    2    1    2    0    0    2    1    1       433  125    0 MIX   124   16
    2   15    1    1    2    1    2    1    1    1       741   14    1 MIX    14  126
    2   16    2    1    2    0    0    1    1    0       852   13    1 MIX     1  127
    2   17    2    1    2    0    0    1    1    0       543  129    0 MIX     5  128
    2   18    2    1    4    0    0    1    1    0       732   16    1 MIX   130  131    1    5
    2   19    1    1    8    2    7    2    1    0       788  132    0 MIX     3  132    7  134    4  135  133    8
    2   20    1    1    4    1    4    1    1    1       495  136    0 MIX   136   10  137    9
    2   21    1    1    2    2    1    2    1    0       536  138    0 MIX     8  138
    2   22    2    1    2    0    0    1    1    0       551   10    1 MIX   139    5
    2   23    1    1    2    2    1    1    1    1       486   11    1 MIX   140   11
    2   24    1    1    8    2    7    1    1    1       577   12    1 MIX   141   12   13   15  144   11  143  142
    3    1    1    1    4    3    2    2    1    0       684  145    0 MIX     3    5  145  146
    3    2    1    1    4    2    3    2    1    0       987    6    1 MIX     1    6  148  147
    3    3    1    1    8    4    5    2    1    0       697  151    0 MIX   149    4    1  151  152  150    5    2
    3    4    2    1    8    0    0    2    0    0      1323  157    0 MIX     5  154    4  153  155    1    3  156
    3    5    1    1    4    4    1    1    1    1       440  158    0 MIX    12  159   13  158
    3    6    2    1    4    0    0    2    1    1       633    7    1 MIX   161   16   10  160
    3    7    1    1    8    7    2    1    1    1       533  163    0 MIX     9   12  164  162   16   14  163  165
    3    8    2    1    4    0    0    2    1    1       498  168    0 MIX   166  167   12   14
    3    9    1    1    8    2    7    1    1    1       666  169    0 MIX   170  169  171   10    9   14  172   11
    3   10    2    1    2    0    0    2    1    1       589  174    0 MIX    15  173
    3   11    2    1    2    0    0    1    1    0      1722  176    0 MIX   175    1
    3   12    1    1    8    3    6    1    1    1       803  178    0 MIX   180  177  178    9   16  179   11   13
    3   13    1    1    8    6    3    2    1    0       777  182    0 MIX   184    5  181    3    4  182    6  183
    3   14    1    1    4    2    3    2    1    0       612  186    0 MIX     6  186  185    7
    3   15    1    1    4    2    3    1    1    1       871   10    1 MIX    13   10  188  187
    3   16    1    1    4    1    4    1    1    1       519   14    1 MIX    14    9  190  189
    3   17    1    1    4    3    2    2    1    0       548    1    1 MIX   192    8    1  191
    3   18    2    1    8    0    0    1    1    0       571  197    0 MIX   195    4  196    6    5  194    7  193
    3   19    2    1    2    0    0    2    1    1       713    1    1 MIX    14  198
    3   20    1    1    4    1    4    1    1    1       608  199    0 MIX   199   16   10  200
    3   21    2    1    4    0    0    1    1    0      1378   10    1 MIX     6    4  201  202
    3   22    1    1    4    2    3    1    1    1       501   11    1 MIX    14   11  203  204
    3   23    2    1    4    0    0    2    1    1       628  207    0 MIX   206   11   12  205
    3   24    2    1    4    0    0    1    1    0       493  210    0 MIX   209  208    6    3
    4    1    2    1    4    0    0    2    1    1      1211    3    1 MIX   212  211   14   10
    4    2    2    1    4    0    0    2    0    0       678   11    1 MIX     3  214  213    2
    4    3    2    1    2    0    0    2    1    1       591  216    0 MIX    15  215
    4    4    1    1    2    2    1    2    1    0       596  217    0 MIX     8  217
    4    5    1    1    4    2    3    1    1    1       775   13    1 MIX    10   13  219  218
    4    6    2    1    2    0    0    2    1    1       453    2    1 MIX    16  220
    4    7    2    1    8    0    0    2    0    0      1201   16    1 MIX   224  221    2  223  222    1    6    3
    4    8    1    1    4    1    4    2    1    0       612    1    1 MIX     1  226    6  225
    4    9    1    1    8    5    4    2    1    0       753  229    0 MIX     6  230  227    4  229  228    3    7
    4   10    1    1    8    8    1    2    1    0       601  232    0 MIX   233    2    3    1  231    7  234  232
    4   11    1    1    8    3    6    1    1    1       814  238    0 MIX    10  236  238   15  237   14   16  235
    4   12    2    1    8    0    0    2    1    1       762    8    1 MIX     9   12   11  239  241   15  242  240
    4   13    1    1    8    6    3    1    1    1       640  244    0 MIX     9  245  246   12  243  244   11   13
    4   14    2    1    4    0    0    2    1    1       561    5    1 MIX    11  247  248   13
    4   15    2    1    4    0    0    1    0    1       813    5    1 MIX   249   12  250   14
    4   16    1    1    4    2    3    2    1    0       895    6    1 MIX     4    6  252  251
    4   17    2    1    4    0    0    1    0    1      1415    6    1 MIX    11  253   15  254
    4   18    1    1    8    1    8    2    1    0       748  257    0 MIX   257    3    4    6    5  256  255  258
    4   19    2    1    2    0    0    1    1    0       578   16    1 MIX   259    2
    4   20    2    1    4    0    0    1    1    0       582  262    0 MIX   261    8  260    5
    4   21    1    1    2    2    1    1    1    1       635  263    0 MIX    13  263
    4   22    1    1    4    2    3    1    1    1       564  265    0 MIX    13  265   14  264
    4   23    2    1    2    0    0    1    1    0       578    9    1 MIX     6  266
    4   24    2    1    2    0    0    2    1    1      2241    3    1 MIX   267    9
    5    1    1    1    4    1    4    2    1    0       610  269    0 MIX   269  268    2    7
    5    2    1    1    4    3    2    1    1    1       564  271    0 MIX    14   12  271  270
    5    3    2    1    2    0    0    1    1    0      1682  273    0 MIX   272    2
    5    4    2    1    8    0    0    2    1    1      1012    3    1 MIX   274    9  276   10  275  277   15   16
    5    5    1    1    2    2    1    2    1    0       977    7    1 MIX   278    7
    5    6    2    1    8    0    0    1    1    0      1064   14    1 MIX   282  280    5    3    6  279    4  281
    5    7    2    1    2    0    0    2    1    1       610    2    1 MIX   283   12
    5    8    2    1    4    0    0    1    1    0       827  286    0 MIX     1    5  285  284
    5    9    1    1    4    4    1    1    1    1       732  288    0 MIX   287   12   16  288
    5   10    2    1    8    0    0    1    1    0      1003  293    0 MIX     4  291  292  290  289    6    1    8
    5   11    1    1    2    2    1    1    1    1       480  294    0 MIX    11  294
    5   12    1    1    4    3    2    1    0    0       487  295    0 MIX     3  296  295    6
    5   13    2    1    2    0    0    1    1    0       712  298    0 MIX   297    4
    5   14    1    1    4    4    1    1    1    1       455   12    1 MIX   299  300    9   12
    5   15    2    1    4    0    0    1    1    0      1670   12    1 MIX     5  302    7  301
    5   16    1    1    2    2    1    2    1    0       553  303    0 MIX     6  303
    5   17    1    1    8    3    6    1    1    1       832   12    1 MIX   306  305   12   11  304    9   10  307
    5   18    1    1    4    2    3    2    1    0      1129    3    1 MIX   309    3    6  308
    5   19    2    1    4    0    0    2    1    1       703  312    0 MIX    16  311   13  310
    5   20    2    1    4    0    0    2    1    1       558  315    0 MIX   314   11  313   12
    5   21    2    1    8    0    0    1    1    0       844   12    1 MIX     6  318    1  319  316    7  317    2
    5   22    2    1    2    0    0    1    1    0       544   16    1 MIX   320    2
    5   23    2    1    4    0    0    1    1    0       741   13    1 MIX     1  322  321    2
    5   24    1    1    2    1    2    1    1    1       516  323    0 MIX   323   16
    6    1    2    1    4    0    0    2    1    1       501  326    0 MIX   324   10  325   15
    6    2    1    1    8    2    7    2    0    1      1158   12    1 MIX    11   12   14  330   13  327  328  329
    6    3    1    1    2    2    1    1    1    1       541  331    0 MIX    12  331
    6    4    1    1    4    3    2    2    1    0      1114    2    1 MIX   333    4    2  332
    6    5    1    1    4    1    4    2    1    0       576    4    1 MIX     4  334    6  335
    6    6    1    1    8    6    3    1    1    1       663  336    0 MIX    11  338  339  337    9  336   14   13
    6    7    1    1    2    2    1    2    1    0       521  340    0 MIX     8  340
    6    8    1    1    4    2    3    1    1    1       487  342    0 MIX   341  342   15   14
    6    9    1    1    4    3    2    2    1    0       701    4    1 MIX     7  343    4  344
    6   10    2    1    2    0    0    2    1    1       646    1    1 MIX    13  345
    6   11    1    1    8    4    5    2    1    0       842  348    0 MIX   346    1  347  348  349    5    6    7
    6   12    1    1    2    2    1    1    1    1       446   12    1 MIX   350   12
    6   13    2    1    4    0    0    1    1    0       694  353    0 MIX     8  352    2  351
    6   14    1    1    8    4    5    2    1    0       568    1    1 MIX   354  357    7    1  356  355    8    3
    6   15    2    1    2    0    0    1    1    0       518   16    1 MIX   358    1
    6   16    1    1    4    3    2    2    1    0       852    6    1 MIX   359  360    6    4
    6   17    1    1    2    1    2    2    1    0       439    6    1 MIX     6  361
    6   18    1    1    4    4    1    1    1    1       471  362    0 MIX   363   12   13  362
    6   19    1    1    2    1    2    2    1    0       633    2    1 MIX     2  364
    6   20    2    1    2    0    0    2    1    1       469    8    1 MIX    11  365
    6   21    2    1    4    0    0    2    0    0      1348   11    1 MIX     7  366    5  367
    6   22    2    1    8    0    0    1    1    0       787   16    1 MIX   371  369    6    7  370  368    4    5
    6   23    1    1    8    3    6    2    1    0       690    2    1 MIX     3  374    2  373  375    1    7  372
    6   24    2    1    8    0    0    2    1    1       579  380    0 MIX   376  379  378  377   15    9   10   13
    7    1    2    1    8    0    0    1    0    1       781    3    1 MIX    14  384   16  381  382   10    9  383
    7    2    2    1    2    0    0    2    1    1       522  386    0 MIX   385   11
    7    3    1    1    8    1    8    2    1    0       771  388    0 MIX   388  389    2    8    7  387  390    6
    7    4    2    1    4    0    0    1    1    0       751  393    0 MIX   391  392    2    6
    7    5    2    1    2    0    0    1    1    0      1165  395    0 MIX   394    7
    7    6    2    1    8    0    0    1    1    0       692   15    1 MIX   397    1    2  396  398  399    5    6
    7    7    1    1    2    1    2    2    1    0       661  400    0 MIX   400    3
    7    8    1    1    8    1    8    2    1    0       624    2    1 MIX     2  402  404  401  403    4    7    3
    7    9    2    1    8    0    0    1    1    0      1557  409    0 MIX   408    6    8    1  405  406  407    3
    7   10    2    1    8    0    0    1    1    0       756   12    1 MIX   413  411  412    7    4    3    5  410
    7   11    2    1    8    0    0    1    1    0       795   10    1 MIX     7    1  416    6    8  417  415  414
    7   12    2    1    8    0    0    2    1    1       856    2    1 MIX    14   16   10   13  421  419  418  420
    7   13    1    1    2    1    2    2    1    0       602    2    1 MIX     2  422
    7   14    2    1    4    0    0    1    1    0       589   16    1 MIX   424    2  423    1
    7   15    1    1    2    2    1    1    1    1       649   15    1 MIX   425   15
    7   16    1    1    2    1    2    2    1    0       628    7    1 MIX     7  426
    7   17    1    1    2    2    1    2    1    0       488    3    1 MIX   427    3
    7   18    2    1    4    0    0    2    1    1       663    4    1 MIX   428   15  429   14
    7   19    2    1    8    0    0    2    1    1       722  434    0 MIX    12   11  431   10   14  433  430  432
    7   20    2    1    4    0    0    2    1    1       656  437    0 MIX    11   12  436  435
    7   21    1    1    8    4    5    2    1    0       819    1    1 MIX     7  438  440    1    5  439    4  441
    7   22    1    1    4    4    1    1    1    1       541   12    1 MIX     9  443  442   12
    7   23    2    1    2    0    0    1    1    0       916   13    1 MIX     3  444
    7   24    2    1    4    0    0    2    1    1       793    5    1 MIX   445   15   14  446
    8    1    1    1    2    2    1    1    0    0       617  447    0 MIX     6  447
    8    2    2    1    8    0    0    1    0    1       694    6    1 MIX   449  450  451   15   12  448   16   11
    8    3    1    1    2    2    1    1    1    1       463  452    0 MIX    14  452
    8    4    2    1    4    0    0    2    1    1       599    8    1 MIX   454  453   15   16
    8    5    2    1    2    0    0    1    1    0       731  456    0 MIX     5  455
    8    6    2    1    2    0    0    1    1    0       675   10    1 MIX     1  457
    8    7    2    1    2    0    0    2    1    1       525  459    0 MIX    10  458
    8    8    2    1    4    0    0    2    1    1      1090    2    1 MIX   460  461    9   12
    8    9    2    1    8    0    0    2    1    1       548  466    0 MIX    11  465  462   15  463   10  464   16
    8   10    1    1    8    8    1    2    1    0       859    2    1 MIX   467    4    6  469    8  470  468    2
    8   11    1    1    4    3    2    2    1    0       748  471    0 MIX   472    3  471    6
    8   12    1    1    4    1    4    1    1    1       896  473    0 MIX   473    9   15  474
    8   13    2    1    8    0    0    2    0    0       882   15    1 MIX     1  475  478  477    4    7    2  476
    8   14    1    1    8    2    7    2    1    0       820    7    1 MIX     8    7    5  481  480  482  479    1
    8   15    1    1    8    7    2    1    1    1       441  486    0 MIX    11  483    9   10  485  484  486   16
    8   16    2    1    4    0    0    1    1    0       770  489    0 MIX   487    4  488    6
    8   17    2    1    2    0    0    1    1    0       664  491    0 MIX     2  490
    8   18    1    1    2    1    2    1    1    1       602   12    1 MIX    12  492
    8   19    1    1    8    2    7    1    1    1       608  493    0 MIX    13  493  496  495   12  494   11   15
    8   20    1    1    8    8    1    1    1    1       574   14    1 MIX   499  500  498  497   10   16   15   14
    8   21    2    1    4    0    0    2    1    1       897    5    1 MIX    14  502   12  501
    8   22    1    1    2    2    1    1    1    1       474   15    1 MIX   503   15
    8   23    2    1    2    0    0    2    1    1       636  505    0 MIX    11  504
    8   24    1    1    2    1    2    2    1    0      1927    7    1 MIX     7  506
    9    1    1    1    2    2    1    1    1    1       803  507    0 MIX    15  507
    9    2    2    1    8    0    0    2    1    1       592  512    0 MIX    15    9   12  508  509   10  510  511
    9    3    1    1    2    1    2    2    1    0       733    2    1 MIX     2  513
    9    4    1    1    2    2    1    1    1    1       493  514    0 MIX    10  514
    9    5    2    1    2    0    0    2    1    1       614    6    1 MIX   515   16
    9    6    2    1    4    0    0    2    0    0       598   16    1 MIX   517    6    4  516
    9    7    2    1    2    0    0    2    1    1       523    3    1 MIX   518   12
    9    8    2    1    8    0    0    2    1    1       628  523    0 MIX   522   13  519  520   16   15  521   14
    9    9    1    1    2    1    2    2    1    0       792  524    0 MIX   524    3
    9   10    2    1    2    0    0    2    1    1       518  526    0 MIX    12  525
    9   11    1    1    2    1    2    1    1    1       781  527    0 MIX   527   13
    9   12    2    1    4    0    0    1    1    0       665   11    1 MIX     6  528    5  529
    9   13    2    1    2    0    0    1    1    0       483  531    0 MIX     2  530
    9   14    1    1    4    3    2    2    1    0       537  532    0 MIX     5  533  532    7
    9   15    2    1    2    0    0    1    1    0       681  535    0 MIX     6  534
    9   16    2    1    8    0    0    2    1    1       619  540    0 MIX   536  538   13   15  537  539   11   14
    9   17    1    1    8    3    6    2    1    0       831  543    0 MIX   541    5  543    1    3    6  544  542
    9   18    1    1    2    1    2    1    1    1       443   11    1 MIX    11  545
    9   19    2    1    8    0    0    2    1    1       695    7    1 MIX    14  548  547  549   13   16  546   15
    9   20    2    1    8    0    0    2    1    1       615  554    0 MIX    10  553   16  551  550   14   15  552
    9   21    1    1    2    2    1    1    1    1       435  555    0 MIX    14  555
    9   22    2    1    8    0    0    2    0    0      1287   15    1 MIX     5  558  556    6  559    2    7  557
    9   23    1    1    8    8    1    2    1    0       562  561    0 MIX   562  563    2  560    3    5    8  561
    9   24    1    1    8    5    4    1    1    1       730    9    1 MIX    10   15   11  565    9  566  564  567
