    1    1    2    1    8    0    0    2    1    1      2287    3    1 MIX     5    3    7    1   17   18   19   20
    1    2    1    1    4    3    2    1    1    1      2549    7    1 MIX     7    5   21   22
    1    3    1    1    4    4    1    2    1    0       758    5    1 MIX     3    5   23   24
    1    4    2    1    4    0    0    2    1    1       856   27    0 MIX     3    5   25   26
    1    5    1    1    2    2    1    2    1    0       681   28    0 MIX     8   28
    1    6    1    1    2    2    1    1    1    1       609    2    1 MIX     2   29
    1    7    2    1    2    0    0    2    1    1      1204    3    1 MIX     6   30
    1    8    2    1    8    0    0    1    1    0       982   35    0 MIX     3    5    8    4   31   32   33   34
    1    9    1    1    2    1    2    1    1    1       467   36    0 MIX     6   36
    1   10    1    1    2    1    2    1    1    1       419   37    0 MIX     7   37
    1   11    1    1    8    6    3    2    1    0       833    4    1 MIX     4    7    2    8   38   39   40   41
    1   12    1    1    8    7    2    2    1    0       585   44    0 MIX     4    1    8    7   42   43   44   45
    1   13    2    1    2    0    0    1    1    0       556   15    1 MIX     2   46
    1   14    2    1    2    0    0    1    1    0       617   48    0 MIX     7   47
    1   15    1    1    8    1    8    2    1    0       696    5    1 MIX     7    3    2    5   49   50   51   52
    1   16    2    1    8    0    0    1    0    1       767    5    1 MIX     3    5    2    7   53   54   55   56
    1   17    1    1    4    3    2    2    1    0       624    3    1 MIX     2    3   57   58
    1   18    2    1    2    0    0    2    1    1       570    4    1 MIX     4   59
    1   19    1    1    8    4    5    2    1    0       708   62    0 MIX     3    5    2    8   60   61   62   63
    1   20    2    1    4    0    0    2    1    1       727   66    0 MIX     1    2   64   65
    1   21    1    1    8    3    6    1    1    1       707   69    0 MIX     1    5    4    3   67   68   69   70
    1   22    2    1    4    0    0    1    1    0       808   73    0 MIX     1    4   71   72
    1   23    2    1    8    0    0    2    1    1       682   78    0 MIX     7    4    5    2   74   75   76   77
    1   24    2    1    2    0    0    2    1    1       530    3    1 MIX     3   79
    2    1    2    1    2    0    0    1    1    0       637   81    0 MIX     5   80
    2    2    2    1    2    0    0    1    1    0       575   83    0 MIX     2   82
    2    3    1    1    4    3    2    2    1    0       584    7    1 MIX     7    8   84   85
    2    4    1    1    2    1    2    2    1    0       572   86    0 MIX     3   86
    2    5    2    1    2    0    0    2    1    1       545   88    0 MIX     2   87
    2    6    2    1    4    0    0    2    1    1       748    1    1 MIX     2    1   89   90
    2    7    2    1    2    0    0    2    1    1       488    7    1 MIX     8   91
    2    8    1    1    8    6    3    1    1    1       598   94    0 MIX     8    3    6    4   92   93   94   95
    2    9    1    1    2    2    1    1    1    1       457    6    1 MIX     6   96
    2   10    1    1    2    1    2    1    1    1       394   97    0 MIX     2   97
    2   11    1    1    2    2    1    1    1    1       487    3    1 MIX     3   98
    2   12    1    1    8    8    1    1    1    1       370    2    1 MIX     1    2    8    5   99  100  101  102
    2   13    1    1    8    6    3    2    1    0       524  105    0 MIX     3    5    6    7  103  104  105  106
    2   14    2    1    2    0    0    1    1    0       555  108    0 MIX     1  107
    2   15    1    1    4    4    1    1    1    1       372  109    0 MIX     5    1  109  110
    2   16    2    1    2    0    0    2    1    1       560    4    1 MIX     2  111
    2   17    1    1    8    7    2    2    1    0       748    5    1 MIX     3    5    1    2  112  113  114  115
    2   18    1    1    4    4    1    1    1    1       527    4    1 MIX     6    4  116  117
    2   19    1    1    8    7    2    2    1    0       469  119    0 MIX     2    4    8    1  118  119  120  121
    2   20    2    1    4    0    0    2    0    0       634   12    1 MIX     5    4  122  123
    2   21    1    1    4    2    3    2    1    0       712    3    1 MIX     3    5  124  125
    2   22    2    1    8    0    0    1    1    0       756   14    1 MIX     1    8    2    6  126  127  128  129
    2   23    2    1    8    0    0    2    1    1       927    2    1 MIX     7    1    4    6  130  131  132  133
    2   24    2    1    4    0    0    2    1    1       779    6    1 MIX     6    1  134  135
    3    1    1    1    4    3    2    2    1    0       712    6    1 MIX     1    6  136  137
    3    2    1    1    4    4    1    1    1    1       445  139    0 MIX     4    6  138  139
    3    3    1    1    2    1    2    1    1    1       590    1    1 MIX     1  140
    3    4    1    1    4    1    4    2    1    0       639  141    0 MIX     6    1  141  142
    3    5    1    1    8    3    6    1    1    1       719  145    0 MIX     3    5    7    2  143  144  145  146
    3    6    1    1    4    4    1    2    1    0       457  148    0 MIX     5    7  147  148
    3    7    1    1    4    2    3    2    1    0       768  149    0 MIX     5    7  149  150
    3    8    1    1    8    2    7    2    1    0       754  152    0 MIX     1    8    7    5  151  152  153  154
    3    9    2    1    4    0    0    2    1    1       645  157    0 MIX     7    3  155  156
    3   10    2    1    4    0    0    2    1    1       852    1    1 MIX     8    1  158  159
    3   11    1    1    8    5    4    1    1    1      1005  161    0 MIX     4    6    5    3  160  161  162  163
    3   12    1    1    8    2    7    2    1    0       654    3    1 MIX     2    8    7    3  164  165  166  167
    3   13    1    1    4    2    3    2    1    0       708  169    0 MIX     2    5  168  169
    3   14    2    1    4    0    0    2    1    1       839    4    1 MIX     6    7  170  171
    3   15    2    1    2    0    0    1    1    0       562   10    1 MIX     6  172
    3   16    2    1    2    0    0    2    1    1       557  174    0 MIX     2  173
    3   17    1    1    4    2    3    2    1    0       830  175    0 MIX     5    7  175  176
    3   18    1    1    2    1    2    2    1    0       394  177    0 MIX     2  177
    3   19    1    1    8    4    5    1    1    1       618    3    1 MIX     8    5    3    7  178  179  180  181
    3   20    1    1    2    2    1    2    1    0       805  182    0 MIX     4  182
    3   21    1    1    2    2    1    1    1    1       551    1    1 MIX     1  183
    3   22    2    1    8    0    0    2    1    1       906    4    1 MIX     7    4    5    6  184  185  186  187
    3   23    2    1    2    0    0    1    1    0       529  189    0 MIX     8  188
    3   24    2    1    4    0    0    1    1    0       858   10    1 MIX     8    6  190  191
    4    1    1    1    4    4    1    2    1    0       649    4    1 MIX     7    4  192  193
    4    2    2    1    8    0    0    2    1    1       711  198    0 MIX     7    2    4    3  194  195  196  197
    4    3    1    1    2    2    1    2    1    0       525    1    1 MIX     1  199
    4    4    2    1    4    0    0    2    1    1       576  202    0 MIX     5    7  200  201
    4    5    2    1    2    0    0    2    1    1       508  204    0 MIX     8  203
    4    6    1    1    8    3    6    2    1    0       698  207    0 MIX     2    7    1    3  205  206  207  208
    4    7    1    1    2    1    2    1    1    1       512  209    0 MIX     1  209
    4    8    1    1    8    4    5    1    0    0       774    6    1 MIX     6    3    5    7  210  211  212  213
    4    9    2    1    2    0    0    1    1    0       483  215    0 MIX     6  214
    4   10    1    1    4    4    1    1    1    1       735    8    1 MIX     8    3  216  217
    4   11    2    1    8    0    0    1    1    0      1066   14    1 MIX     6    4    3    7  218  219  220  221
    4   12    1    1    8    8    1    2    1    0       376    5    1 MIX     5    3    1    6  222  223  224  225
    4   13    2    1    2    0    0    2    1    1       653    5    1 MIX     3  226
    4   14    2    1    4    0    0    1    1    0       844  229    0 MIX     4    3  227  228
    4   15    2    1    8    0    0    1    1    0       611   15    1 MIX     1    3    2    6  230  231  232  233
    4   16    1    1    2    1    2    2    1    0       542  234    0 MIX     4  234
    4   17    1    1    4    1    4    2    1    0       536  236    0 MIX     4    6  235  236
    4   18    1    1    2    2    1    2    1    0       574    6    1 MIX     6  237
    4   19    1    1    8    1    8    1    1    1       800    1    1 MIX     8    6    3    1  238  239  240  241
    4   20    2    1    4    0    0    1    1    0       553  244    0 MIX     8    3  242  243
    4   21    2    1    4    0    0    1    1    0       586  247    0 MIX     2    3  245  246
    4   22    2    1    4    0    0    2    1    1       602  250    0 MIX     8    4  248  249
    4   23    2    1    4    0    0    1    1    0      1091   11    1 MIX     5    1  251  252
    4   24    1    1    8    5    4    1    1    1       680    4    1 MIX     4    5    1    6  253  254  255  256
    5    1    2    1    8    0    0    2    1    1       812    8    1 MIX     4    1    8    3  257  258  259  260
    5    2    1    1    8    1    8    2    1    0       675    5    1 MIX     4    3    5    8  261  262  263  264
    5    3    2    1    8    0    0    2    1    1       707    2    1 MIX     1    7    8    2  265  266  267  268
    5    4    2    1    8    0    0    2    1    1       626    6    1 MIX     6    8    5    7  269  270  271  272
    5    5    2    1    4    0    0    1    1    0      1081   13    1 MIX     2    7  273  274
    5    6    2    1    8    0    0    2    1    1      1446  279    0 MIX     6    7    1    3  275  276  277  278
    5    7    1    1    4    3    2    2    1    0       574  280    0 MIX     1    8  280  281
    5    8    1    1    2    1    2    2    1    0       659    4    1 MIX     4  282
    5    9    2    1    8    0    0    2    0    0       851    9    1 MIX     6    5    1    7  283  284  285  286
    5   10    2    1    2    0    0    2    1    1       587  288    0 MIX     3  287
    5   11    2    1    8    0    0    2    1    1       749  293    0 MIX     7    1    5    4  289  290  291  292
    5   12    1    1    8    1    8    2    1    0       617  294    0 MIX     6    7    4    3  294  295  296  297
    5   13    1    1    2    2    1    1    1    1       443  298    0 MIX     5  298
    5   14    2    1    4    0    0    1    1    0       769  301    0 MIX     2    5  299  300
    5   15    1    1    4    1    4    1    0    0      1483    7    1 MIX     7    2  302  303
    5   16    2    1    8    0    0    1    1    0       729  308    0 MIX     7    2    1    3  304  305  306  307
    5   17    1    1    8    2    7    2    1    0       678  309    0 MIX     6    1    3    7  309  310  311  312
    5   18    2    1    4    0    0    1    1    0       619   14    1 MIX     4    5  313  314
    5   19    1    1    4    4    1    1    1    1       577    8    1 MIX     8    4  315  316
    5   20    2    1    4    0    0    2    1    1       595  319    0 MIX     2    6  317  318
    5   21    2    1    4    0    0    1    1    0       612  322    0 MIX     6    4  320  321
    5   22    1    1    2    1    2    1    1    1       727    8    1 MIX     8  323
    5   23    1    1    4    4    1    1    1    1       466    2    1 MIX     2    3  324  325
    5   24    2    1    8    0    0    2    1    1       863    3    1 MIX     5    6    1    7  326  327  328  329
    6    1    1    1    4    2    3    2    1    0       657  331    0 MIX     6    7  330  331
    6    2    2    1    4    0    0    1    1    0       566  334    0 MIX     8    6  332  333
    6    3    1    1    4    1    4    1    1    1       687  336    0 MIX     4    8  335  336
    6    4    2    1    8    0    0    1    1    0       749   15    1 MIX     7    5    8    1  337  338  339  340
    6    5    2    1    8    0    0    2    1    1       641  345    0 MIX     7    6    2    1  341  342  343  344
    6    6    2    1    8    0    0    2    1    1       760  350    0 MIX     6    5    1    2  346  347  348  349
    6    7    1    1    8    6    3    2    1    0       586    7    1 MIX     7    3    5    1  351  352  353  354
    6    8    2    1    8    0    0    1    1    0       588  359    0 MIX     8    4    3    1  355  356  357  358
    6    9    2    1    4    0    0    1    1    0       548   15    1 MIX     1    4  360  361
    6   10    1    1    4    4    1    1    1    1       399  362    0 MIX     2    5  362  363
    6   11    2    1    4    0    0    2    1    1       904    4    1 MIX     6    8  364  365
    6   12    1    1    4    1    4    1    1    1      1260    4    1 MIX     1    4  366  367
    6   13    2    1    2    0    0    2    1    1       485  369    0 MIX     5  368
    6   14    2    1    2    0    0    2    1    1       501    8    1 MIX     6  370
    6   15    1    1    4    3    2    2    1    0       666    5    1 MIX     8    5  371  372
    6   16    2    1    4    0    0    2    1    1       583  375    0 MIX     6    8  373  374
    6   17    1    1    2    2    1    1    1    1       531    1    1 MIX     1  376
    6   18    1    1    2    1    2    1    1    1       616    2    1 MIX     2  377
    6   19    2    1    8    0    0    1    1    0       857   10    1 MIX     8    4    2    7  378  379  380  381
    6   20    1    1    2    2    1    1    1    1       490    4    1 MIX     4  382
    6   21    2    1    4    0    0    1    1    0       560   11    1 MIX     5    2  383  384
    6   22    1    1    4    2    3    1    1    1       451  385    0 MIX     4    6  385  386
    6   23    2    1    4    0    0    2    1    1       543  389    0 MIX     6    7  387  388
    6   24    2    1    4    0    0    2    1    1       778    5    1 MIX     5    3  390  391
    7    1    2    1    2    0    0    1    1    0       464    9    1 MIX     4  392
    7    2    2    1    2    0    0    2    1    1       480  394    0 MIX     1  393
    7    3    2    1    8    0    0    1    1    0       797   16    1 MIX     7    3    6    5  395  396  397  398
    7    4    1    1    2    2    1    1    1    1       386  399    0 MIX     1  399
    7    5    1    1    2    2    1    1    1    1       421    1    1 MIX     1  400
    7    6    2    1    2    0    0    1    1    0       519  402    0 MIX     7  401
    7    7    1    1    2    1    2    1    1    1       621    5    1 MIX     5  403
    7    8    1    1    8    3    6    1    1    1       672  407    0 MIX     8    4    2    6  404  405  406  407
    7    9    1    1    2    1    2    2    1    0       471    1    1 MIX     1  408
    7   10    2    1    4    0    0    2    1    1       860    5    1 MIX     4    8  409  410
    7   11    2    1    4    0    0    1    1    0       619   14    1 MIX     6    7  411  412
    7   12    2    1    2    0    0    2    1    1       469    2    1 MIX     5  413
    7   13    1    1    8    7    2    2    1    0       604    8    1 MIX     4    8    3    2  414  415  416  417
    7   14    1    1    4    4    1    1    1    1       404    5    1 MIX     7    5  418  419
    7   15    2    1    8    0    0    1    1    0       478  424    0 MIX     7    1    6    4  420  421  422  423
    7   16    2    1    8    0    0    1    1    0       595  429    0 MIX     2    8    6    7  425  426  427  428
    7   17    2    1    4    0    0    1    1    0       520  432    0 MIX     1    5  430  431
    7   18    1    1    2    1    2    2    1    0       470    6    1 MIX     6  433
    7   19    2    1    2    0    0    2    1    1       548  435    0 MIX     1  434
    7   20    1    1    8    3    6    2    1    0       711  436    0 MIX     5    3    8    1  436  437  438  439
    7   21    2    1    8    0    0    1    1    0       731  444    0 MIX     5    2    4    7  440  441  442  443
    7   22    1    1    4    1    4    1    1    1       550    4    1 MIX     4    8  445  446
    7   23    1    1    4    2    3    2    1    0       639  447    0 MIX     3    2  447  448
    7   24    2    1    8    0    0    2    1    1       672  453    0 MIX     6    7    1    5  449  450  451  452
    8    1    2    1    2    0    0    1    1    0       546   15    1 MIX     8  454
    8    2    1    1    8    6    3    1    1    1       614    2    1 MIX     1    7    2    3  455  456  457  458
    8    3    2    1    2    0    0    2    1    1       497    4    1 MIX     4  459
    8    4    1    1    8    2    7    2    1    0       878    4    1 MIX     8    5    4    7  460  461  462  463
    8    5    1    1    4    3    2    2    1    0       523  464    0 MIX     8    1  464  465
    8    6    1    1    4    3    2    2    1    0      1079  467    0 MIX     6    3  466  467
    8    7    2    1    4    0    0    1    1    0       603   11    1 MIX     1    4  468  469
    8    8    2    1    8    0    0    2    1    1       612  474    0 MIX     2    4    6    8  470  471  472  473
    8    9    1    1    2    2    1    1    1    1       440  475    0 MIX     5  475
    8   10    2    1    2    0    0    1    1    0       472  477    0 MIX     3  476
    8   11    1    1    8    7    2    2    1    0       573    8    1 MIX     5    2    8    1  478  479  480  481
    8   12    1    1    4    3    2    2    1    0       487  483    0 MIX     7    5  482  483
    8   13    2    1    4    0    0    2    1    1       652    2    1 MIX     6    1  484  485
    8   14    1    1    4    2    3    1    1    1       664    7    1 MIX     8    7  486  487
    8   15    2    1    8    0    0    2    1    1      1030  492    0 MIX     1    5    2    4  488  489  490  491
    8   16    2    1    2    0    0    1    1    0       512  494    0 MIX     3  493
    8   17    2    1    8    0    0    1    1    0       831  499    0 MIX     4    8    5    2  495  496  497  498
    8   18    1    1    8    2    7    1    1    1      1031    8    1 MIX     5    6    3    8  500  501  502  503
    8   19    2    1    8    0    0    2    0    0       656   16    1 MIX     8    2    5    4  504  505  506  507
    8   20    2    1    2    0    0    2    1    1       578    5    1 MIX     5  508
    8   21    1    1    8    7    2    1    1    1       886    8    1 MIX     1    6    8    2  509  510  511  512
    8   22    1    1    8    1    8    1    1    1       803    6    1 MIX     2    4    8    6  513  514  515  516
    8   23    2    1    4    0    0    2    1    1       739  519    0 MIX     3    7  517  518
    8   24    1    1    8    2    7    2    1    0       724  522    0 MIX     4    5    2    1  520  521  522  523
    9    1    2    1    2    0    0    2    1    1       478  525    0 MIX     7  524
    9    2    1    1    2    2    1    1    1    1       479  526    0 MIX     4  526
    9    3    1    1    8    6    3    2    1    0       606  529    0 MIX     4    7    8    1  527  528  529  530
    9    4    1    1    8    1    8    1    1    1       608  532    0 MIX     6    5    2    1  531  532  533  534
    9    5    2    1    2    0    0    1    1    0       491  536    0 MIX     3  535
    9    6    2    1    8    0    0    1    1    0       910  541    0 MIX     8    2    1    6  537  538  539  540
    9    7    1    1    4    1    4    2    1    0       772  542    0 MIX     1    5  542  543
    9    8    1    1    4    3    2    1    1    1       428  544    0 MIX     4    5  544  545
    9    9    1    1    8    5    4    1    1    1       819  549    0 MIX     5    7    3    2  546  547  548  549
    9   10    1    1    2    1    2    2    1    0      1374  550    0 MIX     2  550
    9   11    1    1    4    4    1    1    1    1       421  552    0 MIX     1    3  551  552
    9   12    2    1    8    0    0    1    0    1       653  557    0 MIX     8    2    6    3  553  554  555  556
    9   13    1    1    8    8    1    1    1    1       684    7    1 MIX     6    2    1    7  558  559  560  561
    9   14    1    1    8    2    7    2    1    0      1007  565    0 MIX     2    1    7    5  562  563  564  565
    9   15    2    1    8    0    0    2    1    1       704    8    1 MIX     8    7    1    4  566  567  568  569
    9   16    2    1    8    0    0    2    1    1       884    6    1 MIX     5    6    4    3  570  571  572  573
    9   17    2    1    8    0    0    2    1    1      1674    5    1 MIX     7    8    3    4  574  575  576  577
    9   18    1    1    4    4    1    2    1    0       463    2    1 MIX     2    5  578  579
    9   19    2    1    4    0    0    1    1    0       555  582    0 MIX     3    5  580  581
    9   20    1    1    8    1    8    2    1    0       756    4    1 MIX     5    8    1    4  583  584  585  586
    9   21    2    1    8    0    0    1    1    0       475  591    0 MIX     2    7    5    3  587  588  589  590
    9   22    1    1    8    2    7    2    1    0       647  595    0 MIX     6    4    1    5  592  593  594  595
    9   23    1    1    2    2    1    1    1    1       490    4    1 MIX     4  596
    9   24    2    1    4    0    0    2    1    1       522  599    0 MIX     7    4  597  598
