    1    1    2    1    8    0    0    1    1    0      2846   21    0 MIX     1   17    3    2   18   19    5   20
    1    2    2    1    8    0    0    1    1    0       798   26    0 MIX     5    2   23    7    6   22   24   25
    1    3    1    1    4    3    2    1    1    1      1381   15    1 MIX    27   28   15   14
    1    4    1    1    4    2    3    2    1    0       727    2    1 MIX    30    2   29    6
    1    5    1    1    4    2    3    1    1    1       833   31    0 MIX    32   31   16   11
    1    6    2    1    8    0    0    2    1    1      1266    3    1 MIX    10   15   12   34   33   36   35   11
    1    7    1    1    8    7    2    2    1    0       834   37    0 MIX     3    5   39    1   38    2   37   40
    1    8    1    1    8    4    5    1    1    1       753   42    0 MIX    16   13   11   42   43   10   41   44
    1    9    2    1    4    0    0    1    1    0      1002   12    1 MIX     5   45    7   46
    1   10    1    1    4    4    1    1    0    0       635   47    0 MIX    48    3    7   47
    1   11    2    1    4    0    0    1    1    0       682   14    1 MIX    49    5    1   50
    1   12    2    1    4    0    0    2    1    1       917   53    0 MIX    51    9   10   52
    1   13    1    1    2    1    2    2    1    0      1508    1    1 MIX     1   54
    1   14    1    1    4    1    4    2    0    1       849   11    1 MIX    11   13   55   56
    1   15    2    1    2    0    0    2    1    1       963    1    1 MIX    57   13
    1   16    2    1    8    0    0    2    0    0       863   62    0 MIX    59    1   60   58    5    2   61    3
    1   17    2    1    4    0    0    1    1    0       917   15    1 MIX     4   64   63    2
    1   18    1    1    2    2    1    2    1    0       804   65    0 MIX     4   65
    1   19    2    1    4    0    0    1    1    0       813   15    1 MIX     7    5   67   66
    1   20    2    1    2    0    0    2    1    1       672   69    0 MIX    10   68
    1   21    2    1    2    0    0    1    1    0      1527   11    1 MIX     1   70
    1   22    1    1    2    1    2    2    0    1       654   71    0 MIX    71   10
    1   23    1    1    4    3    2    2    1    0       733   72    0 MIX     1    4   72   73
    1   24    1    1    2    2    1    2    1    0       627   74    0 MIX     1   74
    2    1    2    1    8    0    0    2    1    1       901    6    1 MIX     9   76   75   77   10   12   13   78
    2    2    2    1    2    0    0    2    1    1       964    2    1 MIX    13   79
    2    3    2    1    4    0    0    1    1    0       837   12    1 MIX     4   80   81    6
    2    4    2    1    2    0    0    1    1    0       743   83    0 MIX     1   82
    2    5    2    1    2    0    0    1    1    0       669   10    1 MIX     5   84
    2    6    2    1    8    0    0    2    1    1       821   89    0 MIX    14   16   86   87    9   13   85   88
    2    7    1    1    4    3    2    2    1    0      1035    1    1 MIX    91   90    1    6
    2    8    2    1    8    0    0    1    1    0       723   11    1 MIX     5   95   94    8   92    6    1   93
    2    9    2    1    4    0    0    1    1    0       606   98    0 MIX     8   97   96    3
    2   10    2    1    8    0    0    1    1    0       889   14    1 MIX     1    6  100    5   99    7  101  102
    2   11    2    1    4    0    0    2    1    1      1292  105    0 MIX   103  104   14   10
    2   12    2    1    8    0    0    2    1    1      1036    7    1 MIX   106  109   13  107   16   15   14  108
    2   13    1    1    8    2    7    1    1    1       676  111    0 MIX    10  111   15   12   14  112  110  113
    2   14    2    1    2    0    0    1    1    0      1373  115    0 MIX     3  114
    2   15    1    1    4    1    4    2    0    1      1118   13    1 MIX    13  117  116   11
    2   16    2    1    2    0    0    2    1    1       916  119    0 MIX   118    9
    2   17    1    1    8    5    4    2    1    0       752  120    0 MIX     3    8    1  123  120  122    7  121
    2   18    1    1    4    4    1    2    1    0       698    2    1 MIX   125  124    8    2
    2   19    1    1    4    1    4    2    1    0      1526    4    1 MIX     4    7  127  126
    2   20    1    1    8    3    6    1    1    1      1084  130    0 MIX    12  128  130    9  129   13   16  131
    2   21    2    1    8    0    0    1    1    0       882   12    1 MIX     6    3  133  134    5    1  132  135
    2   22    2    1    2    0    0    2    1    1       866    4    1 MIX    16  136
    2   23    2    1    2    0    0    1    1    0       610  138    0 MIX     5  137
    2   24    2    1    4    0    0    1    1    0       546   14    1 MIX     6  140    3  139
    3    1    2    1    2    0    0    2    1    1       661    7    1 MIX    12  141
    3    2    1    1    8    2    7    2    1    0       876  144    0 MIX     8  144    7  142  143    1  145    5
    3    3    2    1    2    0    0    2    1    1       620  147    0 MIX    12  146
    3    4    1    1    4    2    3    2    1    0       749  148    0 MIX   149  148    8    6
    3    5    1    1    2    2    1    2    1    0       563  150    0 MIX     2  150
    3    6    2    1    2    0    0    1    1    0       575    9    1 MIX   151    5
    3    7    1    1    2    1    2    1    1    1       908  152    0 MIX   152    9
    3    8    1    1    2    2    1    1    1    1       491  153    0 MIX    10  153
    3    9    1    1    2    1    2    1    1    1       715  154    0 MIX   154   14
    3   10    2    1    4    0    0    1    1    0       771  157    0 MIX   155    7    5  156
    3   11    1    1    8    6    3    2    0    1       805    9    1 MIX   158  161   15   13   10    9  159  160
    3   12    2    1    2    0    0    1    1    0       552  163    0 MIX     3  162
    3   13    2    1    4    0    0    1    1    0      2298  166    0 MIX   165    6  164    5
    3   14    2    1    4    0    0    1    1    0       597   12    1 MIX   168    1    3  167
    3   15    2    1    4    0    0    1    1    0       598   11    1 MIX   169  170    6    3
    3   16    1    1    4    2    3    2    0    1       662   11    1 MIX    10   11  171  172
    3   17    1    1    2    1    2    2    1    0       880    2    1 MIX     2  173
    3   18    1    1    8    5    4    2    1    0       781    5    1 MIX     4  174    2  176    5  177  175    3
    3   19    1    1    4    3    2    2    1    0       566    2    1 MIX   179  178    2    7
    3   20    1    1    8    5    4    2    0    1       786  183    0 MIX    12  181   16  180  183   15   11  182
    3   21    2    1    4    0    0    1    1    0      1290  186    0 MIX   184  185    1    6
    3   22    2    1    4    0    0    1    1    0       767    9    1 MIX   188    1  187    6
    3   23    1    1    8    8    1    1    1    1      1073  190    0 MIX    10  189   14  192  191   13   16  190
    3   24    1    1    4    4    1    1    1    1       431   10    1 MIX   193  194   14   10
    4    1    2    1    4    0    0    1    1    0       812   14    1 MIX     3  195  196    5
    4    2    1    1    8    5    4    2    0    1       749   12    1 MIX   197   11    9  200   12  198   10  199
    4    3    2    1    2    0    0    2    1    1      1411    6    1 MIX    16  201
    4    4    2    1    8    0    0    2    1    1       700  206    0 MIX     9  205  202   14   16   12  203  204
    4    5    2    1    8    0    0    1    1    0       770  211    0 MIX     2  210  208  209    5    1  207    4
    4    6    1    1    4    2    3    2    1    0       778  212    0 MIX     7  212    6  213
    4    7    2    1    8    0    0    1    1    0       652  218    0 MIX     2  215  217  214    7    5  216    8
    4    8    1    1    8    7    2    1    1    1       724  221    0 MIX   220    9   14   12  219  222  221   10
    4    9    1    1    2    1    2    2    1    0       795  223    0 MIX   223    7
    4   10    2    1    4    0    0    2    1    1       564    5    1 MIX   225   10   13  224
    4   11    1    1    8    6    3    2    1    0       687    1    1 MIX     5  227    4  226  228    1  229    6
    4   12    1    1    8    5    4    2    1    0       502    8    1 MIX   230    1  231  233    8  232    2    7
    4   13    1    1    4    3    2    1    1    1       953   13    1 MIX   235  234   13    9
    4   14    2    1    2    0    0    2    1    1       550  237    0 MIX   236   11
    4   15    1    1    8    8    1    2    1    0       449    6    1 MIX     4  240  239    7  238  241    2    6
    4   16    1    1    2    1    2    2    1    0       562  242    0 MIX   242    7
    4   17    1    1    4    3    2    1    1    1      1077   10    1 MIX    14  244   10  243
    4   18    2    1    4    0    0    1    1    0       723   14    1 MIX   246  245    5    1
    4   19    2    1    4    0    0    1    1    0       718   16    1 MIX     6  247  248    5
    4   20    2    1    8    0    0    2    1    1       741    8    1 MIX   250  249   12   10   14   15  251  252
    4   21    1    1    2    1    2    2    1    0       571    3    1 MIX     3  253
    4   22    2    1    8    0    0    1    1    0       613  258    0 MIX     4  255    2  254  257  256    5    1
    4   23    1    1    8    1    8    1    1    1       941  260    0 MIX   260   13  259   16   10  262   14  261
    4   24    1    1    8    5    4    2    1    0       746    4    1 MIX     2  263  264  265    4  266    8    3
    5    1    1    1    8    1    8    2    0    1       631   10    1 MIX    10  270   13  267  269  268   12   14
    5    2    2    1    8    0    0    2    1    1       621  275    0 MIX   272  273   16   11   15   10  271  274
    5    3    1    1    2    1    2    2    0    1       567  276    0 MIX   276   12
    5    4    2    1    8    0    0    1    1    0       978   12    1 MIX   280  279    8    2    4    7  278  277
    5    5    1    1    8    3    6    1    1    1       653  283    0 MIX    14  284  283    9   13  281   11  282
    5    6    2    1    4    0    0    1    1    0       651  287    0 MIX     8  285  286    6
    5    7    2    1    2    0    0    2    1    1       564  289    0 MIX    12  288
    5    8    2    1    8    0    0    1    1    0       640  294    0 MIX     3  293  291    2    8  290  292    6
    5    9    1    1    2    1    2    2    1    0       491  295    0 MIX   295    7
    5   10    2    1    2    0    0    2    1    1       537  297    0 MIX    12  296
    5   11    2    1    8    0    0    2    0    0       884  302    0 MIX   301    4  299    8  300    1  298    6
    5   12    2    1    4    0    0    2    1    1       585  305    0 MIX    14   13  303  304
    5   13    2    1    8    0    0    1    1    0       707   10    1 MIX   309    3  308    2  306  307    4    1
    5   14    2    1    4    0    0    1    1    0       607   13    1 MIX   311  310    7    4
    5   15    1    1    2    2    1    1    1    1       890  312    0 MIX    11  312
    5   16    1    1    4    1    4    2    1    0       670    7    1 MIX     7    1  314  313
    5   17    2    1    8    0    0    2    1    1       709    7    1 MIX    11   12  316  315   13  317   14  318
    5   18    2    1    4    0    0    2    1    1       576    5    1 MIX     9  319  320   15
    5   19    2    1    2    0    0    1    1    0       574   11    1 MIX     2  321
    5   20    2    1    4    0    0    2    0    0       688  324    0 MIX   322    1  323    4
    5   21    2    1    2    0    0    1    1    0       632    9    1 MIX   325    4
    5   22    2    1    8    0    0    2    1    1       592    5    1 MIX   326   11  328   12   13  327  329   10
    5   23    1    1    2    1    2    2    1    0      1181  330    0 MIX   330    5
    5   24    1    1    2    1    2    2    1    0       512  331    0 MIX   331    2
    6    1    2    1    4    0    0    2    1    1       711  334    0 MIX   332   16  333   11
    6    2    1    1    4    2    3    2    1    0       723  335    0 MIX     4  335    8  336
    6    3    2    1    8    0    0    2    0    0      1017   16    1 MIX     2  338    8  340    1  337  339    3
    6    4    1    1    4    2    3    2    1    0       648  342    0 MIX     4  342    3  341
    6    5    2    1    4    0    0    1    1    0       615  345    0 MIX   343    6  344    4
    6    6    2    1    4    0    0    2    1    1       742    4    1 MIX   346  347   16   15
    6    7    1    1    8    6    3    1    1    1       586   15    1 MIX   351  348   16   14  349   15    9  350
    6    8    1    1    8    1    8    2    1    0       707  354    0 MIX   354    7  353  355    6  352    4    2
    6    9    1    1    2    1    2    1    1    1       538    9    1 MIX     9  356
    6   10    1    1    4    4    1    2    1    0       447  358    0 MIX     6  357    2  358
    6   11    1    1    8    3    6    2    1    0       656  362    0 MIX   361    5  362    6  360    7  359    2
    6   12    1    1    2    1    2    1    1    1       681   14    1 MIX    14  363
    6   13    1    1    8    5    4    1    1    1       576  367    0 MIX    10    9  364  365  367   11  366   14
    6   14    2    1    8    0    0    1    1    0       795   12    1 MIX     1    2  370  368    7  369  371    3
    6   15    2    1    8    0    0    2    1    1       702    3    1 MIX    11   13  373  375   10    9  374  372
    6   16    2    1    2    0    0    1    1    0       965  377    0 MIX     6  376
    6   17    2    1    8    0    0    1    1    0       770   12    1 MIX     8    4  381  378  380  379    1    6
    6   18    1    1    2    1    2    1    1    1       616  382    0 MIX   382   12
    6   19    2    1    4    0    0    1    1    0       663  385    0 MIX   384    5  383    8
    6   20    1    1    4    3    2    2    1    0       692  386    0 MIX     2    1  386  387
    6   21    2    1    4    0    0    1    1    0       705   13    1 MIX   389    8  388    5
    6   22    1    1    2    2    1    2    1    0       486  390    0 MIX     5  390
    6   23    1    1    4    4    1    1    1    1       891  391    0 MIX   392   15   11  391
    6   24    2    1    8    0    0    1    1    0       762   10    1 MIX   395  396    5  393    3    4    8  394
    7    1    1    1    2    1    2    1    1    1       614  397    0 MIX   397   10
    7    2    1    1    8    4    5    1    1    1      1040   16    1 MIX    15   12   10   16  398  400  401  399
    7    3    2    1    4    0    0    2    1    1       639    5    1 MIX   402   10   11  403
    7    4    1    1    2    2    1    1    1    1       522  404    0 MIX    16  404
    7    5    1    1    2    1    2    2    1    0       536  405    0 MIX   405    5
    7    6    2    1    4    0    0    1    1    0       668   13    1 MIX     7    2  406  407
    7    7    1    1    8    1    8    2    1    0      1472    6    1 MIX     6  411  410  408    4    1    8  409
    7    8    2    1    8    0    0    1    1    0       760  416    0 MIX   415  413    6  414    3    2    1  412
    7    9    1    1    2    1    2    2    1    0       655    8    1 MIX     8  417
    7   10    2    1    4    0    0    2    1    1       685    7    1 MIX    14  419  418   13
    7   11    2    1    2    0    0    2    1    1       501    5    1 MIX    10  420
    7   12    1    1    2    1    2    1    1    1       756  421    0 MIX   421   11
    7   13    2    1    2    0    0    2    1    1       551  423    0 MIX   422   15
    7   14    2    1    4    0    0    2    1    1       633    6    1 MIX   424   14  425   15
    7   15    2    1    4    0    0    1    1    0       952   16    1 MIX   427    7  426    2
    7   16    2    1    8    0    0    1    1    0       692   15    1 MIX     1    5  431    8    6  429  430  428
    7   17    1    1    4    1    4    2    1    0       784    8    1 MIX     8    3  432  433
    7   18    2    1    4    0    0    2    1    1       647  436    0 MIX    15  434   10  435
    7   19    1    1    2    1    2    1    0    0       673  437    0 MIX   437    4
    7   20    1    1    4    1    4    2    0    1      2302  439    0 MIX   439    9  438   16
    7   21    2    1    4    0    0    2    1    1       603  442    0 MIX   440   10   14  441
    7   22    1    1    2    1    2    2    0    1      1141  443    0 MIX   443   14
    7   23    1    1    8    8    1    2    1    0       665  445    0 MIX   444  447    4    6    2    5  446  445
    7   24    2    1    4    0    0    2    1    1       710    3    1 MIX   449  448    9   12
    8    1    1    1    4    2    3    2    1    0       653  450    0 MIX     1  450    5  451
    8    2    2    1    8    0    0    1    1    0       836   13    1 MIX   453    7  452    5    3  454  455    6
    8    3    1    1    8    8    1    1    1    1       452  457    0 MIX     9  458  459   10  456   13   12  457
    8    4    1    1    4    3    2    2    0    1       603   16    1 MIX   460   11   16  461
    8    5    1    1    4    3    2    1    1    1       667   12    1 MIX   462   11   12  463
    8    6    1    1    8    7    2    2    1    0       543    2    1 MIX   467  464    4  466  465    6    2    7
    8    7    2    1    4    0    0    2    1    1       609  470    0 MIX   468   12   16  469
    8    8    1    1    8    4    5    2    0    1       874   15    1 MIX    16  474   14   15  473  472  471   13
    8    9    2    1    2    0    0    1    1    0       618  476    0 MIX   475    4
    8   10    2    1    2    0    0    2    1    1      1669    6    1 MIX   477   15
    8   11    2    1    2    0    0    1    1    0       485   16    1 MIX   478    8
    8   12    1    1    4    3    2    2    1    0       794    4    1 MIX     6  479    4  480
    8   13    1    1    4    2    3    1    0    0      2131    4    1 MIX     7    4  481  482
    8   14    1    1    4    3    2    2    1    0       677    1    1 MIX     2  483    1  484
    8   15    2    1    8    0    0    2    1    1       750    2    1 MIX    16    9  486  488   12  485   10  487
    8   16    1    1    4    4    1    1    1    1       649   10    1 MIX    12  489  490   10
    8   17    1    1    4    1    4    2    0    1       759   10    1 MIX    10  491   15  492
    8   18    1    1    8    2    7    2    1    0       989  495    0 MIX     7  495    5  494  496  493    6    3
    8   19    2    1    4    0    0    2    1    1       957  499    0 MIX    12  498   15  497
    8   20    1    1    8    1    8    2    0    1       826   14    1 MIX    14  500   16  502  503  501    9   12
    8   21    2    1    2    0    0    2    1    1       589    2    1 MIX     9  504
    8   22    1    1    8    4    5    1    1    1       757  506    0 MIX    14   11   13  506  507   10  508  505
    8   23    1    1    8    3    6    1    1    1       681  511    0 MIX    13    9  511  509  512  510   16   15
    8   24    1    1    4    3    2    1    1    1       806  513    0 MIX    12   11  513  514
    9    1    2    1    8    0    0    1    1    0      1366  519    0 MIX   515    3    4  518    7  516  517    2
    9    2    1    1    2    2    1    2    1    0       563  520    0 MIX     7  520
    9    3    1    1    8    4    5    1    1    1       671   11    1 MIX    16  524  521   11   10   12  523  522
    9    4    1    1    2    2    1    1    0    0      1112    7    1 MIX   525    7
    9    5    1    1    2    2    1    1    0    0       686    1    1 MIX   526    1
    9    6    1    1    2    2    1    1    1    1       487    9    1 MIX   527    9
    9    7    1    1    2    2    1    1    1    1       519   14    1 MIX   528   14
    9    8    2    1    4    0    0    2    0    0       986   10    1 MIX   529    2    4  530
    9    9    1    1    4    4    1    1    1    1       636   12    1 MIX   532  531   13   12
    9   10    1    1    2    1    2    1    1    1       774  533    0 MIX   533   11
    9   11    2    1    2    0    0    1    1    0       635  535    0 MIX   534    4
    9   12    1    1    8    6    3    1    0    0      1172    7    1 MIX     3  536  539  538    2    7  537    8
    9   13    1    1    4    4    1    2    1    0       590  540    0 MIX     4  541    3  540
    9   14    2    1    2    0    0    2    1    1       631  543    0 MIX   542   14
    9   15    2    1    8    0    0    2    1    1      1089    3    1 MIX    12   11  547  544   14  546  545   10
    9   16    2    1    2    0    0    1    1    0      1178   10    1 MIX     2  548
    9   17    2    1    8    0    0    2    1    1       621    8    1 MIX    14   11   15  549   16  551  550  552
    9   18    2    1    4    0    0    1    1    0      1197   14    1 MIX   553    3    1  554
    9   19    2    1    4    0    0    2    1    1       645  557    0 MIX   556  555   16    9
    9   20    2    1    4    0    0    1    1    0      1076   13    1 MIX     5  559    7  558
    9   21    1    1    2    2    1    1    1    1       669  560    0 MIX    13  560
    9   22    2    1    4    0    0    1    1    0       539  563    0 MIX     1    4  561  562
    9   23    2    1    4    0    0    1    1    0       686   11    1 MIX     6    2  565  564
    9   24    1    1    2    2    1    1    1    1       741  566    0 MIX    13  566
