    1    1    1    1    4    4    1    1    1    1       441   10    0 MIX2     7    9    5   10
    1    2    2    1    2    0    0    1    0    1       346    4    1 MIX2     7   11
    1    3    1    1    4    2    3    1    1    1       651   13    0 MIX2     8   13   12    5
    1    4    2    1    8    0    0    2    0    0       663   18    0 MIX2    15   16    1   14    4   17    3    2
    1    5    1    1    2    2    1    2    1    0      1152    4    1 MIX2    19    4
    1    6    2    1    8    0    0    2    0    0      1492   24    0 MIX2     4   23    3    2   20    1   22   21
    1    7    2    1    2    0    0    2    1    1      1331   26    0 MIX2     7   25
    1    8    2    1    2    0    0    2    1    1      1809   28    0 MIX2     5   27
    1    9    2    1    4    0    0    2    1    1       766   31    0 MIX2    30   29    8    5
    1   10    2    1    8    0    0    1    1    0      1225   36    0 MIX2     3   35    4    1    2   32   34   33
    1   11    1    1    2    2    1    2    1    0       772    4    1 MIX2    37    4
    1   12    2    1    2    0    0    2    1    1       657    3    1 MIX2     5   38
    1   13    2    1    2    0    0    1    1    0       705   40    0 MIX2    39    2
    1   14    1    1    2    2    1    1    1    1       737    8    1 MIX2    41    8
    1   15    2    1    2    0    0    1    1    0       543   43    0 MIX2     1   42
    1   16    1    1    4    4    1    1    1    1       433    6    1 MIX2    45    5   44    6
    1   17    1    1    4    2    3    2    1    0       623    4    1 MIX2    46    4   47    1
    1   18    1    1    8    4    5    2    1    0       735   49    0 MIX2    51   48    2   49    1    3   50    4
    1   19    2    1    4    0    0    1    1    0       752   54    0 MIX2     2   53    3   52
    1   20    1    1    8    7    2    2    1    0       499    3    1 MIX2     2   55   56   58    1   57    3    4
    1   21    1    1    2    2    1    2    1    0       538   59    0 MIX2     2   59
    1   22    1    1    4    2    3    1    1    1       492    7    1 MIX2    60    7   61    8
    1   23    2    1    4    0    0    2    1    1       488   64    0 MIX2    62    6    8   63
    1   24    2    1    2    0    0    2    1    1       567   66    0 MIX2    65    6
    2    1    1    1    2    2    1    1    1    1       518   67    0 MIX2     6   67
    2    2    2    1    2    0    0    2    0    0       461    6    1 MIX2    68    1
    2    3    2    1    2    0    0    1    1    0       694   70    0 MIX2    69    4
    2    4    1    1    4    2    3    2    1    0       579   72    0 MIX2     4   72   71    2
    2    5    1    1    8    2    7    2    1    0       565   75    0 MIX2     4   75   76   73   74    2    1    3
    2    6    1    1    8    3    6    2    1    0       792   79    0 MIX2    78    1   79    3    4   80    2   77
    2    7    1    1    8    1    8    1    0    0       761   83    0 MIX2    83    3   84    1   82    2    4   81
    2    8    2    1    2    0    0    2    1    1       605   86    0 MIX2    85    7
    2    9    2    1    8    0    0    2    1    1       645   91    0 MIX2     8   90    7   89   87    6    5   88
    2   10    1    1    4    2    3    1    1    1       748   93    0 MIX2     5   93    7   92
    2   11    2    1    2    0    0    1    1    0       657    6    1 MIX2     3   94
    2   12    2    1    2    0    0    1    1    0       626    8    1 MIX2     2   95
    2   13    2    1    8    0    0    2    1    1       586  100    0 MIX2    96   99    6    5   98   97    8    7
    2   14    1    1    2    2    1    2    1    0       781    1    1 MIX2   101    1
    2   15    2    1    8    0    0    2    1    1      1055    1    1 MIX2     7    6  104    5  102  105  103    8
    2   16    2    1    2    0    0    2    1    1       520    2    1 MIX2   106    7
    2   17    2    1    4    0    0    1    1    0       619    6    1 MIX2   107  108    3    4
    2   18    2    1    2    0    0    1    1    0       637  110    0 MIX2     2  109
    2   19    2    1    2    0    0    2    1    1       519    2    1 MIX2     5  111
    2   20    1    1    2    1    2    2    1    0       942    4    1 MIX2     4  112
    2   21    2    1    2    0    0    2    1    1       515    1    1 MIX2     8  113
    2   22    1    1    4    3    2    2    1    0       623  115    0 MIX2     1  114  115    2
    2   23    1    1    8    6    3    2    1    0       447  118    0 MIX2   119    2    3    4    1  118  116  117
    2   24    2    1    8    0    0    1    1    0       534  124    0 MIX2     4    1    2    3  122  121  123  120
    3    1    1    1    8    5    4    2    0    1       782  125    0 MIX2   126    8    5  127  125    6    7  128
    3    2    1    1    4    1    4    1    0    0      1302    4    1 MIX2     4  129  130    1
    3    3    1    1    8    3    6    2    1    0      1234    2    1 MIX2   134    3    2    4  131  132    1  133
    3    4    2    1    4    0    0    2    1    1      1241    2    1 MIX2     8    6  135  136
    3    5    2    1    8    0    0    2    1    1       656  141    0 MIX2     7    8  138  137  140    5  139    6
    3    6    2    1    2    0    0    2    1    1       544  143    0 MIX2     7  142
    3    7    2    1    8    0    0    2    1    1       995  148    0 MIX2   145    7    5    6  147    8  146  144
    3    8    2    1    2    0    0    2    1    1       551    2    1 MIX2     8  149
    3    9    2    1    4    0    0    1    1    0       792  152    0 MIX2     3    2  150  151
    3   10    2    1    8    0    0    2    0    0       544    7    1 MIX2   154    2    1    4    3  153  156  155
    3   11    1    1    2    2    1    1    1    1       631  157    0 MIX2     8  157
    3   12    2    1    2    0    0    2    1    1       560  159    0 MIX2     7  158
    3   13    2    1    8    0    0    1    1    0       560  164    0 MIX2   162    3    4  160    2  163    1  161
    3   14    2    1    8    0    0    2    1    1       522  169    0 MIX2     8  168    7  167  165    5  166    6
    3   15    1    1    4    3    2    1    1    1       693  170    0 MIX2   171    6  170    7
    3   16    1    1    2    2    1    2    1    0       414  172    0 MIX2     4  172
    3   17    1    1    8    6    3    1    1    1       822    5    1 MIX2   175    6  176    7    8    5  173  174
    3   18    2    1    4    0    0    2    1    1       846    4    1 MIX2   177  178    8    7
    3   19    2    1    2    0    0    2    1    1       831    3    1 MIX2     6  179
    3   20    1    1    2    1    2    2    1    0       561  180    0 MIX2   180    2
    3   21    2    1    4    0    0    2    1    1       546  183    0 MIX2   182    5  181    8
    3   22    1    1    8    2    7    2    1    0       829    4    1 MIX2   185    4  186  187  184    3    2    1
    3   23    2    1    8    0    0    2    1    1       748    1    1 MIX2     8    6  189  190    5  191  188    7
    3   24    2    1    2    0    0    1    1    0       592  193    0 MIX2     4  192
    4    1    1    1    8    1    8    1    0    0       964    4    1 MIX2     4    1  195  196  197    2  194    3
    4    2    1    1    2    2    1    1    1    1       528  198    0 MIX2     7  198
    4    3    1    1    8    7    2    1    1    1       427    7    1 MIX2     6    5    8  202  201  200    7  199
    4    4    1    1    8    8    1    2    1    0       505    1    1 MIX2     2    3  206  203  204    4  205    1
    4    5    2    1    8    0    0    2    1    1       574  211    0 MIX2   208  210  209    7  207    8    5    6
    4    6    1    1    8    2    7    2    1    0       768  214    0 MIX2     4  214    3  213  212    1  215    2
    4    7    2    1    8    0    0    2    1    1       554    2    1 MIX2     8  218  216  217    5  219    6    7
    4    8    2    1    4    0    0    2    1    1       611    4    1 MIX2     8  221  220    5
    4    9    2    1    8    0    0    2    1    1       533    3    1 MIX2   222  224    5  223    8    7    6  225
    4   10    2    1    4    0    0    2    1    1       608    4    1 MIX2     7  227  226    6
    4   11    2    1    4    0    0    2    1    1       560    1    1 MIX2   228    8  229    6
    4   12    2    1    4    0    0    2    1    1       650  232    0 MIX2     7  230    8  231
    4   13    1    1    4    3    2    1    1    1       968  234    0 MIX2   233    5  234    6
    4   14    2    1    8    0    0    1    1    0       539  239    0 MIX2     1    3  238  236    2  235    4  237
    4   15    2    1    4    0    0    2    1    1       582    4    1 MIX2   241  240    6    8
    4   16    1    1    4    4    1    1    1    1       446    8    1 MIX2   243  242    5    8
    4   17    1    1    2    2    1    2    1    0       496    3    1 MIX2   244    3
    4   18    2    1    4    0    0    1    1    0       678    6    1 MIX2     2  245    4  246
    4   19    1    1    4    4    1    2    1    0       395    3    1 MIX2   248  247    1    3
    4   20    1    1    8    5    4    1    1    1       661    8    1 MIX2     7  252  249    6    8    5  250  251
    4   21    1    1    2    2    1    2    1    0       446  253    0 MIX2     2  253
    4   22    1    1    4    4    1    1    1    1       373    8    1 MIX2     6  254  255    8
    4   23    1    1    8    8    1    2    1    0       352    3    1 MIX2     4    2  259  256    1  257  258    3
    4   24    1    1    4    1    4    2    1    0       467    2    1 MIX2     2    1  260  261
    5    1    1    1    8    3    6    2    1    0       830    4    1 MIX2   262    3    4  265  263    2    1  264
    5    2    1    1    8    2    7    2    1    0       783  269    0 MIX2   267  269  266    3    2    1    4  268
    5    3    2    1    8    0    0    1    1    0       784  274    0 MIX2     2  271    4  272  270    1  273    3
    5    4    2    1    2    0    0    1    1    0       596  276    0 MIX2   275    4
    5    5    2    1    8    0    0    1    1    0       526  281    0 MIX2   277    1  279  278    4  280    3    2
    5    6    2    1    4    0    0    1    1    0       641  284    0 MIX2   282    2  283    1
    5    7    2    1    8    0    0    2    1    1       535  289    0 MIX2     6    5  285  288    7  286    8  287
    5    8    2    1    4    0    0    2    1    1       618    3    1 MIX2     6  290  291    7
    5    9    1    1    4    4    1    1    1    1       554  293    0 MIX2   292    7    5  293
    5   10    2    1    8    0    0    1    1    0       637  298    0 MIX2   296    3    1    4  295  297  294    2
    5   11    1    1    8    1    8    2    0    1       477  300    0 MIX2   300  299    5  302  301    7    8    6
    5   12    1    1    4    4    1    1    1    1       532    7    1 MIX2   303    6  304    7
    5   13    2    1    8    0    0    1    1    0       662  309    0 MIX2     1    3    4  306  305  307    2  308
    5   14    1    1    4    2    3    1    1    1       500    6    1 MIX2   311    6    7  310
    5   15    1    1    4    4    1    2    1    0       415    3    1 MIX2   313    2  312    3
    5   16    2    1    2    0    0    2    1    1       586    2    1 MIX2   314    8
    5   17    2    1    8    0    0    2    1    1       565    1    1 MIX2   318  316    8    5  317    7  315    6
    5   18    1    1    2    1    2    1    1    1       651  319    0 MIX2   319    7
    5   19    2    1    8    0    0    2    1    1       618  324    0 MIX2   322  321    8    7    5  320    6  323
    5   20    2    1    8    0    0    1    1    0       588  329    0 MIX2   327    2    4    1  328    3  325  326
    5   21    1    1    2    1    2    2    1    0       528  330    0 MIX2   330    2
    5   22    1    1    2    2    1    1    1    1       407  331    0 MIX2     8  331
    5   23    1    1    4    1    4    1    1    1       566    8    1 MIX2     8  332    6  333
    5   24    1    1    8    4    5    1    1    1       512    7    1 MIX2     8  336  337    7  335  334    5    6
    6    1    1    1    4    3    2    2    1    0       516    3    1 MIX2   338    4    3  339
    6    2    2    1    4    0    0    2    1    1       600    2    1 MIX2     8  340  341    6
    6    3    1    1    8    6    3    2    1    0       593  344    0 MIX2   343    3  345    1    2  344  342    4
    6    4    1    1    8    5    4    1    1    1       570    6    1 MIX2   347    8    5    7    6  349  348  346
    6    5    1    1    2    1    2    2    1    0       439    4    1 MIX2     4  350
    6    6    1    1    2    1    2    1    1    1       434  351    0 MIX2   351    8
    6    7    1    1    8    8    1    1    1    1       361    7    1 MIX2   354  355    6  352    8  353    5    7
    6    8    1    1    8    3    6    2    1    0       708  359    0 MIX2     1    2  359    4  357    3  356  358
    6    9    2    1    8    0    0    1    1    0       585  364    0 MIX2   363  362    1    2  361  360    4    3
    6   10    2    1    8    0    0    1    1    0       580  369    0 MIX2     4    1  367  368    2    3  365  366
    6   11    1    1    8    7    2    1    1    1       702  370    0 MIX2   373    6    5    8  371  372  370    7
    6   12    2    1    2    0    0    2    1    1       590    4    1 MIX2   374    6
    6   13    2    1    8    0    0    2    1    1       589  379    0 MIX2     8    7  375  377  376    6  378    5
    6   14    2    1    4    0    0    1    1    0       806    7    1 MIX2   381  380    4    1
    6   15    2    1    2    0    0    2    1    1       785    1    1 MIX2   382    7
    6   16    1    1    4    3    2    1    1    1       522    5    1 MIX2     6  383    5  384
    6   17    2    1    8    0    0    2    1    1       631    2    1 MIX2     7  388  386  387    5    8  385    6
    6   18    2    1    2    0    0    2    1    1       546    4    1 MIX2     5  389
    6   19    1    1    4    3    2    1    1    1       525    6    1 MIX2   391    8    6  390
    6   20    2    1    2    0    0    2    1    1       499    4    1 MIX2   392    8
    6   21    2    1    2    0    0    2    1    1       546  394    0 MIX2   393    8
    6   22    1    1    2    1    2    1    1    1       544  395    0 MIX2   395    6
    6   23    2    1    2    0    0    2    1    1       454    3    1 MIX2   396    6
    6   24    2    1    8    0    0    2    1    1       557  401    0 MIX2     7  397    5    8  399    6  398  400
    7    1    2    1    8    0    0    1    1    0       552  406    0 MIX2     4    3  403  402    2  405  404    1
    7    2    1    1    8    2    7    1    1    1       748  410    0 MIX2     5  410  407  408    8    7  409    6
    7    3    1    1    2    2    1    1    1    1       401    5    1 MIX2   411    5
    7    4    2    1    4    0    0    2    1    1       561    3    1 MIX2   412    5    6  413
    7    5    2    1    2    0    0    1    1    0       455  415    0 MIX2     3  414
    7    6    1    1    2    2    1    1    1    1       410    7    1 MIX2   416    7
    7    7    1    1    8    2    7    1    1    1       594    5    1 MIX2   420    5  417    8    7    6  419  418
    7    8    1    1    8    7    2    2    1    0       515    4    1 MIX2     3    2  423    1  421  424    4  422
    7    9    1    1    2    2    1    1    1    1       346  425    0 MIX2     5  425
    7   10    2    1    2    0    0    1    1    0       576  427    0 MIX2   426    3
    7   11    1    1    2    2    1    1    1    1       348    7    1 MIX2   428    7
    7   12    2    1    4    0    0    1    1    0       533  431    0 MIX2   430    4    1  429
    7   13    2    1    2    0    0    1    1    0       507  433    0 MIX2   432    4
    7   14    2    1    2    0    0    1    1    0       474    8    1 MIX2   434    4
    7   15    2    1    8    0    0    1    1    0       722    6    1 MIX2   437    2  436    4  438  435    3    1
    7   16    1    1    8    4    5    2    1    0       703  442    0 MIX2   441    2  440  442  439    1    4    3
    7   17    2    1    4    0    0    1    1    0       547  445    0 MIX2   443    3  444    1
    7   18    2    1    4    0    0    1    1    0       548  448    0 MIX2     4  446  447    1
    7   19    1    1    4    3    2    2    1    0       621  450    0 MIX2     4    1  450  449
    7   20    1    1    4    4    1    1    1    1       388  452    0 MIX2   451    5    7  452
    7   21    1    1    8    5    4    1    1    1       807  453    0 MIX2     5    8  455  456  453    7    6  454
    7   22    1    1    4    2    3    1    1    1       934  458    0 MIX2   457  458    7    5
    7   23    1    1    8    6    3    1    1    1       602    6    1 MIX2     5  462  461    7    8    6  459  460
    7   24    2    1    8    0    0    1    1    0       563  467    0 MIX2   463  466    4    1  464    2  465    3
    8    1    2    1    2    0    0    2    1    1       578  469    0 MIX2     5  468
    8    2    1    1    2    2    1    2    1    0       375    2    1 MIX2   470    2
    8    3    2    1    2    0    0    2    1    1       538  472    0 MIX2   471    8
    8    4    1    1    2    1    2    1    1    1       480    5    1 MIX2     5  473
    8    5    2    1    2    0    0    1    1    0       576  475    0 MIX2   474    3
    8    6    2    1    2    0    0    1    1    0       525  477    0 MIX2     1  476
    8    7    1    1    8    6    3    1    1    1       785  478    0 MIX2   479  481    7  480    6  478    8    5
    8    8    1    1    8    7    2    1    1    1       563  482    0 MIX2     5    8  483    6  485    7  482  484
    8    9    2    1    4    0    0    2    1    1       652  488    0 MIX2   486    5  487    7
    8   10    2    1    2    0    0    2    1    1       693  490    0 MIX2     8  489
    8   11    2    1    8    0    0    1    1    0       914  495    0 MIX2     4  492  491    2    3  493    1  494
    8   12    1    1    4    1    4    2    1    0       614  496    0 MIX2   496  497    2    4
    8   13    1    1    8    5    4    1    1    1       534  500    0 MIX2     6  501    7    5  500  498    8  499
    8   14    2    1    4    0    0    2    1    1       625    4    1 MIX2   503    6    7  502
    8   15    1    1    2    2    1    2    1    0       460  504    0 MIX2     3  504
    8   16    2    1    4    0    0    2    1    1       578  507    0 MIX2     5  505  506    7
    8   17    1    1    2    2    1    2    1    0       375  508    0 MIX2     2  508
    8   18    1    1    8    7    2    2    1    0       497    4    1 MIX2     2    3  510  512  511  509    4    1
    8   19    1    1    8    1    8    2    1    0       639  514    0 MIX2   514  515    1  513    4    3  516    2
    8   20    1    1    8    3    6    2    1    0       616  518    0 MIX2   517    3  518    1  519    4    2  520
    8   21    2    1    8    0    0    1    1    0       848    8    1 MIX2   523    3    4  521  524    2  522    1
    8   22    1    1    4    3    2    2    1    0       575  525    0 MIX2   526    2  525    3
    8   23    2    1    8    0    0    1    1    0       559  531    0 MIX2   529    1    4  530    3  528  527    2
    8   24    1    1    2    1    2    2    1    0       525    2    1 MIX2     2  532
    9    1    2    1    2    0    0    1    1    0       515  534    0 MIX2     3  533
    9    2    1    1    8    3    6    2    1    0       615    1    1 MIX2   536  535    1  537  538    3    2    4
    9    3    2    1    4    0    0    2    1    1       623    2    1 MIX2   540    5    8  539
    9    4    2    1    2    0    0    2    1    1       594    1    1 MIX2     6  541
    9    5    2    1    4    0    0    2    1    1       889    2    1 MIX2     6    8  542  543
    9    6    2    1    8    0    0    1    1    0       736    6    1 MIX2   545  547  544    3    2    4  546    1
    9    7    2    1    2    0    0    1    1    0       541  549    0 MIX2     1  548
    9    8    1    1    8    6    3    2    1    0      1104  552    0 MIX2     4  553    1  551    2  552    3  550
    9    9    1    1    8    5    4    2    1    0       711  557    0 MIX2   555    3    4    1  557  554  556    2
    9   10    1    1    8    6    3    2    1    0       588  558    0 MIX2   560    3    1  561    4  558    2  559
    9   11    1    1    8    6    3    2    1    0       777    2    1 MIX2   563  565  564    4    3    2  562    1
    9   12    1    1    4    3    2    2    1    0       563  566    0 MIX2     1  567  566    3
    9   13    2    1    8    0    0    2    1    1       902    2    1 MIX2   571  570    5    6    7    8  569  568
    9   14    1    1    4    3    2    2    1    0       914    4    1 MIX2     3  572    4  573
    9   15    2    1    8    0    0    1    1    0      1637  578    0 MIX2   576    2    3    1  575  577  574    4
    9   16    2    1    8    0    0    2    1    1       902    4    1 MIX2     6  582    7  579  581  580    8    5
    9   17    1    1    2    2    1    1    1    1       517  583    0 MIX2     6  583
    9   18    1    1    8    2    7    2    1    0       738  585    0 MIX2   586  585    4    1  584    3  587    2
    9   19    1    1    4    2    3    1    1    1       844    6    1 MIX2     7    6  589  588
    9   20    1    1    4    3    2    2    1    0       676    4    1 MIX2     2  591    4  590
    9   21    1    1    8    7    2    2    1    0       490    3    1 MIX2     1    4    2  592  594  595    3  593
    9   22    1    1    4    3    2    2    1    0       543    2    1 MIX2     3  597    2  596
    9   23    1    1    8    7    2    2    1    0       420  601    0 MIX2   599  600    4    1    3    2  601  598
    9   24    2    1    4    0    0    1    1    0       676    6    1 MIX2     4  602    3  603
