    1    1    1    1    8    2    7    1    1    1       984   12    0 MIX2     3    2    1    4    9   10   11   12
    1    2    2    1    4    0    0    2    1    1      1375   15    0 MIX2     4    3   13   14
    1    3    1    1    2    1    2    2    1    0       897    1    1 MIX2     1   16
    1    4    1    1    4    1    4    2    1    0       731    2    1 MIX2     2    3   17   18
    1    5    1    1    4    4    1    2    1    0       772   20    0 MIX2     1    2   19   20
    1    6    1    1    2    1    2    1    1    1       473   21    0 MIX2     2   21
    1    7    2    1    4    0    0    1    1    0       981   24    0 MIX2     1    2   22   23
    1    8    1    1    2    2    1    1    1    1       513   25    0 MIX2     1   25
    1    9    2    1    8    0    0    1    1    0       764    7    1 MIX2     3    4    2    1   26   27   28   29
    1   10    1    1    4    1    4    1    1    1       621    1    1 MIX2     1    4   30   31
    1   11    1    1    8    2    7    1    1    1       654    2    1 MIX2     4    3    1    2   32   33   34   35
    1   12    2    1    4    0    0    2    1    1       722   38    0 MIX2     2    3   36   37
    1   13    2    1    8    0    0    1    1    0       686    8    1 MIX2     3    4    2    1   39   40   41   42
    1   14    1    1    2    1    2    2    1    0       757    2    1 MIX2     2   43
    1   15    1    1    8    5    4    1    1    1       582   46    0 MIX2     3    2    4    1   44   45   46   47
    1   16    2    1    8    0    0    1    1    0       672   52    0 MIX2     3    2    1    4   48   49   50   51
    1   17    2    1    4    0    0    1    1    0       716    5    1 MIX2     4    1   53   54
    1   18    1    1    4    4    1    1    1    1       623    4    1 MIX2     2    4   55   56
    1   19    2    1    4    0    0    2    1    1       966    2    1 MIX2     3    1   57   58
    1   20    1    1    4    3    2    2    1    0       423   60    0 MIX2     2    3   59   60
    1   21    2    1    2    0    0    1    1    0       713   62    0 MIX2     4   61
    1   22    1    1    4    3    2    2    1    0       701    3    1 MIX2     4    3   63   64
    1   23    1    1    2    2    1    2    1    0       404   65    0 MIX2     2   65
    1   24    2    1    8    0    0    1    1    0       707    7    1 MIX2     3    4    1    2   66   67   68   69
    2    1    2    1    8    0    0    2    1    1       669   74    0 MIX2     1    2    4    3   70   71   72   73
    2    2    1    1    8    6    3    1    1    1       636    1    1 MIX2     4    1    2    3   75   76   77   78
    2    3    1    1    8    1    8    1    1    1       564    4    1 MIX2     2    3    4    1   79   80   81   82
    2    4    2    1    4    0    0    1    1    0       637    5    1 MIX2     4    2   83   84
    2    5    2    1    2    0    0    2    1    1       502    3    1 MIX2     4   85
    2    6    1    1    4    4    1    2    1    0       403    3    1 MIX2     3    2   86   87
    2    7    1    1    8    5    4    1    1    1       380    4    1 MIX2     3    1    4    2   88   89   90   91
    2    8    2    1    8    0    0    1    1    0       534   96    0 MIX2     1    3    2    4   92   93   94   95
    2    9    1    1    8    1    8    2    1    0       633    3    1 MIX2     3    4    1    2   97   98   99  100
    2   10    2    1    2    0    0    1    1    0       475    8    1 MIX2     1  101
    2   11    1    1    4    3    2    2    1    0       625  102    0 MIX2     3    2  102  103
    2   12    1    1    8    6    3    1    1    1       923    1    1 MIX2     1    4    2    3  104  105  106  107
    2   13    2    1    8    0    0    1    1    0       631  112    0 MIX2     3    4    1    2  108  109  110  111
    2   14    1    1    4    4    1    2    1    0       414  114    0 MIX2     1    4  113  114
    2   15    2    1    8    0    0    1    0    1       590    4    1 MIX2     2    3    1    4  115  116  117  118
    2   16    2    1    8    0    0    1    1    0       737  123    0 MIX2     3    1    4    2  119  120  121  122
    2   17    1    1    4    1    4    1    1    1       667  124    0 MIX2     2    1  124  125
    2   18    1    1    8    1    8    2    1    0       930  127    0 MIX2     4    3    1    2  126  127  128  129
    2   19    1    1    8    7    2    2    1    0       600  133    0 MIX2     4    1    2    3  130  131  132  133
    2   20    1    1    2    1    2    1    1    1       490  134    0 MIX2     3  134
    2   21    1    1    2    1    2    2    1    0       354  135    0 MIX2     1  135
    2   22    2    1    2    0    0    2    1    1       679    3    1 MIX2     4  136
    2   23    2    1    4    0    0    2    1    1       589  139    0 MIX2     2    1  137  138
    2   24    1    1    4    1    4    1    1    1       486    2    1 MIX2     2    4  140  141
    3    1    2    1    4    0    0    2    1    1       402  144    0 MIX2     3    1  142  143
    3    2    1    1    2    1    2    2    1    0       470    1    1 MIX2     1  145
    3    3    1    1    8    3    6    1    1    1       485  147    0 MIX2     3    4    2    1  146  147  148  149
    3    4    2    1    4    0    0    1    1    0       945    5    1 MIX2     3    4  150  151
    3    5    2    1    2    0    0    2    1    1       423    3    1 MIX2     4  152
    3    6    2    1    4    0    0    2    1    1       596  155    0 MIX2     3    1  153  154
    3    7    1    1    4    2    3    2    1    0       573    3    1 MIX2     4    3  156  157
    3    8    1    1    2    1    2    1    1    1       369  158    0 MIX2     1  158
    3    9    1    1    8    6    3    2    1    0       677    3    1 MIX2     4    2    1    3  159  160  161  162
    3   10    1    1    8    4    5    2    1    0       491    1    1 MIX2     1    3    4    2  163  164  165  166
    3   11    1    1    4    1    4    2    1    0       537    2    1 MIX2     2    1  167  168
    3   12    1    1    8    5    4    1    1    1       551  172    0 MIX2     2    1    4    3  169  170  171  172
    3   13    1    1    8    1    8    1    1    1       522  175    0 MIX2     3    2    1    4  173  174  175  176
    3   14    1    1    8    4    5    1    1    1       479    4    1 MIX2     3    1    2    4  177  178  179  180
    3   15    2    1    8    0    0    1    1    0       582  185    0 MIX2     2    3    1    4  181  182  183  184
    3   16    1    1    4    3    2    2    1    0       615  186    0 MIX2     3    1  186  187
    3   17    2    1    2    0    0    2    1    1      1826  189    0 MIX2     4  188
    3   18    1    1    4    1    4    1    1    1       537    2    1 MIX2     4    2  190  191
    3   19    2    1    4    0    0    1    1    0       428  194    0 MIX2     1    3  192  193
    3   20    1    1    8    4    5    1    1    1       462  197    0 MIX2     1    4    3    2  195  196  197  198
    3   21    1    1    4    1    4    2    1    0       691    1    1 MIX2     1    2  199  200
    3   22    1    1    8    2    7    2    1    0       673  204    0 MIX2     4    2    3    1  201  202  203  204
    3   23    2    1    4    0    0    1    0    1       437    1    1 MIX2     4    2  205  206
    3   24    1    1    8    1    8    2    1    0       733    3    1 MIX2     4    1    2    3  207  208  209  210
    4    1    2    1    8    0    0    2    1    1       485  215    0 MIX2     1    4    3    2  211  212  213  214
    4    2    2    1    4    0    0    2    1    1       666    3    1 MIX2     3    4  216  217
    4    3    1    1    4    2    3    2    0    1       472  218    0 MIX2     2    3  218  219
    4    4    2    1    2    0    0    2    1    1       497    4    1 MIX2     3  220
    4    5    2    1    8    0    0    1    0    1       608    3    1 MIX2     3    2    4    1  221  222  223  224
    4    6    1    1    8    1    8    1    1    1       618  227    0 MIX2     3    2    4    1  225  226  227  228
    4    7    1    1    8    8    1    1    1    1       659  231    0 MIX2     1    4    2    3  229  230  231  232
    4    8    2    1    4    0    0    2    1    1       642    3    1 MIX2     1    4  233  234
    4    9    1    1    4    2    3    2    1    0       594  235    0 MIX2     3    2  235  236
    4   10    1    1    8    5    4    2    1    0       595    3    1 MIX2     1    4    3    2  237  238  239  240
    4   11    2    1    4    0    0    1    1    0       524    7    1 MIX2     2    1  241  242
    4   12    1    1    4    2    3    2    1    0       551  244    0 MIX2     3    4  243  244
    4   13    2    1    8    0    0    2    0    0       530    7    1 MIX2     3    1    4    2  245  246  247  248
    4   14    1    1    4    4    1    1    1    1       365    3    1 MIX2     3    4  249  250
    4   15    2    1    2    0    0    2    1    1       490    1    1 MIX2     2  251
    4   16    1    1    8    1    8    1    1    1       433  255    0 MIX2     3    4    2    1  252  253  254  255
    4   17    1    1    8    3    6    1    1    1       570  258    0 MIX2     4    1    2    3  256  257  258  259
    4   18    1    1    2    1    2    2    1    0       383  260    0 MIX2     1  260
    4   19    1    1    8    6    3    2    1    0       682  262    0 MIX2     1    2    4    3  261  262  263  264
    4   20    2    1    4    0    0    1    1    0       606  267    0 MIX2     4    3  265  266
    4   21    1    1    4    4    1    2    1    0       886  269    0 MIX2     4    2  268  269
    4   22    2    1    2    0    0    1    1    0       581  271    0 MIX2     4  270
    4   23    2    1    4    0    0    1    0    1       757  274    0 MIX2     2    3  272  273
    4   24    1    1    2    2    1    2    1    0       474    1    1 MIX2     1  275
    5    1    2    1    8    0    0    1    0    1       562    1    1 MIX2     4    1    2    3  276  277  278  279
    5    2    1    1    8    8    1    2    1    0       349  281    0 MIX2     3    4    2    1  280  281  282  283
    5    3    1    1    2    2    1    2    1    0       922    1    1 MIX2     1  284
    5    4    2    1    8    0    0    1    1    0       630  289    0 MIX2     4    1    2    3  285  286  287  288
    5    5    1    1    2    2    1    2    1    0       424    2    1 MIX2     2  290
    5    6    1    1    2    2    1    1    1    1       379  291    0 MIX2     4  291
    5    7    1    1    8    2    7    2    1    0       551    3    1 MIX2     1    4    3    2  292  293  294  295
    5    8    2    1    8    0    0    1    0    1       722    3    1 MIX2     1    3    4    2  296  297  298  299
    5    9    1    1    8    1    8    2    1    0       752  300    0 MIX2     2    1    4    3  300  301  302  303
    5   10    2    1    4    0    0    1    1    0       570    8    1 MIX2     1    2  304  305
    5   11    1    1    8    6    3    1    1    1       550  309    0 MIX2     1    4    2    3  306  307  308  309
    5   12    2    1    8    0    0    1    1    0       690  314    0 MIX2     1    3    4    2  310  311  312  313
    5   13    1    1    4    2    3    1    1    1       663    3    1 MIX2     1    3  315  316
    5   14    1    1    4    1    4    1    1    1       670  318    0 MIX2     3    2  317  318
    5   15    1    1    4    2    3    1    1    1       483    4    1 MIX2     1    4  319  320
    5   16    2    1    2    0    0    1    1    0       875    7    1 MIX2     4  321
    5   17    2    1    2    0    0    2    1    1       436    2    1 MIX2     4  322
    5   18    2    1    8    0    0    2    1    1       749    1    1 MIX2     1    2    3    4  323  324  325  326
    5   19    1    1    4    2    3    2    1    0       513  327    0 MIX2     2    4  327  328
    5   20    1    1    8    3    6    2    0    1       831    3    1 MIX2     3    1    2    4  329  330  331  332
    5   21    1    1    2    1    2    1    1    1       426  333    0 MIX2     4  333
    5   22    2    1    4    0    0    1    1    0       697    5    1 MIX2     1    3  334  335
    5   23    2    1    4    0    0    1    1    0       549    6    1 MIX2     2    4  336  337
    5   24    1    1    8    3    6    2    1    0       674  338    0 MIX2     4    3    2    1  338  339  340  341
    6    1    2    1    8    0    0    1    1    0       588  346    0 MIX2     1    4    2    3  342  343  344  345
    6    2    2    1    2    0    0    1    1    0      3848  348    0 MIX2     4  347
    6    3    2    1    4    0    0    2    1    1       734    2    1 MIX2     2    3  349  350
    6    4    1    1    2    2    1    2    1    0       556    4    1 MIX2     4  351
    6    5    2    1    8    0    0    1    1    0      1112    6    1 MIX2     1    2    3    4  352  353  354  355
    6    6    2    1    2    0    0    1    1    0       392    6    1 MIX2     4  356
    6    7    2    1    8    0    0    2    1    1       514  361    0 MIX2     1    2    4    3  357  358  359  360
    6    8    2    1    8    0    0    2    1    1       576  366    0 MIX2     1    3    4    2  362  363  364  365
    6    9    2    1    8    0    0    1    1    0      1228    8    1 MIX2     2    1    3    4  367  368  369  370
    6   10    2    1    4    0    0    1    1    0       482  373    0 MIX2     4    3  371  372
    6   11    1    1    8    7    2    2    1    0       553    2    1 MIX2     4    2    3    1  374  375  376  377
    6   12    2    1    4    0    0    2    1    1      1051  380    0 MIX2     4    2  378  379
    6   13    1    1    8    7    2    1    1    1       531    1    1 MIX2     1    4    2    3  381  382  383  384
    6   14    1    1    8    8    1    2    1    0       368  386    0 MIX2     2    3    4    1  385  386  387  388
    6   15    2    1    8    0    0    1    1    0       562  393    0 MIX2     1    3    2    4  389  390  391  392
    6   16    1    1    2    1    2    1    1    1       416  394    0 MIX2     2  394
    6   17    2    1    2    0    0    2    1    1       418  396    0 MIX2     1  395
    6   18    1    1    4    1    4    2    1    0       858    4    1 MIX2     4    1  397  398
    6   19    2    1    8    0    0    2    1    1       668    3    1 MIX2     3    2    1    4  399  400  401  402
    6   20    2    1    4    0    0    2    1    1       577  405    0 MIX2     4    1  403  404
    6   21    1    1    8    5    4    1    1    1       652  406    0 MIX2     4    2    1    3  406  407  408  409
    6   22    2    1    8    0    0    2    1    1       550  414    0 MIX2     1    2    4    3  410  411  412  413
    6   23    1    1    8    8    1    2    1    0       523    4    1 MIX2     4    2    3    1  415  416  417  418
    6   24    2    1    8    0    0    2    1    1       559  423    0 MIX2     3    4    2    1  419  420  421  422
    7    1    1    1    8    7    2    1    1    1       441    2    1 MIX2     4    3    2    1  424  425  426  427
    7    2    2    1    2    0    0    1    1    0       396    5    1 MIX2     1  428
    7    3    2    1    2    0    0    2    1    1       352    4    1 MIX2     2  429
    7    4    2    1    8    0    0    1    1    0      1267    5    1 MIX2     1    4    3    2  430  431  432  433
    7    5    2    1    4    0    0    2    1    1       527  436    0 MIX2     2    4  434  435
    7    6    2    1    8    0    0    2    1    1       788  441    0 MIX2     4    3    2    1  437  438  439  440
    7    7    1    1    8    5    4    1    1    1      1862    1    1 MIX2     4    1    3    2  442  443  444  445
    7    8    1    1    4    1    4    1    1    1      1108    2    1 MIX2     1    2  446  447
    7    9    2    1    4    0    0    2    1    1       592    2    1 MIX2     4    1  448  449
    7   10    2    1    2    0    0    1    1    0      5636  451    0 MIX2     3  450
    7   11    2    1    8    0    0    2    0    0       788    5    1 MIX2     4    1    2    3  452  453  454  455
    7   12    1    1    2    2    1    1    1    1       632    2    1 MIX2     2  456
    7   13    1    1    2    1    2    1    1    1       402    4    1 MIX2     4  457
    7   14    2    1    8    0    0    2    0    0       708    8    1 MIX2     1    3    4    2  458  459  460  461
    7   15    1    1    4    3    2    2    1    0       577  463    0 MIX2     1    4  462  463
    7   16    1    1    4    3    2    2    1    0       434  464    0 MIX2     4    1  464  465
    7   17    2    1    8    0    0    1    1    0       923    6    1 MIX2     1    2    4    3  466  467  468  469
    7   18    2    1    4    0    0    1    1    0       638    7    1 MIX2     4    2  470  471
    7   19    1    1    2    2    1    1    1    1       417    4    1 MIX2     4  472
    7   20    2    1    8    0    0    1    1    0       554    6    1 MIX2     2    3    4    1  473  474  475  476
    7   21    2    1    8    0    0    2    1    1      1495    3    1 MIX2     3    2    4    1  477  478  479  480
    7   22    1    1    4    4    1    2    1    0       586    4    1 MIX2     4    1  481  482
    7   23    2    1    8    0    0    2    1    1       549  487    0 MIX2     3    4    2    1  483  484  485  486
    7   24    1    1    4    1    4    1    1    1      1023    4    1 MIX2     2    4  488  489
    8    1    2    1    8    0    0    1    1    0       803    8    1 MIX2     2    1    4    3  490  491  492  493
    8    2    1    1    4    4    1    2    1    0       995  494    0 MIX2     3    4  494  495
    8    3    2    1    2    0    0    2    1    1       399  497    0 MIX2     2  496
    8    4    2    1    2    0    0    2    1    1       330  499    0 MIX2     3  498
    8    5    1    1    8    7    2    1    1    1       599    3    1 MIX2     2    4    1    3  500  501  502  503
    8    6    1    1    8    5    4    1    1    1       698    1    1 MIX2     4    3    2    1  504  505  506  507
    8    7    1    1    4    1    4    1    1    1       718  508    0 MIX2     3    1  508  509
    8    8    2    1    2    0    0    2    1    1       781  511    0 MIX2     3  510
    8    9    2    1    4    0    0    2    1    1       404  514    0 MIX2     1    3  512  513
    8   10    1    1    4    2    3    2    0    1      1029  515    0 MIX2     3    4  515  516
    8   11    1    1    2    1    2    2    1    0       448  517    0 MIX2     1  517
    8   12    2    1    8    0    0    1    1    0       655  522    0 MIX2     2    1    3    4  518  519  520  521
    8   13    1    1    4    3    2    1    1    1       798  524    0 MIX2     2    1  523  524
    8   14    2    1    2    0    0    2    1    1       513  526    0 MIX2     3  525
    8   15    2    1    4    0    0    1    1    0      5078  529    0 MIX2     2    4  527  528
    8   16    2    1    4    0    0    1    1    0       491  532    0 MIX2     1    4  530  531
    8   17    1    1    4    3    2    1    1    1       567  534    0 MIX2     4    3  533  534
    8   18    2    1    2    0    0    1    1    0       420  536    0 MIX2     1  535
    8   19    1    1    8    2    7    1    1    1       798    3    1 MIX2     3    1    4    2  537  538  539  540
    8   20    2    1    4    0    0    1    1    0       623    5    1 MIX2     2    4  541  542
    8   21    1    1    2    1    2    2    1    0       578  543    0 MIX2     2  543
    8   22    2    1    2    0    0    2    1    1       710    1    1 MIX2     4  544
    8   23    1    1    4    2    3    2    1    0       578    2    1 MIX2     2    3  545  546
    8   24    2    1    8    0    0    2    1    1       590  551    0 MIX2     2    1    4    3  547  548  549  550
    9    1    1    1    8    1    8    2    1    0       693  554    0 MIX2     3    1    2    4  552  553  554  555
    9    2    1    1    4    4    1    2    1    0       425  557    0 MIX2     3    2  556  557
    9    3    2    1    4    0    0    2    1    1       656  560    0 MIX2     4    2  558  559
    9    4    2    1    4    0    0    1    1    0       564  563    0 MIX2     2    4  561  562
    9    5    2    1    2    0    0    1    1    0      2873    8    1 MIX2     1  564
    9    6    1    1    4    3    2    2    1    0       582    4    1 MIX2     3    4  565  566
    9    7    1    1    2    1    2    1    1    1       402    3    1 MIX2     3  567
    9    8    2    1    8    0    0    1    1    0       819  572    0 MIX2     3    4    1    2  568  569  570  571
    9    9    2    1    2    0    0    2    1    1       358    1    1 MIX2     1  573
    9   10    1    1    2    2    1    2    1    0       483  574    0 MIX2     2  574
    9   11    2    1    4    0    0    2    0    0      1520    5    1 MIX2     3    2  575  576
    9   12    2    1    4    0    0    2    0    0       498    5    1 MIX2     2    1  577  578
    9   13    2    1    8    0    0    1    1    0       455  583    0 MIX2     1    2    3    4  579  580  581  582
    9   14    1    1    8    1    8    2    1    0       702  584    0 MIX2     2    1    4    3  584  585  586  587
    9   15    1    1    2    1    2    2    1    0       477  588    0 MIX2     3  588
    9   16    1    1    8    7    2    1    1    1       660    4    1 MIX2     4    1    2    3  589  590  591  592
    9   17    2    1    4    0    0    2    1    1      1994    4    1 MIX2     4    1  593  594
    9   18    2    1    8    0    0    2    1    1      1204    4    1 MIX2     4    3    1    2  595  596  597  598
    9   19    2    1    8    0    0    1    0    1       574  603    0 MIX2     4    2    1    3  599  600  601  602
    9   20    1    1    4    3    2    1    1    1       520  605    0 MIX2     3    4  604  605
    9   21    1    1    4    1    4    1    0    0      1484    3    1 MIX2     1    3  606  607
    9   22    2    1    4    0    0    2    1    1       496  610    0 MIX2     3    2  608  609
    9   23    1    1    8    1    8    2    1    0       966  612    0 MIX2     3    1    2    4  611  612  613  614
    9   24    2    1    2    0    0    2    1    1       531    2    1 MIX2     4  615
