    1    1    1    1    2    1    2    2    1    0      3808    9    0 MIX2     4    9
    1    2    2    1    2    0    0    2    1    1      4313    4    1 MIX2     4   10
    1    3    1    1    2    2    1    2    1    0      1327   11    0 MIX2     2   11
    1    4    1    1    4    4    1    1    1    1      1058   13    0 MIX2     4    1   12   13
    1    5    2    1    4    0    0    1    1    0      1199    8    1 MIX2     4    1   14   15
    1    6    2    1    8    0    0    1    1    0      1151   20    0 MIX2     1    4    2    3   16   17   18   19
    1    7    2    1    8    0    0    1    1    0       769    6    1 MIX2     3    4    1    2   21   22   23   24
    1    8    1    1    2    2    1    1    1    1      1174    2    1 MIX2     2   25
    1    9    2    1    2    0    0    1    1    0      1162    6    1 MIX2     2   26
    1   10    1    1    2    1    2    2    1    0      1232    2    1 MIX2     2   27
    1   11    2    1    4    0    0    2    1    1      1268    3    1 MIX2     1    3   28   29
    1   12    2    1    4    0    0    2    1    1      1080   32    0 MIX2     3    1   30   31
    1   13    1    1    8    5    4    1    0    0      2157    4    1 MIX2     3    1    2    4   33   34   35   36
    1   14    1    1    4    2    3    1    1    1      1519    2    1 MIX2     3    2   37   38
    1   15    2    1    4    0    0    1    1    0      1738    7    1 MIX2     3    2   39   40
    1   16    1    1    8    7    2    1    1    1       950   41    0 MIX2     4    2    3    1   41   42   43   44
    1   17    2    1    2    0    0    1    1    0       963   46    0 MIX2     1   45
    1   18    1    1    4    4    1    1    1    1       917   47    0 MIX2     4    3   47   48
    1   19    2    1    2    0    0    1    1    0      1779    8    1 MIX2     4   49
    1   20    1    1    2    1    2    1    1    1      1167    4    1 MIX2     4   50
    1   21    2    1    2    0    0    1    1    0      1075   52    0 MIX2     4   51
    1   22    2    1    4    0    0    1    1    0      3168    8    1 MIX2     2    1   53   54
    1   23    1    1    4    2    3    1    1    1      1338   56    0 MIX2     3    1   55   56
    1   24    1    1    4    2    3    2    1    0      2973    2    1 MIX2     2    4   57   58
    2    1    2    1    4    0    0    2    1    1      1405   61    0 MIX2     2    3   59   60
    2    2    1    1    8    1    8    1    1    1      1447   64    0 MIX2     2    3    4    1   62   63   64   65
    2    3    1    1    8    6    3    2    1    0      1246    1    1 MIX2     4    1    3    2   66   67   68   69
    2    4    1    1    2    1    2    2    1    0      1264   70    0 MIX2     2   70
    2    5    2    1    4    0    0    1    1    0       997    7    1 MIX2     2    1   71   72
    2    6    1    1    2    2    1    2    1    0       896   73    0 MIX2     2   73
    2    7    1    1    8    6    3    1    0    0      3790    4    1 MIX2     4    1    3    2   74   75   76   77
    2    8    2    1    8    0    0    2    1    1      1703   82    0 MIX2     2    3    4    1   78   79   80   81
    2    9    1    1    2    1    2    1    0    0      1414    1    1 MIX2     1   83
    2   10    2    1    8    0    0    1    0    1      2094    3    1 MIX2     1    4    2    3   84   85   86   87
    2   11    2    1    2    0    0    2    1    1      1293   89    0 MIX2     2   88
    2   12    2    1    2    0    0    2    1    1      1564   91    0 MIX2     4   90
    2   13    1    1    2    2    1    1    1    1      1153   92    0 MIX2     4   92
    2   14    2    1    8    0    0    1    1    0      1173   97    0 MIX2     4    2    1    3   93   94   95   96
    2   15    1    1    2    2    1    2    1    0      1241   98    0 MIX2     3   98
    2   16    2    1    2    0    0    1    0    1      1066  100    0 MIX2     2   99
    2   17    2    1    4    0    0    1    1    0      1352    8    1 MIX2     1    3  101  102
    2   18    2    1    4    0    0    1    1    0      1063  105    0 MIX2     4    1  103  104
    2   19    1    1    4    2    3    2    1    0      1461  107    0 MIX2     4    1  106  107
    2   20    2    1    8    0    0    2    1    1      3820    3    1 MIX2     3    4    1    2  108  109  110  111
    2   21    1    1    2    2    1    1    1    1      1190  112    0 MIX2     2  112
    2   22    1    1    8    8    1    2    1    0       999    2    1 MIX2     4    1    2    3  113  114  115  116
    2   23    1    1    2    2    1    1    1    1      1074    2    1 MIX2     2  117
    2   24    1    1    2    1    2    2    1    0      1387  118    0 MIX2     2  118
    3    1    2    1    8    0    0    1    1    0      1631  123    0 MIX2     2    3    1    4  119  120  121  122
    3    2    1    1    8    3    6    1    1    1      1360  125    0 MIX2     2    3    4    1  124  125  126  127
    3    3    1    1    2    1    2    2    1    0      1293  128    0 MIX2     2  128
    3    4    2    1    4    0    0    2    1    1      1217  131    0 MIX2     3    2  129  130
    3    5    1    1    4    4    1    2    1    0      1032    1    1 MIX2     2    1  132  133
    3    6    1    1    2    1    2    1    1    1      1186  134    0 MIX2     3  134
    3    7    1    1    8    5    4    2    1    0      1252  138    0 MIX2     3    2    1    4  135  136  137  138
    3    8    1    1    8    3    6    2    1    0      1266  139    0 MIX2     3    2    4    1  139  140  141  142
    3    9    1    1    4    3    2    2    1    0      1047  143    0 MIX2     2    1  143  144
    3   10    2    1    4    0    0    2    1    1      1972  147    0 MIX2     2    4  145  146
    3   11    2    1    4    0    0    2    1    1      2061    4    1 MIX2     1    2  148  149
    3   12    1    1    2    1    2    1    1    1      1085  150    0 MIX2     1  150
    3   13    2    1    8    0    0    1    1    0      1267  155    0 MIX2     4    1    2    3  151  152  153  154
    3   14    2    1    8    0    0    2    1    1      1024  160    0 MIX2     4    3    1    2  156  157  158  159
    3   15    1    1    8    3    6    2    1    0      1302  161    0 MIX2     4    2    1    3  161  162  163  164
    3   16    1    1    4    3    2    2    1    0      1114    3    1 MIX2     3    4  165  166
    3   17    2    1    4    0    0    1    0    1      2165    3    1 MIX2     4    1  167  168
    3   18    2    1    4    0    0    1    1    0      1606    7    1 MIX2     4    1  169  170
    3   19    1    1    2    1    2    2    1    0      2665    3    1 MIX2     3  171
    3   20    2    1    4    0    0    1    1    0       935  174    0 MIX2     3    2  172  173
    3   21    1    1    4    3    2    2    1    0      1833  175    0 MIX2     4    3  175  176
    3   22    1    1    8    8    1    1    1    1      1073  180    0 MIX2     3    1    4    2  177  178  179  180
    3   23    1    1    4    2    3    1    1    1      1326  181    0 MIX2     3    1  181  182
    3   24    2    1    8    0    0    2    1    1      1146  187    0 MIX2     1    3    2    4  183  184  185  186
    4    1    1    1    2    1    2    2    1    0      1609  188    0 MIX2     1  188
    4    2    2    1    8    0    0    2    1    1      1547    2    1 MIX2     2    1    4    3  189  190  191  192
    4    3    2    1    2    0    0    2    1    1      2511  194    0 MIX2     2  193
    4    4    2    1    4    0    0    2    1    1       994  197    0 MIX2     4    3  195  196
    4    5    2    1    8    0    0    2    1    1       844    2    1 MIX2     3    1    2    4  198  199  200  201
    4    6    2    1    2    0    0    2    1    1      1406    3    1 MIX2     3  202
    4    7    1    1    4    1    4    1    0    0      1054    4    1 MIX2     3    4  203  204
    4    8    2    1    8    0    0    1    0    1      1286    3    1 MIX2     2    3    1    4  205  206  207  208
    4    9    2    1    4    0    0    2    1    1      1066    1    1 MIX2     4    3  209  210
    4   10    2    1    8    0    0    1    1    0      1360  215    0 MIX2     3    4    2    1  211  212  213  214
    4   11    1    1    2    2    1    2    1    0       925  216    0 MIX2     1  216
    4   12    1    1    8    7    2    1    1    1      1001  218    0 MIX2     2    3    4    1  217  218  219  220
    4   13    1    1    4    2    3    2    1    0      2185  222    0 MIX2     4    3  221  222
    4   14    1    1    2    1    2    1    1    1      1253    1    1 MIX2     1  223
    4   15    2    1    2    0    0    2    1    1      2837  225    0 MIX2     2  224
    4   16    2    1    8    0    0    2    1    1      1286    3    1 MIX2     3    2    4    1  226  227  228  229
    4   17    2    1    4    0    0    2    0    0      1209    8    1 MIX2     1    2  230  231
    4   18    1    1    8    5    4    1    1    1      1882    4    1 MIX2     3    2    1    4  232  233  234  235
    4   19    1    1    8    6    3    2    1    0      1150    3    1 MIX2     3    1    4    2  236  237  238  239
    4   20    2    1    8    0    0    1    1    0      1441  244    0 MIX2     3    4    1    2  240  241  242  243
    4   21    2    1    2    0    0    1    1    0      3291    5    1 MIX2     1  245
    4   22    1    1    2    2    1    2    1    0       938  246    0 MIX2     2  246
    4   23    2    1    2    0    0    1    1    0      1576  248    0 MIX2     4  247
    4   24    1    1    8    2    7    1    1    1      1226  249    0 MIX2     4    1    2    3  249  250  251  252
    5    1    1    1    2    2    1    1    1    1      1536  253    0 MIX2     3  253
    5    2    1    1    4    4    1    1    1    1       650    2    1 MIX2     2    4  254  255
    5    3    2    1    8    0    0    1    1    0      1250    7    1 MIX2     2    4    1    3  256  257  258  259
    5    4    2    1    4    0    0    1    1    0       920    7    1 MIX2     4    3  260  261
    5    5    2    1    2    0    0    1    1    0       917    5    1 MIX2     2  262
    5    6    2    1    2    0    0    2    1    1      1188    4    1 MIX2     1  263
    5    7    1    1    8    5    4    2    0    1      2166    1    1 MIX2     1    4    3    2  264  265  266  267
    5    8    1    1    2    1    2    2    1    0      1251    2    1 MIX2     2  268
    5    9    2    1    8    0    0    1    1    0      1041  273    0 MIX2     1    2    3    4  269  270  271  272
    5   10    2    1    2    0    0    2    1    1      1546  275    0 MIX2     1  274
    5   11    1    1    2    2    1    2    1    0       800    4    1 MIX2     4  276
    5   12    2    1    2    0    0    1    1    0       673  278    0 MIX2     4  277
    5   13    2    1    2    0    0    1    1    0      1177  280    0 MIX2     1  279
    5   14    1    1    2    2    1    1    1    1      1070  281    0 MIX2     4  281
    5   15    2    1    2    0    0    1    1    0       662  283    0 MIX2     3  282
    5   16    2    1    2    0    0    1    1    0      1167  285    0 MIX2     1  284
    5   17    1    1    8    7    2    1    1    1       945  286    0 MIX2     1    3    2    4  286  287  288  289
    5   18    1    1    8    8    1    2    1    0      1165    3    1 MIX2     3    1    4    2  290  291  292  293
    5   19    2    1    2    0    0    1    0    1      2449  295    0 MIX2     4  294
    5   20    1    1    2    2    1    1    1    1      1746    3    1 MIX2     3  296
    5   21    1    1    8    4    5    1    0    0      1261  299    0 MIX2     3    1    4    2  297  298  299  300
    5   22    1    1    8    4    5    1    1    1      1165    4    1 MIX2     4    3    1    2  301  302  303  304
    5   23    2    1    4    0    0    2    1    1      1142    4    1 MIX2     3    1  305  306
    5   24    2    1    2    0    0    1    1    0       988    7    1 MIX2     2  307
    6    1    1    1    8    7    2    1    1    1      1321    1    1 MIX2     4    3    1    2  308  309  310  311
    6    2    2    1    8    0    0    1    1    0       982  316    0 MIX2     1    3    4    2  312  313  314  315
    6    3    1    1    2    2    1    1    1    1      2099  317    0 MIX2     4  317
    6    4    1    1    2    1    2    2    0    1      1138    4    1 MIX2     4  318
    6    5    2    1    4    0    0    1    1    0       780  321    0 MIX2     2    4  319  320
    6    6    2    1    2    0    0    2    0    0      1279  323    0 MIX2     2  322
    6    7    2    1    2    0    0    2    1    1       943  325    0 MIX2     3  324
    6    8    2    1    2    0    0    2    1    1      1724  327    0 MIX2     1  326
    6    9    2    1    8    0    0    2    1    1      1688    2    1 MIX2     1    2    4    3  328  329  330  331
    6   10    2    1    4    0    0    2    1    1      1756  334    0 MIX2     2    3  332  333
    6   11    2    1    2    0    0    2    1    1      1303    4    1 MIX2     3  335
    6   12    2    1    4    0    0    1    1    0      1354  338    0 MIX2     1    2  336  337
    6   13    2    1    4    0    0    2    1    1       987  341    0 MIX2     4    2  339  340
    6   14    2    1    4    0    0    1    1    0      1292  344    0 MIX2     2    1  342  343
    6   15    2    1    2    0    0    1    1    0      1083  346    0 MIX2     4  345
    6   16    2    1    2    0    0    2    1    1       674  348    0 MIX2     3  347
    6   17    1    1    2    1    2    1    1    1       666    3    1 MIX2     3  349
    6   18    1    1    4    4    1    2    1    0      1528    2    1 MIX2     2    1  350  351
    6   19    2    1    4    0    0    2    1    1       994  354    0 MIX2     3    2  352  353
    6   20    2    1    8    0    0    1    1    0      1932  359    0 MIX2     4    2    3    1  355  356  357  358
    6   21    1    1    8    2    7    2    1    0      2224  362    0 MIX2     1    4    2    3  360  361  362  363
    6   22    2    1    2    0    0    2    1    1      1274  365    0 MIX2     3  364
    6   23    1    1    8    3    6    2    1    0      1271  366    0 MIX2     3    1    4    2  366  367  368  369
    6   24    1    1    8    2    7    2    1    0      1014    4    1 MIX2     2    3    4    1  370  371  372  373
    7    1    2    1    8    0    0    2    1    1      1122  378    0 MIX2     3    2    1    4  374  375  376  377
    7    2    1    1    8    1    8    1    1    1      1624    1    1 MIX2     4    1    2    3  379  380  381  382
    7    3    2    1    4    0    0    2    0    0      1439    5    1 MIX2     2    4  383  384
    7    4    2    1    8    0    0    1    0    1      1495    3    1 MIX2     1    2    4    3  385  386  387  388
    7    5    2    1    2    0    0    1    1    0      1247    5    1 MIX2     3  389
    7    6    2    1    4    0    0    2    1    1      2245    4    1 MIX2     2    3  390  391
    7    7    2    1    4    0    0    1    0    1      3491    2    1 MIX2     3    4  392  393
    7    8    2    1    4    0    0    2    1    1      1874  396    0 MIX2     4    2  394  395
    7    9    2    1    2    0    0    1    1    0      3163    6    1 MIX2     1  397
    7   10    2    1    8    0    0    1    1    0       909  402    0 MIX2     4    2    3    1  398  399  400  401
    7   11    2    1    2    0    0    2    1    1      1115  404    0 MIX2     3  403
    7   12    2    1    8    0    0    2    1    1       927  409    0 MIX2     3    1    4    2  405  406  407  408
    7   13    2    1    4    0    0    2    1    1       786  412    0 MIX2     2    1  410  411
    7   14    2    1    8    0    0    1    1    0       977  417    0 MIX2     3    4    1    2  413  414  415  416
    7   15    2    1    4    0    0    1    1    0       658  420    0 MIX2     4    3  418  419
    7   16    2    1    2    0    0    1    1    0      1275  422    0 MIX2     3  421
    7   17    1    1    4    3    2    2    1    0       928    4    1 MIX2     4    2  423  424
    7   18    2    1    8    0    0    2    1    1      1181    4    1 MIX2     1    4    2    3  425  426  427  428
    7   19    1    1    4    2    3    1    1    1      1349    1    1 MIX2     2    1  429  430
    7   20    1    1    8    6    3    2    1    0      1073    3    1 MIX2     2    4    3    1  431  432  433  434
    7   21    2    1    4    0    0    2    1    1      2990    3    1 MIX2     3    2  435  436
    7   22    1    1    2    1    2    1    1    1       970    2    1 MIX2     2  437
    7   23    2    1    8    0    0    2    1    1      1219  442    0 MIX2     4    1    2    3  438  439  440  441
    7   24    1    1    8    6    3    1    1    1      2148    3    1 MIX2     4    3    1    2  443  444  445  446
    8    1    1    1    8    2    7    2    1    0      2607    3    1 MIX2     2    3    4    1  447  448  449  450
    8    2    1    1    4    3    2    1    1    1      1535  451    0 MIX2     3    1  451  452
    8    3    1    1    4    4    1    2    1    0      2074    2    1 MIX2     1    2  453  454
    8    4    1    1    8    2    7    1    1    1      1082    4    1 MIX2     2    4    3    1  455  456  457  458
    8    5    1    1    4    2    3    2    1    0      1077  459    0 MIX2     3    2  459  460
    8    6    2    1    2    0    0    1    1    0      1038    5    1 MIX2     4  461
    8    7    1    1    2    2    1    2    1    0      1256  462    0 MIX2     3  462
    8    8    1    1    8    2    7    1    0    0      1847  464    0 MIX2     2    3    1    4  463  464  465  466
    8    9    1    1    2    1    2    1    1    1      1121  467    0 MIX2     4  467
    8   10    1    1    4    2    3    1    1    1      2796    2    1 MIX2     1    2  468  469
    8   11    2    1    8    0    0    2    1    1      1022  474    0 MIX2     2    1    4    3  470  471  472  473
    8   12    2    1    2    0    0    1    1    0      1383  476    0 MIX2     4  475
    8   13    2    1    2    0    0    1    1    0      1314  478    0 MIX2     3  477
    8   14    2    1    4    0    0    2    0    0      1125    8    1 MIX2     4    3  479  480
    8   15    1    1    2    2    1    2    1    0       876  481    0 MIX2     4  481
    8   16    2    1    2    0    0    2    1    1      1164  483    0 MIX2     1  482
    8   17    2    1    4    0    0    2    1    1       981  486    0 MIX2     1    3  484  485
    8   18    2    1    4    0    0    1    1    0       965    6    1 MIX2     3    1  487  488
    8   19    1    1    8    4    5    2    1    0       960  489    0 MIX2     1    2    4    3  489  490  491  492
    8   20    2    1    2    0    0    1    1    0       765  494    0 MIX2     4  493
    8   21    2    1    8    0    0    2    1    1      1294    4    1 MIX2     4    2    3    1  495  496  497  498
    8   22    1    1    8    8    1    1    1    1      1213  502    0 MIX2     2    1    3    4  499  500  501  502
    8   23    2    1    4    0    0    1    1    0      1764    8    1 MIX2     2    3  503  504
    8   24    2    1    2    0    0    2    1    1      1249    4    1 MIX2     2  505
    9    1    1    1    4    4    1    1    1    1      1101    1    1 MIX2     1    2  506  507
    9    2    1    1    8    5    4    1    1    1      1090  511    0 MIX2     4    2    1    3  508  509  510  511
    9    3    1    1    8    7    2    1    1    1       872  513    0 MIX2     1    4    3    2  512  513  514  515
    9    4    1    1    2    2    1    2    1    0       665  516    0 MIX2     2  516
    9    5    2    1    2    0    0    2    1    1       960  518    0 MIX2     2  517
    9    6    1    1    2    1    2    2    1    0       716  519    0 MIX2     2  519
    9    7    1    1    8    6    3    1    0    0      1280    4    1 MIX2     3    2    4    1  520  521  522  523
    9    8    1    1    2    2    1    1    1    1      1455    1    1 MIX2     1  524
    9    9    2    1    8    0    0    2    0    0      5300  529    0 MIX2     4    2    3    1  525  526  527  528
    9   10    1    1    8    5    4    1    1    1      1409    3    1 MIX2     1    2    3    4  530  531  532  533
    9   11    1    1    8    7    2    2    1    0      1210  534    0 MIX2     4    2    1    3  534  535  536  537
    9   12    1    1    8    8    1    2    1    0      1178  541    0 MIX2     3    2    4    1  538  539  540  541
    9   13    1    1    2    2    1    1    1    1       862  542    0 MIX2     3  542
    9   14    2    1    2    0    0    2    1    1       816  544    0 MIX2     4  543
    9   15    1    1    4    1    4    2    1    0      1112    1    1 MIX2     2    1  545  546
    9   16    1    1    4    4    1    2    1    0       883    2    1 MIX2     4    2  547  548
    9   17    1    1    8    7    2    2    1    0       881    4    1 MIX2     1    3    4    2  549  550  551  552
    9   18    2    1    2    0    0    2    1    1       865    2    1 MIX2     1  553
    9   19    2    1    8    0    0    2    1    1      1648    3    1 MIX2     2    4    1    3  554  555  556  557
    9   20    1    1    4    2    3    2    1    0      1222    1    1 MIX2     2    1  558  559
    9   21    2    1    2    0    0    2    1    1       905    3    1 MIX2     3  560
    9   22    2    1    2    0    0    2    0    0      1096    5    1 MIX2     2  561
    9   23    2    1    8    0    0    1    1    0      1485  566    0 MIX2     4    2    1    3  562  563  564  565
    9   24    1    1    4    3    2    2    1    0       969  567    0 MIX2     3    1  567  568
