    1    1    1    1    4    2    3    2    1    0      3867    4    1 MIX    17    4   18    8
    1    2    2    1    8    0    0    1    1    0       928   23    0 MIX     5   22   19   20    3    7    1   21
    1    3    1    1    4    1    4    2    1    0       722   24    0 MIX    24   25    6    2
    1    4    2    1    2    0    0    2    1    1      2985   27    0 MIX     9   26
    1    5    2    1    8    0    0    1    1    0       834   32    0 MIX     4   30   31   28    8    1   29    5
    1    6    1    1    2    2    1    2    0    1       691   33    0 MIX    11   33
    1    7    2    1    4    0    0    2    1    1      1921    1    1 MIX    34   35   11   10
    1    8    1    1    8    6    3    1    1    1       997   39    0 MIX    12   37   15   36   10   39   11   38
    1    9    2    1    8    0    0    1    1    0       703   15    1 MIX    41    3    4   43    6   42    2   40
    1   10    2    1    8    0    0    2    1    1       980   48    0 MIX    44   13   46   47   10   45   15    9
    1   11    2    1    4    0    0    1    1    0       851   51    0 MIX    50    5   49    8
    1   12    2    1    4    0    0    1    0    1       937   54    0 MIX    15   13   53   52
    1   13    2    1    2    0    0    2    1    1      1479   56    0 MIX    13   55
    1   14    2    1    4    0    0    1    1    0       740   16    1 MIX    58    7    4   57
    1   15    1    1    2    1    2    1    1    1       810   59    0 MIX    59   15
    1   16    2    1    2    0    0    1    1    0      1022   13    1 MIX     7   60
    1   17    1    1    8    2    7    1    1    1      1016   63    0 MIX    64   63   62   12   15   61   16    9
    1   18    2    1    8    0    0    1    1    0       639   69    0 MIX     4   68    1   65   66   67    2    5
    1   19    2    1    2    0    0    1    1    0       473   12    1 MIX    70    6
    1   20    1    1    4    1    4    2    1    0       495    8    1 MIX     8    6   71   72
    1   21    1    1    2    2    1    1    1    1       351   73    0 MIX    12   73
    1   22    2    1    4    0    0    1    1    0       538   76    0 MIX    74    4   75    5
    1   23    1    1    2    2    1    2    1    0       359    1    1 MIX    77    1
    1   24    2    1    4    0    0    2    1    1       545   80    0 MIX    79   78   15   14
    2    1    1    1    2    1    2    1    1    1       335   14    1 MIX    14   81
    2    2    1    1    8    8    1    1    1    1       340   11    1 MIX    15   14   13   82   85   84   83   11
    2    3    2    1    2    0    0    1    1    0       585   87    0 MIX    86    4
    2    4    1    1    8    5    4    1    1    1       803    9    1 MIX    91   15   88   12    9   89   90   14
    2    5    2    1    8    0    0    2    1    1       661    3    1 MIX    94   11   12    9   92   15   95   93
    2    6    1    1    8    6    3    2    1    0       990   98    0 MIX    97    1   99   96    7   98    8    2
    2    7    1    1    2    2    1    2    1    0       361    1    1 MIX   100    1
    2    8    1    1    4    1    4    1    1    1       516   14    1 MIX    14   12  101  102
    2    9    2    1    2    0    0    1    1    0       546  104    0 MIX   103    2
    2   10    1    1    2    2    1    2    1    0       368    3    1 MIX   105    3
    2   11    2    1    8    0    0    2    1    1       835    6    1 MIX    16  108  109  107    9   12   15  106
    2   12    1    1    4    3    2    1    1    1       634  110    0 MIX   111    9  110   14
    2   13    1    1    8    3    6    1    1    1       659  112    0 MIX    16  113  112   11  114  115   13   12
    2   14    1    1    4    2    3    1    1    1       561  117    0 MIX   116  117   12   16
    2   15    1    1    2    1    2    1    1    1       638   10    1 MIX    10  118
    2   16    1    1    8    4    5    2    1    0       629    5    1 MIX   120    1  122    5    6  121    8  119
    2   17    2    1    2    0    0    2    1    1       689    3    1 MIX    12  123
    2   18    2    1    4    0    0    2    1    1       654  126    0 MIX   125   14    9  124
    2   19    1    1    2    1    2    2    1    0      1191  127    0 MIX   127    8
    2   20    2    1    8    0    0    2    1    1       649  132    0 MIX   130   14  131   11   12  128  129    9
    2   21    2    1    2    0    0    1    0    1       689  134    0 MIX   133   12
    2   22    1    1    4    1    4    2    1    0       669    5    1 MIX     5  135    6  136
    2   23    1    1    8    5    4    1    1    1       726  138    0 MIX   140    9   10  139  138   16   13  137
    2   24    1    1    4    4    1    1    1    1       401  142    0 MIX    14  141   10  142
    3    1    2    1    8    0    0    2    1    1       735    2    1 MIX    14  143   13  144  145  146   10    9
    3    2    1    1    8    6    3    2    1    0       531    7    1 MIX   148    5  149    3  150    7    4  147
    3    3    1    1    2    2    1    2    1    0       434  151    0 MIX     3  151
    3    4    2    1    2    0    0    1    1    0       355  153    0 MIX   152    1
    3    5    1    1    8    6    3    1    1    1       503  157    0 MIX   154  156   13  155   10  157   16   15
    3    6    2    1    8    0    0    2    1    1       581    2    1 MIX   160   11  158   14   16  161   12  159
    3    7    2    1    8    0    0    2    0    0       560  166    0 MIX   162  163    3    7  164  165    4    5
    3    8    1    1    4    3    2    1    1    1       483   12    1 MIX   168  167   12   10
    3    9    1    1    2    1    2    1    1    1       579   11    1 MIX    11  169
    3   10    1    1    4    4    1    2    1    0       324    8    1 MIX   171  170    1    8
    3   11    2    1    2    0    0    1    1    0       443  173    0 MIX     8  172
    3   12    1    1    2    1    2    1    0    0      4573  174    0 MIX   174    3
    3   13    1    1    8    1    8    2    0    1      1641  177    0 MIX   177   11   10  178  175  176   16   13
    3   14    2    1    8    0    0    1    0    1       922    5    1 MIX   179    9   13   15  181   12  180  182
    3   15    1    1    8    3    6    1    1    1       569  183    0 MIX    14   15  183   13   10  184  185  186
    3   16    1    1    8    2    7    2    1    0       516  188    0 MIX     2  188  190    5  187  189    7    1
    3   17    2    1    4    0    0    1    1    0       871  193    0 MIX     8  192  191    1
    3   18    1    1    2    2    1    2    1    0       679  194    0 MIX     2  194
    3   19    1    1    8    6    3    1    1    1      1007  195    0 MIX    15    9  197  198   11  195   12  196
    3   20    2    1    2    0    0    2    1    1       923  200    0 MIX    16  199
    3   21    2    1    2    0    0    2    1    1       713    4    1 MIX    11  201
    3   22    2    1    8    0    0    1    0    1       655    6    1 MIX     9  204  205   15   13  203  202   10
    3   23    2    1    2    0    0    2    0    0       585   13    1 MIX     1  206
    3   24    1    1    8    3    6    1    1    1       740    9    1 MIX    13   14    9   15  209  208  207  210
    4    1    2    1    4    0    0    1    1    0      1095  213    0 MIX   212  211    7    1
    4    2    2    1    2    0    0    1    1    0       575  215    0 MIX   214    4
    4    3    1    1    8    1    8    2    1    0       698  217    0 MIX   217  219    3    4  216    6    1  218
    4    4    2    1    2    0    0    2    1    1       658    7    1 MIX   220    9
    4    5    2    1    8    0    0    1    1    0       665  225    0 MIX     4    3  223  221    1  222    6  224
    4    6    1    1    2    1    2    1    1    1       833   12    1 MIX    12  226
    4    7    1    1    8    6    3    2    1    0       610    7    1 MIX     8    3  228  230    5    7  227  229
    4    8    2    1    8    0    0    2    1    1      1579    6    1 MIX    15   10  234  232  231  233    9   12
    4    9    2    1    4    0    0    1    1    0       596   10    1 MIX   236  235    5    7
    4   10    2    1    2    0    0    1    1    0       351  238    0 MIX     5  237
    4   11    2    1    4    0    0    2    1    1       569  241    0 MIX   240   15   13  239
    4   12    2    1    2    0    0    1    1    0       534  243    0 MIX   242    8
    4   13    1    1    8    1    8    1    1    1       513   14    1 MIX    14  246   11  244  245    9  247   13
    4   14    2    1    8    0    0    1    1    0       910   15    1 MIX     4    2  248  251  250    3    1  249
    4   15    2    1    8    0    0    2    1    1       604  256    0 MIX   254   10  252  253   13   15    9  255
    4   16    2    1    2    0    0    2    1    1       455  258    0 MIX    15  257
    4   17    1    1    4    1    4    1    1    1       606   13    1 MIX    13  260  259   11
    4   18    2    1    8    0    0    2    0    0       488   13    1 MIX   262  263    7    8  264    1  261    6
    4   19    1    1    8    5    4    1    1    1       743  265    0 MIX   266   10    9  267  265   12  268   15
    4   20    1    1    8    8    1    2    1    0       427    3    1 MIX     2  269    5  271  272  270    8    3
    4   21    1    1    2    1    2    2    1    0       927    4    1 MIX     4  273
    4   22    2    1    8    0    0    1    1    0       700  278    0 MIX   276    5  274    1    6  277  275    3
    4   23    2    1    8    0    0    1    1    0       641  283    0 MIX   279    8    2  280    1  281    4  282
    4   24    2    1    2    0    0    2    1    1       474  285    0 MIX    16  284
    5    1    1    1    8    4    5    2    0    1       662  286    0 MIX   289  287   13  286   10   15  288   16
    5    2    1    1    2    1    2    2    1    0       591  290    0 MIX   290    7
    5    3    1    1    8    4    5    1    1    1       714  293    0 MIX   294   10   11  293    9  291   12  292
    5    4    1    1    4    1    4    2    1    0       518    5    1 MIX     5  296  295    3
    5    5    1    1    2    2    1    2    1    0       341    3    1 MIX   297    3
    5    6    1    1    4    3    2    1    1    1       511  298    0 MIX     9  299  298   10
    5    7    2    1    2    0    0    1    1    0       447  301    0 MIX   300    3
    5    8    2    1    4    0    0    2    0    0       629   10    1 MIX   303    6    4  302
    5    9    2    1    2    0    0    1    1    0       545   16    1 MIX     2  304
    5   10    1    1    8    4    5    1    1    1       445  306    0 MIX   305   11  308  306   14   13   12  307
    5   11    1    1    2    1    2    2    1    0       320  309    0 MIX   309    4
    5   12    2    1    4    0    0    1    1    0       507  312    0 MIX   311  310    1    8
    5   13    2    1    4    0    0    2    0    0      1248   10    1 MIX     4  314    7  313
    5   14    1    1    2    2    1    1    1    1       417  315    0 MIX    15  315
    5   15    1    1    8    1    8    2    1    0       594  317    0 MIX   317    3    5  319    2  318    7  316
    5   16    1    1    4    2    3    1    1    1       435  320    0 MIX    16  320   15  321
    5   17    1    1    4    3    2    1    1    1       474   11    1 MIX    15  323   11  322
    5   18    1    1    2    2    1    2    1    0       363  324    0 MIX     1  324
    5   19    1    1    4    1    4    1    1    1       549   15    1 MIX    15  326  325   10
    5   20    2    1    8    0    0    2    1    1       689    6    1 MIX    11    9  329  328   16  327  330   10
    5   21    1    1    4    3    2    1    1    1       478  331    0 MIX   332    9  331   15
    5   22    2    1    8    0    0    2    0    0       764   16    1 MIX     7    8  335  336  333    6    5  334
    5   23    1    1    2    1    2    2    1    0       562    4    1 MIX     4  337
    5   24    2    1    4    0    0    2    1    1       629  340    0 MIX   339   16  338   15
    6    1    1    1    8    6    3    1    1    1       691   11    1 MIX    12    9  341  344  343   11  342   13
    6    2    2    1    4    0    0    2    1    1       529    3    1 MIX    13  345  346   11
    6    3    2    1    4    0    0    1    0    1       757    1    1 MIX   347    9  348   13
    6    4    1    1    4    3    2    2    1    0       527  350    0 MIX   349    4  350    7
    6    5    1    1    4    3    2    1    1    1       531  351    0 MIX   352   12  351   11
    6    6    2    1    4    0    0    1    1    0       485  355    0 MIX   353  354    6    7
    6    7    1    1    8    4    5    1    1    1       499   14    1 MIX    16  358  359   14  356    9  357   11
    6    8    2    1    8    0    0    2    1    1       529  364    0 MIX    13  363  362   10   16   11  361  360
    6    9    2    1    4    0    0    1    1    0       756   14    1 MIX     4  365  366    2
    6   10    2    1    2    0    0    1    1    0       553   15    1 MIX     4  367
    6   11    2    1    4    0    0    2    1    1       476  370    0 MIX    13  368  369   14
    6   12    2    1    2    0    0    2    1    1       540  372    0 MIX    12  371
    6   13    2    1    8    0    0    2    1    1       664    8    1 MIX    10  375    9   12  374  373  376   13
    6   14    2    1    2    0    0    1    1    0       418    9    1 MIX   377    1
    6   15    2    1    4    0    0    2    1    1       584  380    0 MIX    10  378  379   14
    6   16    2    1    4    0    0    2    1    1       521  383    0 MIX    15   13  382  381
    6   17    2    1    8    0    0    1    1    0       534  388    0 MIX   385    6  384    8  386    4    3  387
    6   18    2    1    8    0    0    2    1    1       867    7    1 MIX    16   13   11  389  392  390   10  391
    6   19    2    1    2    0    0    1    1    0       515  394    0 MIX   393    6
    6   20    1    1    4    4    1    1    1    1       535   11    1 MIX   395  396    9   11
    6   21    2    1    8    0    0    1    1    0       594  401    0 MIX   398    8    7    3  400    1  399  397
    6   22    2    1    8    0    0    1    0    1       525    2    1 MIX   405  404  403   12   14   11  402   13
    6   23    2    1    2    0    0    1    1    0       459   15    1 MIX     7  406
    6   24    2    1    8    0    0    1    1    0       651  411    0 MIX   407    2  409  410  408    7    8    3
    7    1    2    1    4    0    0    1    1    0       920    9    1 MIX     2  413    5  412
    7    2    1    1    4    4    1    2    1    0       347  414    0 MIX     7  415    3  414
    7    3    1    1    8    4    5    1    1    1       672   13    1 MIX   416   12  417   13   10  419  418   11
    7    4    1    1    8    4    5    2    0    1       695  420    0 MIX    14  422  421  420  423   12   16   10
    7    5    1    1    4    2    3    2    0    1       436   15    1 MIX   424   15  425   12
    7    6    2    1    2    0    0    1    1    0       629   11    1 MIX   426    4
    7    7    2    1    4    0    0    2    1    1       549  429    0 MIX    12    9  428  427
    7    8    1    1    2    1    2    1    1    1       463   12    1 MIX    12  430
    7    9    2    1    4    0    0    2    1    1       533  433    0 MIX     9   11  431  432
    7   10    2    1    4    0    0    1    1    0       647   15    1 MIX     8  434    7  435
    7   11    2    1    4    0    0    1    0    1       454  438    0 MIX    15   14  436  437
    7   12    2    1    8    0    0    2    1    1       484  443    0 MIX   442   10   16   12  440  439  441    9
    7   13    1    1    2    2    1    1    1    1       389  444    0 MIX    10  444
    7   14    2    1    2    0    0    1    1    0       985   11    1 MIX   445    4
    7   15    1    1    4    2    3    1    1    1       553  446    0 MIX    15  446  447    9
    7   16    1    1    8    8    1    1    1    1       519    9    1 MIX   451   15  449  448   16   12  450    9
    7   17    2    1    8    0    0    2    1    1       628    7    1 MIX    16   15   14  453  454   11  455  452
    7   18    1    1    8    5    4    1    1    1       669   13    1 MIX    15  456   16   10   13  459  458  457
    7   19    2    1    2    0    0    2    1    1       502    5    1 MIX   460   10
    7   20    2    1    4    0    0    2    1    1       537  463    0 MIX   461   14   16  462
    7   21    1    1    8    2    7    1    1    1       726  464    0 MIX    15  464  467   11    9  465  466   13
    7   22    2    1    8    0    0    2    1    1       475  472    0 MIX   468  470    9   16   10  471  469   12
    7   23    2    1    4    0    0    1    1    0       369   10    1 MIX   474  473    5    4
    7   24    2    1    8    0    0    2    1    1       451  479    0 MIX     9  476   11  475   13  478  477   14
    8    1    1    1    4    1    4    1    1    1       660   16    1 MIX    16  481   13  480
    8    2    1    1    8    6    3    1    0    0      4619  483    0 MIX     8    4    5    7  482  483  485  484
    8    3    1    1    4    2    3    2    1    0       555    7    1 MIX     5    7  486  487
    8    4    2    1    4    0    0    1    1    0       476  490    0 MIX     4  488  489    5
    8    5    2    1    4    0    0    2    1    1       465  493    0 MIX   492    9   16  491
    8    6    1    1    4    3    2    2    1    0       439  495    0 MIX     1  494  495    8
    8    7    1    1    8    8    1    1    1    1       408  496    0 MIX   498   15  499   12  497   11   16  496
    8    8    1    1    8    4    5    1    1    1      1817  502    0 MIX     9   16   11  502  503  501   14  500
    8    9    1    1    2    1    2    1    1    1       500  504    0 MIX   504   11
    8   10    2    1    2    0    0    2    1    1       531  506    0 MIX   505   11
    8   11    1    1    4    4    1    1    1    1       327  507    0 MIX   508   15   10  507
    8   12    2    1    8    0    0    2    1    1       604  513    0 MIX    11  512   15  509   10  510   12  511
    8   13    2    1    4    0    0    2    1    1       443  516    0 MIX   514   16   10  515
    8   14    2    1    4    0    0    1    1    0       547  519    0 MIX     2  517    6  518
    8   15    2    1    4    0    0    2    1    1       916    1    1 MIX   520   11  521   15
    8   16    1    1    8    3    6    2    1    0       594  524    0 MIX   525    4  524    1  523  522    6    7
    8   17    1    1    2    1    2    2    1    0       398    1    1 MIX     1  526
    8   18    1    1    2    2    1    1    1    1       401   11    1 MIX   527   11
    8   19    2    1    8    0    0    2    1    1       691  532    0 MIX   530   13   10  528   14   15  531  529
    8   20    2    1    2    0    0    2    1    1       474  534    0 MIX   533   15
    8   21    1    1    8    1    8    2    1    0       553    3    1 MIX     3  538    8    7    4  537  536  535
    8   22    2    1    8    0    0    1    1    0       677  543    0 MIX     4  542    1  540  541  539    8    5
    8   23    2    1    2    0    0    1    1    0       446   10    1 MIX   544    3
    8   24    1    1    8    1    8    1    1    1       687  546    0 MIX   546  548    9   11  545   13  547   16
    9    1    1    1    4    2    3    2    1    0      1992  550    0 MIX     1  550  549    4
    9    2    1    1    4    2    3    2    1    0      2384  551    0 MIX     3  551    2  552
    9    3    2    1    8    0    0    2    1    1       595  557    0 MIX    15  556   10    9   13  553  554  555
    9    4    1    1    4    1    4    2    1    0       595  559    0 MIX   559    6    1  558
    9    5    2    1    2    0    0    2    0    0      2144   15    1 MIX   560    5
    9    6    2    1    8    0    0    1    1    0       541  565    0 MIX     2  564  562    4  561    8  563    7
    9    7    1    1    4    3    2    1    1    1      1279  566    0 MIX    14  567  566   11
    9    8    2    1    8    0    0    2    1    1       477  572    0 MIX   569  571  568  570   16   11   15   10
    9    9    1    1    4    4    1    1    1    1       356   13    1 MIX    10  573  574   13
    9   10    1    1    8    2    7    1    1    1      1095   14    1 MIX     9   14  577   13  575   16  576  578
    9   11    1    1    8    2    7    2    1    0       959  581    0 MIX   582  581    4  579  580    6    8    3
    9   12    2    1    4    0    0    1    0    1       641    2    1 MIX    11  584  583    9
    9   13    2    1    8    0    0    1    1    0       585  589    0 MIX     8  586  585    1    5  588    6  587
    9   14    2    1    8    0    0    2    0    0       660   10    1 MIX     2    1    8  592  591  593    7  590
    9   15    1    1    4    3    2    1    1    1       450   11    1 MIX   594    9   11  595
    9   16    1    1    8    2    7    2    1    0       402    8    1 MIX     7    8  596  599    6    5  598  597
    9   17    2    1    4    0    0    1    1    0       633  602    0 MIX   601  600    2    1
    9   18    1    1    4    2    3    1    1    1       551  604    0 MIX    16  604   12  603
    9   19    1    1    8    7    2    1    1    1       418  607    0 MIX   608   14   10   15  606   16  607  605
    9   20    1    1    4    3    2    1    1    1       395  610    0 MIX    13  609  610   11
    9   21    1    1    8    7    2    2    1    0       460    7    1 MIX     5  612  614    8  613  611    7    4
    9   22    2    1    4    0    0    2    1    1       514  617    0 MIX    14  616  615   12
    9   23    2    1    8    0    0    2    0    0       574   10    1 MIX     3    4    2  618  619  621    5  620
    9   24    1    1    2    1    2    1    1    1       475    9    1 MIX     9  622
