    1    1    1    1    4    1    4    2    1    0      1089    3    1 MIX2     3   10    1    9
    1    2    1    1    2    1    2    2    1    0      2746    1    1 MIX2     1   11
    1    3    2    1    2    0    0    1    0    1     11650   13    0 MIX2     6   12
    1    4    1    1    2    2    1    1    1    1      1126    8    1 MIX2    14    8
    1    5    1    1    4    1    4    1    1    1      1124    7    1 MIX2     7    8   16   15
    1    6    1    1    8    4    5    2    1    0      1204    2    1 MIX2     1    4   19    2   20    3   18   17
    1    7    2    1    2    0    0    2    0    0     39640    7    1 MIX2    21    1
    1    8    2    1    8    0    0    2    1    1    122632   26    0 MIX2     7    5   24    8   22   25    6   23
    1    9    1    1    8    5    4    1    1    1      1041   30    0 MIX2    29    8    7   27   30    6   28    5
    1   10    1    1    4    4    1    1    1    1       689   32    0 MIX2    31    7    6   32
    1   11    2    1    8    0    0    2    1    1       768    4    1 MIX2     7   34    8   33   35    6    5   36
    1   12    2    1    4    0    0    1    0    1      1033   39    0 MIX2     6   37   38    7
    1   13    2    1    2    0    0    2    1    1      3004    3    1 MIX2    40    5
    1   14    1    1    8    2    7    2    1    0      2469    3    1 MIX2    41    3   42   44   43    1    4    2
    1   15    1    1    8    4    5    2    1    0       870   47    0 MIX2     3    4    1   47   45   46   48    2
    1   16    1    1    8    7    2    2    1    0       784   50    0 MIX2     4    3    1   51    2   52   50   49
    1   17    1    1    2    1    2    2    1    0       860   53    0 MIX2    53    4
    1   18    2    1    4    0    0    1    1    0       859    8    1 MIX2    54    3   55    4
    1   19    2    1    4    0    0    2    1    1       730   58    0 MIX2    57   56    7    8
    1   20    2    1    2    0    0    1    1    0      1481   60    0 MIX2     4   59
    1   21    2    1    8    0    0    1    1    0      1658   65    0 MIX2    62   63    4   64   61    3    2    1
    1   22    1    1    4    2    3    1    0    0      1643    2    1 MIX2    67    2    3   66
    1   23    2    1    8    0    0    2    1    1       740   72    0 MIX2    69   71    7   70    5    8   68    6
    1   24    1    1    2    2    1    2    1    0       715    2    1 MIX2    73    2
    2    1    2    1    4    0    0    1    1    0       742   76    0 MIX2    75    3    1   74
    2    2    2    1    8    0    0    1    1    0       781   81    0 MIX2     3   80   78    4   77    1    2   79
    2    3    1    1    2    1    2    2    1    0       474    3    1 MIX2     3   82
    2    4    2    1    2    0    0    1    1    0       580    8    1 MIX2    83    4
    2    5    2    1    8    0    0    1    1    0       640   88    0 MIX2     4   87   86    1   85    2    3   84
    2    6    2    1    4    0    0    2    1    1      2544    3    1 MIX2     8    5   89   90
    2    7    1    1    8    6    3    2    1    0       902   93    0 MIX2     4    3   94    1   92   93    2   91
    2    8    2    1    2    0    0    2    1    1      1743    3    1 MIX2     7   95
    2    9    1    1    4    4    1    2    1    0       651    3    1 MIX2    97   96    4    3
    2   10    1    1    4    1    4    2    1    0       852    1    1 MIX2     1    3   99   98
    2   11    1    1    8    1    8    1    0    0      1486    2    1 MIX2     2  100  102    1    3  101  103    4
    2   12    1    1    8    2    7    2    1    0      1173  104    0 MIX2   107  104  105  106    3    1    4    2
    2   13    1    1    8    6    3    1    1    1      1140  110    0 MIX2     8  109    7    5  111  110  108    6
    2   14    1    1    4    3    2    1    1    1       855  113    0 MIX2     8    5  113  112
    2   15    2    1    8    0    0    2    1    1       690  118    0 MIX2   115    5  114    8    6  117    7  116
    2   16    2    1    8    0    0    1    1    0      2018  123    0 MIX2   120    4    3  122    2  119  121    1
    2   17    1    1    2    2    1    1    1    1       725  124    0 MIX2     6  124
    2   18    1    1    4    4    1    2    1    0       473  125    0 MIX2   126    3    2  125
    2   19    1    1    8    5    4    2    1    0       642    4    1 MIX2     1    3    2  128    4  129  130  127
    2   20    1    1    4    4    1    2    1    0       419  132    0 MIX2     4    3  131  132
    2   21    1    1    2    2    1    1    1    1       654  133    0 MIX2     8  133
    2   22    2    1    4    0    0    1    1    0       692  136    0 MIX2     4    2  134  135
    2   23    2    1    4    0    0    1    0    1      1354    3    1 MIX2     8  137    6  138
    2   24    2    1    4    0    0    2    1    1       774    2    1 MIX2   140    6    5  139
    3    1    1    1    4    2    3    1    0    0      1568    2    1 MIX2   141    2  142    3
    3    2    1    1    8    5    4    2    1    0       893  145    0 MIX2     4    3  146    2  145  144    1  143
    3    3    2    1    2    0    0    2    1    1       742    2    1 MIX2     6  147
    3    4    1    1    8    5    4    1    1    1       829    6    1 MIX2     7  149    8  148    6  150    5  151
    3    5    2    1    2    0    0    1    1    0      3513  153    0 MIX2     1  152
    3    6    2    1    4    0    0    1    1    0       734  156    0 MIX2     2  155  154    3
    3    7    1    1    8    2    7    1    1    1       885  158    0 MIX2   159  158  157    8    7    5  160    6
    3    8    1    1    8    5    4    2    1    0       997    3    1 MIX2     4  163  162    1    3  164  161    2
    3    9    1    1    8    6    3    2    1    0       745    4    1 MIX2     2    1  165    3  167    4  168  166
    3   10    2    1    4    0    0    2    1    1       923  171    0 MIX2   170    6  169    8
    3   11    2    1    8    0    0    1    0    1       890    4    1 MIX2     7    8    5  174  175    6  173  172
    3   12    2    1    8    0    0    2    1    1      2315  180    0 MIX2   179    5  178  176    7    6  177    8
    3   13    1    1    4    1    4    1    1    1       711    8    1 MIX2     8    7  182  181
    3   14    2    1    2    0    0    2    1    1      1016    3    1 MIX2   183    8
    3   15    2    1    2    0    0    2    1    1      1212    2    1 MIX2   184    6
    3   16    1    1    4    2    3    2    1    0       973  185    0 MIX2     1  185    3  186
    3   17    2    1    2    0    0    1    1    0       723    7    1 MIX2     3  187
    3   18    1    1    8    2    7    2    1    0       996  189    0 MIX2   188  189    3    2  190    4    1  191
    3   19    2    1    8    0    0    1    0    1       960    2    1 MIX2     6  192    8    5  194  193    7  195
    3   20    1    1    8    3    6    2    1    0       702  197    0 MIX2     4  199  197  196  198    2    3    1
    3   21    2    1    2    0    0    1    1    0      1542    8    1 MIX2     4  200
    3   22    2    1    8    0    0    1    1    0       989    6    1 MIX2   202  201    4    1    3  204    2  203
    3   23    1    1    8    6    3    2    0    1      1578  207    0 MIX2     5    8  205  206  208  207    7    6
    3   24    2    1    2    0    0    2    1    1      1744    4    1 MIX2     7  209
    4    1    2    1    4    0    0    1    1    0       768    8    1 MIX2   211    4    2  210
    4    2    1    1    4    1    4    1    1    1       834    6    1 MIX2     6  212    8  213
    4    3    2    1    8    0    0    1    1    0       821  218    0 MIX2     4  214  217    3  216  215    2    1
    4    4    2    1    2    0    0    2    1    1       593  220    0 MIX2   219    6
    4    5    2    1    2    0    0    2    1    1       758  222    0 MIX2   221    6
    4    6    2    1    8    0    0    1    0    1       883  227    0 MIX2   224    5  223    6  225    7    8  226
    4    7    2    1    2    0    0    2    1    1      1171    1    1 MIX2   228    8
    4    8    2    1    4    0    0    1    1    0      2815    5    1 MIX2   229    3    1  230
    4    9    2    1    4    0    0    2    1    1       921    4    1 MIX2     6    7  232  231
    4   10    1    1    2    1    2    1    1    1       904    6    1 MIX2     6  233
    4   11    2    1    4    0    0    1    1    0      1126    5    1 MIX2     4    3  235  234
    4   12    2    1    8    0    0    2    1    1      1325    3    1 MIX2     8  239    6  238  237    5    7  236
    4   13    1    1    2    1    2    1    1    1       846  240    0 MIX2   240    7
    4   14    1    1    8    6    3    1    1    1      1817  244    0 MIX2     6  242    7  243    5  244    8  241
    4   15    2    1    4    0    0    2    1    1      1978  247    0 MIX2     6  246  245    7
    4   16    1    1    2    1    2    2    1    0       808    3    1 MIX2     3  248
    4   17    2    1    2    0    0    2    1    1       821    4    1 MIX2     8  249
    4   18    2    1    8    0    0    2    1    1      1378    2    1 MIX2     8    5    7    6  252  250  251  253
    4   19    2    1    8    0    0    2    1    1      1103    4    1 MIX2   254  257    6    7    5  256    8  255
    4   20    2    1    4    0    0    1    1    0      1533    8    1 MIX2     1  259    4  258
    4   21    2    1    4    0    0    2    1    1       985    1    1 MIX2   261  260    6    7
    4   22    2    1    4    0    0    1    1    0      1428  264    0 MIX2     4    3  262  263
    4   23    2    1    4    0    0    2    1    1      1139    2    1 MIX2   265    7  266    6
    4   24    1    1    2    2    1    2    1    0       747  267    0 MIX2     2  267
    5    1    1    1    8    4    5    2    1    0      1528  270    0 MIX2   268    1    4  270    3  271  269    2
    5    2    1    1    8    2    7    2    1    0       775  272    0 MIX2     1  272  275  273    3  274    4    2
    5    3    2    1    8    0    0    2    1    1       861  280    0 MIX2     6  278    8  279  277    7    5  276
    5    4    1    1    4    3    2    1    1    1      1085    8    1 MIX2   282  281    8    6
    5    5    2    1    4    0    0    1    1    0       892  285    0 MIX2   284    4  283    3
    5    6    1    1    4    2    3    1    1    1       643    7    1 MIX2   287    7    6  286
    5    7    2    1    8    0    0    1    1    0       924  292    0 MIX2   289    2  288    1  290    4    3  291
    5    8    1    1    4    2    3    2    1    0      1097  293    0 MIX2     4  293    3  294
    5    9    2    1    4    0    0    1    1    0       952    7    1 MIX2     3    4  296  295
    5   10    1    1    2    1    2    1    1    1      1134    7    1 MIX2     7  297
    5   11    2    1    4    0    0    1    1    0       716    5    1 MIX2     4  298  299    3
    5   12    1    1    8    8    1    2    1    0      1035    3    1 MIX2     4  300  303  301    2    1  302    3
    5   13    2    1    8    0    0    1    1    0      1647  308    0 MIX2   304    1    4  305    2  306  307    3
    5   14    1    1    2    2    1    1    1    1       802  309    0 MIX2     5  309
    5   15    2    1    4    0    0    1    1    0       931    8    1 MIX2   311    2    1  310
    5   16    1    1    2    1    2    1    1    1       771  312    0 MIX2   312    8
    5   17    2    1    4    0    0    2    1    1      1142  315    0 MIX2   313  314    8    7
    5   18    2    1    8    0    0    1    1    0      1068    7    1 MIX2     3  319  318    2    1  317  316    4
    5   19    2    1    2    0    0    1    1    0      2405  321    0 MIX2     1  320
    5   20    1    1    4    1    4    2    1    0      1136    4    1 MIX2     4    3  323  322
    5   21    2    1    8    0    0    1    1    0       791    5    1 MIX2     1    3  327  325    4  324    2  326
    5   22    1    1    2    1    2    1    1    1       637  328    0 MIX2   328    7
    5   23    1    1    2    2    1    1    1    1       792    8    1 MIX2   329    8
    5   24    2    1    2    0    0    2    1    1       869    2    1 MIX2   330    8
    6    1    1    1    4    3    2    1    0    0      2603  332    0 MIX2     2    1  332  331
    6    2    2    1    2    0    0    1    1    0      2960  334    0 MIX2   333    2
    6    3    2    1    8    0    0    1    1    0      1308  339    0 MIX2   337    1    2    4  338  335  336    3
    6    4    1    1    8    2    7    2    0    1       964  343    0 MIX2     7  343    8  342    6  340    5  341
    6    5    1    1    4    3    2    1    1    1       792  344    0 MIX2     8  345  344    7
    6    6    2    1    4    0    0    1    1    0       857  348    0 MIX2     2    1  347  346
    6    7    1    1    2    1    2    2    1    0      1028    1    1 MIX2     1  349
    6    8    2    1    2    0    0    2    1    1       631  351    0 MIX2     8  350
    6    9    1    1    2    2    1    2    1    0       593  352    0 MIX2     1  352
    6   10    2    1    8    0    0    1    1    0       718    5    1 MIX2     2    1  353  355    3  354  356    4
    6   11    2    1    4    0    0    2    1    1       747  359    0 MIX2     8  357    7  358
    6   12    1    1    8    5    4    2    1    0      1088    2    1 MIX2   360    4    3    1    2  361  362  363
    6   13    2    1    8    0    0    1    1    0       777    5    1 MIX2   364    1  367  365  366    4    2    3
    6   14    2    1    8    0    0    1    1    0       724  372    0 MIX2     4    2  370  368  371  369    3    1
    6   15    2    1    4    0    0    1    1    0       810    8    1 MIX2   374    4    3  373
    6   16    2    1    4    0    0    1    1    0       762  377    0 MIX2     3    1  375  376
    6   17    2    1    4    0    0    2    1    1       757  380    0 MIX2     8  378    5  379
    6   18    2    1    4    0    0    1    1    0       689  383    0 MIX2     4  381  382    3
    6   19    2    1    4    0    0    2    1    1       800    1    1 MIX2   385    8  384    7
    6   20    1    1    8    7    2    1    1    1       828    5    1 MIX2     6  386  389  388    7    8    5  387
    6   21    2    1    8    0    0    2    1    1       712  394    0 MIX2   391    8  393  390    7  392    6    5
    6   22    1    1    2    2    1    1    1    1       807    7    1 MIX2   395    7
    6   23    2    1    8    0    0    1    1    0      1003    7    1 MIX2   397  396    4    2  399  398    3    1
    6   24    2    1    8    0    0    2    1    1       776  404    0 MIX2   400  401  402    5    7    8  403    6
    7    1    1    1    4    1    4    1    1    1       881    6    1 MIX2     6  406    5  405
    7    2    2    1    2    0    0    1    1    0      1378    6    1 MIX2   407    2
    7    3    2    1    2    0    0    1    1    0      1087  409    0 MIX2   408    4
    7    4    2    1    8    0    0    2    1    1       903  414    0 MIX2   411    6    8    5    7  413  412  410
    7    5    1    1    2    2    1    1    1    1       520    5    1 MIX2   415    5
    7    6    2    1    2    0    0    2    1    1       680  417    0 MIX2     8  416
    7    7    1    1    8    8    1    1    1    1       727  421    0 MIX2     8  418  419  420    5    6    7  421
    7    8    1    1    4    4    1    2    1    0      1060    4    1 MIX2   423    2  422    4
    7    9    2    1    4    0    0    1    1    0       955  426    0 MIX2     1    3  424  425
    7   10    1    1    8    6    3    2    1    0      1008    4    1 MIX2     2  429  428    1  430    4  427    3
    7   11    2    1    8    0    0    2    1    1       669  435    0 MIX2     6    5  433  434    8  432    7  431
    7   12    1    1    8    5    4    1    0    0      1287  437    0 MIX2     1    2    3  439  437  438    4  436
    7   13    2    1    2    0    0    1    1    0       688    5    1 MIX2   440    3
    7   14    2    1    8    0    0    1    0    1      2057    1    1 MIX2   442  444  443    8    7  441    5    6
    7   15    2    1    4    0    0    1    1    0      1208    7    1 MIX2     1    4  445  446
    7   16    1    1    8    6    3    2    1    0       859    2    1 MIX2   447    3  448  449    1    2  450    4
    7   17    1    1    2    2    1    1    1    1       421  451    0 MIX2     8  451
    7   18    2    1    2    0    0    2    1    1       553    4    1 MIX2     8  452
    7   19    1    1    2    1    2    1    1    1      1008  453    0 MIX2   453    6
    7   20    2    1    8    0    0    2    1    1      2086    4    1 MIX2   456    6  454    8  455    5  457    7
    7   21    2    1    4    0    0    1    1    0       884    6    1 MIX2   458    1  459    3
    7   22    2    1    2    0    0    1    1    0       774    7    1 MIX2     1  460
    7   23    1    1    2    2    1    2    1    0       716    2    1 MIX2   461    2
    7   24    2    1    4    0    0    1    1    0       745    7    1 MIX2   463    3    2  462
    8    1    2    1    8    0    0    1    1    0      2609  468    0 MIX2     3  464  466    4  467  465    2    1
    8    2    1    1    8    8    1    2    1    0       653    4    1 MIX2   471  470    3    1  469    2  472    4
    8    3    2    1    2    0    0    1    1    0      1302  474    0 MIX2   473    4
    8    4    2    1    4    0    0    2    1    1       956    1    1 MIX2     7  475    8  476
    8    5    1    1    4    1    4    2    1    0      1744  478    0 MIX2   478    3    1  477
    8    6    2    1    8    0    0    1    1    0       695    6    1 MIX2   481  480    2    3  479    4  482    1
    8    7    1    1    4    1    4    1    1    1      1606    8    1 MIX2     8  484  483    5
    8    8    1    1    8    5    4    2    1    0      1137  487    0 MIX2   485  488  486    4  487    3    2    1
    8    9    2    1    8    0    0    2    1    1      1159    1    1 MIX2     6    5  489  491    8    7  490  492
    8   10    2    1    4    0    0    1    1    0       578    6    1 MIX2   494  493    1    3
    8   11    1    1    2    1    2    2    1    0       775  495    0 MIX2   495    2
    8   12    1    1    8    3    6    2    1    0      1158  497    0 MIX2   499  496  497  498    1    4    2    3
    8   13    1    1    2    1    2    1    1    1       965  500    0 MIX2   500    6
    8   14    2    1    2    0    0    1    1    0      2539    5    1 MIX2   501    2
    8   15    2    1    4    0    0    1    1    0       633  504    0 MIX2     1  502    2  503
    8   16    1    1    2    2    1    2    1    0       524  505    0 MIX2     1  505
    8   17    2    1    8    0    0    1    1    0       988    7    1 MIX2   507    1    3  506    4  509  508    2
    8   18    1    1    2    2    1    1    1    1       434    8    1 MIX2   510    8
    8   19    1    1    4    3    2    1    1    1       826  512    0 MIX2     7  511  512    5
    8   20    1    1    4    1    4    2    1    0       875  513    0 MIX2   513  514    4    2
    8   21    1    1    8    3    6    2    0    1      2492  516    0 MIX2   518  515  516    5  517    7    8    6
    8   22    2    1    2    0    0    1    1    0       733  520    0 MIX2   519    2
    8   23    1    1    2    1    2    2    1    0       853  521    0 MIX2   521    1
    8   24    1    1    8    7    2    2    1    0       768    2    1 MIX2   523    1  524    4  525    3    2  522
    9    1    1    1    4    1    4    2    1    0       614  527    0 MIX2   527    4  526    1
    9    2    2    1    2    0    0    2    1    1       778    4    1 MIX2   528    7
    9    3    2    1    4    0    0    2    1    1       773    2    1 MIX2   530  529    5    7
    9    4    2    1    4    0    0    1    1    0       801    6    1 MIX2     4    2  531  532
    9    5    1    1    4    4    1    2    1    0       795  533    0 MIX2   534    1    4  533
    9    6    1    1    2    2    1    2    1    0       584    4    1 MIX2   535    4
    9    7    2    1    4    0    0    1    1    0       993    7    1 MIX2     1    3  537  536
    9    8    1    1    4    1    4    2    1    0       900  539    0 MIX2   539  538    4    1
    9    9    1    1    2    2    1    2    1    0       789  540    0 MIX2     4  540
    9   10    2    1    4    0    0    2    1    1       551  543    0 MIX2     6  541  542    7
    9   11    2    1    8    0    0    2    1    1       671  548    0 MIX2   544    7  545    8    6    5  547  546
    9   12    1    1    8    1    8    1    1    1       921  551    0 MIX2   551  552    8    7    6  550    5  549
    9   13    1    1    2    2    1    2    1    0       505  553    0 MIX2     2  553
    9   14    2    1    4    0    0    1    1    0      2175    8    1 MIX2     4  555  554    2
    9   15    1    1    4    3    2    1    1    1      1002    7    1 MIX2   557    6    7  556
    9   16    2    1    4    0    0    1    1    0       588    7    1 MIX2     2  558  559    1
    9   17    2    1    2    0    0    2    1    1      2105    1    1 MIX2     8  560
    9   18    2    1    2    0    0    2    1    1      2489  562    0 MIX2     7  561
    9   19    2    1    2    0    0    1    1    0      1387    5    1 MIX2   563    2
    9   20    1    1    8    4    5    1    1    1       961    8    1 MIX2   565    6  564    8    5  566  567    7
    9   21    2    1    4    0    0    1    1    0       716    6    1 MIX2     3  568    1  569
    9   22    1    1    4    2    3    2    0    1       913  571    0 MIX2     7  571    6  570
    9   23    1    1    2    2    1    1    1    1       498    6    1 MIX2   572    6
    9   24    1    1    4    4    1    2    1    0       944    2    1 MIX2     4  573  574    2
