    1    1    1    1    8    1    8    1    1    1      1584   10    0 MIX2    10    5   11    9   12    6    7    8
    1    2    1    1    4    2    3    2    1    0      1098   13    0 MIX2     1   13   14    2
    1    3    1    1    4    4    1    1    1    1       794    8    1 MIX2     6   15   16    8
    1    4    1    1    8    1    8    2    1    0       917    4    1 MIX2     4   17    1   18   19    2    3   20
    1    5    2    1    2    0    0    2    1    1      1245    3    1 MIX2     7   21
    1    6    2    1    4    0    0    1    1    0      1000    8    1 MIX2    22    2   23    4
    1    7    2    1    8    0    0    1    1    0       846   28    0 MIX2     2   26   27   25    1   24    3    4
    1    8    1    1    8    1    8    2    0    1      1104    6    1 MIX2     6   32   31   29    8    5    7   30
    1    9    2    1    8    0    0    2    1    1       853    1    1 MIX2    34    7    5   33   36    6   35    8
    1   10    1    1    2    2    1    1    1    1       696    8    1 MIX2    37    8
    1   11    2    1    4    0    0    2    1    1       562   40    0 MIX2    39    6    8   38
    1   12    2    1    8    0    0    1    1    0      1080    7    1 MIX2    44    3    2   42   43   41    4    1
    1   13    1    1    2    2    1    2    1    0       665    2    1 MIX2    45    2
    1   14    1    1    8    5    4    2    0    1       814   49    0 MIX2    48    6   47    5   49    7   46    8
    1   15    1    1    4    4    1    1    1    1       841   50    0 MIX2    51    7    6   50
    1   16    2    1    8    0    0    2    1    1       788    4    1 MIX2     7   54   52    8   55    5    6   53
    1   17    1    1    4    4    1    1    1    1       690    5    1 MIX2    56    7   57    5
    1   18    2    1    2    0    0    2    1    1       597    3    1 MIX2    58    5
    1   19    1    1    4    1    4    1    1    1       557    6    1 MIX2     6   60    5   59
    1   20    1    1    4    1    4    1    1    1       752    6    1 MIX2     6    8   61   62
    1   21    1    1    4    4    1    2    1    0       712   64    0 MIX2    63    2    1   64
    1   22    1    1    8    3    6    1    1    1       910   66    0 MIX2     6    7   66   65   67    8    5   68
    1   23    1    1    8    7    2    2    1    0       678    1    1 MIX2     3   69   71   70   72    2    1    4
    1   24    1    1    8    7    2    1    1    1       721    5    1 MIX2    73    8   75   74   76    6    5    7
    2    1    1    1    2    1    2    2    1    0       530    1    1 MIX2     1   77
    2    2    1    1    8    2    7    1    1    1       757    5    1 MIX2    81    5   80    6    7    8   78   79
    2    3    1    1    4    1    4    2    1    0       776   82    0 MIX2    82   83    2    4
    2    4    2    1    8    0    0    1    1    0       742   88    0 MIX2    84   87    3   85    1   86    4    2
    2    5    1    1    4    4    1    2    1    0       595   89    0 MIX2     4    1   90   89
    2    6    1    1    4    3    2    2    1    0       550   92    0 MIX2     3    2   92   91
    2    7    2    1    2    0    0    2    1    1       617   94    0 MIX2     8   93
    2    8    1    1    2    2    1    1    1    1       676    8    1 MIX2    95    8
    2    9    1    1    8    8    1    2    1    0       431    1    1 MIX2    98    2    4    3   97   99   96    1
    2   10    1    1    8    1    8    1    1    1       653    6    1 MIX2     6    5  100    8  101  102  103    7
    2   11    1    1    2    1    2    1    1    1      1312  104    0 MIX2   104    5
    2   12    1    1    8    3    6    2    0    1      1440    8    1 MIX2     5  108    8  105  106    6    7  107
    2   13    1    1    8    3    6    1    1    1       734    7    1 MIX2   109    8    7  111    5  112  110    6
    2   14    2    1    8    0    0    2    1    1      1030  117    0 MIX2   114  116  115    7  113    8    5    6
    2   15    1    1    4    2    3    1    1    1       871  119    0 MIX2     6  119  118    8
    2   16    2    1    8    0    0    2    1    1      1183    3    1 MIX2     8  120  121  122    6  123    5    7
    2   17    2    1    2    0    0    1    1    0      1015    5    1 MIX2   124    1
    2   18    1    1    4    3    2    1    1    1      1018  125    0 MIX2     5  126  125    8
    2   19    2    1    2    0    0    1    1    0       853    7    1 MIX2   127    2
    2   20    2    1    2    0    0    1    1    0       827  129    0 MIX2   128    3
    2   21    2    1    8    0    0    1    1    0       904    7    1 MIX2     2  133    4  131    1  130  132    3
    2   22    1    1    4    1    4    1    1    1       715    5    1 MIX2     5  134  135    8
    2   23    1    1    2    2    1    1    1    1       534    5    1 MIX2   136    5
    2   24    2    1    4    0    0    1    1    0       639    6    1 MIX2   137  138    1    3
    3    1    2    1    8    0    0    2    1    1       834    1    1 MIX2   142    6  140    8  141    7    5  139
    3    2    2    1    4    0    0    2    1    1       586    2    1 MIX2   144    8  143    6
    3    3    1    1    4    1    4    2    1    0       957  146    0 MIX2   146    1  145    3
    3    4    2    1    2    0    0    1    1    0       736  148    0 MIX2   147    4
    3    5    2    1    8    0    0    2    1    1      1097  153    0 MIX2     5    6  149  150    8  151  152    7
    3    6    1    1    8    2    7    1    1    1      1025    5    1 MIX2     7    5  155  154    8  157    6  156
    3    7    2    1    4    0    0    1    1    0      1372  160    0 MIX2   158    4    3  159
    3    8    2    1    2    0    0    1    1    0      2073  162    0 MIX2     2  161
    3    9    2    1    8    0    0    1    1    0      1055  167    0 MIX2   165  163  164    4    2    1    3  166
    3   10    2    1    8    0    0    1    1    0       749  172    0 MIX2   168    1    2    3    4  171  169  170
    3   11    2    1    2    0    0    1    1    0       674    5    1 MIX2     2  173
    3   12    1    1    4    1    4    2    1    0       821  174    0 MIX2   174    1    3  175
    3   13    2    1    4    0    0    1    1    0       720    8    1 MIX2   177  176    4    3
    3   14    1    1    4    2    3    2    1    0      4238    1    1 MIX2     2    1  179  178
    3   15    1    1    4    2    3    2    1    0       833  181    0 MIX2     3  181  180    4
    3   16    1    1    2    1    2    1    1    1       801  182    0 MIX2   182    6
    3   17    2    1    4    0    0    1    1    0       748  185    0 MIX2     4  183    3  184
    3   18    2    1    2    0    0    1    1    0       860    7    1 MIX2   186    3
    3   19    2    1    4    0    0    1    1    0       709    5    1 MIX2     1  187    2  188
    3   20    2    1    8    0    0    1    1    0       717  193    0 MIX2     4    3    2  191  192  189  190    1
    3   21    1    1    4    2    3    2    1    0       736  195    0 MIX2     1  195  194    3
    3   22    1    1    8    1    8    2    1    0       683  198    0 MIX2   198    3  196  197    1  199    4    2
    3   23    1    1    4    2    3    1    1    1       710  200    0 MIX2   201  200    6    5
    3   24    2    1    4    0    0    2    1    1       852  204    0 MIX2   202  203    8    5
    4    1    2    1    4    0    0    1    1    0       626    7    1 MIX2   205    1    2  206
    4    2    2    1    4    0    0    1    1    0       538  209    0 MIX2   207    1    3  208
    4    3    2    1    8    0    0    2    1    1       743    1    1 MIX2   212  211    6  213    7    5  210    8
    4    4    1    1    2    2    1    2    1    0       437  214    0 MIX2     4  214
    4    5    2    1    4    0    0    2    1    1       557    1    1 MIX2   215    7    8  216
    4    6    1    1    2    2    1    1    1    1       419  217    0 MIX2     5  217
    4    7    2    1    8    0    0    1    1    0       603    7    1 MIX2   219    4    3    2  220  221  218    1
    4    8    1    1    2    1    2    2    1    0      1134    2    1 MIX2     2  222
    4    9    2    1    2    0    0    1    1    0       548    8    1 MIX2   223    4
    4   10    2    1    2    0    0    1    1    0       604  225    0 MIX2   224    4
    4   11    1    1    8    4    5    1    1    1       597    7    1 MIX2   226  229    8    7    5    6  228  227
    4   12    2    1    2    0    0    2    1    1       535  231    0 MIX2     8  230
    4   13    1    1    4    4    1    1    1    1       418  233    0 MIX2     6    8  232  233
    4   14    1    1    4    4    1    2    1    0       453  234    0 MIX2     4    3  235  234
    4   15    2    1    8    0    0    1    1    0       734  240    0 MIX2     4    1  238  239  236    3    2  237
    4   16    1    1    4    1    4    1    1    1       657    8    1 MIX2     8  242    7  241
    4   17    2    1    8    0    0    1    1    0       609    5    1 MIX2     2  246  244    1  245    4    3  243
    4   18    2    1    2    0    0    1    1    0       519  248    0 MIX2   247    1
    4   19    1    1    8    4    5    1    1    1       711  252    0 MIX2   251    5  250  252    7    8    6  249
    4   20    1    1    8    5    4    1    1    1       719  256    0 MIX2   253  254    5    7  256    6    8  255
    4   21    1    1    2    1    2    2    1    0       674    2    1 MIX2     2  257
    4   22    1    1    8    6    3    2    1    0       803  259    0 MIX2     2  258  261  260    4  259    3    1
    4   23    1    1    4    1    4    2    1    0       640  262    0 MIX2   262    3  263    4
    4   24    2    1    4    0    0    1    1    0       755    8    1 MIX2     2  264  265    3
    5    1    2    1    2    0    0    2    0    0     34449  267    0 MIX2     3  266
    5    2    2    1    8    0    0    2    1    1       965  272    0 MIX2     6  271    5    7  270  269    8  268
    5    3    1    1    8    5    4    1    1    1       664    7    1 MIX2   275  276    5    6    7    8  273  274
    5    4    2    1    4    0    0    1    1    0       705    6    1 MIX2   277  278    2    4
    5    5    2    1    2    0    0    1    1    0       745    5    1 MIX2   279    3
    5    6    2    1    8    0    0    2    1    1      1007    4    1 MIX2     8    6  281  283    5  282  280    7
    5    7    1    1    2    1    2    1    0    0      1327  284    0 MIX2   284    1
    5    8    2    1    4    0    0    2    1    1       615    4    1 MIX2     6  286    5  285
    5    9    2    1    2    0    0    2    1    1       895  288    0 MIX2     8  287
    5   10    1    1    4    1    4    2    1    0       642    3    1 MIX2     3  289    4  290
    5   11    2    1    2    0    0    1    1    0      1325  292    0 MIX2     4  291
    5   12    1    1    8    1    8    2    1    0       662    4    1 MIX2     4    1    3  296  295  294  293    2
    5   13    2    1    8    0    0    1    1    0       897  301    0 MIX2     2  300    1    4    3  299  298  297
    5   14    1    1    2    2    1    1    1    1       460  302    0 MIX2     5  302
    5   15    2    1    8    0    0    2    1    1       559  307    0 MIX2   306  305    6  304    8  303    5    7
    5   16    1    1    4    4    1    1    1    1      1156  308    0 MIX2     5  309    8  308
    5   17    1    1    2    1    2    1    1    1      1207  310    0 MIX2   310    7
    5   18    2    1    2    0    0    1    1    0       826  312    0 MIX2     2  311
    5   19    2    1    8    0    0    2    1    1       685  317    0 MIX2   315  316  314    6    7    8    5  313
    5   20    2    1    2    0    0    2    1    1       701    1    1 MIX2   318    5
    5   21    2    1    8    0    0    1    1    0       726    5    1 MIX2     1  321    3    2  319    4  320  322
    5   22    1    1    4    3    2    1    1    1       470  323    0 MIX2     6    8  323  324
    5   23    1    1    2    1    2    2    1    0       478  325    0 MIX2   325    4
    5   24    2    1    4    0    0    2    1    1       553  328    0 MIX2   326    7  327    5
    6    1    1    1    4    2    3    2    1    0       663    1    1 MIX2   330    1  329    4
    6    2    1    1    4    2    3    1    1    1       656  332    0 MIX2     5  332    7  331
    6    3    2    1    2    0    0    2    1    1       557    2    1 MIX2     7  333
    6    4    2    1    8    0    0    2    1    1       744  338    0 MIX2     6    7  335  336  334    5  337    8
    6    5    2    1    2    0    0    2    1    1      1312    3    1 MIX2   339    7
    6    6    1    1    2    1    2    1    1    1       833    8    1 MIX2     8  340
    6    7    2    1    2    0    0    1    1    0       764    7    1 MIX2     1  341
    6    8    1    1    4    3    2    2    1    0       561  342    0 MIX2     4  343  342    1
    6    9    2    1    2    0    0    1    1    0       497  345    0 MIX2   344    4
    6   10    2    1    2    0    0    1    1    0      2585    6    1 MIX2   346    3
    6   11    1    1    2    1    2    1    1    1      1354    7    1 MIX2     7  347
    6   12    1    1    4    4    1    2    1    0       386    3    1 MIX2   349    1  348    3
    6   13    2    1    2    0    0    2    1    1       549  351    0 MIX2   350    5
    6   14    1    1    2    2    1    1    1    1       413  352    0 MIX2     5  352
    6   15    1    1    2    1    2    2    1    0       405  353    0 MIX2   353    1
    6   16    1    1    2    1    2    2    1    0      1024    3    1 MIX2     3  354
    6   17    1    1    2    2    1    2    1    0       536  355    0 MIX2     1  355
    6   18    2    1    2    0    0    2    1    1       555    2    1 MIX2   356    5
    6   19    2    1    8    0    0    2    1    1       699  361    0 MIX2   359    8    5  357    6  360  358    7
    6   20    1    1    4    4    1    1    1    1       580  363    0 MIX2   362    7    6  363
    6   21    2    1    8    0    0    2    1    1      1239    3    1 MIX2   365  366  364  367    8    7    5    6
    6   22    1    1    4    3    2    2    1    0       563    1    1 MIX2   368    2    1  369
    6   23    1    1    8    8    1    2    1    0       429    1    1 MIX2     3  370  371  373  372    4    2    1
    6   24    2    1    4    0    0    2    1    1       789  376    0 MIX2   374    6  375    7
    7    1    1    1    8    8    1    2    1    0       537    1    1 MIX2   378    2  377    4    3  380  379    1
    7    2    2    1    2    0    0    2    1    1       585  382    0 MIX2     7  381
    7    3    2    1    2    0    0    1    1    0      1126  384    0 MIX2   383    3
    7    4    1    1    8    1    8    2    1    0      1087    4    1 MIX2     4    1    3  387    2  388  386  385
    7    5    1    1    4    3    2    1    1    1       991    7    1 MIX2   389  390    7    8
    7    6    1    1    4    3    2    1    1    1      1178  392    0 MIX2   391    8  392    6
    7    7    2    1    8    0    0    2    1    1       560  397    0 MIX2   394    8  395    7    6  393    5  396
    7    8    2    1    4    0    0    1    1    0       659    7    1 MIX2     1    4  399  398
    7    9    2    1    2    0    0    2    1    1       560    4    1 MIX2     5  400
    7   10    1    1    4    1    4    2    1    0       622  402    0 MIX2   402    1  401    2
    7   11    2    1    8    0    0    1    1    0      1427  407    0 MIX2   405  404    3    1  406    4    2  403
    7   12    2    1    4    0    0    2    1    1       706    1    1 MIX2   409  408    7    8
    7   13    2    1    4    0    0    2    1    1       580    2    1 MIX2     7  411  410    6
    7   14    1    1    8    5    4    2    1    0       623    2    1 MIX2     3    4  414  412    2  413  415    1
    7   15    2    1    2    0    0    1    1    0       541  417    0 MIX2     3  416
    7   16    1    1    8    2    7    2    1    0       608    3    1 MIX2   421    3    1  419  420  418    2    4
    7   17    1    1    8    8    1    2    1    0       483    2    1 MIX2     4  425    3  422  424  423    1    2
    7   18    1    1    4    1    4    1    0    0       579  426    0 MIX2   426  427    4    3
    7   19    2    1    4    0    0    1    1    0       766    7    1 MIX2   429  428    4    1
    7   20    1    1    8    2    7    1    1    1       895  431    0 MIX2   430  431    5    8    6    7  433  432
    7   21    1    1    8    1    8    1    1    1       540    5    1 MIX2     5  435  434  436    7    8  437    6
    7   22    1    1    2    1    2    2    1    0      1253    3    1 MIX2     3  438
    7   23    2    1    8    0    0    2    1    1       709    1    1 MIX2   439  440  442    5    7    8  441    6
    7   24    2    1    4    0    0    1    1    0       576    8    1 MIX2     3  443    2  444
    8    1    1    1    2    2    1    1    1    1       483  445    0 MIX2     6  445
    8    2    1    1    2    2    1    2    1    0       358  446    0 MIX2     2  446
    8    3    2    1    4    0    0    2    1    1       502  449    0 MIX2   447    8  448    5
    8    4    1    1    2    2    1    2    1    0       535    3    1 MIX2   450    3
    8    5    1    1    2    2    1    1    1    1       361  451    0 MIX2     8  451
    8    6    2    1    2    0    0    1    1    0       647  453    0 MIX2     3  452
    8    7    1    1    4    1    4    1    1    1       725  455    0 MIX2   455    6    8  454
    8    8    1    1    4    4    1    2    1    0       418  456    0 MIX2   457    2    3  456
    8    9    1    1    2    1    2    2    1    0       746  458    0 MIX2   458    1
    8   10    1    1    2    2    1    2    1    0      1034    4    1 MIX2   459    4
    8   11    1    1    8    1    8    2    1    0       609    1    1 MIX2     1  462  460    4  463    2    3  461
    8   12    2    1    8    0    0    1    1    0       702    7    1 MIX2   465    2  466    3    4  467  464    1
    8   13    1    1    4    1    4    2    1    0       775  469    0 MIX2   469    1  468    4
    8   14    2    1    2    0    0    2    1    1       710    2    1 MIX2     7  470
    8   15    2    1    4    0    0    1    1    0       588  473    0 MIX2   471    1    2  472
    8   16    2    1    8    0    0    2    1    1       757    1    1 MIX2   474    7  477  475    5  476    6    8
    8   17    1    1    4    3    2    2    1    0       637    1    1 MIX2     2  479    1  478
    8   18    2    1    2    0    0    1    1    0       629  481    0 MIX2     4  480
    8   19    1    1    8    7    2    2    1    0       797  482    0 MIX2     1  484    3  483  485    4  482    2
    8   20    1    1    4    1    4    1    1    1       987  487    0 MIX2   487    5  486    6
    8   21    1    1    2    1    2    2    1    0      1499  488    0 MIX2   488    3
    8   22    2    1    2    0    0    2    1    1       518    2    1 MIX2     6  489
    8   23    1    1    8    5    4    2    1    0       599    4    1 MIX2   492  493    3    2    4  490  491    1
    8   24    1    1    8    8    1    1    1    1       391    8    1 MIX2   494    6    7  495    5  496  497    8
    9    1    2    1    8    0    0    2    1    1       672  502    0 MIX2     5  500    7  501  498  499    8    6
    9    2    2    1    4    0    0    2    1    1       539  505    0 MIX2   504  503    6    5
    9    3    1    1    4    3    2    1    1    1      1118  506    0 MIX2     8    6  506  507
    9    4    2    1    8    0    0    2    1    1      1302  512    0 MIX2     5  509  508  510  511    7    8    6
    9    5    2    1    8    0    0    2    1    1      1054  517    0 MIX2     8  514  513    5    6  516  515    7
    9    6    2    1    8    0    0    1    1    0       650    7    1 MIX2   518    2  519  520    4    1    3  521
    9    7    2    1    8    0    0    2    1    1       605  526    0 MIX2     6  523    7  522    8  524    5  525
    9    8    2    1    4    0    0    1    1    0       624    5    1 MIX2     1  528    3  527
    9    9    1    1    4    2    3    2    1    0       638    3    1 MIX2     4    3  529  530
    9   10    2    1    8    0    0    1    1    0      1398  535    0 MIX2   532  534  531    4    3    1    2  533
    9   11    1    1    2    2    1    1    1    1      3784  536    0 MIX2     5  536
    9   12    1    1    4    1    4    2    1    0      1761    1    1 MIX2     1  537  538    4
    9   13    2    1    4    0    0    2    1    1      1039  541    0 MIX2   540    8  539    6
    9   14    2    1    2    0    0    2    1    1       810    1    1 MIX2     6  542
    9   15    2    1    4    0    0    2    1    1       935  545    0 MIX2     7  544  543    6
    9   16    2    1    8    0    0    1    1    0       597  550    0 MIX2     3    4  546    2  548    1  547  549
    9   17    2    1    4    0    0    1    1    0       642  553    0 MIX2   552    4  551    3
    9   18    2    1    4    0    0    1    1    0       531    8    1 MIX2   554    4  555    3
    9   19    2    1    2    0    0    1    1    0       536  557    0 MIX2   556    1
    9   20    1    1    8    3    6    1    1    1       678    5    1 MIX2   560    7    5  559  558    8  561    6
    9   21    2    1    4    0    0    2    1    1      1081  564    0 MIX2     6    7  563  562
    9   22    2    1    8    0    0    1    1    0       663  569    0 MIX2     2  565  566    4    1  567  568    3
    9   23    2    1    8    0    0    1    1    0      1133  574    0 MIX2   572    2  570    3  573    1  571    4
    9   24    2    1    2    0    0    1    1    0      1013    5    1 MIX2     1  575
