    1    1    1    1    8    8    1    2    1    0      2466   10    0 MIX2     3    1    4   12   11    9    2   10
    1    2    2    1    2    0    0    2    1    1       675    2    1 MIX2    13    6
    1    3    2    1    8    0    0    1    1    0      2823   18    0 MIX2     2   14   16   15    1    3   17    4
    1    4    2    1    8    0    0    2    1    1      1272    2    1 MIX2    21   20   19    6   22    5    7    8
    1    5    1    1    2    1    2    2    1    0      1161   23    0 MIX2    23    4
    1    6    1    1    4    3    2    2    0    1       949    7    1 MIX2     5   24    7   25
    1    7    1    1    8    4    5    2    1    0      1202    4    1 MIX2     1    2    3    4   27   28   29   26
    1    8    1    1    4    2    3    2    1    0      1034    1    1 MIX2     4    1   31   30
    1    9    2    1    2    0    0    1    1    0      1603    8    1 MIX2    32    2
    1   10    1    1    8    6    3    2    0    1       660   35    0 MIX2    33   34   36    7    5   35    8    6
    1   11    2    1    2    0    0    1    0    1      1422    3    1 MIX2    37    5
    1   12    1    1    2    2    1    2    1    0      1720    3    1 MIX2    38    3
    1   13    1    1    4    3    2    1    1    1      1435   39    0 MIX2     5    8   39   40
    1   14    2    1    8    0    0    2    1    1      1506   45    0 MIX2     7   41    6    8   43   44   42    5
    1   15    1    1    8    3    6    2    0    1      1001   47    0 MIX2    49   48   47   46    8    5    7    6
    1   16    1    1    8    3    6    1    1    1      1284    5    1 MIX2    51    6    5   52    8    7   53   50
    1   17    1    1    4    2    3    2    1    0       937    2    1 MIX2    54    2    4   55
    1   18    1    1    2    1    2    2    1    0      2518    3    1 MIX2     3   56
    1   19    1    1    2    2    1    1    1    1       933    6    1 MIX2    57    6
    1   20    2    1    2    0    0    2    1    1      1364   59    0 MIX2     7   58
    1   21    1    1    2    1    2    1    1    1       961    8    1 MIX2     8   60
    1   22    2    1    4    0    0    2    1    1      1044    1    1 MIX2     5    7   62   61
    1   23    1    1    4    1    4    2    1    0      1010   63    0 MIX2    63   64    1    3
    1   24    1    1    2    1    2    1    1    1       782   65    0 MIX2    65    6
    2    1    2    1    8    0    0    1    1    0      1366    7    1 MIX2    66    1   67    3    2   68    4   69
    2    2    1    1    4    2    3    1    1    1       953   71    0 MIX2    70   71    7    5
    2    3    2    1    2    0    0    1    1    0      1222    6    1 MIX2     2   72
    2    4    2    1    2    0    0    1    1    0      1847    6    1 MIX2     3   73
    2    5    2    1    2    0    0    2    1    1      1408   75    0 MIX2     8   74
    2    6    2    1    8    0    0    2    1    1       825   80    0 MIX2    76   79    8    5   78    6   77    7
    2    7    2    1    2    0    0    2    1    1      1035    3    1 MIX2     8   81
    2    8    2    1    8    0    0    2    1    1       885   86    0 MIX2     6    8   83   85    7   84   82    5
    2    9    1    1    2    1    2    1    1    1      7253    8    1 MIX2     8   87
    2   10    2    1    8    0    0    1    1    0      2231   92    0 MIX2     4    1   91   90    2    3   89   88
    2   11    1    1    4    1    4    1    1    1      1669    8    1 MIX2     8   94   93    6
    2   12    2    1    4    0    0    1    1    0      1788   97    0 MIX2     3   95   96    2
    2   13    1    1    8    5    4    2    1    0      2934   98    0 MIX2   100  101    2    3   98    1    4   99
    2   14    1    1    8    3    6    2    1    0       933  102    0 MIX2     4    1  102  105    2    3  103  104
    2   15    1    1    4    1    4    1    1    1       808  106    0 MIX2   106  107    8    7
    2   16    1    1    8    2    7    2    1    0      1096    3    1 MIX2     1    3  108  111  110    2  109    4
    2   17    1    1    4    4    1    2    1    0       452    4    1 MIX2   112  113    2    4
    2   18    2    1    4    0    0    2    1    1      1114  116    0 MIX2     6  115  114    7
    2   19    1    1    8    4    5    2    1    0       622    2    1 MIX2   118    3  120    2    4  117    1  119
    2   20    1    1    8    3    6    2    1    0       774  121    0 MIX2   122  123  121    3    1  124    2    4
    2   21    2    1    4    0    0    1    0    1       543    4    1 MIX2     8  126  125    7
    2   22    1    1    8    4    5    2    1    0       828  129    0 MIX2   130    2    3  129  128    1    4  127
    2   23    1    1    8    2    7    1    1    1       828  131    0 MIX2     7  131    5  132  134  133    6    8
    2   24    1    1    4    4    1    2    1    0       756  135    0 MIX2   136    3    1  135
    3    1    1    1    4    1    4    2    1    0       590    3    1 MIX2     3  138  137    2
    3    2    2    1    2    0    0    1    1    0       635  140    0 MIX2     4  139
    3    3    1    1    4    1    4    2    1    0       522  142    0 MIX2   142  141    1    4
    3    4    1    1    2    2    1    1    1    1       520    6    1 MIX2   143    6
    3    5    2    1    8    0    0    2    1    1      1271  148    0 MIX2   144    6    5    7  147    8  145  146
    3    6    2    1    4    0    0    1    0    1      1581    4    1 MIX2   149  150    6    5
    3    7    1    1    4    3    2    1    1    1       678  152    0 MIX2     7  151  152    5
    3    8    1    1    8    7    2    1    1    1       765    6    1 MIX2     5  154  155    7  156    8    6  153
    3    9    2    1    8    0    0    2    1    1       801    2    1 MIX2     7  159    8  160    6  158  157    5
    3   10    1    1    2    1    2    2    1    0       548  161    0 MIX2   161    1
    3   11    2    1    8    0    0    1    1    0       736    7    1 MIX2     2    3    4    1  163  162  165  164
    3   12    1    1    8    3    6    2    1    0       677    3    1 MIX2   166  169    3    2    4    1  167  168
    3   13    2    1    4    0    0    1    1    0       596    8    1 MIX2   171    2    3  170
    3   14    2    1    4    0    0    2    1    1       548  174    0 MIX2   173  172    5    8
    3   15    1    1    4    2    3    2    1    0       613  175    0 MIX2     2  175  176    1
    3   16    1    1    4    2    3    1    1    1       692  177    0 MIX2     6  177    7  178
    3   17    1    1    4    2    3    1    0    0       912    3    1 MIX2     2    3  180  179
    3   18    1    1    4    3    2    2    1    0       837    1    1 MIX2   181  182    1    3
    3   19    1    1    8    3    6    2    1    0       854    2    1 MIX2     3    4    2  186  184    1  183  185
    3   20    1    1    2    2    1    1    1    1       632    8    1 MIX2   187    8
    3   21    2    1    8    0    0    2    1    1      1904  192    0 MIX2   191  189  188  190    7    8    6    5
    3   22    1    1    2    2    1    1    1    1       743    6    1 MIX2   193    6
    3   23    2    1    2    0    0    2    1    1       829  195    0 MIX2   194    6
    3   24    2    1    4    0    0    1    1    0       949  198    0 MIX2     2  197    4  196
    4    1    1    1    8    8    1    2    1    0       571    1    1 MIX2     2  200  202  201    4    3  199    1
    4    2    1    1    8    1    8    2    1    0       725    1    1 MIX2     1  203  205    3  204    4    2  206
    4    3    2    1    2    0    0    1    1    0       796    8    1 MIX2   207    2
    4    4    2    1    4    0    0    1    1    0      1013  210    0 MIX2     3  209    2  208
    4    5    1    1    4    2    3    1    1    1       741    5    1 MIX2   211    5  212    7
    4    6    1    1    8    4    5    1    1    1       699  215    0 MIX2     8    6    7  215  214  213    5  216
    4    7    1    1    2    1    2    2    1    0       466  217    0 MIX2   217    4
    4    8    1    1    8    6    3    2    1    0       705  221    0 MIX2     2  218    4    3    1  221  220  219
    4    9    1    1    8    3    6    2    1    0       534  222    0 MIX2   225  223  222    3    2    1    4  224
    4   10    1    1    4    1    4    1    1    1      1080  226    0 MIX2   226  227    7    6
    4   11    1    1    2    2    1    2    1    0       369  228    0 MIX2     1  228
    4   12    2    1    2    0    0    2    1    1       646  230    0 MIX2   229    5
    4   13    1    1    8    1    8    1    1    1      1422    7    1 MIX2     7    6  234  231  232    8  233    5
    4   14    1    1    4    4    1    1    1    1       445  235    0 MIX2     7  236    8  235
    4   15    2    1    8    0    0    2    1    1       636  241    0 MIX2     5    6  240  238  237    7  239    8
    4   16    2    1    2    0    0    2    1    1       533    4    1 MIX2     7  242
    4   17    1    1    2    2    1    1    1    1       435  243    0 MIX2     8  243
    4   18    1    1    8    5    4    1    1    1       677    7    1 MIX2   245  247    5  246    7    6  244    8
    4   19    2    1    4    0    0    2    1    1       579    3    1 MIX2     7  249    6  248
    4   20    1    1    8    8    1    2    1    0       384  252    0 MIX2   251    4    1  253    3  250    2  252
    4   21    1    1    2    1    2    2    1    0       597    4    1 MIX2     4  254
    4   22    2    1    4    0    0    1    1    0       598  257    0 MIX2     1  256    4  255
    4   23    2    1    4    0    0    2    1    1       901  260    0 MIX2     7  259  258    5
    4   24    2    1    4    0    0    1    1    0       585    6    1 MIX2     2  262    3  261
    5    1    1    1    2    1    2    2    1    0       501  263    0 MIX2   263    2
    5    2    1    1    8    8    1    1    1    1       467    5    1 MIX2   266  264    8    7  265    6  267    5
    5    3    2    1    2    0    0    1    1    0       517  269    0 MIX2     3  268
    5    4    1    1    4    2    3    2    1    0       600  270    0 MIX2     2  270  271    1
    5    5    2    1    8    0    0    1    1    0       671  276    0 MIX2     1    3    4  274  275  272  273    2
    5    6    1    1    2    1    2    1    1    1       456  277    0 MIX2   277    5
    5    7    2    1    2    0    0    1    1    0       473  279    0 MIX2     2  278
    5    8    2    1    4    0    0    2    1    1       559    4    1 MIX2   280    6  281    7
    5    9    2    1    8    0    0    1    1    0       554  286    0 MIX2     4  282  283    1    2  285  284    3
    5   10    1    1    2    1    2    1    1    1       456  287    0 MIX2   287    7
    5   11    1    1    2    1    2    2    1    0      1113  288    0 MIX2   288    1
    5   12    1    1    8    8    1    1    1    1       576    7    1 MIX2     6  291    5  292  290  289    8    7
    5   13    2    1    4    0    0    1    1    0      1313    7    1 MIX2   294  293    4    1
    5   14    1    1    8    8    1    1    1    1       446  297    0 MIX2   295  298  296    5    6    7    8  297
    5   15    1    1    8    2    7    2    0    1      1726    7    1 MIX2     5    7  299    6  301  302  300    8
    5   16    1    1    2    2    1    2    1    0      1005    4    1 MIX2   303    4
    5   17    1    1    8    1    8    1    1    1      1238  304    0 MIX2   304    7    5  307    8  305  306    6
    5   18    2    1    2    0    0    1    1    0       745    5    1 MIX2     1  308
    5   19    1    1    8    1    8    1    1    1       734  309    0 MIX2   309    7  310    5    8    6  312  311
    5   20    2    1    2    0    0    1    1    0       820    7    1 MIX2   313    1
    5   21    1    1    8    1    8    2    1    0      1303  314    0 MIX2   314  316    3  315    1    4  317    2
    5   22    2    1    4    0    0    1    1    0       748    8    1 MIX2     3    1  319  318
    5   23    2    1    4    0    0    1    0    1       902    2    1 MIX2     7  321    5  320
    5   24    1    1    2    1    2    1    1    1       598    6    1 MIX2     6  322
    6    1    1    1    2    2    1    2    1    0       871  323    0 MIX2     2  323
    6    2    2    1    8    0    0    1    0    1      1703    2    1 MIX2     8    7  326  327    5  324  325    6
    6    3    2    1    8    0    0    1    1    0       722    7    1 MIX2     3  330    2  331  328    4    1  329
    6    4    2    1    4    0    0    1    1    0       587  334    0 MIX2   333    1    3  332
    6    5    2    1    4    0    0    2    1    1      1372  337    0 MIX2     5  336    8  335
    6    6    2    1    4    0    0    2    1    1      1165  340    0 MIX2     5    8  339  338
    6    7    2    1    2    0    0    1    1    0       547  342    0 MIX2   341    3
    6    8    2    1    8    0    0    2    1    1      1055  347    0 MIX2     6  345  346    8    5  343    7  344
    6    9    1    1    8    1    8    2    1    0      1480  351    0 MIX2   351    4  350  349  348    3    2    1
    6   10    1    1    8    1    8    2    1    0      1727    4    1 MIX2     4  352    3    2  353    1  355  354
    6   11    2    1    8    0    0    2    1    1      1195  360    0 MIX2   357  356    6    5    8  359    7  358
    6   12    1    1    2    1    2    2    1    0      1199  361    0 MIX2   361    4
    6   13    2    1    8    0    0    1    1    0       800  366    0 MIX2   365    1    4  363    2  362  364    3
    6   14    1    1    2    2    1    2    1    0       900    2    1 MIX2   367    2
    6   15    2    1    4    0    0    1    1    0      1064  370    0 MIX2   369    2  368    3
    6   16    2    1    2    0    0    2    1    1      1313  372    0 MIX2   371    6
    6   17    2    1    2    0    0    2    1    1      1136    1    1 MIX2   373    6
    6   18    2    1    8    0    0    2    1    1      1158  378    0 MIX2   376  375    5    7    8  374    6  377
    6   19    1    1    4    4    1    1    1    1      1040  380    0 MIX2   379    7    6  380
    6   20    1    1    4    3    2    1    1    1      1006    5    1 MIX2     6  382    5  381
    6   21    1    1    4    3    2    1    1    1       991    7    1 MIX2   383  384    7    8
    6   22    2    1    2    0    0    2    1    1      1307  386    0 MIX2   385    8
    6   23    1    1    4    1    4    1    1    1      1007    7    1 MIX2     7  388  387    8
    6   24    1    1    8    7    2    1    1    1      1032    6    1 MIX2   389  390    8  392  391    7    6    5
    7    1    1    1    2    2    1    2    1    0       991    3    1 MIX2   393    3
    7    2    2    1    8    0    0    1    1    0      1478  398    0 MIX2     3    2    4  397  394    1  395  396
    7    3    1    1    4    1    4    2    1    0      1044  400    0 MIX2   400  399    1    4
    7    4    1    1    8    7    2    1    1    1      1211    8    1 MIX2   402    5  403    6    7  404    8  401
    7    5    2    1    2    0    0    2    1    1      1087  406    0 MIX2   405    5
    7    6    2    1    4    0    0    2    1    1      1148  409    0 MIX2   407    5  408    6
    7    7    1    1    8    6    3    1    1    1      1088  410    0 MIX2     6    8    5  411  412  410  413    7
    7    8    2    1    4    0    0    1    1    0      1070  416    0 MIX2   415    2    3  414
    7    9    1    1    2    2    1    2    1    0      1606  417    0 MIX2     2  417
    7   10    2    1    8    0    0    2    1    1      1368  422    0 MIX2     7    6  418    8  421  420  419    5
    7   11    2    1    8    0    0    1    1    0       979  427    0 MIX2   425  426  423    1    4    3  424    2
    7   12    2    1    4    0    0    1    1    0      1173    5    1 MIX2     2    1  428  429
    7   13    2    1    4    0    0    1    1    0      1134  432    0 MIX2     4  430  431    1
    7   14    2    1    2    0    0    2    1    1       980  434    0 MIX2   433    8
    7   15    2    1    4    0    0    1    1    0      1044  437    0 MIX2   435  436    3    4
    7   16    2    1    2    0    0    2    1    1       910  439    0 MIX2     6  438
    7   17    2    1    4    0    0    1    1    0      1076    6    1 MIX2   440    2    3  441
    7   18    2    1    8    0    0    2    1    1      1066  446    0 MIX2   442    8  443    7    5    6  444  445
    7   19    2    1    8    0    0    1    1    0      1154  451    0 MIX2     4    1  448    3  447  450  449    2
    7   20    2    1    4    0    0    1    1    0      1115    6    1 MIX2     2  452    3  453
    7   21    2    1    4    0    0    2    1    1       919  456    0 MIX2     6  454    8  455
    7   22    2    1    2    0    0    2    1    1       950    1    1 MIX2   457    6
    7   23    2    1    4    0    0    1    1    0      1033    7    1 MIX2     1  458  459    4
    7   24    2    1    2    0    0    2    1    1       947    1    1 MIX2   460    6
    8    1    1    1    2    1    2    2    1    0      1245    1    1 MIX2     1  461
    8    2    1    1    2    1    2    2    1    0      1071    2    1 MIX2     2  462
    8    3    2    1    8    0    0    2    1    1      1030    3    1 MIX2   466  465    8    6    5    7  464  463
    8    4    1    1    4    1    4    2    1    0      1029    3    1 MIX2     3  468    4  467
    8    5    2    1    4    0    0    1    1    0      1142    6    1 MIX2     4  470  469    1
    8    6    2    1    4    0    0    1    1    0      1102    8    1 MIX2     3    1  472  471
    8    7    1    1    8    2    7    1    1    1      1140  473    0 MIX2     5  473    6  476    8  475    7  474
    8    8    1    1    4    4    1    2    1    0       879  477    0 MIX2   478    1    4  477
    8    9    1    1    4    2    3    2    1    0      1044  480    0 MIX2     4  480  479    3
    8   10    2    1    2    0    0    1    1    0       783    7    1 MIX2   481    2
    8   11    1    1    2    1    2    2    1    0       868    2    1 MIX2     2  482
    8   12    1    1    2    2    1    1    1    1      1061    7    1 MIX2   483    7
    8   13    2    1    8    0    0    1    0    1      1036    2    1 MIX2   487  484  485    7  486    6    8    5
    8   14    1    1    2    2    1    2    1    0       774  488    0 MIX2     1  488
    8   15    2    1    4    0    0    1    1    0      1153    5    1 MIX2   490    1  489    4
    8   16    2    1    2    0    0    1    1    0       839    5    1 MIX2     2  491
    8   17    1    1    4    4    1    1    1    1       398    6    1 MIX2   493    5  492    6
    8   18    2    1    8    0    0    1    1    0      1487    8    1 MIX2   495    3    4  494  497    2  496    1
    8   19    1    1    4    3    2    1    1    1      1211    7    1 MIX2   499  498    7    6
    8   20    2    1    2    0    0    2    1    1      1118    2    1 MIX2   500    6
    8   21    2    1    8    0    0    2    1    1      1125    3    1 MIX2     8    5  502  504    7  503    6  501
    8   22    2    1    2    0    0    2    1    1      1419  506    0 MIX2     8  505
    8   23    2    1    4    0    0    1    1    0      1035    7    1 MIX2   508  507    4    2
    8   24    1    1    8    3    6    2    0    1      1317    8    1 MIX2     7  510    8  512    6  509    5  511
    9    1    1    1    4    4    1    1    1    1      1024    6    1 MIX2     7  513  514    6
    9    2    1    1    4    1    4    1    0    0      1008    1    1 MIX2     1  515  516    3
    9    3    2    1    8    0    0    1    1    0       954  521    0 MIX2   518    3    2  517    1    4  520  519
    9    4    1    1    8    8    1    2    1    0       918  523    0 MIX2     4  525    3    1  522    2  524  523
    9    5    1    1    8    1    8    2    1    0      1221  529    0 MIX2   529  528  527  526    2    4    3    1
    9    6    2    1    8    0    0    2    1    1      1125    1    1 MIX2   530  531    8  532    5    7    6  533
    9    7    1    1    2    1    2    2    1    0       955    1    1 MIX2     1  534
    9    8    1    1    8    8    1    2    1    0      1032  538    0 MIX2     2  535  536    1    3    4  537  538
    9    9    1    1    2    2    1    2    1    0       818    2    1 MIX2   539    2
    9   10    1    1    2    2    1    1    1    1       933    8    1 MIX2   540    8
    9   11    1    1    4    4    1    2    1    0       792    2    1 MIX2   542  541    3    2
    9   12    1    1    8    2    7    2    0    1      1787    8    1 MIX2     6    8  545  544  543    5    7  546
    9   13    1    1    8    4    5    2    1    0       967  549    0 MIX2     3  548    4  549  547    1    2  550
    9   14    1    1    4    2    3    2    1    0       904  551    0 MIX2   552  551    2    4
    9   15    1    1    2    2    1    2    1    0       904    4    1 MIX2   553    4
    9   16    1    1    2    2    1    1    1    1       871    6    1 MIX2   554    6
    9   17    2    1    2    0    0    1    1    0       936  556    0 MIX2   555    1
    9   18    1    1    2    2    1    2    1    0       854  557    0 MIX2     1  557
    9   19    2    1    2    0    0    1    1    0       951  559    0 MIX2     2  558
    9   20    1    1    4    3    2    1    1    1       889    5    1 MIX2     7  560    5  561
    9   21    1    1    2    1    2    1    1    1       970    5    1 MIX2     5  562
    9   22    2    1    8    0    0    2    1    1      1029  567    0 MIX2     5  565  563    8  566  564    7    6
    9   23    1    1    4    2    3    2    1    0      1573    1    1 MIX2     3    1  569  568
    9   24    1    1    4    4    1    1    1    1       911    5    1 MIX2     7  571  570    5
