    1    1    2    1    4    0    0    2    1    1      4225   11    0 MIX2     1    4    9   10
    1    2    1    1    2    1    2    2    1    0      2282    1    1 MIX2     1   12
    1    3    1    1    4    4    1    2    0    1      1126   14    0 MIX2     4    1   13   14
    1    4    2    1    2    0    0    2    1    1      1301   16    0 MIX2     4   15
    1    5    1    1    4    3    2    2    0    1      1678   18    0 MIX2     2    3   17   18
    1    6    2    1    2    0    0    1    1    0      1926   20    0 MIX2     3   19
    1    7    2    1    8    0    0    2    1    1      2257    2    1 MIX2     3    2    1    4   21   22   23   24
    1    8    2    1    8    0    0    1    1    0      1765    7    1 MIX2     1    3    2    4   25   26   27   28
    1    9    1    1    4    2    3    1    1    1      1880   29    0 MIX2     2    3   29   30
    1   10    1    1    4    2    3    1    1    1      1173    1    1 MIX2     4    1   31   32
    1   11    2    1    8    0    0    1    1    0      2014    8    1 MIX2     3    2    4    1   33   34   35   36
    1   12    2    1    2    0    0    2    1    1      1223    2    1 MIX2     1   37
    1   13    1    1    8    6    3    1    0    0      1407    4    1 MIX2     2    3    4    1   38   39   40   41
    1   14    2    1    8    0    0    2    1    1      1488    3    1 MIX2     4    2    1    3   42   43   44   45
    1   15    2    1    4    0    0    2    1    1      1557    4    1 MIX2     2    4   46   47
    1   16    1    1    4    4    1    1    0    0      1990   49    0 MIX2     1    3   48   49
    1   17    2    1    2    0    0    2    0    0      1681   51    0 MIX2     1   50
    1   18    1    1    2    1    2    2    0    1      1865    4    1 MIX2     4   52
    1   19    2    1    2    0    0    1    0    1      1274    1    1 MIX2     2   53
    1   20    1    1    2    1    2    2    0    1      1170   54    0 MIX2     2   54
    1   21    2    1    4    0    0    2    0    0      1691    7    1 MIX2     3    1   55   56
    1   22    2    1    2    0    0    2    0    0      1355   58    0 MIX2     3   57
    1   23    2    1    8    0    0    1    0    1      1821    3    1 MIX2     4    3    2    1   59   60   61   62
    1   24    1    1    8    1    8    1    1    1      1861   63    0 MIX2     1    4    3    2   63   64   65   66
    2    1    1    1    2    2    1    1    1    1      2298    4    1 MIX2     4   67
    2    2    1    1    4    3    2    1    0    0      1342   68    0 MIX2     4    3   68   69
    2    3    1    1    2    2    1    1    1    1      1356   70    0 MIX2     1   70
    2    4    2    1    4    0    0    2    0    0      1686    8    1 MIX2     2    1   71   72
    2    5    2    1    2    0    0    1    0    1       934    4    1 MIX2     1   73
    2    6    1    1    4    4    1    1    1    1      1440    3    1 MIX2     2    3   74   75
    2    7    2    1    4    0    0    2    1    1      1132   78    0 MIX2     3    2   76   77
    2    8    1    1    4    1    4    1    0    0      1519   80    0 MIX2     1    4   79   80
    2    9    1    1    4    3    2    1    0    0      1442   82    0 MIX2     4    1   81   82
    2   10    2    1    4    0    0    2    1    1      3232   85    0 MIX2     4    1   83   84
    2   11    1    1    8    3    6    2    1    0      1639    3    1 MIX2     3    4    1    2   86   87   88   89
    2   12    1    1    8    5    4    2    1    0      1255    1    1 MIX2     3    1    2    4   90   91   92   93
    2   13    2    1    4    0    0    1    1    0      1419   96    0 MIX2     3    4   94   95
    2   14    1    1    8    1    8    1    1    1      2395   97    0 MIX2     3    4    1    2   97   98   99  100
    2   15    1    1    4    1    4    2    1    0      1627    1    1 MIX2     1    4  101  102
    2   16    2    1    4    0    0    2    1    1      2490    2    1 MIX2     1    3  103  104
    2   17    1    1    8    4    5    1    1    1      1664  106    0 MIX2     2    1    3    4  105  106  107  108
    2   18    1    1    8    6    3    2    1    0      1992  109    0 MIX2     3    4    1    2  109  110  111  112
    2   19    1    1    8    7    2    2    1    0      2176    2    1 MIX2     1    4    2    3  113  114  115  116
    2   20    1    1    4    3    2    1    1    1      2058  118    0 MIX2     4    3  117  118
    2   21    1    1    4    2    3    1    1    1      1767    2    1 MIX2     1    2  119  120
    2   22    1    1    4    2    3    2    1    0      1446  121    0 MIX2     1    3  121  122
    2   23    2    1    8    0    0    2    1    1      1596  127    0 MIX2     1    2    3    4  123  124  125  126
    2   24    2    1    8    0    0    2    1    1      1643  132    0 MIX2     4    3    1    2  128  129  130  131
    3    1    1    1    2    1    2    1    1    1      1535    3    1 MIX2     3  133
    3    2    2    1    8    0    0    1    1    0      2859  138    0 MIX2     1    3    2    4  134  135  136  137
    3    3    2    1    8    0    0    1    1    0      4311  143    0 MIX2     2    3    1    4  139  140  141  142
    3    4    2    1    8    0    0    2    1    1      1476  148    0 MIX2     2    4    3    1  144  145  146  147
    3    5    2    1    8    0    0    1    1    0      1559  153    0 MIX2     1    3    4    2  149  150  151  152
    3    6    2    1    8    0    0    2    1    1      1129  158    0 MIX2     1    3    2    4  154  155  156  157
    3    7    1    1    8    7    2    1    1    1      1245    4    1 MIX2     3    4    2    1  159  160  161  162
    3    8    1    1    8    8    1    2    1    0      2597  166    0 MIX2     4    1    2    3  163  164  165  166
    3    9    2    1    8    0    0    2    0    0      2414    6    1 MIX2     3    4    1    2  167  168  169  170
    3   10    1    1    2    1    2    1    1    1      1625  171    0 MIX2     2  171
    3   11    1    1    8    8    1    1    1    1      1136    3    1 MIX2     3    2    1    4  172  173  174  175
    3   12    1    1    2    1    2    2    1    0      1294    4    1 MIX2     4  176
    3   13    2    1    4    0    0    1    1    0      1129  179    0 MIX2     4    3  177  178
    3   14    2    1    2    0    0    2    1    1      1829  181    0 MIX2     2  180
    3   15    1    1    4    2    3    2    1    0      1829    4    1 MIX2     2    4  182  183
    3   16    2    1    4    0    0    1    1    0       890  186    0 MIX2     3    4  184  185
    3   17    2    1    4    0    0    2    1    1      1053  189    0 MIX2     4    3  187  188
    3   18    1    1    2    1    2    1    1    1      1191    3    1 MIX2     3  190
    3   19    1    1    2    2    1    2    1    0      1083  191    0 MIX2     4  191
    3   20    2    1    8    0    0    1    1    0      3792  196    0 MIX2     2    1    3    4  192  193  194  195
    3   21    1    1    4    4    1    1    1    1      1871    3    1 MIX2     3    4  197  198
    3   22    2    1    2    0    0    1    1    0      1535  200    0 MIX2     3  199
    3   23    1    1    8    7    2    2    1    0      1611  201    0 MIX2     3    4    2    1  201  202  203  204
    3   24    1    1    8    8    1    2    1    0      3475  205    0 MIX2     4    2    3    1  205  206  207  208
    4    1    2    1    8    0    0    1    0    1      1573    1    1 MIX2     4    1    3    2  209  210  211  212
    4    2    2    1    4    0    0    2    1    1      1198    4    1 MIX2     2    3  213  214
    4    3    2    1    4    0    0    1    1    0      1293    6    1 MIX2     4    2  215  216
    4    4    1    1    2    1    2    1    0    0      1973    3    1 MIX2     3  217
    4    5    2    1    2    0    0    2    1    1       962  219    0 MIX2     3  218
    4    6    2    1    2    0    0    1    1    0       966  221    0 MIX2     4  220
    4    7    2    1    8    0    0    1    1    0      1063  226    0 MIX2     4    1    3    2  222  223  224  225
    4    8    2    1    8    0    0    1    1    0      1006    6    1 MIX2     2    3    1    4  227  228  229  230
    4    9    1    1    2    2    1    2    1    0      1120  231    0 MIX2     1  231
    4   10    2    1    2    0    0    1    1    0       926  233    0 MIX2     2  232
    4   11    1    1    8    6    3    2    0    1      1746    2    1 MIX2     4    3    1    2  234  235  236  237
    4   12    2    1    8    0    0    1    1    0      1405  242    0 MIX2     1    4    2    3  238  239  240  241
    4   13    2    1    2    0    0    2    1    1      1591    4    1 MIX2     4  243
    4   14    1    1    8    7    2    1    1    1      1081    3    1 MIX2     1    2    3    4  244  245  246  247
    4   15    1    1    4    1    4    1    1    1      1309  249    0 MIX2     4    3  248  249
    4   16    1    1    8    4    5    1    0    0      1298  252    0 MIX2     4    3    1    2  250  251  252  253
    4   17    2    1    2    0    0    2    1    1       945    4    1 MIX2     2  254
    4   18    2    1    2    0    0    1    0    1      1104    1    1 MIX2     3  255
    4   19    1    1    8    3    6    1    1    1      1148    4    1 MIX2     4    2    1    3  256  257  258  259
    4   20    1    1    4    1    4    1    1    1      1181  261    0 MIX2     2    3  260  261
    4   21    1    1    2    1    2    2    1    0      1737    1    1 MIX2     1  262
    4   22    1    1    8    5    4    1    1    1      1534  264    0 MIX2     4    3    1    2  263  264  265  266
    4   23    1    1    2    1    2    1    1    1       931  267    0 MIX2     3  267
    4   24    1    1    4    1    4    2    1    0      2037  268    0 MIX2     1    2  268  269
    5    1    1    1    8    7    2    1    1    1       742  273    0 MIX2     3    4    2    1  270  271  272  273
    5    2    1    1    2    1    2    1    1    1      2996  274    0 MIX2     2  274
    5    3    1    1    2    1    2    2    1    0      3743  275    0 MIX2     4  275
    5    4    2    1    8    0    0    2    0    0       834    8    1 MIX2     2    4    1    3  276  277  278  279
    5    5    1    1    4    1    4    1    1    1     17480    1    1 MIX2     4    1  280  281
    5    6    2    1    2    0    0    1    1    0      4641    6    1 MIX2     1  282
    5    7    1    1    8    8    1    1    1    1       577  283    0 MIX2     2    3    4    1  283  284  285  286
    5    8    2    1    8    0    0    1    0    1       603    4    1 MIX2     3    4    2    1  287  288  289  290
    5   10    2    1    8    0    0    2    1    1      1585  298    0 MIX2     4    3    1    2  294  295  296  297
    5   11    1    1    2    1    2    2    0    1     17653    2    1 MIX2     2  299
    5   12    1    1    4    2    3    1    0    0     10211    4    1 MIX2     3    4  300  301
    5   13    2    1    2    0    0    1    1    0      6613  303    0 MIX2     3  302
    5   14    1    1    8    7    2    1    1    1      1124    1    1 MIX2     4    3    1    2  304  305  306  307
    5   15    1    1    4    3    2    2    1    0      1358  308    0 MIX2     2    1  308  309
    5   16    2    1    2    0    0    1    1    0     13114  311    0 MIX2     3  310
    5   17    1    1    2    1    2    2    0    1       889    2    1 MIX2     2  312
    5   18    1    1    2    2    1    2    1    0      3273    2    1 MIX2     2  313
    5   19    1    1    8    6    3    1    1    1       966    3    1 MIX2     4    3    2    1  314  315  316  317
    5   20    2    1    2    0    0    2    1    1      6594    3    1 MIX2     3  318
    5   21    2    1    4    0    0    1    0    1     30412    1    1 MIX2     4    1  319  320
    5   22    2    1    2    0    0    2    0    0      4815  322    0 MIX2     2  321
    5   23    1    1    2    1    2    2    0    1     15514  323    0 MIX2     2  323
    5   24    1    1    2    1    2    2    0    1       889    3    1 MIX2     3  324
    6    1    2    1    4    0    0    1    1    0      3059  327    0 MIX2     1    4  325  326
    6    2    2    1    8    0    0    2    1    1       353    2    1 MIX2     4    1    3    2  328  329  330  331
    6    3    2    1    4    0    0    1    0    1     26458  334    0 MIX2     4    1  332  333
    6    4    1    1    8    8    1    1    1    1      8217    3    1 MIX2     4    1    2    3  335  336  337  338
    6    5    1    1    2    1    2    1    0    0      7316  339    0 MIX2     2  339
    6    6    2    1    8    0    0    1    0    1     11192    2    1 MIX2     1    2    3    4  340  341  342  343
    6    7    2    1    4    0    0    2    1    1      6665    3    1 MIX2     4    1  344  345
    6    8    2    1    2    0    0    1    1    0     15633    7    1 MIX2     4  346
    6    9    2    1    4    0    0    1    1    0       933  349    0 MIX2     4    1  347  348
    6   10    2    1    2    0    0    2    1    1      1266    1    1 MIX2     4  350
    6   11    1    1    2    1    2    1    1    1      1107  351    0 MIX2     4  351
    6   12    1    1    2    1    2    2    1    0      1506  352    0 MIX2     2  352
    6   13    2    1    4    0    0    2    0    0       910    8    1 MIX2     2    3  353  354
    6   14    1    1    4    4    1    1    1    1      1777  355    0 MIX2     3    1  355  356
    6   15    1    1    4    3    2    2    1    0      1377    4    1 MIX2     2    4  357  358
    6   16    1    1    4    2    3    2    0    1      1380    4    1 MIX2     2    4  359  360
    6   17    1    1    8    6    3    2    1    0      1478  361    0 MIX2     1    4    3    2  361  362  363  364
    6   18    1    1    8    8    1    1    1    1       627    1    1 MIX2     3    2    4    1  365  366  367  368
    6   19    2    1    2    0    0    2    1    1       750  370    0 MIX2     3  369
    6   20    1    1    4    2    3    2    0    1      1184  371    0 MIX2     2    3  371  372
    6   21    2    1    8    0    0    2    1    1       922  377    0 MIX2     3    2    4    1  373  374  375  376
    6   22    2    1    8    0    0    2    0    0      2389    5    1 MIX2     2    3    4    1  378  379  380  381
    6   23    2    1    8    0    0    1    1    0       862  386    0 MIX2     4    1    3    2  382  383  384  385
    6   24    1    1    8    6    3    1    0    0       789  387    0 MIX2     3    2    4    1  387  388  389  390
    7    1    2    1    8    0    0    1    0    1      4063    2    1 MIX2     4    3    2    1  391  392  393  394
    7    2    1    1    4    3    2    1    1    1      3533    2    1 MIX2     2    4  395  396
    7    3    1    1    8    6    3    1    0    0       368  399    0 MIX2     2    4    3    1  397  398  399  400
    7    4    2    1    8    0    0    1    1    0      1664  405    0 MIX2     1    2    4    3  401  402  403  404
    7    5    2    1    2    0    0    1    0    1      8200  407    0 MIX2     2  406
    7    6    2    1    8    0    0    1    0    1     12872    1    1 MIX2     2    4    3    1  408  409  410  411
    7    7    1    1    8    1    8    1    1    1      4333  413    0 MIX2     2    3    4    1  412  413  414  415
    7    8    1    1    2    2    1    1    1    1      4067  416    0 MIX2     4  416
    7    9    1    1    4    2    3    1    1    1      9232  417    0 MIX2     2    1  417  418
    7   10    2    1    4    0    0    1    1    0     12456    5    1 MIX2     4    1  419  420
    7   11    2    1    2    0    0    1    0    1     15216  422    0 MIX2     3  421
    7   12    2    1    8    0    0    1    1    0       648    8    1 MIX2     3    4    1    2  423  424  425  426
    7   13    1    1    2    2    1    1    1    1     14122  427    0 MIX2     2  427
    7   14    2    1    4    0    0    1    0    1       923  430    0 MIX2     4    2  428  429
    7   15    2    1    8    0    0    1    0    1      5559  435    0 MIX2     3    1    4    2  431  432  433  434
    7   16    2    1    8    0    0    1    1    0     14305  440    0 MIX2     1    3    4    2  436  437  438  439
    7   17    1    1    2    1    2    1    1    1      5656    3    1 MIX2     3  441
    7   18    2    1    2    0    0    1    1    0      2513    6    1 MIX2     2  442
    7   19    2    1    8    0    0    1    0    1     14045  447    0 MIX2     1    2    4    3  443  444  445  446
    7   20    2    1    4    0    0    1    1    0       650  450    0 MIX2     3    2  448  449
    7   21    2    1    4    0    0    1    1    0       375    5    1 MIX2     4    2  451  452
    7   22    2    1    4    0    0    1    1    0       440    5    1 MIX2     2    1  453  454
    7   23    2    1    4    0    0    1    0    1       711    1    1 MIX2     1    2  455  456
    7   24    1    1    4    3    2    2    1    0      1387  457    0 MIX2     3    4  457  458
    8    1    2    1    8    0    0    1    0    1       536    2    1 MIX2     2    4    1    3  459  460  461  462
    8    2    2    1    2    0    0    1    1    0      3094  464    0 MIX2     3  463
    8    3    2    1    8    0    0    1    1    0      2053    6    1 MIX2     4    2    1    3  465  466  467  468
    8    4    1    1    4    1    4    2    0    1      1371  469    0 MIX2     2    4  469  470
    8    5    2    1    8    0    0    2    1    1      1110  475    0 MIX2     2    4    3    1  471  472  473  474
    8    6    1    1    8    6    3    2    0    1       627  479    0 MIX2     3    2    4    1  476  477  478  479
    8    7    2    1    2    0    0    1    1    0      5846    7    1 MIX2     1  480
    8    8    2    1    8    0    0    1    1    0       929  485    0 MIX2     1    4    3    2  481  482  483  484
    8    9    1    1    8    7    2    1    1    1       988    2    1 MIX2     3    2    1    4  486  487  488  489
    8   10    1    1    8    3    6    1    0    0     14885    3    1 MIX2     2    3    1    4  490  491  492  493
    8   11    1    1    8    5    4    1    0    0      1331    1    1 MIX2     3    1    4    2  494  495  496  497
    8   12    2    1    8    0    0    1    1    0      3761    5    1 MIX2     3    4    1    2  498  499  500  501
    8   13    2    1    2    0    0    2    0    0      1061  503    0 MIX2     4  502
    8   14    1    1    4    4    1    2    1    0      5843  504    0 MIX2     3    1  504  505
    8   15    2    1    8    0    0    1    1    0       938  510    0 MIX2     1    3    2    4  506  507  508  509
    8   16    1    1    4    3    2    1    0    0      6820    4    1 MIX2     1    4  511  512
    8   17    2    1    4    0    0    1    1    0       858  515    0 MIX2     3    4  513  514
    8   18    2    1    4    0    0    2    1    1       648  518    0 MIX2     1    2  516  517
    8   19    1    1    8    7    2    1    1    1     19488    1    1 MIX2     3    2    1    4  519  520  521  522
    8   20    1    1    4    2    3    2    0    1       444    3    1 MIX2     2    3  523  524
    8   21    1    1    2    1    2    1    0    0       958    3    1 MIX2     3  525
    8   22    1    1    8    3    6    1    1    1       743    1    1 MIX2     3    4    1    2  526  527  528  529
    8   23    2    1    4    0    0    1    1    0      4969  532    0 MIX2     1    2  530  531
    8   24    1    1    4    2    3    2    1    0      1129    1    1 MIX2     4    1  533  534
    9    1    1    1    2    2    1    1    1    1       943  535    0 MIX2     3  535
    9    2    1    1    4    2    3    2    1    0      1178  536    0 MIX2     4    2  536  537
    9    3    1    1    8    6    3    2    1    0       764    2    1 MIX2     1    3    2    4  538  539  540  541
    9    4    2    1    8    0    0    2    1    1      1006    4    1 MIX2     2    1    3    4  542  543  544  545
    9    5    1    1    8    4    5    2    1    0       718    4    1 MIX2     4    1    2    3  546  547  548  549
    9    6    2    1    8    0    0    1    1    0      1001    7    1 MIX2     4    3    1    2  550  551  552  553
    9    7    1    1    2    2    1    2    1    0      1237  554    0 MIX2     1  554
    9    8    1    1    2    2    1    1    1    1      1094  555    0 MIX2     3  555
    9    9    2    1    4    0    0    1    1    0      1202    7    1 MIX2     4    2  556  557
    9   10    1    1    8    2    7    1    1    1      1059  559    0 MIX2     1    3    4    2  558  559  560  561
    9   11    1    1    4    4    1    2    1    0      1305    2    1 MIX2     3    2  562  563
    9   12    1    1    4    2    3    2    0    1      1741    1    1 MIX2     2    1  564  565
    9   13    2    1    4    0    0    1    0    1       344    3    1 MIX2     4    1  566  567
    9   14    2    1    4    0    0    2    0    0       857    6    1 MIX2     4    3  568  569
    9   15    1    1    8    3    6    2    1    0      2368    4    1 MIX2     3    2    1    4  570  571  572  573
    9   16    2    1    8    0    0    1    1    0      1889    7    1 MIX2     2    3    1    4  574  575  576  577
    9   17    2    1    2    0    0    1    0    1      9794    2    1 MIX2     3  578
    9   18    1    1    4    1    4    1    0    0      1746  580    0 MIX2     3    4  579  580
    9   19    2    1    2    0    0    1    1    0      1120  582    0 MIX2     2  581
    9   20    1    1    8    2    7    1    1    1      2460  583    0 MIX2     3    2    4    1  583  584  585  586
    9   21    1    1    8    2    7    1    1    1      6026    1    1 MIX2     4    3    1    2  587  588  589  590
    9   22    1    1    8    8    1    1    0    0     19435    3    1 MIX2     1    3    4    2  591  592  593  594
    9   23    2    1    2    0    0    2    0    0      4853  596    0 MIX2     4  595
    9   24    2    1    4    0    0    2    0    0      6882    5    1 MIX2     3    4  597  598
