    1    1    2    1    8    0    0    1    1    0      3440   13    0 MIX2     4   11   12    9    1    2   10    3
    1    2    1    1    8    5    4    1    0    0      3122   14    0 MIX2     1    4    3   15   14    2   16   17
    1    3    2    1    2    0    0    2    1    1      8344    1    1 MIX2     6   18
    1    4    1    1    8    3    6    2    1    0      1719   21    0 MIX2     2   22   21   20    4    3   19    1
    1    5    1    1    2    1    2    1    1    1      2740    5    1 MIX2     5   23
    1    6    1    1    8    6    3    1    1    1      1857   26    0 MIX2    27    6    8   25    7   26    5   24
    1    7    2    1    2    0    0    1    1    0      2170    7    1 MIX2    28    4
    1    8    1    1    4    2    3    2    1    0      1097    3    1 MIX2    30    3    1   29
    1    9    2    1    4    0    0    1    1    0       836   33    0 MIX2     1    4   31   32
    1   10    1    1    4    4    1    1    1    1      1034    6    1 MIX2     7   35   34    6
    1   11    1    1    2    1    2    1    1    1      2324    6    1 MIX2     6   36
    1   12    1    1    8    3    6    2    1    0      1702   39    0 MIX2     1    3   39   38   37    2   40    4
    1   13    1    1    2    2    1    2    1    0      3973   41    0 MIX2     4   41
    1   14    1    1    4    3    2    1    0    0       621   42    0 MIX2     3   43   42    1
    1   15    2    1    2    0    0    1    1    0       632    8    1 MIX2     1   44
    1   16    1    1    8    8    1    2    1    0      1565   47    0 MIX2     3   46   45   48    2    1    4   47
    1   17    1    1    4    2    3    2    1    0       981   49    0 MIX2     4   49    3   50
    1   18    1    1    4    3    2    1    1    1       612    5    1 MIX2     7   51    5   52
    1   19    1    1    8    2    7    2    1    0      3178    1    1 MIX2    56    1   53   55    3    2   54    4
    1   20    1    1    4    1    4    1    1    1       880    7    1 MIX2     7   58    8   57
    1   21    2    1    8    0    0    1    1    0      1179   63    0 MIX2     2   61   62    4    1    3   59   60
    1   22    2    1    2    0    0    1    1    0      1165   65    0 MIX2    64    3
    1   23    1    1    8    8    1    2    1    0       829   68    0 MIX2    69    4    2   66   67    3    1   68
    1   24    2    1    4    0    0    1    1    0       819    8    1 MIX2     3    2   70   71
    2    1    2    1    4    0    0    1    1    0      1222    5    1 MIX2    72    1   73    4
    2    2    1    1    4    2    3    2    0    1      1003   75    0 MIX2     8   75    6   74
    2    3    1    1    8    7    2    2    0    1      2306   76    0 MIX2     6    8    7    5   78   77   76   79
    2    4    2    1    2    0    0    1    1    0      1159   81    0 MIX2     2   80
    2    5    2    1    8    0    0    2    1    1      1446   86    0 MIX2    84   82   85    8   83    7    6    5
    2    6    2    1    4    0    0    2    1    1      1201   89    0 MIX2     7   87   88    5
    2    7    1    1    4    1    4    2    1    0      1382   90    0 MIX2    90    2   91    1
    2    8    2    1    4    0    0    2    1    1      1062    1    1 MIX2     5   93   92    7
    2    9    1    1    4    2    3    1    1    1      4657    8    1 MIX2    94    8    7   95
    2   10    1    1    8    5    4    1    1    1      1047    6    1 MIX2     7    8   99   96    6    5   98   97
    2   11    1    1    8    3    6    1    1    1      1419  100    0 MIX2     7    6  100  102    8  103  101    5
    2   12    1    1    8    4    5    1    1    1       751    7    1 MIX2     5  105  107    7    8  104    6  106
    2   13    1    1    8    5    4    2    1    0       847  110    0 MIX2     3  109    2    1  110  111  108    4
    2   14    1    1    2    2    1    1    1    1       912  112    0 MIX2     8  112
    2   15    1    1    8    3    6    2    0    1      1129    7    1 MIX2     5    6    7  116  115    8  114  113
    2   16    1    1    2    1    2    1    1    1       542  117    0 MIX2   117    8
    2   17    1    1    2    2    1    2    1    0       859    2    1 MIX2   118    2
    2   18    1    1    4    4    1    2    1    0       735    3    1 MIX2   119    4  120    3
    2   19    2    1    4    0    0    1    1    0       856    6    1 MIX2   121    3    2  122
    2   20    1    1    8    3    6    2    1    0      1188  126    0 MIX2   125  124  126  123    2    3    4    1
    2   21    2    1    8    0    0    1    1    0      1988    7    1 MIX2     2    3  130  128  127    4    1  129
    2   22    2    1    8    0    0    1    1    0      1060  135    0 MIX2   134    1    3  133  131    2    4  132
    2   23    2    1    8    0    0    2    1    1       872    2    1 MIX2   137    6  139    8    5  138  136    7
    2   24    1    1    8    5    4    1    1    1       691  140    0 MIX2     8  141    7    5  140  142    6  143
    3    1    1    1    8    8    1    2    1    0       854  145    0 MIX2   146    3    4    1    2  147  144  145
    3    2    1    1    2    2    1    2    1    0       823  148    0 MIX2     4  148
    3    3    2    1    4    0    0    2    1    1      1148    2    1 MIX2     7  150    6  149
    3    4    2    1    8    0    0    1    1    0       956  155    0 MIX2     1  151    2  152  153  154    4    3
    3    5    2    1    4    0    0    2    1    1       733  158    0 MIX2   157    5    6  156
    3    6    1    1    8    4    5    2    1    0      1486    3    1 MIX2   159  160    1    3  161  162    2    4
    3    7    1    1    8    8    1    2    1    0      1122    4    1 MIX2     1    2  166  163  165  164    3    4
    3    8    2    1    8    0    0    1    0    1      1170  171    0 MIX2     7    5    6  167  170  169  168    8
    3    9    1    1    8    1    8    1    1    1      1089    7    1 MIX2     7  174    8    6    5  172  173  175
    3   10    2    1    4    0    0    2    1    1       955  178    0 MIX2   176    8    6  177
    3   11    1    1    2    2    1    2    1    0       648  179    0 MIX2     1  179
    3   12    1    1    2    2    1    2    1    0       608  180    0 MIX2     3  180
    3   13    2    1    4    0    0    1    1    0       606    7    1 MIX2     4    1  182  181
    3   14    1    1    2    2    1    1    1    1       681  183    0 MIX2     8  183
    3   15    2    1    2    0    0    2    1    1      1743  185    0 MIX2     6  184
    3   16    2    1    2    0    0    2    1    1       778    4    1 MIX2     8  186
    3   17    2    1    4    0    0    1    1    0       848  189    0 MIX2   188  187    2    4
    3   18    1    1    4    1    4    2    0    1       883    7    1 MIX2     7    6  191  190
    3   19    1    1    8    1    8    1    1    1      1072    8    1 MIX2     8    7  192  195    6    5  194  193
    3   20    2    1    8    0    0    2    1    1      1397    2    1 MIX2   197  198    6    7  199    5    8  196
    3   21    1    1    4    2    3    2    1    0      1572    2    1 MIX2   200    2  201    4
    3   22    1    1    4    2    3    1    1    1      1164    5    1 MIX2   202    5    8  203
    3   23    1    1    8    7    2    2    1    0      1068  206    0 MIX2   204    1  205  207    2    4  206    3
    3   24    1    1    8    8    1    2    1    0      1216  208    0 MIX2     3  210    2    1  209  211    4  208
    4    1    1    1    8    6    3    1    1    1      1375    5    1 MIX2     7    6  212    8  214    5  213  215
    4    2    2    1    2    0    0    1    1    0       891    8    1 MIX2     1  216
    4    3    1    1    8    6    3    1    1    1      1928    8    1 MIX2     7  219    5    6  220    8  217  218
    4    4    1    1    4    1    4    1    1    1      1681  222    0 MIX2   222    5    7  221
    4    5    1    1    8    7    2    1    1    1      1164    7    1 MIX2   225    8  223  224    6  226    7    5
    4    6    2    1    4    0    0    1    1    0       852  229    0 MIX2   227    4  228    3
    4    7    1    1    8    2    7    2    1    0      1217  231    0 MIX2     4  231  233  232    1    2    3  230
    4    8    1    1    2    1    2    1    1    1       898    7    1 MIX2     7  234
    4    9    1    1    8    5    4    2    1    0      1261  236    0 MIX2   235    1    3    4  236  237    2  238
    4   10    2    1    8    0    0    1    0    1      1320  243    0 MIX2   240    5  242    8    6  241    7  239
    4   11    2    1    8    0    0    2    0    0      1329    8    1 MIX2     1    3  244  245  247    4    2  246
    4   12    2    1    4    0    0    1    0    1      1186    1    1 MIX2     6  249    5  248
    4   13    1    1    8    1    8    1    1    1       786  251    0 MIX2   251    8    7    6  253  250  252    5
    4   14    1    1    4    1    4    2    1    0      1240    2    1 MIX2     2  254    1  255
    4   15    1    1    4    2    3    1    1    1       782  257    0 MIX2   256  257    5    7
    4   16    2    1    8    0    0    2    0    0       558    7    1 MIX2     2  261  258  259    1  260    3    4
    4   17    2    1    4    0    0    2    0    0      1631    6    1 MIX2   263    4  262    2
    4   18    2    1    8    0    0    2    0    0      1037    5    1 MIX2     1  264    2  265    3    4  266  267
    4   19    1    1    4    1    4    2    0    1       778  269    0 MIX2   269    5  268    6
    4   20    2    1    8    0    0    1    0    1       954    2    1 MIX2     6    7  271  270    8  272    5  273
    4   21    2    1    4    0    0    2    1    1       745  276    0 MIX2   274  275    7    8
    4   22    1    1    2    1    2    1    1    1       830  277    0 MIX2   277    5
    4   23    1    1    8    1    8    2    0    1      4011  281    0 MIX2   281    8  279    5    7  278    6  280
    4   24    2    1    4    0    0    2    0    0      1454    6    1 MIX2   283    1    4  282
    5    1    1    1    8    4    5    2    1    0       940  284    0 MIX2   286    3    4  284    1    2  287  285
    5    2    2    1    8    0    0    2    1    1      1557  292    0 MIX2   288  291    7    6  290    8  289    5
    5    3    1    1    8    2    7    1    1    1       981    6    1 MIX2   294    6  296    7    5  295    8  293
    5    4    1    1    2    1    2    2    1    0       912    1    1 MIX2     1  297
    5    5    2    1    4    0    0    1    1    0       833  300    0 MIX2   298    1    2  299
    5    6    2    1    4    0    0    2    1    1      1159    3    1 MIX2     5  301    6  302
    5    7    2    1    8    0    0    2    1    1      1207  307    0 MIX2     6  305  304  306    7    8    5  303
    5    8    2    1    8    0    0    2    1    1      3301    1    1 MIX2     8    5  309  310  311    6    7  308
    5    9    2    1    8    0    0    2    1    1       958  316    0 MIX2     5    8  312  313  315  314    6    7
    5   10    1    1    8    7    2    1    1    1      1111    5    1 MIX2   317    8  318    6  320  319    5    7
    5   11    2    1    8    0    0    1    1    0      2393    7    1 MIX2   323    1    2  322  321    3    4  324
    5   12    1    1    2    1    2    2    1    0       763  325    0 MIX2   325    4
    5   13    1    1    2    1    2    1    1    1       863    5    1 MIX2     5  326
    5   14    1    1    2    1    2    2    1    0      1135  327    0 MIX2   327    1
    5   15    1    1    8    4    5    1    1    1      1088  331    0 MIX2     6  329  330  331    7    8  328    5
    5   16    1    1    4    1    4    1    1    1      1292    8    1 MIX2     8  333  332    7
    5   17    2    1    2    0    0    2    1    1       844    1    1 MIX2   334    6
    5   18    2    1    8    0    0    1    1    0      1832    7    1 MIX2     2    4  337  338    3  335    1  336
    5   19    1    1    2    1    2    2    1    0      1009    3    1 MIX2     3  339
    5   20    1    1    2    1    2    2    1    0       716  340    0 MIX2   340    2
    5   21    2    1    2    0    0    2    1    1      1552  342    0 MIX2     6  341
    5   22    1    1    8    6    3    1    1    1      1697    8    1 MIX2     6  344  346  343    5    8  345    7
    5   23    1    1    8    6    3    2    1    0      1498  347    0 MIX2   348    4    3    2  350  347  349    1
    5   24    2    1    4    0    0    2    1    1      2053    2    1 MIX2     5  352    6  351
    6    1    2    1    4    0    0    1    1    0      1867  355    0 MIX2   354    1  353    2
    6    2    1    1    2    2    1    1    1    1      1363    5    1 MIX2   356    5
    6    3    1    1    4    2    3    2    1    0       995  357    0 MIX2     1  357    3  358
    6    4    1    1    8    2    7    1    1    1      1034  360    0 MIX2   361  360  359    5    8    6  362    7
    6    5    2    1    8    0    0    2    1    1      1519  367    0 MIX2     7  363  364    6    8  366  365    5
    6    6    1    1    4    2    3    2    1    0      1018    4    1 MIX2     3    4  369  368
    6    7    2    1    2    0    0    1    1    0      1266  371    0 MIX2     3  370
    6    8    1    1    8    5    4    2    1    0       974  375    0 MIX2     2    1  372  373  375  374    3    4
    6    9    2    1    4    0    0    1    1    0       782  378    0 MIX2   376    3    2  377
    6   10    2    1    2    0    0    2    1    1       912  380    0 MIX2   379    7
    6   11    2    1    2    0    0    2    1    1       654    2    1 MIX2     8  381
    6   12    2    1    8    0    0    1    0    1      1635    3    1 MIX2   384    7    5  383    8  385    6  382
    6   13    2    1    8    0    0    1    1    0       671  390    0 MIX2   389  386    4    1  387  388    3    2
    6   14    1    1    4    4    1    2    1    0       731    2    1 MIX2   391    3  392    2
    6   15    1    1    2    1    2    1    1    1       609  393    0 MIX2   393    8
    6   16    1    1    4    3    2    1    1    1      1488    6    1 MIX2     7  394    6  395
    6   17    1    1    2    2    1    2    1    0      1096  396    0 MIX2     1  396
    6   18    2    1    2    0    0    2    1    1       525  398    0 MIX2     7  397
    6   19    2    1    8    0    0    1    1    0      2710    7    1 MIX2     3  402    1  399    4  400  401    2
    6   20    1    1    8    1    8    2    0    1      1384    8    1 MIX2     8  404  406    7  403    5    6  405
    6   21    2    1    2    0    0    1    1    0       643  408    0 MIX2     1  407
    6   22    2    1    4    0    0    2    1    1      1151    2    1 MIX2     5  409    7  410
    6   23    1    1    4    4    1    2    1    0      1128    1    1 MIX2   412    2  411    1
    6   24    2    1    8    0    0    1    1    0      1096  417    0 MIX2   414  413  415  416    1    4    2    3
    7    1    1    1    8    4    5    1    1    1       858    6    1 MIX2   418    5  421    6  419    7    8  420
    7    2    1    1    4    2    3    1    0    0       959  422    0 MIX2     2  422  423    1
    7    3    1    1    2    2    1    1    1    1       827  424    0 MIX2     6  424
    7    4    1    1    4    2    3    2    1    0      4176    2    1 MIX2     3    2  426  425
    7    5    2    1    2    0    0    1    1    0       875  428    0 MIX2     3  427
    7    6    1    1    4    3    2    1    1    1      1055    7    1 MIX2     8  429    7  430
    7    7    1    1    4    3    2    1    1    1      1164    7    1 MIX2   431    5    7  432
    7    8    2    1    8    0    0    1    1    0       987  437    0 MIX2   436    2    3  433    4  435    1  434
    7    9    1    1    2    2    1    2    0    1      2135    6    1 MIX2   438    6
    7   10    1    1    4    4    1    1    1    1       824  439    0 MIX2     7  440    6  439
    7   11    2    1    8    0    0    2    1    1      2517  445    0 MIX2     5    6  441  443    8  442  444    7
    7   12    2    1    4    0    0    1    0    1      1335    3    1 MIX2     7  447  446    5
