    1    1    1    1    4    1    4    1    1    1      2356    3    1 MIX2     4    3    9   10
    1    2    2    1    2    0    0    1    1    0      6184   12    0 MIX2     4   11
    1    3    1    1    8    3    6    2    1    0      1315   16    0 MIX2     3    2    4    1   13   14   15   16
    1    4    1    1    2    2    1    2    1    0      1153   17    0 MIX2     1   17
    1    5    2    1    4    0    0    2    1    1      1306    4    1 MIX2     4    2   18   19
    1    6    2    1    8    0    0    1    1    0      1353    5    1 MIX2     4    2    1    3   20   21   22   23
    1    7    1    1    2    2    1    2    1    0       919    3    1 MIX2     3   24
    1    8    1    1    8    6    3    2    1    0      1027   26    0 MIX2     4    2    1    3   25   26   27   28
    1    9    1    1    2    1    2    1    1    1       879    3    1 MIX2     3   29
    1   10    2    1    4    0    0    1    1    0      4738   32    0 MIX2     2    4   30   31
    1   11    1    1    2    1    2    2    1    0       921    4    1 MIX2     4   33
    1   12    1    1    2    1    2    1    1    1       680    2    1 MIX2     2   34
    1   13    1    1    8    3    6    1    1    1       879   37    0 MIX2     4    2    1    3   35   36   37   38
    1   14    1    1    8    3    6    1    1    1       814   40    0 MIX2     1    4    3    2   39   40   41   42
    1   15    1    1    2    2    1    1    1    1       529    4    1 MIX2     4   43
    1   16    1    1    4    4    1    1    1    1       453   45    0 MIX2     3    2   44   45
    1   17    1    1    2    2    1    1    1    1       646   46    0 MIX2     3   46
    1   18    1    1    8    2    7    2    1    0      1295   48    0 MIX2     2    3    1    4   47   48   49   50
    1   19    1    1    4    3    2    1    1    1       868   52    0 MIX2     3    4   51   52
    1   20    1    1    8    7    2    1    1    1       756   55    0 MIX2     1    4    3    2   53   54   55   56
    1   21    2    1    2    0    0    1    1    0      1577   58    0 MIX2     4   57
    1   22    2    1    2    0    0    1    1    0      1278   60    0 MIX2     2   59
    1   23    1    1    4    2    3    1    1    1       852    4    1 MIX2     4    3   61   62
    1   24    1    1    8    5    4    2    1    0      1412   63    0 MIX2     1    3    2    4   63   64   65   66
    2    1    2    1    8    0    0    2    1    1      3698   71    0 MIX2     2    1    4    3   67   68   69   70
    2    2    2    1    2    0    0    2    1    1      1250    3    1 MIX2     2   72
    2    3    2    1    2    0    0    1    1    0      4467   74    0 MIX2     4   73
    2    4    2    1    8    0    0    2    1    1      1283    4    1 MIX2     3    1    4    2   75   76   77   78
    2    5    1    1    8    2    7    2    1    0      1283   80    0 MIX2     2    1    4    3   79   80   81   82
    2    6    1    1    4    4    1    1    1    1       809   84    0 MIX2     3    2   83   84
    2    7    2    1    2    0    0    2    1    1      2284   86    0 MIX2     1   85
    2    8    1    1    2    2    1    1    1    1       836    3    1 MIX2     3   87
    2    9    2    1    8    0    0    2    1    1      1142    1    1 MIX2     3    1    4    2   88   89   90   91
    2   10    2    1    8    0    0    1    1    0      1145   96    0 MIX2     2    3    1    4   92   93   94   95
    2   11    1    1    4    2    3    2    1    0      1396    1    1 MIX2     1    4   97   98
    2   12    1    1    2    2    1    1    1    1      1120   99    0 MIX2     1   99
    2   13    2    1    8    0    0    1    1    0      5140  104    0 MIX2     1    3    4    2  100  101  102  103
    2   14    2    1    2    0    0    1    1    0      1035    8    1 MIX2     4  105
    2   15    2    1    2    0    0    2    1    1      1013  107    0 MIX2     4  106
    2   16    2    1    2    0    0    2    1    1      1664    3    1 MIX2     1  108
    2   17    1    1    4    3    2    2    1    0       854  110    0 MIX2     2    3  109  110
    2   18    2    1    8    0    0    2    1    1      1111  115    0 MIX2     3    1    4    2  111  112  113  114
    2   19    1    1    4    2    3    1    1    1      5300  116    0 MIX2     4    3  116  117
    2   20    2    1    4    0    0    1    1    0      1177    5    1 MIX2     4    2  118  119
    2   21    2    1    8    0    0    1    1    0      1134  124    0 MIX2     4    3    1    2  120  121  122  123
    2   22    1    1    8    7    2    1    1    1       883    2    1 MIX2     4    1    2    3  125  126  127  128
    2   23    2    1    2    0    0    1    1    0      1060    5    1 MIX2     1  129
    2   24    2    1    2    0    0    1    1    0      1742    8    1 MIX2     3  130
    3    1    1    1    2    1    2    2    1    0      1564    4    1 MIX2     4  131
    3    2    1    1    2    1    2    2    1    0      1104  132    0 MIX2     3  132
    3    3    1    1    2    2    1    2    1    0       888  133    0 MIX2     4  133
    3    4    2    1    2    0    0    1    1    0      2264    6    1 MIX2     1  134
    3    5    2    1    4    0    0    1    1    0      1029    5    1 MIX2     4    2  135  136
    3    6    2    1    4    0    0    1    1    0      1493  139    0 MIX2     2    4  137  138
    3    7    2    1    2    0    0    1    1    0      1374  141    0 MIX2     4  140
    3    8    2    1    4    0    0    1    1    0      1008    7    1 MIX2     2    4  142  143
    3    9    1    1    8    6    3    1    1    1      1387    1    1 MIX2     3    4    1    2  144  145  146  147
    3   10    1    1    2    1    2    2    0    1      1127    3    1 MIX2     3  148
    3   11    2    1    2    0    0    1    1    0      1581  150    0 MIX2     1  149
    3   12    1    1    4    4    1    1    1    1       887    1    1 MIX2     1    4  151  152
    3   13    1    1    4    3    2    2    1    0      1277    2    1 MIX2     2    4  153  154
    3   14    1    1    2    1    2    2    1    0      1101  155    0 MIX2     1  155
    3   15    2    1    2    0    0    2    1    1      1414    2    1 MIX2     2  156
    3   16    1    1    4    1    4    2    1    0      1285  158    0 MIX2     4    2  157  158
    3   17    2    1    4    0    0    2    1    1       970  161    0 MIX2     1    2  159  160
    3   18    2    1    8    0    0    1    1    0      1207    7    1 MIX2     2    3    1    4  162  163  164  165
    3   19    1    1    8    5    4    1    1    1       953    2    1 MIX2     2    3    4    1  166  167  168  169
    3   20    2    1    4    0    0    1    1    0       764  172    0 MIX2     3    1  170  171
    3   21    1    1    2    1    2    1    1    1       641  173    0 MIX2     1  173
    3   22    2    1    8    0    0    1    1    0       731  178    0 MIX2     4    1    2    3  174  175  176  177
    3   23    1    1    2    1    2    2    1    0      1009    2    1 MIX2     2  179
    3   24    2    1    2    0    0    1    1    0      1293  181    0 MIX2     3  180
    4    1    2    1    2    0    0    1    1    0      1540  183    0 MIX2     2  182
    4    2    1    1    4    4    1    2    0    1      1551    3    1 MIX2     3    2  184  185
    4    3    1    1    4    4    1    2    1    0      1114    4    1 MIX2     1    4  186  187
    4    4    2    1    2    0    0    1    1    0       753    7    1 MIX2     1  188
    4    5    2    1    4    0    0    1    1    0      1036    5    1 MIX2     4    1  189  190
    4    6    2    1    4    0    0    1    1    0       795  193    0 MIX2     4    2  191  192
    4    7    2    1    2    0    0    1    1    0       752  195    0 MIX2     4  194
    4    8    2    1    2    0    0    2    1    1       917    2    1 MIX2     4  196
    4    9    2    1    2    0    0    2    1    1       900  198    0 MIX2     2  197
    4   10    2    1    4    0    0    1    1    0       889  201    0 MIX2     4    2  199  200
    4   11    2    1    2    0    0    1    0    1      2265    2    1 MIX2     4  202
    4   12    2    1    2    0    0    2    1    1       834  204    0 MIX2     4  203
    4   13    1    1    8    5    4    1    1    1      1571  208    0 MIX2     2    1    3    4  205  206  207  208
    4   14    2    1    8    0    0    2    1    1      1255    4    1 MIX2     1    4    3    2  209  210  211  212
    4   15    1    1    8    6    3    1    1    1      1176  213    0 MIX2     3    4    1    2  213  214  215  216
    4   16    1    1    8    1    8    2    1    0      1101    2    1 MIX2     4    1    3    2  217  218  219  220
    4   17    1    1    4    4    1    1    1    1       857  221    0 MIX2     2    4  221  222
    4   18    2    1    8    0    0    2    1    1      2458  227    0 MIX2     4    2    1    3  223  224  225  226
    4   19    2    1    8    0    0    2    1    1      1131    1    1 MIX2     3    2    1    4  228  229  230  231
    4   20    1    1    4    4    1    2    1    0      1319  232    0 MIX2     4    2  232  233
    4   21    1    1    8    6    3    1    1    1      1092    2    1 MIX2     1    2    4    3  234  235  236  237
    4   22    1    1    8    7    2    2    1    0       987    2    1 MIX2     3    2    4    1  238  239  240  241
    4   23    1    1    8    4    5    1    1    1      1269    2    1 MIX2     4    2    1    3  242  243  244  245
    4   24    2    1    4    0    0    1    1    0      1098  248    0 MIX2     3    4  246  247
    5    1    2    1    8    0    0    2    1    1      1126    2    1 MIX2     4    1    2    3  249  250  251  252
    5    2    1    1    8    3    6    1    1    1      1210    1    1 MIX2     2    1    4    3  253  254  255  256
    5    3    2    1    8    0    0    2    1    1      1196  261    0 MIX2     1    2    4    3  257  258  259  260
    5    4    2    1    8    0    0    1    1    0      1183  266    0 MIX2     3    4    1    2  262  263  264  265
    5    5    1    1    4    2    3    1    1    1      1176    1    1 MIX2     3    1  267  268
    5    6    1    1    8    8    1    2    1    0      1499    3    1 MIX2     3    2    4    1  269  270  271  272
    5    7    2    1    4    0    0    1    1    0      1223    7    1 MIX2     4    1  273  274
    5    8    1    1    2    2    1    2    1    0       874    3    1 MIX2     3  275
    5    9    1    1    8    8    1    1    1    1      1112    4    1 MIX2     3    4    1    2  276  277  278  279
    5   10    2    1    4    0    0    2    0    0      1045    8    1 MIX2     4    2  280  281
    5   11    2    1    4    0    0    2    1    1      1924    1    1 MIX2     3    4  282  283
    5   12    1    1    2    1    2    1    1    1       859  284    0 MIX2     2  284
    5   13    2    1    4    0    0    1    1    0      1313    8    1 MIX2     3    4  285  286
    5   14    2    1    4    0    0    2    1    1      1046    1    1 MIX2     2    4  287  288
    5   15    2    1    4    0    0    1    1    0      1589  291    0 MIX2     2    4  289  290
    5   16    2    1    4    0    0    2    1    1       877  294    0 MIX2     2    1  292  293
    5   17    1    1    2    1    2    1    0    0      1166    4    1 MIX2     4  295
    5   18    2    1    4    0    0    1    1    0      1127  298    0 MIX2     1    2  296  297
    5   19    2    1    2    0    0    2    1    1      1182  300    0 MIX2     3  299
    5   20    2    1    8    0    0    2    1    1      1281    1    1 MIX2     3    1    2    4  301  302  303  304
    5   21    1    1    8    1    8    1    1    1      1505  307    0 MIX2     4    3    1    2  305  306  307  308
    5   22    1    1    8    2    7    1    1    1      1159    3    1 MIX2     1    2    4    3  309  310  311  312
    5   23    2    1    4    0    0    1    1    0      1056  315    0 MIX2     4    2  313  314
    5   24    2    1    8    0    0    1    1    0       922    7    1 MIX2     2    1    4    3  316  317  318  319
    6    1    1    1    8    3    6    1    1    1      1465    4    1 MIX2     4    2    3    1  320  321  322  323
    6    2    2    1    4    0    0    1    1    0      1415  326    0 MIX2     2    4  324  325
    6    3    1    1    8    8    1    1    1    1       802  328    0 MIX2     3    4    1    2  327  328  329  330
    6    4    1    1    2    2    1    2    1    0      1078    2    1 MIX2     2  331
    6    5    1    1    2    1    2    1    0    0       652  332    0 MIX2     4  332
    6    6    1    1    2    2    1    1    1    1      1063    1    1 MIX2     1  333
    6    7    2    1    2    0    0    2    1    1      1808    3    1 MIX2     4  334
    6    8    1    1    4    1    4    1    1    1       961  336    0 MIX2     1    2  335  336
    6    9    1    1    4    3    2    1    1    1       964    2    1 MIX2     3    2  337  338
    6   10    1    1    2    1    2    2    1    0      1248    2    1 MIX2     2  339
    6   11    2    1    8    0    0    1    1    0      1248  344    0 MIX2     3    2    4    1  340  341  342  343
    6   12    1    1    8    7    2    2    1    0       994  345    0 MIX2     2    1    4    3  345  346  347  348
    6   13    1    1    4    1    4    1    1    1       995  350    0 MIX2     1    3  349  350
    6   14    2    1    4    0    0    2    1    1      1269  353    0 MIX2     1    2  351  352
    6   15    2    1    8    0    0    1    1    0      1381    7    1 MIX2     4    1    3    2  354  355  356  357
    6   16    1    1    8    4    5    1    0    0      1296    3    1 MIX2     4    2    3    1  358  359  360  361
    6   17    1    1    4    3    2    1    1    1      1124  362    0 MIX2     2    1  362  363
    6   18    1    1    2    2    1    2    1    0      1276    4    1 MIX2     4  364
    6   19    1    1    8    6    3    1    1    1      1053  365    0 MIX2     1    3    4    2  365  366  367  368
    6   20    2    1    8    0    0    2    1    1      1078    1    1 MIX2     4    1    3    2  369  370  371  372
    6   21    2    1    2    0    0    2    1    1       974  374    0 MIX2     2  373
    6   22    1    1    8    8    1    2    1    0      1225  376    0 MIX2     3    2    4    1  375  376  377  378
    6   23    2    1    2    0    0    2    1    1       972  380    0 MIX2     3  379
    6   24    2    1    2    0    0    1    1    0      1384  382    0 MIX2     1  381
    7    1    1    1    4    1    4    1    1    1       924  384    0 MIX2     1    3  383  384
    7    2    1    1    8    7    2    1    0    0      2826    3    1 MIX2     2    1    4    3  385  386  387  388
    7    3    1    1    4    4    1    1    1    1       754  390    0 MIX2     3    1  389  390
    7    4    2    1    4    0    0    1    0    1      1694    4    1 MIX2     4    1  391  392
    7    5    1    1    2    2    1    2    1    0       894    3    1 MIX2     3  393
    7    6    2    1    2    0    0    1    1    0      1566    5    1 MIX2     1  394
    7    7    2    1    4    0    0    2    1    1      1063    1    1 MIX2     2    4  395  396
    7    8    2    1    4    0    0    1    1    0      1110    7    1 MIX2     2    1  397  398
    7    9    1    1    2    1    2    2    1    0      1646    1    1 MIX2     1  399
    7   10    2    1    8    0    0    1    1    0      1198  404    0 MIX2     4    2    1    3  400  401  402  403
    7   11    2    1    8    0    0    1    1    0      1137  409    0 MIX2     1    3    4    2  405  406  407  408
    7   12    2    1    4    0    0    2    1    1      1164  412    0 MIX2     2    3  410  411
    7   13    1    1    2    2    1    1    1    1      1106    4    1 MIX2     4  413
    7   14    2    1    2    0    0    1    1    0      1082    8    1 MIX2     4  414
    7   15    1    1    4    2    3    1    1    1      1047    2    1 MIX2     3    2  415  416
    7   16    1    1    8    7    2    2    1    0      1631  417    0 MIX2     3    2    1    4  417  418  419  420
    7   17    1    1    8    2    7    2    1    0      1262  424    0 MIX2     1    4    2    3  421  422  423  424
    7   18    2    1    4    0    0    2    1    1      1060    1    1 MIX2     2    4  425  426
    7   19    2    1    4    0    0    2    1    1      1267    2    1 MIX2     3    4  427  428
    7   20    2    1    8    0    0    2    1    1      1185    3    1 MIX2     3    1    2    4  429  430  431  432
    7   21    1    1    4    2    3    1    1    1      1451    1    1 MIX2     1    3  433  434
    7   22    1    1    8    4    5    1    1    1       947    3    1 MIX2     2    4    1    3  435  436  437  438
    7   23    2    1    4    0    0    1    1    0      1094    6    1 MIX2     2    4  439  440
    7   24    2    1    4    0    0    1    1    0      1347  443    0 MIX2     4    1  441  442
    8    1    1    1    4    1    4    2    1    0      1340    2    1 MIX2     2    1  444  445
    8    2    1    1    4    1    4    2    1    0       591    3    1 MIX2     2    3  446  447
    8    3    1    1    8    6    3    1    1    1       969  450    0 MIX2     1    2    4    3  448  449  450  451
    8    4    1    1    4    2    3    1    0    0      1355    2    1 MIX2     2    1  452  453
    8    5    2    1    8    0    0    1    1    0      1017  458    0 MIX2     2    1    4    3  454  455  456  457
    8    6    2    1    4    0    0    1    1    0       792    8    1 MIX2     2    4  459  460
    8    7    2    1    4    0    0    2    1    1      1954    4    1 MIX2     4    3  461  462
    8    8    1    1    2    2    1    2    1    0      1319  463    0 MIX2     3  463
    8    9    2    1    2    0    0    2    1    1       966  465    0 MIX2     3  464
    8   10    2    1    8    0    0    1    1    0      1155    6    1 MIX2     2    4    3    1  466  467  468  469
    8   11    2    1    8    0    0    1    1    0      1127    6    1 MIX2     1    4    2    3  470  471  472  473
    8   12    1    1    8    6    3    2    1    0      1085  477    0 MIX2     1    2    4    3  474  475  476  477
    8   13    2    1    8    0    0    2    1    1      1252    1    1 MIX2     4    1    2    3  478  479  480  481
    8   14    1    1    4    3    2    1    0    0      1178    4    1 MIX2     4    2  482  483
    8   15    2    1    2    0    0    2    1    1      1038    2    1 MIX2     2  484
    8   16    2    1    4    0    0    1    0    1       972    2    1 MIX2     3    2  485  486
    8   17    2    1    4    0    0    2    1    1      1053    4    1 MIX2     4    3  487  488
    8   18    1    1    2    1    2    2    1    0      1190    2    1 MIX2     2  489
    8   19    2    1    2    0    0    1    1    0      1978    8    1 MIX2     4  490
    8   20    2    1    8    0    0    1    1    0       989  495    0 MIX2     2    3    4    1  491  492  493  494
    8   21    1    1    4    4    1    2    1    0       398    3    1 MIX2     4    3  496  497
    8   22    1    1    2    1    2    2    1    0       546    4    1 MIX2     4  498
    8   23    1    1    8    3    6    2    1    0       720  499    0 MIX2     3    4    2    1  499  500  501  502
    8   24    2    1    8    0    0    1    1    0       919  507    0 MIX2     2    1    3    4  503  504  505  506
    9    1    2    1    2    0    0    1    1    0       939  509    0 MIX2     2  508
    9    2    1    1    8    6    3    1    1    1       488  513    0 MIX2     2    1    4    3  510  511  512  513
    9    3    2    1    8    0    0    1    1    0       647  518    0 MIX2     4    3    1    2  514  515  516  517
    9    4    2    1    8    0    0    1    1    0       559  523    0 MIX2     4    3    1    2  519  520  521  522
    9    5    2    1    4    0    0    1    1    0       738    8    1 MIX2     4    1  524  525
    9    6    1    1    8    7    2    1    1    1       903    3    1 MIX2     3    2    1    4  526  527  528  529
    9    7    1    1    2    2    1    2    1    0       518    4    1 MIX2     4  530
    9    8    2    1    8    0    0    1    1    0       709  535    0 MIX2     3    4    1    2  531  532  533  534
    9    9    1    1    8    2    7    1    1    1      1229  539    0 MIX2     4    3    1    2  536  537  538  539
    9   10    1    1    8    5    4    1    1    1       655  541    0 MIX2     3    1    2    4  540  541  542  543
    9   11    2    1    2    0    0    2    1    1      1241  545    0 MIX2     1  544
    9   12    2    1    8    0    0    1    1    0      1002    7    1 MIX2     3    4    1    2  546  547  548  549
    9   13    2    1    4    0    0    1    1    0       873  552    0 MIX2     1    3  550  551
    9   14    1    1    2    2    1    2    1    0      1259  553    0 MIX2     1  553
    9   15    1    1    4    2    3    1    1    1       834    2    1 MIX2     2    1  554  555
    9   16    2    1    8    0    0    1    1    0       899    7    1 MIX2     2    3    4    1  556  557  558  559
    9   17    1    1    4    3    2    1    0    0      2696    3    1 MIX2     4    3  560  561
    9   18    1    1    8    4    5    1    1    1       783    2    1 MIX2     2    1    4    3  562  563  564  565
    9   19    2    1    4    0    0    1    1    0       985    6    1 MIX2     4    3  566  567
    9   20    2    1    4    0    0    1    1    0       987    6    1 MIX2     1    3  568  569
    9   21    2    1    2    0    0    1    0    1      3607  571    0 MIX2     1  570
    9   22    2    1    8    0    0    1    0    1       953    1    1 MIX2     1    2    4    3  572  573  574  575
    9   23    2    1    8    0    0    1    1    0       869    7    1 MIX2     3    4    2    1  576  577  578  579
    9   24    1    1    4    4    1    1    1    1       923    3    1 MIX2     2    3  580  581
