    1    1    2    1    4    0    0    1    1    0      2262   11    0 MIX2     1    4    9   10
    1    2    2    1    4    0    0    2    1    1       640    4    1 MIX2     1    2   12   13
    1    3    1    1    4    1    4    2    1    0      2093    4    1 MIX2     2    4   14   15
    1    4    1    1    4    2    3    1    1    1       961    2    1 MIX2     4    2   16   17
    1    5    2    1    8    0    0    2    1    1      2092    4    1 MIX2     1    3    4    2   18   19   20   21
    1    6    1    1    4    4    1    1    1    1       768    2    1 MIX2     2    3   22   23
    1    7    2    1    8    0    0    1    1    0       979   28    0 MIX2     3    1    2    4   24   25   26   27
    1    8    2    1    4    0    0    2    1    1      1124   31    0 MIX2     3    4   29   30
    1    9    1    1    8    1    8    2    1    0      1112    1    1 MIX2     1    4    2    3   32   33   34   35
    1   10    2    1    8    0    0    1    1    0       782   40    0 MIX2     1    4    2    3   36   37   38   39
    1   11    1    1    4    4    1    2    1    0       838   42    0 MIX2     1    4   41   42
    1   12    1    1    4    3    2    2    1    0       813   44    0 MIX2     1    2   43   44
    1   13    1    1    4    1    4    1    0    0      1409    3    1 MIX2     3    1   45   46
    1   14    1    1    2    1    2    2    1    0       844   47    0 MIX2     2   47
    1   15    2    1    2    0    0    1    1    0       846    6    1 MIX2     3   48
    1   16    2    1    4    0    0    2    1    1      1316    2    1 MIX2     3    1   49   50
    1   17    1    1    4    3    2    2    1    0       776    2    1 MIX2     2    1   51   52
    1   18    1    1    4    4    1    1    1    1      1073    4    1 MIX2     4    1   53   54
    1   19    1    1    4    4    1    1    1    1       767    2    1 MIX2     2    3   55   56
    1   20    2    1    2    0    0    1    1    0       884    5    1 MIX2     1   57
    1   21    1    1    2    2    1    1    1    1       867   58    0 MIX2     1   58
    1   22    1    1    4    2    3    2    1    0       952    4    1 MIX2     3    4   59   60
    1   23    2    1    8    0    0    1    1    0       978   65    0 MIX2     3    1    2    4   61   62   63   64
    1   24    2    1    4    0    0    2    1    1      1187    1    1 MIX2     4    1   66   67
    2    1    1    1    8    1    8    2    1    0       764    4    1 MIX2     2    4    1    3   68   69   70   71
    2    2    2    1    2    0    0    2    1    1      1184   73    0 MIX2     1   72
    2    3    1    1    8    7    2    2    1    0       673    2    1 MIX2     4    2    3    1   74   75   76   77
    2    4    1    1    4    4    1    1    1    1       751   78    0 MIX2     1    2   78   79
    2    5    2    1    4    0    0    1    1    0       710   82    0 MIX2     4    2   80   81
    2    6    1    1    8    8    1    1    1    1       876   85    0 MIX2     2    1    3    4   83   84   85   86
    2    7    2    1    2    0    0    1    1    0       603   88    0 MIX2     1   87
    2    8    1    1    8    7    2    2    1    0       693    2    1 MIX2     2    4    3    1   89   90   91   92
    2    9    1    1    8    4    5    2    1    0       667   96    0 MIX2     3    4    2    1   93   94   95   96
    2   10    2    1    2    0    0    1    1    0       515   98    0 MIX2     3   97
    2   11    2    1    4    0    0    2    1    1      1030    3    1 MIX2     4    2   99  100
    2   12    2    1    8    0    0    2    1    1      1582    3    1 MIX2     4    1    3    2  101  102  103  104
    2   13    1    1    2    2    1    2    1    0       610    3    1 MIX2     3  105
    2   14    1    1    8    8    1    2    1    0       508    3    1 MIX2     4    2    1    3  106  107  108  109
    2   15    2    1    8    0    0    2    1    1       810  114    0 MIX2     3    2    4    1  110  111  112  113
    2   16    2    1    8    0    0    2    1    1      1004  119    0 MIX2     3    1    2    4  115  116  117  118
    2   17    2    1    2    0    0    2    1    1       775  121    0 MIX2     1  120
    2   18    2    1    4    0    0    1    1    0       721    6    1 MIX2     1    4  122  123
    2   19    2    1    2    0    0    2    1    1       759    3    1 MIX2     2  124
    2   20    1    1    2    2    1    2    1    0       653    4    1 MIX2     4  125
    2   21    1    1    4    1    4    1    0    0       747    2    1 MIX2     1    2  126  127
    2   22    2    1    8    0    0    2    1    1      1119    3    1 MIX2     3    2    1    4  128  129  130  131
    2   23    2    1    8    0    0    2    1    1       946  136    0 MIX2     4    3    2    1  132  133  134  135
    2   24    2    1    4    0    0    1    1    0       629    8    1 MIX2     1    4  137  138
    3    1    2    1    2    0    0    2    1    1       602    2    1 MIX2     3  139
    3    2    2    1    8    0    0    1    1    0       721    7    1 MIX2     3    4    2    1  140  141  142  143
    3    3    2    1    8    0    0    2    0    0      1717    8    1 MIX2     3    2    1    4  144  145  146  147
    3    4    1    1    4    2    3    2    1    0       761  148    0 MIX2     3    4  148  149
    3    5    2    1    4    0    0    1    1    0       546  152    0 MIX2     3    4  150  151
    3    6    2    1    4    0    0    2    1    1      1044    3    1 MIX2     3    1  153  154
    3    7    1    1    8    8    1    1    1    1      1167  155    0 MIX2     4    2    3    1  155  156  157  158
    3    8    1    1    2    2    1    1    1    1       675  159    0 MIX2     3  159
    3    9    1    1    2    1    2    2    1    0       764    2    1 MIX2     2  160
    3   10    2    1    4    0    0    1    1    0       693    5    1 MIX2     3    1  161  162
    3   11    1    1    4    4    1    2    1    0       434    3    1 MIX2     3    1  163  164
    3   12    2    1    2    0    0    2    1    1       916    4    1 MIX2     2  165
    3   13    2    1    4    0    0    2    1    1      1289    4    1 MIX2     2    4  166  167
    3   14    2    1    4    0    0    1    1    0       862    8    1 MIX2     2    4  168  169
    3   15    2    1    4    0    0    2    1    1       819  172    0 MIX2     2    4  170  171
    3   16    1    1    4    4    1    2    1    0       603    2    1 MIX2     4    2  173  174
    3   17    1    1    2    1    2    2    1    0       790    1    1 MIX2     1  175
    3   18    2    1    2    0    0    2    1    1       826  177    0 MIX2     2  176
    3   19    1    1    2    2    1    2    1    0       428  178    0 MIX2     1  178
    3   20    2    1    4    0    0    1    1    0       644    7    1 MIX2     4    1  179  180
    3   21    2    1    8    0    0    2    1    1       941    1    1 MIX2     2    3    1    4  181  182  183  184
    3   22    1    1    2    1    2    2    0    1       891    3    1 MIX2     3  185
    3   23    2    1    8    0    0    1    1    0       843    8    1 MIX2     1    2    3    4  186  187  188  189
    3   24    2    1    8    0    0    1    1    0       811    5    1 MIX2     1    2    4    3  190  191  192  193
    4    1    2    1    8    0    0    2    1    1       682  198    0 MIX2     2    1    4    3  194  195  196  197
    4    2    2    1    2    0    0    2    1    1       786    3    1 MIX2     1  199
    4    3    2    1    2    0    0    1    1    0       533    6    1 MIX2     1  200
    4    4    1    1    4    4    1    1    1    1       728    2    1 MIX2     2    4  201  202
    4    5    1    1    8    7    2    2    1    0       719    4    1 MIX2     3    1    2    4  203  204  205  206
    4    6    2    1    2    0    0    2    1    1       790    4    1 MIX2     3  207
    4    7    2    1    4    0    0    1    1    0       622    5    1 MIX2     4    1  208  209
    4    8    1    1    8    2    7    1    1    1       999  212    0 MIX2     3    1    4    2  210  211  212  213
    4    9    1    1    4    2    3    1    1    1       903    4    1 MIX2     4    3  214  215
    4   10    2    1    8    0    0    2    0    0       692    8    1 MIX2     1    3    4    2  216  217  218  219
    4   11    1    1    2    1    2    1    1    1       588  220    0 MIX2     1  220
    4   12    1    1    8    6    3    1    1    1       727  223    0 MIX2     3    2    4    1  221  222  223  224
    4   13    2    1    2    0    0    1    1    0      1854    8    1 MIX2     3  225
    4   14    1    1    4    3    2    1    1    1       572  226    0 MIX2     2    4  226  227
    4   15    2    1    2    0    0    1    1    0       537    6    1 MIX2     2  228
    4   16    2    1    8    0    0    2    1    1       741    3    1 MIX2     1    3    4    2  229  230  231  232
    4   17    1    1    8    6    3    2    1    0       681  233    0 MIX2     3    2    1    4  233  234  235  236
    4   18    2    1    2    0    0    2    1    1       610    2    1 MIX2     1  237
    4   19    2    1    2    0    0    2    1    1       845  239    0 MIX2     3  238
    4   20    2    1    8    0    0    2    1    1       766    4    1 MIX2     1    4    3    2  240  241  242  243
    4   21    2    1    8    0    0    1    1    0       881    7    1 MIX2     3    2    1    4  244  245  246  247
    4   22    1    1    8    6    3    2    1    0       592    4    1 MIX2     3    2    4    1  248  249  250  251
    4   23    2    1    4    0    0    2    1    1       560  254    0 MIX2     1    2  252  253
    4   24    1    1    4    2    3    1    1    1       850    4    1 MIX2     4    3  255  256
    5    1    2    1    2    0    0    1    1    0       476  258    0 MIX2     1  257
    5    2    2    1    8    0    0    1    1    0       681    5    1 MIX2     4    3    2    1  259  260  261  262
    5    3    2    1    8    0    0    2    0    0      1263    8    1 MIX2     2    3    4    1  263  264  265  266
    5    4    2    1    4    0    0    2    1    1       549    2    1 MIX2     2    4  267  268
    5    5    2    1    2    0    0    1    1    0       449  270    0 MIX2     1  269
    5    6    1    1    4    2    3    1    0    0       471  271    0 MIX2     4    3  271  272
    5    7    1    1    2    2    1    1    1    1       663  273    0 MIX2     2  273
    5    8    1    1    8    1    8    2    1    0       622  276    0 MIX2     4    2    3    1  274  275  276  277
    5    9    2    1    2    0    0    1    1    0       649    5    1 MIX2     1  278
    5   10    2    1    2    0    0    1    1    0       722    5    1 MIX2     4  279
    5   11    2    1    2    0    0    1    1    0       537    6    1 MIX2     3  280
    5   12    1    1    8    4    5    2    1    0       563    3    1 MIX2     2    3    1    4  281  282  283  284
    5   13    1    1    2    1    2    2    1    0       608  285    0 MIX2     1  285
    5   14    2    1    8    0    0    2    1    1       633  290    0 MIX2     1    4    3    2  286  287  288  289
    5   15    2    1    2    0    0    1    1    0       515  292    0 MIX2     2  291
    5   16    2    1    2    0    0    1    1    0       657    6    1 MIX2     3  293
    5   17    2    1    2    0    0    2    1    1       715  295    0 MIX2     1  294
    5   18    2    1    4    0    0    2    1    1       583    4    1 MIX2     3    1  296  297
    5   19    1    1    8    4    5    1    1    1       769    2    1 MIX2     3    4    1    2  298  299  300  301
    5   20    2    1    2    0    0    1    1    0       565  303    0 MIX2     1  302
    5   21    2    1    8    0    0    2    1    1       673    2    1 MIX2     3    4    2    1  304  305  306  307
    5   22    2    1    2    0    0    2    1    1       537  309    0 MIX2     4  308
    5   23    2    1    2    0    0    2    1    1       535  311    0 MIX2     2  310
    5   24    1    1    4    4    1    1    1    1       841  313    0 MIX2     4    2  312  313
    6    1    1    1    2    1    2    1    1    1       771    1    1 MIX2     1  314
    6    2    2    1    4    0    0    2    1    1       572  317    0 MIX2     2    4  315  316
    6    3    1    1    4    1    4    2    1    0       797  319    0 MIX2     3    4  318  319
    6    4    1    1    8    2    7    1    0    0       782    3    1 MIX2     2    3    4    1  320  321  322  323
    6    5    2    1    2    0    0    1    1    0       546    5    1 MIX2     4  324
    6    6    2    1    2    0    0    1    1    0       495    5    1 MIX2     2  325
    6    7    1    1    2    2    1    2    1    0       655  326    0 MIX2     2  326
    6    8    2    1    4    0    0    2    1    1       797  329    0 MIX2     4    1  327  328
    6    9    1    1    8    8    1    1    1    1       750    1    1 MIX2     3    4    2    1  330  331  332  333
    6   10    1    1    4    4    1    1    1    1       441  335    0 MIX2     1    4  334  335
    6   11    1    1    2    2    1    2    1    0       555    4    1 MIX2     4  336
    6   12    2    1    4    0    0    2    1    1       795    4    1 MIX2     3    1  337  338
    6   13    2    1    8    0    0    2    1    1       891  343    0 MIX2     4    3    1    2  339  340  341  342
    6   14    2    1    2    0    0    1    1    0       443  345    0 MIX2     4  344
    6   15    2    1    8    0    0    2    1    1       587    3    1 MIX2     3    4    2    1  346  347  348  349
    6   16    1    1    2    2    1    2    1    0       472    3    1 MIX2     3  350
    6   17    2    1    4    0    0    2    1    1       590    1    1 MIX2     3    1  351  352
    6   18    2    1    4    0    0    1    1    0       799    5    1 MIX2     4    3  353  354
    6   19    2    1    4    0    0    1    1    0       519  357    0 MIX2     2    4  355  356
    6   20    2    1    8    0    0    2    1    1       708    1    1 MIX2     2    1    4    3  358  359  360  361
    6   21    1    1    2    2    1    2    1    0       651    1    1 MIX2     1  362
    6   22    2    1    4    0    0    2    1    1       521    4    1 MIX2     1    3  363  364
    6   23    1    1    4    4    1    2    1    0       446    1    1 MIX2     2    1  365  366
    6   24    1    1    2    2    1    2    1    0       495    4    1 MIX2     4  367
    7    1    1    1    4    4    1    2    1    0       332    3    1 MIX2     3    2  368  369
    7    2    2    1    4    0    0    2    1    1       582    4    1 MIX2     1    2  370  371
    7    3    1    1    8    5    4    2    1    0       544    3    1 MIX2     4    3    1    2  372  373  374  375
    7    4    1    1    4    4    1    2    1    0       387  376    0 MIX2     1    3  376  377
    7    5    2    1    4    0    0    2    1    1       571  380    0 MIX2     3    1  378  379
    7    6    1    1    8    1    8    2    1    0       534    3    1 MIX2     4    3    2    1  381  382  383  384
    7    7    2    1    2    0    0    2    1    1       739    3    1 MIX2     4  385
    7    8    1    1    4    2    3    2    1    0       702  387    0 MIX2     4    3  386  387
    7    9    2    1    8    0    0    1    1    0       596    6    1 MIX2     1    4    2    3  388  389  390  391
    7   10    1    1    2    1    2    2    1    0      2111    1    1 MIX2     1  392
    7   11    1    1    2    1    2    2    1    0       575    3    1 MIX2     3  393
    7   12    1    1    8    2    7    2    1    0       618    1    1 MIX2     3    4    1    2  394  395  396  397
    7   13    2    1    4    0    0    1    1    0       521    6    1 MIX2     1    2  398  399
    7   14    2    1    4    0    0    1    1    0       668  402    0 MIX2     2    4  400  401
    7   15    1    1    8    5    4    2    1    0       531  405    0 MIX2     2    1    3    4  403  404  405  406
    7   16    2    1    8    0    0    1    1    0       639    7    1 MIX2     2    1    3    4  407  408  409  410
    7   17    1    1    4    3    2    1    1    1       829  411    0 MIX2     4    3  411  412
    7   18    2    1    2    0    0    2    1    1       447  414    0 MIX2     4  413
    7   19    2    1    2    0    0    1    1    0       511  416    0 MIX2     3  415
    7   20    1    1    8    1    8    1    1    1       733  420    0 MIX2     2    3    1    4  417  418  419  420
    7   21    2    1    8    0    0    1    1    0       640    7    1 MIX2     3    4    1    2  421  422  423  424
    7   22    2    1    8    0    0    1    1    0       537    6    1 MIX2     2    4    3    1  425  426  427  428
    7   23    2    1    4    0    0    2    1    1       715    2    1 MIX2     4    1  429  430
    7   24    1    1    8    5    4    1    1    1       561  432    0 MIX2     4    2    3    1  431  432  433  434
    8    1    1    1    8    6    3    1    1    1       820    4    1 MIX2     1    4    2    3  435  436  437  438
    8    2    2    1    4    0    0    1    1    0       683  441    0 MIX2     2    4  439  440
    8    3    2    1    2    0    0    2    1    1       531  443    0 MIX2     1  442
    8    4    2    1    4    0    0    1    1    0       597    5    1 MIX2     3    4  444  445
    8    5    2    1    4    0    0    2    1    1       597    1    1 MIX2     2    4  446  447
    8    6    2    1    4    0    0    1    1    0       532  450    0 MIX2     1    4  448  449
    8    7    2    1    2    0    0    1    1    0       481  452    0 MIX2     3  451
    8    8    2    1    8    0    0    1    1    0       641    8    1 MIX2     3    2    1    4  453  454  455  456
    8    9    2    1    8    0    0    2    1    1       584  461    0 MIX2     1    2    3    4  457  458  459  460
    8   10    2    1    8    0    0    1    1    0       674    8    1 MIX2     4    3    2    1  462  463  464  465
    8   11    2    1    8    0    0    2    1    1       809    2    1 MIX2     2    4    1    3  466  467  468  469
    8   12    2    1    8    0    0    1    1    0       538  474    0 MIX2     1    4    2    3  470  471  472  473
    8   13    2    1    2    0    0    2    1    1       488    2    1 MIX2     4  475
    8   14    2    1    8    0    0    1    1    0       518  480    0 MIX2     3    1    2    4  476  477  478  479
    8   15    2    1    2    0    0    1    1    0       468  482    0 MIX2     1  481
    8   16    1    1    8    2    7    1    0    0       451  485    0 MIX2     4    3    1    2  483  484  485  486
    8   17    1    1    4    2    3    1    1    1       649    4    1 MIX2     4    2  487  488
    8   18    2    1    4    0    0    2    1    1       823    1    1 MIX2     3    2  489  490
    8   19    1    1    4    1    4    2    1    0       590    1    1 MIX2     1    2  491  492
    8   20    1    1    4    1    4    1    1    1       879    3    1 MIX2     3    2  493  494
    8   21    1    1    8    7    2    1    1    1       813  496    0 MIX2     2    3    1    4  495  496  497  498
    8   22    2    1    4    0    0    2    1    1       581    3    1 MIX2     4    3  499  500
    8   23    2    1    4    0    0    2    1    1       646  503    0 MIX2     3    4  501  502
    8   24    1    1    2    1    2    2    1    0       528    1    1 MIX2     1  504
    9    1    1    1    2    1    2    1    1    1       450  505    0 MIX2     1  505
    9    2    2    1    4    0    0    2    1    1       535    2    1 MIX2     3    1  506  507
    9    3    1    1    4    2    3    1    1    1       811  508    0 MIX2     3    2  508  509
    9    4    1    1    4    1    4    2    1    0       547  510    0 MIX2     4    2  510  511
    9    5    2    1    8    0    0    2    0    0       494    7    1 MIX2     2    1    4    3  512  513  514  515
    9    6    2    1    8    0    0    1    1    0       637  520    0 MIX2     1    2    3    4  516  517  518  519
    9    7    2    1    4    0    0    2    1    1       620    2    1 MIX2     4    1  521  522
    9    8    2    1    2    0    0    1    1    0      1158  524    0 MIX2     4  523
    9    9    2    1    4    0    0    1    1    0       544    8    1 MIX2     2    4  525  526
    9   10    1    1    8    8    1    1    1    1       347  530    0 MIX2     1    3    2    4  527  528  529  530
    9   11    2    1    4    0    0    1    1    0       566    5    1 MIX2     3    2  531  532
    9   12    2    1    8    0    0    1    1    0       528    6    1 MIX2     2    1    4    3  533  534  535  536
    9   13    2    1    4    0    0    1    1    0       500  539    0 MIX2     3    1  537  538
    9   14    2    1    4    0    0    1    1    0       520    6    1 MIX2     2    4  540  541
    9   15    1    1    2    1    2    2    1    0       631  542    0 MIX2     1  542
    9   16    2    1    8    0    0    1    1    0       494  547    0 MIX2     1    2    3    4  543  544  545  546
    9   17    2    1    8    0    0    1    1    0       635    8    1 MIX2     1    4    2    3  548  549  550  551
    9   18    1    1    8    2    7    1    1    1       692    2    1 MIX2     2    3    1    4  552  553  554  555
    9   19    2    1    8    0    0    2    1    1       649  560    0 MIX2     2    3    1    4  556  557  558  559
    9   20    2    1    4    0    0    2    1    1       599    1    1 MIX2     3    4  561  562
    9   21    1    1    4    3    2    1    1    1       566  563    0 MIX2     1    2  563  564
    9   22    1    1    2    1    2    2    1    0       514  565    0 MIX2     1  565
    9   23    1    1    2    1    2    1    1    1       561    2    1 MIX2     2  566
    9   24    2    1    2    0    0    1    1    0       527  568    0 MIX2     1  567
