    1    1    1    1    8    1    8    2    1    0       779    1    1 MIX2     1    9   11   12    2   10    4    3
    1    2    1    1    8    1    8    1    1    1       700    6    1 MIX2     6   16   14    8    7    5   15   13
    1    3    1    1    4    3    2    1    1    1       649    5    1 MIX2     6   18    5   17
    1    4    2    1    2    0    0    2    1    1       882    2    1 MIX2    19    6
    1    5    1    1    2    2    1    1    1    1       706   20    0 MIX2     7   20
    1    6    2    1    2    0    0    1    1    0       681   22    0 MIX2     4   21
    1    7    2    1    4    0    0    2    1    1       614   25    0 MIX2    23    5    8   24
    1    8    1    1    8    4    5    2    0    1       527   26    0 MIX2    29    6    7   26   27   28    5    8
    1    9    2    1    4    0    0    1    1    0       963    7    1 MIX2    31    3   30    2
    1   10    2    1    8    0    0    1    1    0       733   36    0 MIX2    34   33   32    2    1   35    3    4
    1   11    1    1    8    6    3    1    0    0       803    4    1 MIX2    38   40    3   37   39    4    2    1
    1   12    2    1    8    0    0    1    1    0       533   45    0 MIX2     1    3   43    2   41    4   44   42
    1   13    1    1    8    7    2    2    1    0       690   46    0 MIX2     4   48    3    1   49    2   46   47
    1   14    1    1    4    4    1    1    1    1       385    6    1 MIX2     5   50   51    6
    1   15    1    1    4    1    4    2    1    0       634    1    1 MIX2     1   52   53    4
    1   16    1    1    8    5    4    1    1    1       739   54    0 MIX2    55    8    5   56   54    6    7   57
    1   17    2    1    4    0    0    2    1    1       686   60    0 MIX2     5   59   58    8
    1   18    2    1    8    0    0    2    1    1       694   65    0 MIX2     6    7   63    8   64   62   61    5
    1   19    2    1    4    0    0    2    1    1       562   68    0 MIX2     6    8   67   66
    1   20    1    1    4    3    2    2    1    0       597    2    1 MIX2     4   69    2   70
    1   21    1    1    4    3    2    1    1    1       694    6    1 MIX2    72   71    6    8
    1   22    2    1    8    0    0    2    1    1       605   77    0 MIX2    74   73   76    7   75    6    5    8
    1   23    1    1    2    2    1    1    1    1       553    7    1 MIX2    78    7
    1   24    2    1    8    0    0    2    1    1       757    3    1 MIX2    82    6   79    8   81    5   80    7
    2    1    2    1    4    0    0    1    1    0       678    8    1 MIX2     1    3   84   83
    2    2    2    1    2    0    0    2    1    1       511    2    1 MIX2    85    7
    2    3    2    1    8    0    0    2    1    1       636   90    0 MIX2    89    7    5    6   87   86    8   88
    2    4    2    1    2    0    0    2    1    1       455   92    0 MIX2     7   91
    2    5    2    1    2    0    0    2    1    1       520   94    0 MIX2    93    8
    2    6    2    1    8    0    0    1    0    1       805    4    1 MIX2    95   97    5    7    8    6   96   98
    2    7    2    1    2    0    0    2    1    1       473    2    1 MIX2     8   99
    2    8    2    1    2    0    0    2    1    1       619  101    0 MIX2     5  100
    2    9    1    1    8    2    7    2    1    0      1299  105    0 MIX2     4  105  103    3    2  104    1  102
    2   10    1    1    8    3    6    2    1    0      1090  108    0 MIX2     4  109  108  106  107    1    3    2
    2   11    1    1    2    1    2    2    1    0       618    3    1 MIX2     3  110
    2   12    2    1    8    0    0    1    1    0       581  115    0 MIX2   111  112    4    1    2  113    3  114
    2   13    2    1    4    0    0    2    1    1       469  118    0 MIX2     6    7  117  116
    2   14    1    1    8    2    7    1    1    1       868    7    1 MIX2     8    7  119  121    5  120  122    6
    2   15    2    1    4    0    0    1    1    0       681  125    0 MIX2   123  124    3    1
    2   16    1    1    8    7    2    2    1    0      1152  129    0 MIX2     2  127    1  126    4    3  129  128
    2   17    1    1    4    3    2    1    1    1       731  130    0 MIX2   131    8  130    7
    2   18    1    1    8    6    3    2    1    0       767    3    1 MIX2   135  134    2  132  133    3    1    4
    2   19    2    1    8    0    0    1    1    0       691  140    0 MIX2   139  138    3    4  137    1    2  136
    2   20    1    1    2    2    1    1    1    1       619    5    1 MIX2   141    5
    2   21    1    1    2    1    2    2    1    0      1414    1    1 MIX2     1  142
    2   22    1    1    8    7    2    1    1    1       705  143    0 MIX2     8  144  146    5    7    6  143  145
    2   23    2    1    8    0    0    1    1    0      1286    6    1 MIX2   147    2    3    4  148  149    1  150
    2   24    1    1    4    2    3    2    1    0       715    1    1 MIX2   152    1  151    3
    3    1    1    1    8    2    7    1    1    1       734    8    1 MIX2     7    8  156  153    6  154    5  155
    3    2    2    1    2    0    0    1    1    0       549    5    1 MIX2   157    2
    3    3    1    1    2    2    1    1    1    1       402  158    0 MIX2     7  158
    3    4    2    1    4    0    0    1    1    0       601    5    1 MIX2   159  160    1    3
    3    5    2    1    2    0    0    1    1    0      1637    7    1 MIX2   161    4
    3    6    1    1    8    4    5    1    1    1       743    8    1 MIX2     6    5  162    8  163  164  165    7
    3    7    2    1    4    0    0    1    1    0       467    6    1 MIX2     4  166  167    1
    3    8    1    1    2    2    1    1    1    1       436  168    0 MIX2     8  168
    3    9    2    1    2    0    0    2    1    1       580  170    0 MIX2     5  169
    3   10    1    1    4    3    2    1    0    0       454  171    0 MIX2     2  172  171    1
    3   11    1    1    4    3    2    1    1    1       718    6    1 MIX2   174  173    6    5
    3   12    1    1    2    2    1    2    1    0       693    2    1 MIX2   175    2
    3   13    1    1    8    1    8    2    0    1       829    7    1 MIX2     7    6  176    5    8  177  178  179
    3   14    2    1    8    0    0    2    1    1       686  184    0 MIX2   181  183    8    5  182    6    7  180
    3   15    1    1    8    8    1    2    1    0       599    1    1 MIX2   187    4  188    2  186  185    3    1
    3   16    2    1    2    0    0    2    0    0      1202    6    1 MIX2     3  189
    3   17    2    1    4    0    0    1    1    0       683  192    0 MIX2   190    1  191    3
    3   18    2    1    8    0    0    2    1    1       659  197    0 MIX2     8    7  193    6  194  196    5  195
    3   19    1    1    4    4    1    1    1    1       497  199    0 MIX2     7    8  198  199
    3   20    1    1    2    2    1    1    1    1       513  200    0 MIX2     5  200
    3   21    1    1    4    3    2    1    1    1      1060    7    1 MIX2   201    8    7  202
    3   22    1    1    4    1    4    1    1    1       930    8    1 MIX2     8  203    6  204
    3   23    1    1    8    1    8    1    1    1       639    7    1 MIX2     7  208  206    5  207  205    8    6
    3   24    1    1    8    4    5    1    1    1       745    5    1 MIX2     6  209  212    5  210    8  211    7
    4    1    2    1    2    0    0    1    1    0       583  214    0 MIX2   213    4
    4    2    1    1    8    5    4    2    1    0       963  215    0 MIX2   217  216    1    4  215  218    2    3
    4    3    2    1    4    0    0    2    1    1       677  221    0 MIX2     7  220  219    5
    4    4    2    1    8    0    0    2    1    1       684  226    0 MIX2   222  225  224    7    6  223    5    8
    4    5    2    1    2    0    0    1    1    0       564    7    1 MIX2   227    1
    4    6    1    1    4    3    2    1    1    1      1334    8    1 MIX2   228  229    8    7
    4    7    2    1    4    0    0    1    1    0       729  232    0 MIX2     1  231  230    2
    4    8    2    1    2    0    0    2    1    1       656  234    0 MIX2     7  233
    4    9    2    1    4    0    0    2    1    1      1294  237    0 MIX2   235    8    6  236
    4   10    2    1    8    0    0    1    1    0      1116    6    1 MIX2   240    3    2  241  238  239    4    1
    4   11    1    1    4    3    2    1    1    1       568    8    1 MIX2   242    6    8  243
    4   12    2    1    8    0    0    2    1    1       608  248    0 MIX2     7  245  247  244  246    6    5    8
    4   13    1    1    4    1    4    1    1    1       960  250    0 MIX2   250    8  249    5
    4   14    1    1    2    2    1    2    1    0       542  251    0 MIX2     1  251
    4   15    1    1    8    5    4    1    1    1       652    6    1 MIX2     5  255  253  252    6  254    7    8
    4   16    1    1    8    5    4    2    1    0       820  257    0 MIX2     1    4  256    3  257    2  259  258
    4   17    2    1    2    0    0    2    1    1       630  261    0 MIX2     5  260
    4   18    2    1    8    0    0    2    1    1       767  266    0 MIX2     6  265    7    5    8  262  263  264
    4   19    2    1    8    0    0    2    1    1       595  271    0 MIX2     5    7  270    8  268  269  267    6
    4   20    2    1    2    0    0    2    1    1       606  273    0 MIX2   272    7
    4   21    2    1    4    0    0    2    1    1       510    1    1 MIX2   274    8    5  275
    4   22    1    1    8    8    1    2    1    0       525    2    1 MIX2   276  277  278    3    1  279    4    2
    4   23    2    1    8    0    0    1    1    0       796    5    1 MIX2   283  280    1    4    2    3  282  281
    4   24    1    1    8    4    5    1    1    1      1055    6    1 MIX2     5  286  287    6  284  285    7    8
    5    1    1    1    8    4    5    1    1    1       614    5    1 MIX2   288    8  289    5  291    6    7  290
    5    2    1    1    8    4    5    2    0    1       705  294    0 MIX2     6  295    8  294  293    5  292    7
    5    3    2    1    2    0    0    2    1    1       616    2    1 MIX2     6  296
    5    4    2    1    2    0    0    1    1    0       530  298    0 MIX2     2  297
    5    5    2    1    4    0    0    1    1    0       534    5    1 MIX2   299    1  300    4
    5    6    2    1    8    0    0    1    0    1       819    2    1 MIX2     6  304    8    5    7  302  301  303
    5    7    1    1    4    4    1    1    1    1       428    5    1 MIX2   306  305    8    5
    5    8    2    1    2    0    0    2    1    1       479  308    0 MIX2   307    7
    5    9    1    1    2    1    2    2    1    0       784  309    0 MIX2   309    2
    5   10    1    1    2    1    2    2    1    0       516  310    0 MIX2   310    3
    5   11    1    1    4    2    3    2    1    0       792    1    1 MIX2   311    1  312    4
    5   12    2    1    2    0    0    2    1    1       748    2    1 MIX2   313    6
    5   13    2    1    4    0    0    2    1    1       550  316    0 MIX2     7    8  314  315
    5   14    2    1    8    0    0    1    0    1       739    3    1 MIX2     7  320  317  319    6  318    8    5
    5   15    2    1    2    0    0    2    1    1       666    4    1 MIX2     8  321
    5   16    1    1    4    1    4    1    1    1       536    8    1 MIX2     8  323    7  322
    5   17    1    1    2    2    1    2    1    0       518    3    1 MIX2   324    3
    5   18    1    1    2    1    2    1    1    1       629    8    1 MIX2     8  325
    5   19    2    1    8    0    0    1    1    0       656  330    0 MIX2   329  328    3  326    4  327    1    2
    5   20    2    1    4    0    0    1    1    0       495  333    0 MIX2     2  331    3  332
    5   21    1    1    2    2    1    1    1    1       495    7    1 MIX2   334    7
    5   22    2    1    4    0    0    2    1    1       517  337    0 MIX2   336  335    7    8
    5   23    2    1    4    0    0    1    1    0       473  340    0 MIX2     4  339  338    1
    5   24    2    1    4    0    0    1    1    0       463  343    0 MIX2   341  342    1    2
    6    1    2    1    4    0    0    1    1    0       522  346    0 MIX2     2  345  344    3
    6    2    2    1    2    0    0    2    1    1       487  348    0 MIX2   347    7
    6    3    1    1    4    3    2    1    1    1       653  350    0 MIX2     7  349  350    8
    6    4    1    1    8    6    3    1    1    1       725  353    0 MIX2     6    5  351  352    7  353    8  354
    6    5    1    1    4    1    4    2    1    0       879  355    0 MIX2   355  356    1    3
    6    6    2    1    4    0    0    1    1    0       837    7    1 MIX2     2    4  357  358
    6    7    2    1    4    0    0    2    1    1       732  361    0 MIX2     6  360    5  359
    6    8    2    1    4    0    0    2    1    1      1208    4    1 MIX2     5  363  362    8
    6    9    1    1    2    1    2    1    1    1       539    8    1 MIX2     8  364
    6   10    1    1    2    2    1    2    1    0       634  365    0 MIX2     3  365
    6   11    2    1    8    0    0    2    1    1      1332    3    1 MIX2   369  366    6    7    5  367    8  368
    6   12    1    1    2    2    1    1    1    1       450  370    0 MIX2     8  370
    6   13    2    1    2    0    0    2    1    1       530  372    0 MIX2   371    5
    6   14    1    1    8    1    8    2    1    0       863  373    0 MIX2   373  374  375    4    1    2    3  376
    6   15    1    1    8    2    7    1    1    1      1056  379    0 MIX2   380  379    6  377    5    8  378    7
    6   16    1    1    4    2    3    2    1    0       623  382    0 MIX2     3  382  381    4
    6   17    2    1    8    0    0    2    1    1       922    3    1 MIX2   384    8    6    5  386  385    7  383
    6   18    2    1    8    0    0    2    1    1       712  391    0 MIX2   387  390  389    6    8    5    7  388
    6   19    2    1    2    0    0    2    1    1       511    4    1 MIX2     8  392
    6   20    1    1    4    1    4    1    1    1       724  394    0 MIX2   394    8  393    5
    6   21    2    1    4    0    0    2    1    1       655  397    0 MIX2   395    7    5  396
    6   22    1    1    8    6    3    1    1    1       727  400    0 MIX2   398    6  399    7    5  400  401    8
    6   23    1    1    4    2    3    1    1    1       723    8    1 MIX2     6    8  403  402
    6   24    1    1    4    3    2    2    1    0       879    2    1 MIX2   404  405    2    3
    7    1    2    1    8    0    0    2    1    1       605  410    0 MIX2     5    7  408  406  407    6  409    8
    7    2    1    1    8    5    4    1    1    1       777  413    0 MIX2   412  411    6  414  413    7    8    5
    7    3    2    1    2    0    0    1    0    1      5023    3    1 MIX2   415    7
    7    4    1    1    8    3    6    1    0    0      2105  416    0 MIX2   419    3  416    1    4  417    2  418
    7    5    2    1    8    0    0    1    1    0       969  424    0 MIX2     4  423  422  421    1  420    3    2
    7    6    2    1    8    0    0    1    1    0       596    5    1 MIX2     3  428    4  426    1    2  427  425
    7    7    2    1    4    0    0    1    1    0       741    5    1 MIX2   429    1  430    2
    7    8    1    1    8    8    1    2    1    0      1050  431    0 MIX2   434  433    1  432    4    3    2  431
    7    9    2    1    4    0    0    2    1    1       759  437    0 MIX2     7    5  435  436
    7   10    1    1    8    6    3    2    1    0       603  441    0 MIX2   440    3    4    2  438  441    1  439
    7   11    2    1    8    0    0    1    1    0       613  446    0 MIX2     3  444    1  443    2    4  445  442
    7   12    1    1    2    2    1    1    1    1       655    7    1 MIX2   447    7
    7   13    2    1    4    0    0    2    1    1       942    1    1 MIX2   449    6    5  448
    7   14    2    1    8    0    0    2    1    1       778    2    1 MIX2   452  451  453  450    6    8    5    7
    7   15    2    1    4    0    0    2    1    1       580    3    1 MIX2     6    7  454  455
    7   16    2    1    8    0    0    1    1    0       640    7    1 MIX2     1    2  456  459  457  458    4    3
    7   17    2    1    2    0    0    2    1    1       539    4    1 MIX2     6  460
    7   18    2    1    4    0    0    1    1    0       606    7    1 MIX2   461    2    3  462
    7   19    2    1    4    0    0    2    1    1       879    3    1 MIX2   464    8    7  463
    7   20    1    1    2    1    2    2    1    0       768    3    1 MIX2     3  465
    7   21    2    1    2    0    0    2    1    1       724  467    0 MIX2   466    8
    7   22    1    1    8    2    7    1    1    1       777  470    0 MIX2   469  470    6  468  471    5    7    8
    7   23    2    1    8    0    0    2    0    0       702    6    1 MIX2   472    1    3  473    2  475  474    4
    7   24    2    1    8    0    0    2    1    1       884  480    0 MIX2     6  479  476    5  478    7    8  477
    8    1    1    1    8    2    7    2    0    1       560    5    1 MIX2   481    5  484    7  482    6    8  483
    8    2    2    1    8    0    0    2    1    1       587    1    1 MIX2     8  487    7  488  486    6    5  485
    8    3    2    1    4    0    0    1    1    0       539  491    0 MIX2   489    2    4  490
    8    4    1    1    8    3    6    2    1    0       856  495    0 MIX2     2  494  495  493    4    1    3  492
    8    5    2    1    2    0    0    1    1    0       490  497    0 MIX2     2  496
    8    6    2    1    4    0    0    1    0    1       782    2    1 MIX2     5  499  498    6
    8    7    2    1    4    0    0    1    1    0       776    8    1 MIX2   500    1    3  501
    8    8    2    1    4    0    0    2    1    1       720    4    1 MIX2   502    7  503    5
    8    9    1    1    4    2    3    1    1    1       765  504    0 MIX2     7  504  505    6
    8   10    2    1    8    0    0    1    1    0       704  510    0 MIX2   507    3    2  508  506    1  509    4
    8   11    1    1    2    1    2    1    0    0       472  511    0 MIX2   511    2
    8   12    2    1    8    0    0    1    1    0       745    8    1 MIX2   512    2    1  513    4    3  514  515
    8   13    1    1    4    2    3    1    1    1       660    8    1 MIX2   516    8  517    6
    8   14    2    1    8    0    0    1    1    0       989  522    0 MIX2     2  520    1    3  521  518    4  519
    8   15    1    1    2    1    2    2    1    0       650    3    1 MIX2     3  523
    8   16    1    1    4    2    3    2    0    1       791    5    1 MIX2   525    5  524    8
    8   17    1    1    4    4    1    2    1    0       929  527    0 MIX2   526    2    1  527
    8   18    2    1    2    0    0    2    1    1       721    4    1 MIX2     5  528
    8   19    2    1    4    0    0    1    1    0      1051    6    1 MIX2   529    1    4  530
    8   20    1    1    4    4    1    1    1    1       601  531    0 MIX2   532    6    8  531
    8   21    2    1    8    0    0    2    1    1       627    2    1 MIX2     7    6    8  534    5  536  533  535
    8   22    2    1    4    0    0    2    1    1       532    4    1 MIX2     8  537  538    5
    8   23    2    1    4    0    0    1    1    0       520    6    1 MIX2     4  539    1  540
    8   24    1    1    4    3    2    1    1    1       588    5    1 MIX2   541    7    5  542
    9    1    2    1    4    0    0    2    1    1       813    1    1 MIX2     5  544    8  543
    9    2    2    1    2    0    0    2    1    1       512  546    0 MIX2     6  545
    9    3    1    1    4    2    3    2    1    0      1140    2    1 MIX2   547    2    4  548
    9    4    1    1    2    2    1    1    1    1       379    6    1 MIX2   549    6
    9    5    1    1    8    1    8    1    1    1       671  553    0 MIX2   553    8  552    5  550    6    7  551
    9    6    1    1    4    4    1    1    1    1       364    6    1 MIX2     5  554  555    6
    9    7    1    1    2    1    2    1    1    1       466  556    0 MIX2   556    8
    9    8    2    1    8    0    0    2    1    1       754    4    1 MIX2   558  560  557    6    7  559    8    5
    9    9    1    1    8    5    4    1    1    1       727    7    1 MIX2     8  564    6    5    7  561  563  562
    9   10    2    1    2    0    0    2    1    1       542    2    1 MIX2   565    8
    9   11    2    1    8    0    0    1    1    0       587  570    0 MIX2   566  569    4    2  567    3    1  568
    9   12    2    1    4    0    0    2    1    1       907    4    1 MIX2   571    6  572    7
    9   13    1    1    8    4    5    1    1    1       922    6    1 MIX2   575    7  576    6    5  573  574    8
    9   14    2    1    4    0    0    1    1    0       558  579    0 MIX2   578    1  577    4
    9   15    2    1    8    0    0    1    1    0       857  584    0 MIX2   583    3  581  582    1    4    2  580
    9   16    1    1    8    1    8    1    1    1       761  587    0 MIX2   587  586    7    6  588    8  585    5
    9   17    2    1    2    0    0    2    1    1       527    2    1 MIX2   589    8
    9   18    2    1    2    0    0    1    1    0       846    8    1 MIX2     3  590
    9   19    1    1    2    1    2    1    1    1      1233    6    1 MIX2     6  591
    9   20    1    1    8    7    2    2    1    0       691    2    1 MIX2   594    4  592    1  593    3    2  595
    9   21    1    1    2    1    2    1    1    1       778    5    1 MIX2     5  596
    9   22    1    1    8    3    6    2    1    0       894  597    0 MIX2     3    1  597    2  600    4  599  598
    9   23    2    1    4    0    0    2    1    1       740    2    1 MIX2   601    5    7  602
    9   24    2    1    2    0    0    2    1    1       665  604    0 MIX2   603    6
