    1    1    1    1    8    2    7    2    1    0      1587    4    1 MIX    17    4   19    8   20   18    1    5
    1    2    2    1    4    0    0    1    0    1      1355   23    0 MIX    15   21   10   22
    1    3    2    1    4    0    0    1    0    1      1862   26    0 MIX    24   25   13   10
    1    4    1    1    4    1    4    2    0    1      1815   27    0 MIX    27    9   11   28
    1    5    1    1    4    2    3    1    0    0      1495   30    0 MIX     2   30   29    7
    1    6    2    1    4    0    0    1    0    1      1413    1    1 MIX    12   10   32   31
    1    7    1    1    8    2    7    1    0    0      1157   33    0 MIX     2   33   34   36    7   35    5    1
    1    8    1    1    4    2    3    2    1    0      1221   37    0 MIX    38   37    7    2
    1    9    1    1    8    4    5    2    1    0       864    8    1 MIX     5    6   41    8   39    3   40   42
    1   10    1    1    4    4    1    2    1    0       806   44    0 MIX    43    3    5   44
    1   11    1    1    8    5    4    2    1    0      4380   47    0 MIX    46    3    5   45   47    6    1   48
    1   12    1    1    8    2    7    1    1    1       884   51    0 MIX    50   51   52   16   49   12   11   15
    1   13    1    1    4    1    4    2    0    1      1090   14    1 MIX    14   54   53   15
    1   14    1    1    4    1    4    2    0    1      1344   56    0 MIX    56   15   55   14
    1   15    1    1    2    2    1    2    1    0      1080   57    0 MIX     7   57
    1   16    2    1    2    0    0    1    1    0       960   59    0 MIX     7   58
    1   17    1    1    2    1    2    1    1    1       766   60    0 MIX    60   12
    1   18    1    1    4    3    2    2    1    0      2641    2    1 MIX    61   62    2    1
    1   19    1    1    2    1    2    2    0    1      1212   63    0 MIX    63   13
    1   20    2    1    8    0    0    1    0    1      2620    8    1 MIX    67   12   10   11   15   64   65   66
    1   21    1    1    8    3    6    2    1    0       791    1    1 MIX     3   71    1    5   70   69    2   68
    1   22    1    1    8    3    6    2    0    1       818   13    1 MIX     9   75   13   14   73   74   72   12
    1   23    2    1    8    0    0    1    0    1      2006   80    0 MIX    12   77   78   13   79   76    9   16
    1   24    2    1    4    0    0    2    1    1      2358    2    1 MIX    82   16   11   81
    2    1    1    1    8    5    4    1    1    1      1607   16    1 MIX    11   15   85   86   16   84   14   83
    2    2    1    1    4    4    1    2    1    0      1165    1    1 MIX     8   88   87    1
    2    3    1    1    2    1    2    2    1    0       723    2    1 MIX     2   89
    2    4    2    1    4    0    0    2    1    1      1485   92    0 MIX    91   15   90    9
    2    5    1    1    8    8    1    1    1    1       913   96    0 MIX     9   10   93   11   95   14   94   96
    2    6    1    1    4    3    2    1    1    1       958   10    1 MIX    97   98   10   11
    2    7    2    1    2    0    0    2    1    1       873    4    1 MIX    99   15
    2    8    2    1    2    0    0    1    1    0      1020  101    0 MIX     8  100
    2    9    1    1    8    3    6    2    0    1      1061  103    0 MIX   102   11  103   15   14  105  104    9
    2   10    2    1    4    0    0    2    1    1      1064    2    1 MIX   106  107   11   12
    2   11    2    1    2    0    0    2    1    1       829  109    0 MIX    16  108
    2   12    2    1    4    0    0    2    1    1       891  112    0 MIX    14  111   12  110
    2   13    2    1    2    0    0    2    1    1       467  114    0 MIX   113   15
    2   14    1    1    2    2    1    1    1    1       923  115    0 MIX    13  115
    2   15    1    1    8    5    4    2    1    0      1150  119    0 MIX     3    7    6  117  119    5  118  116
    2   16    2    1    8    0    0    1    0    1      1386  124    0 MIX   122   16   12  123  121   15  120    9
    2   17    2    1    2    0    0    2    1    1      1572  126    0 MIX   125   11
    2   18    1    1    2    1    2    2    1    0       637  127    0 MIX   127    8
    2   19    1    1    2    2    1    1    1    1      1013  128    0 MIX    13  128
    2   20    2    1    4    0    0    1    1    0      1080  131    0 MIX   129    8  130    7
    2   21    1    1    8    6    3    1    1    1      1067   15    1 MIX   134  133   12   11   13   15  132  135
    2   22    2    1    8    0    0    2    1    1      1334    4    1 MIX    16  136  138   13    9  139   10  137
    2   23    1    1    8    7    2    2    1    0       953    5    1 MIX   143    8  140  142    3  141    5    7
    2   24    1    1    8    2    7    1    1    1       922   13    1 MIX    15   13   14  145   10  147  144  146
    3    1    1    1    2    2    1    1    1    1       814    9    1 MIX   148    9
    3    2    1    1    8    6    3    1    1    1       731   14    1 MIX    12  150  152  149   15   14    9  151
    3    3    2    1    8    0    0    1    1    0      1177  157    0 MIX     3  155  156    7  154  153    6    2
    3    4    2    1    4    0    0    1    1    0      1228   12    1 MIX     8  158  159    1
    3    5    2    1    2    0    0    1    1    0       607  161    0 MIX     4  160
    3    6    2    1    2    0    0    2    1    1       711  163    0 MIX   162   10
    3    7    1    1    8    2    7    1    0    0       946  165    0 MIX     2  165    4  167    1    8  164  166
    3    8    1    1    8    7    2    1    1    1       875   14    1 MIX    13   10   16  170  168  171   14  169
    3    9    2    1    2    0    0    2    1    1      1019    4    1 MIX    15  172
    3   10    1    1    4    1    4    1    1    1       729   11    1 MIX    11   12  173  174
    3   11    1    1    8    5    4    1    1    1       697  176    0 MIX   175  178   16   10  176   13  177   14
    3   12    2    1    2    0    0    1    1    0       545   15    1 MIX   179    2
    3   13    2    1    4    0    0    2    1    1       802  182    0 MIX   180   16  181    9
    3   14    1    1    4    1    4    2    1    0      1439    1    1 MIX     1    3  183  184
    3   15    2    1    4    0    0    1    1    0       967  187    0 MIX     4    6  186  185
    3   16    1    1    2    2    1    1    1    1      1096   15    1 MIX   188   15
    3   17    2    1    2    0    0    2    1    1       784  190    0 MIX    12  189
    3   18    1    1    2    1    2    1    1    1       768   10    1 MIX    10  191
    3   19    2    1    8    0    0    2    0    0      1088   12    1 MIX     7    5  193  194    4    6  195  192
    3   20    2    1    4    0    0    2    1    1       889  198    0 MIX    14  196  197   13
    3   21    1    1    8    3    6    2    1    0      1276    1    1 MIX   199  200    1  201  202    5    6    8
    3   22    2    1    2    0    0    1    1    0       649   11    1 MIX   203    6
    3   23    2    1    8    0    0    1    1    0       751  208    0 MIX   204    6  206  207    7    5    2  205
    3   24    2    1    4    0    0    1    1    0       610  211    0 MIX     4  209    7  210
    4    1    2    1    8    0    0    1    1    0      1076   10    1 MIX     5    1  215  214  213    8  212    3
    4    2    2    1    8    0    0    2    1    1       836  220    0 MIX    15  216   14  218   16  217   12  219
    4    3    1    1    2    1    2    2    1    0      1833    7    1 MIX     7  221
    4    4    2    1    4    0    0    1    1    0       751   13    1 MIX     2  222  223    3
    4    5    2    1    4    0    0    1    1    0       666  226    0 MIX     4    3  224  225
    4    6    1    1    2    2    1    2    1    0       640    1    1 MIX   227    1
    4    7    1    1    4    4    1    2    1    0       557  228    0 MIX   229    7    8  228
    4    8    2    1    2    0    0    2    1    1       523  231    0 MIX    10  230
    4    9    1    1    8    4    5    1    1    1       793   16    1 MIX    11  233  234   16  232  235   12    9
    4   10    2    1    4    0    0    1    1    0       761   10    1 MIX     4  236  237    5
    4   11    1    1    8    5    4    1    1    1       785   11    1 MIX    13   15  240  239   11  238  241    9
    4   12    1    1    2    2    1    1    1    1       815  242    0 MIX     9  242
    4   13    1    1    8    8    1    2    1    0       733    8    1 MIX   243  246  245    7    2    6  244    8
    4   14    2    1    8    0    0    2    1    1       749  251    0 MIX    16   11  247  250  248   14  249   10
    4   15    1    1    4    2    3    2    1    0       771    5    1 MIX   252    5    6  253
    4   16    1    1    8    3    6    1    1    1       803   14    1 MIX    15  255   14  254  256   13  257    9
    4   17    2    1    8    0    0    1    1    0       996   11    1 MIX     7  261    1    5  259    6  258  260
    4   18    2    1    8    0    0    2    0    0       868    9    1 MIX   263    8  262    6    2  264  265    1
    4   19    1    1    2    2    1    2    1    0       626    8    1 MIX   266    8
    4   20    2    1    8    0    0    1    1    0       727  271    0 MIX   269    7  267  268    3    2  270    5
    4   21    1    1    2    2    1    2    1    0       445    1    1 MIX   272    1
    4   22    2    1    2    0    0    2    1    1       842  274    0 MIX    10  273
    4   23    2    1    2    0    0    1    1    0       485    9    1 MIX   275    2
    4   24    1    1    2    1    2    2    1    0       806  276    0 MIX   276    4
    5    1    2    1    8    0    0    1    0    1      1094    5    1 MIX    12  279   10  280  278   16  277   13
    5    2    2    1    8    0    0    1    1    0      1009  285    0 MIX   284  282    3  283    6    4  281    7
    5    3    2    1    2    0    0    1    1    0       572   15    1 MIX   286    4
    5    4    2    1    8    0    0    2    1    1       869    2    1 MIX   288  290   11  287   10   12  289    9
    5    5    1    1    4    1    4    2    1    0       906  291    0 MIX   291    5  292    1
    5    6    1    1    2    2    1    2    1    0       499    4    1 MIX   293    4
    5    7    2    1    4    0    0    1    1    0       462  296    0 MIX     4  294  295    8
    5    8    2    1    8    0    0    1    1    0       878  301    0 MIX   300    7    8    3  299  298  297    6
    5    9    2    1    4    0    0    1    1    0       644  304    0 MIX     7  302  303    8
    5   10    2    1    2    0    0    2    1    1       543    1    1 MIX   305   12
    5   11    1    1    2    2    1    1    1    1      1127   15    1 MIX   306   15
    5   12    1    1    8    7    2    2    1    0      1221  307    0 MIX     6  310    4  309    5  308  307    3
    5   13    1    1    2    1    2    1    1    1       791  311    0 MIX   311   12
    5   14    1    1    8    2    7    1    1    1      1040  313    0 MIX   312  313   14    9  315  314   16   13
    5   15    1    1    8    6    3    1    1    1      1062  316    0 MIX   319   14   11   16  317  316  318   15
    5   16    1    1    4    3    2    2    1    0       843  321    0 MIX   320    6  321    8
    5   17    2    1    2    0    0    2    1    1       915    5    1 MIX   322   12
    5   18    2    1    2    0    0    1    1    0       611  324    0 MIX   323    2
    5   19    1    1    2    2    1    2    1    0       801    7    1 MIX   325    7
    5   20    2    1    2    0    0    2    1    1      1052    2    1 MIX    16  326
    5   21    1    1    4    4    1    2    1    0       834  328    0 MIX     4  327    6  328
    5   22    1    1    8    6    3    1    1    1       813  331    0 MIX    11  332  330  329   12  331   16   13
    5   23    2    1    2    0    0    2    1    1       778  334    0 MIX    13  333
    5   24    2    1    8    0    0    1    1    0       872  339    0 MIX     5  336  338  335    1  337    4    8
    6    1    2    1    2    0    0    2    1    1       748  341    0 MIX     9  340
    6    2    2    1    2    0    0    1    1    0       727   15    1 MIX     3  342
    6    3    1    1    4    3    2    2    1    0       877    8    1 MIX   343    4    8  344
    6    4    2    1    8    0    0    1    1    0       685   15    1 MIX     6    2  348    3  345  346    1  347
    6    5    2    1    8    0    0    2    1    1      1229    1    1 MIX   351    9  350   12   13  352   11  349
    6    6    1    1    2    2    1    1    1    1       808  353    0 MIX    14  353
    6    7    2    1    2    0    0    1    1    0       747  355    0 MIX   354    2
    6    8    1    1    2    2    1    1    1    1       771   11    1 MIX   356   11
    6    9    1    1    8    1    8    1    1    1       836  358    0 MIX   358  357   12   15   11  359   14  360
    6   10    2    1    4    0    0    1    1    0       679  363    0 MIX   361    3    7  362
    6   11    2    1    4    0    0    1    1    0       738   10    1 MIX     6  365  364    8
    6   12    1    1    4    4    1    2    1    0       752  367    0 MIX     7  366    8  367
    6   13    1    1    2    2    1    2    1    0       693    7    1 MIX   368    7
    6   14    1    1    4    1    4    1    1    1      2179   10    1 MIX    10  370   14  369
    6   15    2    1    8    0    0    2    1    1       856  375    0 MIX    14  373   12  372   10  371   15  374
    6   16    2    1    4    0    0    2    1    1       964    7    1 MIX    10  376  377   15
    6   17    2    1    8    0    0    1    1    0       974    9    1 MIX   381  380    6  379    5    2    1  378
    6   18    1    1    8    6    3    2    1    0      2068  385    0 MIX   383    8  382  384    5  385    6    3
    6   19    1    1    8    4    5    2    1    0       834    1    1 MIX     3    8  389    1  388  386  387    7
    6   20    2    1    8    0    0    1    1    0       704  394    0 MIX     6    3  391  390    2  392  393    1
    6   21    2    1    8    0    0    1    1    0       790   10    1 MIX     6    4  397  396    3  395    5  398
    6   22    2    1    4    0    0    1    1    0       798   14    1 MIX   399    3    1  400
    6   23    1    1    2    2    1    2    1    0      1150    6    1 MIX   401    6
    6   24    2    1    8    0    0    1    1    0       639   16    1 MIX     7    8    1  403    4  402  404  405
    7    1    2    1    8    0    0    1    0    1       835    4    1 MIX    13  406  409  407  408   10   12   16
    7    2    2    1    2    0    0    1    1    0       616    9    1 MIX   410    3
    7    3    2    1    2    0    0    2    1    1       643    7    1 MIX   411   15
    7    4    1    1    2    2    1    1    1    1       846   12    1 MIX   412   12
    7    5    1    1    4    1    4    1    1    1      1158  414    0 MIX   414   13   11  413
    7    6    2    1    4    0    0    2    1    1       590    2    1 MIX   416  415   16   12
    7    7    1    1    4    4    1    2    1    0       609  418    0 MIX     6  417    1  418
    7    8    1    1    4    1    4    1    1    1       754  419    0 MIX   419  420   15   11
    7    9    1    1    2    2    1    2    1    0       731    7    1 MIX   421    7
    7   10    2    1    2    0    0    2    1    1       765  423    0 MIX    11  422
    7   11    1    1    8    3    6    1    1    1       672   14    1 MIX   427   15   14  426   11  425  424   10
    7   12    2    1    8    0    0    1    1    0       547  432    0 MIX   428  429    1    6  430    5  431    2
    7   13    2    1    2    0    0    1    1    0       859  434    0 MIX     5  433
    7   14    1    1    2    2    1    1    1    1       742  435    0 MIX    14  435
    7   15    2    1    8    0    0    1    1    0      1252  440    0 MIX   437  439  436  438    3    6    5    1
    7   16    2    1    2    0    0    2    1    1      1103    5    1 MIX   441   16
    7   17    1    1    8    8    1    2    1    0       610  445    0 MIX   443    7  444  442    2    1    5  445
    7   18    2    1    8    0    0    2    1    1       933  450    0 MIX    13  447   16   10  448   15  446  449
    7   19    2    1    2    0    0    1    1    0       579   12    1 MIX     4  451
    7   20    1    1    8    3    6    1    1    1       648   10    1 MIX    11  455   10  452   13   12  454  453
    7   21    1    1    4    3    2    2    0    1       675  456    0 MIX    12  457  456   11
    7   22    1    1    4    1    4    2    1    0      1073  459    0 MIX   459    7    6  458
    7   23    1    1    4    3    2    1    1    1       857   12    1 MIX    11  461   12  460
    7   24    1    1    4    3    2    2    1    0       879    5    1 MIX   463    3    5  462
    8    1    2    1    4    0    0    2    1    1       890    1    1 MIX    11  464   16  465
    8    2    1    1    4    1    4    1    1    1       813  467    0 MIX   467   15   10  466
    8    3    2    1    2    0    0    2    1    1       659    2    1 MIX   468   13
    8    4    1    1    4    4    1    1    1    1       774  469    0 MIX   470   10    9  469
    8    5    1    1    8    2    7    2    0    1       758  474    0 MIX   472  474   16  473   14   13  471   15
    8    6    1    1    8    8    1    1    1    1      1073   10    1 MIX   478   13   12   11  477  475  476   10
    8    7    1    1    8    3    6    2    0    1      2133   16    1 MIX   479  480   16   10   13  482  481   11
    8    8    1    1    2    2    1    2    1    0      1146  483    0 MIX     1  483
    8    9    2    1    8    0    0    1    1    0       680   11    1 MIX   484  485    6    7  487    4  486    5
    8   10    1    1    2    1    2    1    1    1       955  488    0 MIX   488   12
    8   11    2    1    4    0    0    1    1    0       742  491    0 MIX   490    2  489    6
    8   12    2    1    8    0    0    2    1    1       726  496    0 MIX    11   10  494   15   12  495  493  492
    8   13    2    1    4    0    0    2    1    1       670  499    0 MIX    10  498   11  497
    8   14    2    1    4    0    0    2    1    1       881  502    0 MIX   501   14   12  500
    8   15    2    1    8    0    0    1    1    0       693   13    1 MIX   505    3    7  503  506  504    5    6
    8   16    2    1    8    0    0    2    1    1       885    8    1 MIX     9  508   12  507   11   14  510  509
    8   17    2    1    4    0    0    1    1    0       621  513    0 MIX     8  512    7  511
    8   18    1    1    8    3    6    1    1    1      1102  517    0 MIX    13    9  517  514  516  515   16   15
    8   19    2    1    2    0    0    1    1    0       635   10    1 MIX     8  518
    8   20    2    1    2    0    0    2    1    1       982  520    0 MIX    15  519
    8   21    2    1    8    0    0    1    1    0       644   14    1 MIX   521  522  523    8    2  524    7    4
    8   22    1    1    2    1    2    2    1    0       649    1    1 MIX     1  525
    8   23    1    1    2    1    2    1    1    1      1463   11    1 MIX    11  526
    8   24    2    1    8    0    0    2    1    1       682  531    0 MIX   528   13   14  527  530  529   16   10
    9    1    1    1    4    1    4    1    1    1       606   16    1 MIX    16  533    9  532
    9    2    1    1    4    3    2    1    1    1       646  534    0 MIX     9  535  534   13
    9    3    2    1    2    0    0    1    1    0       710  537    0 MIX   536    6
    9    4    1    1    4    3    2    2    1    0       796  538    0 MIX     6  539  538    8
    9    5    2    1    8    0    0    1    1    0       810  544    0 MIX     2    4    5  543    3  541  542  540
    9    6    1    1    4    1    4    1    1    1       733   10    1 MIX    10  546   11  545
    9    7    1    1    8    4    5    1    1    1       648    9    1 MIX    12  550   10    9  549  548   14  547
    9    8    1    1    4    3    2    1    1    1      1755  552    0 MIX    13  551  552   16
    9    9    1    1    4    3    2    2    1    0      1022    3    1 MIX     4  554    3  553
    9   10    2    1    8    0    0    2    1    1       721  559    0 MIX   558   16  557   15   14   12  556  555
    9   11    2    1    4    0    0    1    1    0       657   10    1 MIX   560  561    5    6
    9   12    1    1    8    3    6    2    1    0       633    2    1 MIX   564    3    2  563    1  562    7  565
    9   13    2    1    8    0    0    1    1    0       599  570    0 MIX     8  568  569    3  566    6  567    2
    9   14    1    1    8    6    3    2    1    0       957    3    1 MIX   574  572  573    2    1    3    6  571
    9   15    1    1    2    2    1    1    1    1       712   10    1 MIX   575   10
    9   16    1    1    2    1    2    1    1    1       838  576    0 MIX   576   15
    9   17    1    1    4    4    1    2    1    0       793  577    0 MIX   578    6    2  577
    9   18    1    1    8    7    2    2    1    0       921  582    0 MIX     7    3    2    1  579  580  582  581
    9   19    2    1    8    0    0    2    1    1       943    7    1 MIX   583   11  584  585   10  586   15   14
    9   20    2    1    4    0    0    2    1    1       892  589    0 MIX    12  588  587   14
    9   21    1    1    4    2    3    2    1    0      1311    2    1 MIX     4    2  590  591
    9   22    2    1    4    0    0    1    1    0       645  594    0 MIX     4  592  593    2
    9   23    2    1    4    0    0    2    1    1       725  597    0 MIX   596   16   10  595
    9   24    2    1    8    0    0    1    1    0       715  602    0 MIX     7  601    3    5  600  599    4  598
