    1    1    2    1    2    0    0    2    1    1     11692   18    0 MIX    17   14
    1    2    2    1    2    0    0    2    1    1      1386   20    0 MIX    13   19
    1    3    2    1    4    0    0    1    1    0      1704   12    1 MIX     4   21   22    7
    1    4    1    1    2    1    2    1    1    1      3035   23    0 MIX    23   14
    1    5    1    1    8    2    7    2    1    0      1537    2    1 MIX    25    2   27   26    1   24    3    4
    1    6    1    1    8    3    6    1    1    1      1183   30    0 MIX    28   31   30   10   11   29    9   14
    1    7    2    1    2    0    0    1    1    0      1295   33    0 MIX     5   32
    1    8    2    1    4    0    0    2    1    1      1655   36    0 MIX     9   12   35   34
    1    9    2    1    8    0    0    1    1    0      1051   16    1 MIX    40    1   39    8   37    6   38    4
    1   10    2    1    8    0    0    1    0    1      1171    6    1 MIX    12   15   44   11   41   42   43   14
    1   11    2    1    2    0    0    2    1    1      4355   46    0 MIX    45   13
    1   12    2    1    2    0    0    2    1    1      1108    4    1 MIX     9   47
    1   13    1    1    2    1    2    1    1    1       775   15    1 MIX    15   48
    1   14    1    1    8    3    6    2    0    1      1413   50    0 MIX    12   52   50   14   11   51   49   10
    1   15    2    1    2    0    0    1    1    0      1335   54    0 MIX    53    5
    1   16    1    1    4    4    1    1    1    1      1675   55    0 MIX    56   12   15   55
    1   17    1    1    8    5    4    1    1    1       918   13    1 MIX    57   11   60   14   13   59   58   16
    1   18    2    1    2    0    0    2    1    1       614   62    0 MIX    61   13
    1   19    1    1    8    6    3    2    1    0       868   63    0 MIX     4   66    7    5   65   63   64    2
    1   20    1    1    8    5    4    2    1    0       796    5    1 MIX     8    2    3   70    5   68   67   69
    1   21    1    1    8    4    5    2    1    0       624   74    0 MIX     3   71   72   74    5    6   73    1
    1   22    1    1    4    2    3    2    1    0       453   76    0 MIX     2   76   75    7
    1   23    2    1    2    0    0    2    1    1      1112   78    0 MIX    13   77
    1   24    2    1    8    0    0    2    1    1       934   83    0 MIX    10   80   14   12   79    9   81   82
    2    1    1    1    8    7    2    1    1    1      1023    9    1 MIX    10   87   84   85   16   86    9   13
    2    2    1    1    4    3    2    2    1    0       559    1    1 MIX    89   88    1    7
    2    3    2    1    2    0    0    1    1    0      1239    9    1 MIX    90    6
    2    4    2    1    8    0    0    1    1    0       771   95    0 MIX    93    3   92    1    5   91    4   94
    2    5    2    1    2    0    0    1    1    0       499   97    0 MIX     4   96
    2    6    1    1    2    2    1    1    1    1       625   12    1 MIX    98   12
    2    7    1    1    4    3    2    2    1    0       731  100    0 MIX    99    7  100    5
    2    8    2    1    4    0    0    1    1    0       494  103    0 MIX     2  102  101    8
    2    9    1    1    4    3    2    2    1    0       746    6    1 MIX     2  104    6  105
    2   10    1    1    4    4    1    2    1    0       479    7    1 MIX     6  106  107    7
    2   11    1    1    4    4    1    1    1    1       498   14    1 MIX   108   16  109   14
    2   12    1    1    8    7    2    1    1    1       419  113    0 MIX   111   14   16   11  110  112  113   12
    2   13    1    1    4    1    4    1    1    1       864  114    0 MIX   114    9   12  115
    2   14    1    1    2    2    1    1    1    1       369  116    0 MIX     9  116
    2   15    2    1    8    0    0    2    1    1       769    4    1 MIX   118   10  117   15  120  119   14    9
    2   16    1    1    2    2    1    2    1    0       580    4    1 MIX   121    4
    2   17    2    1    8    0    0    1    1    0       620   11    1 MIX   122  124  125    4    5    8    2  123
    2   18    1    1    4    4    1    1    1    1       450   12    1 MIX     9  127  126   12
    2   19    2    1    4    0    0    2    1    1       576  130    0 MIX   129  128   16   12
    2   20    1    1    8    1    8    2    1    0       709    3    1 MIX     3  133  131  132    4    8  134    6
    2   21    2    1    2    0    0    1    1    0       435  136    0 MIX   135    4
    2   22    1    1    8    4    5    2    1    0       652    1    1 MIX     4  139  137    1    5  138    2  140
    2   23    1    1    8    2    7    2    1    0       690  144    0 MIX   143  144    6    3  141    5  142    8
    2   24    1    1    8    8    1    1    1    1       530  146    0 MIX   148  147   14   15  145    9   12  146
    3    1    2    1    2    0    0    1    0    1       597    1    1 MIX   149   11
    3    2    2    1    2    0    0    2    1    1       875    5    1 MIX    14  150
    3    3    2    1    4    0    0    1    1    0       784   15    1 MIX     1  152  151    3
    3    4    2    1    4    0    0    2    1    1       619  155    0 MIX    12  153   13  154
    3    5    1    1    2    2    1    1    1    1       606  156    0 MIX     9  156
    3    6    1    1    4    4    1    2    1    0       542  158    0 MIX     3  157    4  158
    3    7    2    1    2    0    0    2    1    1       559  160    0 MIX   159   13
    3    8    2    1    2    0    0    1    1    0       564  162    0 MIX     6  161
    3    9    2    1    8    0    0    1    1    0       703  167    0 MIX     4  164  166  163    5    6  165    3
    3   10    1    1    2    2    1    2    1    0       608    7    1 MIX   168    7
    3   11    1    1    2    2    1    2    1    0       563    5    1 MIX   169    5
    3   12    1    1    4    1    4    1    1    1       968   12    1 MIX    12  171   14  170
    3   13    1    1    4    1    4    2    1    0       737    6    1 MIX     6    8  173  172
    3   14    2    1    4    0    0    1    1    0       654  176    0 MIX   174    4    5  175
    3   15    2    1    2    0    0    1    1    0       505  178    0 MIX   177    8
    3   16    1    1    8    2    7    1    1    1       829  179    0 MIX    12  179   14  182    9   15  181  180
    3   17    1    1    4    1    4    2    1    0       592    5    1 MIX     5  184    1  183
    3   18    2    1    8    0    0    2    1    1       701  189    0 MIX    12   15  188  185   11  187  186   13
    3   19    1    1    4    4    1    1    1    1       654   11    1 MIX   190   16  191   11
    3   20    1    1    4    4    1    2    1    0       521    2    1 MIX   193  192    3    2
    3   21    2    1    2    0    0    2    1    1       694  195    0 MIX   194   11
    3   22    2    1    2    0    0    1    1    0       582   14    1 MIX     6  196
    3   23    1    1    2    1    2    2    1    0       876  197    0 MIX   197    2
    3   24    2    1    2    0    0    2    1    1       596    6    1 MIX     9  198
    4    1    2    1    4    0    0    2    1    1       522  201    0 MIX    16   15  199  200
    4    2    1    1    8    8    1    2    1    0       483    2    1 MIX   205    7    8  203  204    6  202    2
    4    3    1    1    2    2    1    1    1    1       374   11    1 MIX   206   11
    4    4    1    1    4    3    2    2    1    0       344  207    0 MIX   208    3  207    5
    4    5    2    1    4    0    0    2    1    1       441  211    0 MIX     9  210   12  209
    4    6    1    1    2    1    2    2    1    0       473    1    1 MIX     1  212
    4    7    1    1    4    1    4    1    1    1       801   10    1 MIX    10  213  214   13
    4    8    2    1    2    0    0    1    1    0      2090  216    0 MIX     4  215
    4    9    2    1    4    0    0    2    1    1      1298    6    1 MIX    15  218    9  217
    4   10    1    1    4    1    4    1    1    1       682   13    1 MIX    13  219   11  220
    4   11    1    1    8    6    3    2    1    0       784    6    1 MIX     5  224  223    4  222    6  221    8
    4   12    2    1    4    0    0    2    1    1       739  227    0 MIX   226   15  225   14
    4   13    1    1    8    7    2    2    1    0       452  229    0 MIX     8  230    3  231    2  228  229    5
    4   14    2    1    4    0    0    1    1    0      1105   13    1 MIX     4    6  233  232
    4   15    2    1    8    0    0    2    1    1       970    8    1 MIX   234  235   16   14  237   13  236   11
    4   16    2    1    8    0    0    1    0    1       826    5    1 MIX    15   12   16  240   11  239  238  241
    4   17    2    1    4    0    0    1    1    0      1320   10    1 MIX   242    7    3  243
    4   18    2    1    4    0    0    1    1    0      1003    9    1 MIX   244    3    6  245
    4   19    2    1    8    0    0    2    1    1       886  250    0 MIX   248  246  249   15   13    9   16  247
    4   20    2    1    4    0    0    2    1    1       881    2    1 MIX   251   15  252   10
    4   21    2    1    2    0    0    1    1    0       505   11    1 MIX     6  253
    4   22    2    1    4    0    0    1    1    0       831  256    0 MIX     2  254  255    4
    4   23    2    1    2    0    0    1    1    0      1029  258    0 MIX   257    5
    4   24    1    1    2    2    1    2    1    0       634    6    1 MIX   259    6
    5    1    1    1    8    4    5    2    1    0       616    4    1 MIX     8  263  262    4  260    7  261    6
    5    2    2    1    8    0    0    1    1    0       678  268    0 MIX   264    2    4    5  267  265  266    1
    5    3    2    1    2    0    0    1    1    0       543  270    0 MIX     5  269
    5    4    1    1    4    4    1    2    1    0       516  272    0 MIX   271    8    5  272
    5    5    2    1    8    0    0    1    1    0       810  277    0 MIX   276  274  275    7    1  273    4    6
    5    6    1    1    8    5    4    1    1    1       717   14    1 MIX   279  280  281   15   14   13    9  278
    5    7    1    1    4    4    1    2    1    0       536    8    1 MIX   282    5  283    8
    5    8    1    1    4    1    4    1    1    1       542  284    0 MIX   284  285   11   12
    5    9    1    1    8    4    5    1    1    1      1566   13    1 MIX    10  286   14   13  289  287    9  288
    5   10    1    1    8    6    3    1    1    1       794  292    0 MIX    15  290   11  291    9  292  293   16
    5   11    1    1    2    1    2    1    1    1       578  294    0 MIX   294   13
    5   12    1    1    4    3    2    2    1    0       490  295    0 MIX     8    7  295  296
    5   13    1    1    4    1    4    1    1    1       552   14    1 MIX    14  298  297   11
    5   14    2    1    2    0    0    1    1    0       515    9    1 MIX   299    2
    5   15    1    1    4    2    3    2    1    0       507  301    0 MIX   300  301    4    2
    5   16    2    1    2    0    0    2    1    1       643    8    1 MIX   302    9
    5   17    1    1    2    1    2    2    1    0       470  303    0 MIX   303    7
    5   18    1    1    4    3    2    1    1    1       625   15    1 MIX   305  304   15   16
    5   19    1    1    4    3    2    2    1    0       423  307    0 MIX     3  306  307    1
    5   20    2    1    4    0    0    1    1    0       674  310    0 MIX   308    4    5  309
    5   21    2    1    4    0    0    2    1    1       762  313    0 MIX   311  312   13    9
    5   22    2    1    4    0    0    2    1    1       648    7    1 MIX    16  314  315   10
    5   23    2    1    8    0    0    2    1    1       856    6    1 MIX    15   13   12  317  316  319   11  318
    5   24    2    1    8    0    0    2    1    1       662  324    0 MIX   320   11   12  323  321    9   15  322
    6    1    2    1    8    0    0    1    1    0       716   10    1 MIX   328  325  326  327    7    6    5    2
    6    2    2    1    4    0    0    1    1    0       495  331    0 MIX     6    1  329  330
    6    3    1    1    2    2    1    1    1    1       525   12    1 MIX   332   12
    6    4    1    1    8    3    6    2    1    0       616    2    1 MIX   334  333    2    6    3  335  336    1
    6    5    1    1    8    6    3    1    1    1       590   11    1 MIX   337  338  339   16    9   11   14  340
    6    6    2    1    8    0    0    2    0    0      1006   14    1 MIX   341  344  342    5  343    7    1    8
    6    7    2    1    2    0    0    2    1    1       657    5    1 MIX    13  345
    6    8    2    1    8    0    0    1    1    0       610  350    0 MIX     7  347    6    5  346  349  348    3
    6    9    1    1    4    2    3    1    1    1       850   10    1 MIX    16   10  351  352
    6   10    2    1    8    0    0    2    1    1       824  357    0 MIX    13  356  355  354  353   11   10   15
    6   11    1    1    8    8    1    2    1    0       507    8    1 MIX   359  358  361    1  360    7    2    8
    6   12    1    1    8    2    7    1    1    1       726  362    0 MIX    10  362  364  365  363   13   15   12
    6   13    2    1    2    0    0    1    1    0       524  367    0 MIX   366    1
    6   14    2    1    2    0    0    1    1    0       532  369    0 MIX   368    4
    6   15    1    1    4    3    2    2    1    0       618    5    1 MIX   370  371    5    2
    6   16    2    1    4    0    0    2    1    1       583  374    0 MIX     9  373   11  372
    6   17    2    1    4    0    0    1    1    0       586  377    0 MIX     2    6  375  376
    6   18    2    1    8    0    0    1    1    0       598  382    0 MIX     5    1  380  381    8  378    4  379
    6   19    1    1    8    6    3    1    1    1       755  383    0 MIX    15   11   16  384  385  383   13  386
    6   20    2    1    4    0    0    1    1    0       532  389    0 MIX     5  388    7  387
    6   21    2    1    2    0    0    2    1    1       534  391    0 MIX   390   16
    6   22    2    1    8    0    0    1    1    0       828   15    1 MIX     3    5  392  395  393    2  394    1
    6   23    2    1    2    0    0    2    1    1       575  397    0 MIX    16  396
    6   24    2    1    8    0    0    1    1    0       520  402    0 MIX     6    5    2  400  399  401    1  398
    7    1    1    1    2    2    1    1    1    1       576   12    1 MIX   403   12
    7    2    2    1    4    0    0    1    1    0       451  406    0 MIX     4    8  404  405
    7    3    1    1    4    1    4    2    1    0       630    4    1 MIX     4    2  407  408
    7    4    1    1    4    4    1    1    1    1       631  409    0 MIX    11  410   15  409
    7    5    2    1    4    0    0    1    1    0       663   12    1 MIX     3  412  411    1
    7    6    1    1    8    5    4    2    1    0       602    3    1 MIX   416  413    6  414    3    7  415    1
    7    7    1    1    4    4    1    1    1    1       538   16    1 MIX   417    9  418   16
    7    8    1    1    4    2    3    2    1    0       555    1    1 MIX   419    1    3  420
    7    9    1    1    2    1    2    1    1    1       435  421    0 MIX   421   16
    7   10    2    1    8    0    0    2    1    1       673  426    0 MIX    15  425  424  422    9   10   16  423
    7   11    1    1    8    1    8    1    1    1       713   14    1 MIX    14  427    9  428  430  429   13   12
    7   12    2    1    8    0    0    1    1    0       615  435    0 MIX     4  432    5  434    7  433  431    6
    7   13    1    1    2    2    1    1    1    1       573   10    1 MIX   436   10
    7   14    2    1    8    0    0    2    0    0      1349    9    1 MIX     6    4  437  438    8    3  440  439
    7   15    2    1    4    0    0    1    1    0       582   10    1 MIX   441  442    3    6
    7   16    2    1    8    0    0    2    1    1       659  447    0 MIX    13  444  443   16  445   15    9  446
    7   17    2    1    2    0    0    2    1    1       718    7    1 MIX    13  448
    7   18    2    1    4    0    0    1    1    0      1105  451    0 MIX   449    3  450    6
    7   19    1    1    4    2    3    2    1    0       954  453    0 MIX     2  453    1  452
    7   20    1    1    4    1    4    1    1    1       831   15    1 MIX    15  455   11  454
    7   21    1    1    4    2    3    2    0    1       664   12    1 MIX   457   12  456   15
    7   22    1    1    2    2    1    2    1    0       771    4    1 MIX   458    4
    7   23    1    1    2    2    1    2    1    0       648  459    0 MIX     3  459
    7   24    2    1    8    0    0    2    1    1      1446    7    1 MIX    14    9  460   16  462  461  463   11
    8    1    2    1    8    0    0    1    1    0       601  468    0 MIX   465  466  467    5    6    2    1  464
    8    2    2    1    8    0    0    2    1    1       780  473    0 MIX    15   10   11  472  470  469  471   14
    8    3    2    1    2    0    0    2    1    1       738    8    1 MIX    16  474
    8    4    2    1    8    0    0    2    1    1       771  479    0 MIX    10   14  476  478  477   16  475    9
    8    5    2    1    2    0    0    1    1    0       542  481    0 MIX   480    2
    8    6    1    1    4    2    3    2    1    0       593    2    1 MIX   482    2    5  483
    8    7    1    1    8    6    3    1    1    1      1300  486    0 MIX    12   11   15   10  484  486  485  487
    8    8    2    1    4    0    0    2    1    1       751  490    0 MIX    16   10  488  489
    8    9    2    1    4    0    0    1    1    0       922   14    1 MIX     6  492    7  491
    8   10    1    1    4    4    1    2    1    0       552    1    1 MIX   493  494    2    1
    8   11    2    1    4    0    0    2    1    1       746  497    0 MIX    10   16  496  495
    8   12    1    1    8    1    8    1    0    0       627  500    0 MIX   500    2    5    1  499  498  501    4
    8   13    1    1    2    1    2    2    1    0       537  502    0 MIX   502    8
    8   14    1    1    8    8    1    2    1    0       417  505    0 MIX     5    3  506  503  504    6    1  505
    8   15    1    1    2    2    1    1    1    1       641   15    1 MIX   507   15
    8   16    1    1    4    3    2    2    1    0       540    8    1 MIX   508  509    8    7
    8   17    2    1    8    0    0    1    1    0       719   10    1 MIX     1    6  512  513    4  511    5  510
    8   18    2    1    2    0    0    2    1    1       738    6    1 MIX   514   13
    8   19    2    1    2    0    0    2    1    1      1202    6    1 MIX   515   13
    8   20    1    1    8    8    1    1    1    1       624   12    1 MIX     9  517  518  516   15  519   10   12
    8   21    1    1    8    5    4    2    1    0       625  522    0 MIX     2    7  523    3  522  521  520    5
    8   22    1    1    4    2    3    2    1    0       967    4    1 MIX   524    4    8  525
    8   23    2    1    2    0    0    2    1    1       700  527    0 MIX   526   12
    8   24    1    1    4    4    1    2    1    0       394  528    0 MIX     4    1  529  528
    9    1    1    1    2    2    1    2    1    0       442  530    0 MIX     6  530
    9    2    1    1    2    2    1    1    1    1       568   15    1 MIX   531   15
    9    3    1    1    4    1    4    2    1    0       523  532    0 MIX   532    8    1  533
    9    4    1    1    2    1    2    2    1    0       587    4    1 MIX     4  534
    9    5    2    1    8    0    0    2    1    1       934    7    1 MIX   537   12    9  538   10   11  535  536
    9    6    1    1    4    3    2    2    1    0       591  540    0 MIX     4  539  540    6
    9    7    1    1    2    1    2    2    1    0       402  541    0 MIX   541    7
    9    8    2    1    8    0    0    2    1    1      1778    2    1 MIX    11  544  545   12  542  543   13   15
    9    9    2    1    8    0    0    2    1    1       581  550    0 MIX   548  547  546   10    9  549   12   13
    9   10    1    1    2    1    2    2    1    0       483    3    1 MIX     3  551
    9   11    2    1    8    0    0    2    1    1       859    5    1 MIX    14  554   16   13  552   15  555  553
    9   12    1    1    8    6    3    2    1    0       697  559    0 MIX   558    4    1    5    2  559  557  556
    9   13    1    1    8    6    3    2    0    1       647  563    0 MIX   562   11  560  561   13  563   14   12
    9   14    2    1    4    0    0    1    1    0       975   14    1 MIX     5  564  565    2
    9   15    2    1    4    0    0    1    1    0       773    9    1 MIX     7  566  567    8
    9   16    1    1    2    2    1    1    1    1      1229    9    1 MIX   568    9
    9   17    1    1    2    1    2    1    1    1       800  569    0 MIX   569   10
    9   18    1    1    8    3    6    1    0    0      1281    2    1 MIX     4    1    2    3  570  572  573  571
    9   19    2    1    4    0    0    1    1    0       918  576    0 MIX   575    1  574    8
    9   20    2    1    4    0    0    1    1    0      1076   16    1 MIX   578    5  577    1
    9   21    2    1    8    0    0    2    1    1      1092  583    0 MIX   579  582  580   11   10  581    9   14
    9   22    1    1    4    3    2    2    1    0       618    4    1 MIX   585  584    4    8
    9   23    1    1    2    1    2    2    1    0       365  586    0 MIX   586    8
    9   24    2    1    4    0    0    1    1    0       587  589    0 MIX     8  588    6  587
