    1    1    1    1    4    2    3    1    1    1       537    3    1 MIX     2    3   17   18
    1    2    1    1    4    1    4    1    1    1      1691    7    1 MIX     7    3   19   20
    1    3    1    1    4    1    4    1    1    1       927   22    0 MIX     7    5   21   22
    1    4    2    1    2    0    0    2    0    0      6875    9    1 MIX     6   23
    1    5    1    1    2    1    2    2    1    0      1067   24    0 MIX     5   24
    1    6    1    1    2    1    2    1    1    1       611    7    1 MIX     7   25
    1    7    2    1    2    0    0    2    1    1      1502    2    1 MIX     6   26
    1    8    2    1    4    0    0    1    1    0       682    9    1 MIX     4    6   27   28
    1    9    1    1    8    8    1    2    1    0       623   32    0 MIX     7    2    4    3   29   30   31   32
    1   10    1    1    4    2    3    2    1    0       456   34    0 MIX     7    5   33   34
    1   11    2    1    2    0    0    1    1    0       687   11    1 MIX     2   35
    1   12    2    1    2    0    0    2    0    0       856   37    0 MIX     4   36
    1   13    2    1    2    0    0    1    1    0      1273   39    0 MIX     8   38
    1   14    1    1    2    2    1    2    1    0       457   40    0 MIX     4   40
    1   15    2    1    4    0    0    2    1    1       672    3    1 MIX     5    8   41   42
    1   16    1    1    8    3    6    2    0    1       871    8    1 MIX     7    3    8    2   43   44   45   46
    1   17    1    1    2    1    2    2    0    1       663   47    0 MIX     1   47
    1   18    2    1    8    0    0    2    1    1       639   52    0 MIX     3    2    8    5   48   49   50   51
    1   19    1    1    4    4    1    1    1    1       703    8    1 MIX     1    8   53   54
    1   20    2    1    2    0    0    1    1    0      2133   56    0 MIX     6   55
    1   21    2    1    2    0    0    1    1    0       819   14    1 MIX     5   57
    1   22    2    1    8    0    0    1    1    0       851   12    1 MIX     8    1    4    7   58   59   60   61
    1   23    2    1    2    0    0    2    1    1      3716   63    0 MIX     8   62
    1   24    2    1    8    0    0    2    0    0       865   11    1 MIX     1    3    2    6   64   65   66   67
    2    1    2    1    2    0    0    1    1    0       780   69    0 MIX     7   68
    2    2    2    1    8    0    0    2    0    0       894   74    0 MIX     2    4    8    6   70   71   72   73
    2    3    2    1    8    0    0    1    1    0       828   10    1 MIX     8    4    1    5   75   76   77   78
    2    4    2    1    4    0    0    2    1    1       644   81    0 MIX     1    6   79   80
    2    5    2    1    4    0    0    2    0    0       802   84    0 MIX     6    4   82   83
    2    6    2    1    2    0    0    2    1    1       854   86    0 MIX     6   85
    2    7    2    1    4    0    0    1    1    0       619   89    0 MIX     6    3   87   88
    2    8    2    1    4    0    0    2    1    1       682   92    0 MIX     2    8   90   91
    2    9    2    1    2    0    0    1    1    0      1234   94    0 MIX     1   93
    2   10    2    1    4    0    0    1    1    0       824   15    1 MIX     3    6   95   96
    2   11    1    1    8    3    6    2    1    0       633    5    1 MIX     4    8    5    1   97   98   99  100
    2   12    1    1    8    6    3    2    1    0       658    3    1 MIX     3    8    4    1  101  102  103  104
    2   13    1    1    8    4    5    2    0    1       840  107    0 MIX     7    5    1    2  105  106  107  108
    2   14    1    1    4    1    4    2    0    1       799    8    1 MIX     7    8  109  110
    2   15    1    1    2    1    2    2    1    0       818    8    1 MIX     8  111
    2   16    2    1    8    0    0    2    1    1      1043    7    1 MIX     2    8    3    1  112  113  114  115
    2   17    2    1    8    0    0    2    0    0      1148   10    1 MIX     2    7    1    6  116  117  118  119
    2   18    1    1    2    1    2    1    1    1       673  120    0 MIX     1  120
    2   19    2    1    2    0    0    2    1    1       506    2    1 MIX     5  121
    2   20    1    1    2    1    2    2    1    0       585    8    1 MIX     8  122
    2   21    1    1    8    4    5    1    1    1       596    6    1 MIX     7    6    2    3  123  124  125  126
    2   22    1    1    2    1    2    2    1    0       944    3    1 MIX     3  127
    2   23    1    1    2    2    1    2    1    0       877  128    0 MIX     2  128
    2   24    2    1    8    0    0    1    1    0       714  133    0 MIX     4    8    1    3  129  130  131  132
    3    1    2    1    2    0    0    1    1    0       784  135    0 MIX     3  134
    3    2    2    1    2    0    0    1    1    0       580  137    0 MIX     1  136
    3    3    1    1    2    2    1    2    0    1       416    4    1 MIX     4  138
    3    4    1    1    4    1    4    1    0    0       823    3    1 MIX     3    6  139  140
    3    5    1    1    8    6    3    1    1    1       760    8    1 MIX     8    7    3    5  141  142  143  144
    3    6    2    1    2    0    0    2    1    1       733  146    0 MIX     8  145
    3    7    2    1    2    0    0    2    1    1       819  148    0 MIX     7  147
    3    8    1    1    4    3    2    1    1    1       715  150    0 MIX     5    3  149  150
    3    9    1    1    2    1    2    1    1    1       401  151    0 MIX     7  151
    3   10    2    1    8    0    0    2    0    0       642   16    1 MIX     7    8    1    3  152  153  154  155
    3   11    2    1    2    0    0    1    1    0       636  157    0 MIX     2  156
    3   12    2    1    8    0    0    2    0    0      1142   11    1 MIX     7    6    2    4  158  159  160  161
    3   13    1    1    4    1    4    1    0    0       896  162    0 MIX     8    7  162  163
    3   14    1    1    2    1    2    1    1    1       655    2    1 MIX     2  164
    3   15    1    1    8    1    8    1    1    1       680    6    1 MIX     6    8    1    4  165  166  167  168
    3   16    2    1    2    0    0    1    1    0       784   15    1 MIX     3  169
    3   17    2    1    2    0    0    2    1    1       581  171    0 MIX     2  170
    3   18    2    1    4    0    0    1    1    0       629   11    1 MIX     5    3  172  173
    3   19    2    1    8    0    0    1    1    0      1021  178    0 MIX     2    7    1    6  174  175  176  177
    3   20    2    1    8    0    0    2    1    1       709    1    1 MIX     4    3    8    6  179  180  181  182
    3   21    1    1    8    6    3    1    1    1       587    8    1 MIX     2    5    4    8  183  184  185  186
    3   22    1    1    2    1    2    2    1    0       775  187    0 MIX     7  187
    3   23    1    1    8    8    1    2    1    0       569  188    0 MIX     6    2    4    7  188  189  190  191
    3   24    2    1    4    0    0    1    1    0       652  194    0 MIX     3    2  192  193
    4    1    1    1    8    2    7    1    1    1       794    5    1 MIX     8    3    5    2  195  196  197  198
    4    2    1    1    8    5    4    2    1    0       680    7    1 MIX     7    5    2    3  199  200  201  202
    4    3    2    1    2    0    0    2    1    1      1936    3    1 MIX     6  203
    4    4    1    1    4    2    3    2    1    0       619    7    1 MIX     5    7  204  205
    4    5    2    1    2    0    0    2    1    1       838  207    0 MIX     2  206
    4    6    1    1    2    1    2    2    1    0       856  208    0 MIX     7  208
    4    7    2    1    8    0    0    2    1    1       631  213    0 MIX     1    4    8    6  209  210  211  212
    4    8    1    1    8    3    6    1    1    1      1120    8    1 MIX     8    3    6    5  214  215  216  217
    4    9    1    1    8    6    3    1    0    0       869  218    0 MIX     6    1    3    4  218  219  220  221
    4   10    2    1    2    0    0    2    1    1      1781  223    0 MIX     5  222
    4   11    1    1    2    2    1    2    1    0      1361    4    1 MIX     4  224
    4   12    2    1    8    0    0    2    0    0       813   14    1 MIX     3    6    4    8  225  226  227  228
    4   13    1    1    4    3    2    2    1    0       706    1    1 MIX     8    1  229  230
    4   14    2    1    4    0    0    2    1    1       717    4    1 MIX     5    2  231  232
    4   15    2    1    8    0    0    1    0    1       851    4    1 MIX     6    3    8    5  233  234  235  236
    4   16    1    1    8    8    1    2    1    0       529    7    1 MIX     4    2    6    7  237  238  239  240
    4   17    1    1    4    3    2    2    1    0       613    8    1 MIX     8    4  241  242
    4   18    2    1    2    0    0    1    1    0       607  244    0 MIX     2  243
    4   19    1    1    4    3    2    1    1    1       815  246    0 MIX     3    6  245  246
    4   20    1    1    2    1    2    1    1    1       546  247    0 MIX     7  247
    4   21    1    1    2    1    2    1    1    1       640    7    1 MIX     7  248
    4   22    1    1    2    2    1    1    1    1       538    3    1 MIX     3  249
    4   23    1    1    8    4    5    1    1    1       583  251    0 MIX     6    1    4    2  250  251  252  253
    4   24    1    1    2    1    2    2    1    0       547  254    0 MIX     5  254
    5    1    1    1    2    2    1    2    1    0       360  255    0 MIX     1  255
    5    2    1    1    2    2    1    2    1    0       413  256    0 MIX     3  256
    5    3    1    1    4    1    4    1    0    0       676    7    1 MIX     7    1  257  258
    5    4    2    1    4    0    0    2    0    0       658  261    0 MIX     2    6  259  260
    5    5    1    1    4    4    1    1    1    1      1072  262    0 MIX     1    4  262  263
    5    6    2    1    2    0    0    2    1    1      1049    4    1 MIX     1  264
    5    7    2    1    8    0    0    2    1    1       961    1    1 MIX     4    8    2    1  265  266  267  268
    5    8    2    1    8    0    0    2    1    1       652    3    1 MIX     8    5    3    6  269  270  271  272
    5    9    1    1    4    2    3    1    0    0       651  273    0 MIX     8    4  273  274
    5   10    2    1    8    0    0    2    1    1       706    3    1 MIX     2    1    7    6  275  276  277  278
    5   11    2    1    8    0    0    1    1    0       887   12    1 MIX     5    6    4    1  279  280  281  282
    5   12    1    1    8    2    7    2    0    1      1045    4    1 MIX     4    6    8    5  283  284  285  286
    5   13    1    1    8    5    4    1    0    0       911    7    1 MIX     1    4    7    3  287  288  289  290
    5   14    1    1    2    2    1    2    1    0       430  291    0 MIX     7  291
    5   15    2    1    8    0    0    1    1    0       749    9    1 MIX     5    3    7    2  292  293  294  295
    5   16    1    1    2    2    1    2    0    1       420  296    0 MIX     2  296
    5   17    1    1    2    1    2    1    1    1       742    6    1 MIX     6  297
    5   18    1    1    8    6    3    2    1    0       843  300    0 MIX     1    5    2    6  298  299  300  301
    5   19    1    1    2    1    2    2    1    0      2765    2    1 MIX     2  302
    5   20    1    1    8    3    6    2    1    0       608    6    1 MIX     5    1    8    6  303  304  305  306
    5   21    2    1    2    0    0    1    1    0       699   13    1 MIX     3  307
    5   22    2    1    4    0    0    2    1    1       680    6    1 MIX     7    4  308  309
    5   23    1    1    2    1    2    1    1    1       545    8    1 MIX     8  310
    5   24    2    1    8    0    0    2    1    1       732    8    1 MIX     1    4    2    6  311  312  313  314
    6    1    2    1    8    0    0    1    1    0       646  319    0 MIX     7    4    6    1  315  316  317  318
    6    2    2    1    8    0    0    1    0    1       668    5    1 MIX     7    3    1    2  320  321  322  323
    6    3    2    1    8    0    0    1    1    0       915  328    0 MIX     1    4    2    7  324  325  326  327
    6    4    1    1    2    2    1    2    0    1       770  329    0 MIX     2  329
    6    5    2    1    2    0    0    2    1    1       644  331    0 MIX     1  330
    6    6    1    1    8    7    2    1    1    1       622    5    1 MIX     2    5    6    1  332  333  334  335
    6    7    2    1    8    0    0    2    1    1      1607    2    1 MIX     1    3    5    4  336  337  338  339
    6    8    1    1    4    2    3    2    1    0       592    2    1 MIX     7    2  340  341
    6    9    2    1    4    0    0    1    1    0      1936   13    1 MIX     1    8  342  343
    6   10    2    1    2    0    0    1    0    1       852  345    0 MIX     6  344
    6   11    2    1    4    0    0    2    1    1      1577    2    1 MIX     4    2  346  347
    6   12    2    1    8    0    0    1    1    0      2790  352    0 MIX     3    2    5    1  348  349  350  351
    6   13    1    1    8    6    3    1    0    0      1018  356    0 MIX     7    2    1    6  353  354  355  356
    6   14    1    1    2    1    2    1    1    1      1253    3    1 MIX     3  357
    6   15    1    1    2    1    2    1    1    1       966  358    0 MIX     7  358
    6   16    1    1    4    2    3    1    0    0      1192  359    0 MIX     8    6  359  360
    6   17    2    1    8    0    0    2    1    1      1691    5    1 MIX     4    1    2    7  361  362  363  364
    6   18    2    1    4    0    0    1    1    0      1520   11    1 MIX     6    2  365  366
    6   19    1    1    8    6    3    1    1    1       598    3    1 MIX     4    6    3    7  367  368  369  370
    6   20    2    1    8    0    0    2    0    0      1952   14    1 MIX     4    1    6    2  371  372  373  374
    6   21    2    1    2    0    0    2    1    1      1253  376    0 MIX     2  375
    6   22    2    1    4    0    0    1    1    0      1051   11    1 MIX     6    8  377  378
    6   23    1    1    2    1    2    1    1    1      1044    8    1 MIX     8  379
    6   24    1    1    2    2    1    1    1    1       558  380    0 MIX     3  380
    7    1    2    1    4    0    0    2    1    1       609    7    1 MIX     5    6  381  382
    7    2    1    1    2    1    2    2    1    0       540    6    1 MIX     6  383
    7    3    2    1    8    0    0    1    1    0       807   10    1 MIX     3    5    8    4  384  385  386  387
    7    4    1    1    8    3    6    1    0    0       793  388    0 MIX     6    2    1    7  388  389  390  391
    7    5    2    1    4    0    0    1    1    0       865  394    0 MIX     2    7  392  393
    7    6    2    1    8    0    0    2    1    1       657  399    0 MIX     8    2    1    3  395  396  397  398
    7    7    1    1    8    7    2    2    1    0       696    6    1 MIX     2    6    3    8  400  401  402  403
    7    8    2    1    4    0    0    1    0    1      1733    4    1 MIX     3    4  404  405
    7    9    2    1    2    0    0    2    1    1      2243  407    0 MIX     7  406
    7   10    2    1    4    0    0    2    1    1       977  410    0 MIX     7    4  408  409
    7   11    1    1    4    3    2    1    1    1       675    8    1 MIX     2    8  411  412
    7   12    1    1    4    4    1    2    0    1       544  413    0 MIX     8    5  413  414
    7   13    1    1    8    1    8    1    1    1      1101  417    0 MIX     7    2    1    3  415  416  417  418
    7   14    2    1    2    0    0    1    0    1      2739  420    0 MIX     3  419
    7   15    1    1    4    2    3    1    1    1      1421    4    1 MIX     5    4  421  422
    7   16    1    1    8    2    7    2    1    0       855    8    1 MIX     5    6    7    8  423  424  425  426
    7   17    2    1    8    0    0    2    0    0      3270   14    1 MIX     4    1    5    8  427  428  429  430
    7   18    1    1    8    3    6    2    1    0       933    6    1 MIX     5    2    6    1  431  432  433  434
    7   19    1    1    8    2    7    1    0    0      1393  438    0 MIX     7    6    2    1  435  436  437  438
    7   20    2    1    2    0    0    1    1    0      1725   11    1 MIX     7  439
    7   21    2    1    8    0    0    2    1    1      6026  444    0 MIX     6    5    1    2  440  441  442  443
    7   22    1    1    8    5    4    1    0    0       971  447    0 MIX     7    1    2    8  445  446  447  448
    7   23    1    1    2    1    2    2    1    0      2392  449    0 MIX     7  449
    7   24    2    1    2    0    0    2    1    1      2219  451    0 MIX     1  450
    8    1    2    1    4    0    0    2    1    1       614    1    1 MIX     1    8  452  453
    8    2    2    1    8    0    0    2    1    1       543    7    1 MIX     2    3    5    4  454  455  456  457
    8    3    1    1    2    2    1    2    1    0       557  458    0 MIX     4  458
    8    4    1    1    8    4    5    2    1    0       596    6    1 MIX     3    2    6    5  459  460  461  462
    8    5    1    1    8    5    4    2    0    1       734  464    0 MIX     2    5    1    7  463  464  465  466
    8    6    1    1    2    2    1    1    1    1       436    2    1 MIX     2  467
    8    7    1    1    8    5    4    2    0    1       661  468    0 MIX     3    6    1    5  468  469  470  471
    8    8    2    1    4    0    0    1    0    1      4050  474    0 MIX     7    2  472  473
    8    9    1    1    4    1    4    2    1    0      1209  475    0 MIX     7    3  475  476
    8   10    1    1    8    8    1    1    1    1      1002    8    1 MIX     4    8    3    2  477  478  479  480
    8   11    2    1    4    0    0    1    1    0      1049  483    0 MIX     7    8  481  482
    8   12    1    1    2    2    1    2    1    0       818    1    1 MIX     1  484
    8   13    1    1    8    1    8    2    0    1      1172    8    1 MIX     5    2    8    4  485  486  487  488
    8   14    2    1    4    0    0    2    1    1      1197  491    0 MIX     2    7  489  490
    8   15    1    1    2    1    2    1    1    1       752    8    1 MIX     8  492
    8   16    1    1    4    4    1    1    1    1       587  494    0 MIX     8    7  493  494
    8   17    1    1    8    2    7    1    0    0      1429  498    0 MIX     4    6    1    7  495  496  497  498
    8   18    2    1    8    0    0    2    1    1      1822    4    1 MIX     1    4    5    7  499  500  501  502
    8   19    2    1    2    0    0    1    1    0       649  504    0 MIX     6  503
    8   20    1    1    4    3    2    2    1    0       775  506    0 MIX     6    1  505  506
    8   21    1    1    8    1    8    2    0    1       938    2    1 MIX     4    1    8    2  507  508  509  510
    8   22    1    1    2    1    2    1    1    1      1193  511    0 MIX     2  511
    8   23    1    1    2    1    2    2    1    0      1213    4    1 MIX     4  512
    8   24    2    1    4    0    0    2    1    1      1380    5    1 MIX     6    5  513  514
    9    1    2    1    4    0    0    1    1    0      1072   13    1 MIX     6    3  515  516
    9    2    2    1    2    0    0    2    1    1       808  518    0 MIX     4  517
    9    3    1    1    2    1    2    1    0    0       907    5    1 MIX     5  519
    9    4    1    1    8    2    7    2    1    0       634    1    1 MIX     5    1    7    3  520  521  522  523
    9    5    1    1    8    8    1    2    1    0       482    7    1 MIX     5    4    6    7  524  525  526  527
    9    6    2    1    8    0    0    2    1    1      3917  532    0 MIX     4    6    3    7  528  529  530  531
    9    7    2    1    4    0    0    1    1    0      3241  535    0 MIX     3    4  533  534
    9    8    2    1    8    0    0    2    1    1      1400  540    0 MIX     1    2    8    4  536  537  538  539
    9    9    1    1    4    4    1    2    1    0       745  541    0 MIX     1    5  541  542
    9   10    1    1    2    1    2    2    1    0       607    6    1 MIX     6  543
    9   11    1    1    2    2    1    1    1    1       522  544    0 MIX     2  544
    9   12    2    1    2    0    0    2    1    1      1255  546    0 MIX     6  545
    9   13    2    1    8    0    0    2    1    1       546  551    0 MIX     7    3    8    4  547  548  549  550
    9   14    1    1    4    3    2    1    1    1       501  552    0 MIX     6    1  552  553
    9   15    2    1    4    0    0    2    1    1       648  556    0 MIX     1    6  554  555
    9   16    1    1    2    2    1    1    1    1       657    7    1 MIX     7  557
    9   17    1    1    2    1    2    1    1    1       539    5    1 MIX     5  558
    9   18    1    1    2    1    2    1    1    1       632    7    1 MIX     7  559
    9   19    2    1    2    0    0    2    1    1       530    5    1 MIX     3  560
    9   20    2    1    4    0    0    2    0    0       884  563    0 MIX     7    2  561  562
    9   21    1    1    4    4    1    2    1    0       585    8    1 MIX     6    8  564  565
    9   22    1    1    4    4    1    2    0    1      1034    3    1 MIX     7    3  566  567
    9   23    2    1    8    0    0    2    1    1       740    7    1 MIX     2    7    5    3  568  569  570  571
    9   24    2    1    8    0    0    1    1    0       917   12    1 MIX     1    4    2    8  572  573  574  575
