    1    1    2    1    8    0    0    1    1    0      1009   10    1 MIX     1    8    3    5   17   18   19   20
    1    2    2    1    4    0    0    1    1    0       815   23    0 MIX     3    1   21   22
    1    3    1    1    2    2    1    2    0    1      1249    8    1 MIX     8   24
    1    4    2    1    2    0    0    2    1    1      1185    6    1 MIX     2   25
    1    5    1    1    2    2    1    1    1    1      1269   26    0 MIX     1   26
    1    6    1    1    8    4    5    2    1    0      1810   28    0 MIX     1    5    2    3   27   28   29   30
    1    7    1    1    2    2    1    2    1    0       958    3    1 MIX     3   31
    1    8    1    1    8    6    3    1    1    1      1478    5    1 MIX     2    7    1    5   32   33   34   35
    1    9    2    1    2    0    0    2    1    1      1195   37    0 MIX     6   36
    1   10    2    1    4    0    0    1    1    0      1168   40    0 MIX     4    2   38   39
    1   11    1    1    8    1    8    1    1    1      1186   42    0 MIX     6    4    7    5   41   42   43   44
    1   12    2    1    4    0    0    1    1    0      1417   47    0 MIX     2    8   45   46
    1   13    2    1    4    0    0    1    1    0       920   11    1 MIX     8    2   48   49
    1   14    1    1    4    2    3    1    1    1      1067   51    0 MIX     1    2   50   51
    1   15    1    1    4    1    4    2    1    0      1256   52    0 MIX     4    6   52   53
    1   16    1    1    2    1    2    2    1    0       841   54    0 MIX     5   54
    1   17    2    1    2    0    0    2    1    1       937   56    0 MIX     8   55
    1   18    1    1    4    1    4    1    1    1      1035    4    1 MIX     6    4   57   58
    1   19    2    1    4    0    0    1    1    0       888   61    0 MIX     4    5   59   60
    1   20    2    1    8    0    0    1    1    0       773   66    0 MIX     6    4    8    5   62   63   64   65
    1   21    1    1    4    2    3    2    1    0       814    7    1 MIX     7    6   67   68
    1   22    2    1    8    0    0    1    1    0      1119   73    0 MIX     1    3    4    7   69   70   71   72
    1   23    2    1    2    0    0    1    1    0       517   75    0 MIX     4   74
    1   24    1    1    2    1    2    2    1    0       676    3    1 MIX     3   76
    2    1    1    1    8    3    6    2    0    1       968    1    1 MIX     6    4    1    3   77   78   79   80
    2    2    1    1    4    3    2    1    1    1       745   82    0 MIX     5    8   81   82
    2    3    2    1    4    0    0    2    1    1       739    8    1 MIX     1    5   83   84
    2    4    1    1    2    1    2    2    1    0       568    3    1 MIX     3   85
    2    5    2    1    4    0    0    1    1    0       727   88    0 MIX     7    1   86   87
    2    6    1    1    2    2    1    1    1    1       862    5    1 MIX     5   89
    2    7    2    1    4    0    0    2    0    0       772   14    1 MIX     3    5   90   91
    2    8    1    1    4    4    1    2    1    0       973    1    1 MIX     5    1   92   93
    2    9    2    1    2    0    0    2    1    1       649   95    0 MIX     4   94
    2   10    1    1    2    2    1    2    1    0       418    6    1 MIX     6   96
    2   11    1    1    4    3    2    1    1    1       601    3    1 MIX     8    3   97   98
    2   12    2    1    8    0    0    1    1    0       673  103    0 MIX     5    8    2    7   99  100  101  102
    2   13    2    1    8    0    0    1    1    0       614  108    0 MIX     1    4    2    8  104  105  106  107
    2   14    1    1    4    4    1    2    1    0       581    2    1 MIX     2    8  109  110
    2   15    2    1    4    0    0    2    1    1       613  113    0 MIX     3    6  111  112
    2   16    1    1    2    1    2    2    1    0      1264  114    0 MIX     2  114
    2   17    1    1    2    2    1    2    1    0       416    3    1 MIX     3  115
    2   18    2    1    4    0    0    1    1    0       536    9    1 MIX     7    6  116  117
    2   19    1    1    8    5    4    2    1    0      1013  121    0 MIX     8    6    2    5  118  119  120  121
    2   20    2    1    2    0    0    1    1    0       543  123    0 MIX     7  122
    2   21    1    1    2    1    2    2    0    1       733  124    0 MIX     8  124
    2   22    2    1    4    0    0    1    1    0       616   11    1 MIX     5    6  125  126
    2   23    2    1    8    0    0    2    1    1       608  131    0 MIX     5    7    6    8  127  128  129  130
    2   24    1    1    4    3    2    2    1    0      1039    2    1 MIX     2    8  132  133
    3    1    1    1    8    1    8    1    1    1       842  136    0 MIX     5    8    2    6  134  135  136  137
    3    2    2    1    8    0    0    2    1    1       794    1    1 MIX     3    2    5    1  138  139  140  141
    3    3    2    1    2    0    0    2    1    1       702    6    1 MIX     5  142
    3    4    1    1    8    5    4    1    1    1       755    1    1 MIX     3    1    2    7  143  144  145  146
    3    5    1    1    8    2    7    2    1    0       679    6    1 MIX     4    6    3    5  147  148  149  150
    3    6    1    1    8    4    5    2    1    0       748    7    1 MIX     4    1    7    3  151  152  153  154
    3    7    2    1    8    0    0    1    1    0       592   11    1 MIX     3    7    1    6  155  156  157  158
    3    8    2    1    8    0    0    1    1    0       952   14    1 MIX     2    8    4    3  159  160  161  162
    3    9    1    1    4    4    1    1    1    1       649    2    1 MIX     1    2  163  164
    3   10    2    1    8    0    0    1    1    0       576  169    0 MIX     8    3    5    1  165  166  167  168
    3   11    2    1    8    0    0    1    1    0       634  174    0 MIX     8    5    2    3  170  171  172  173
    3   12    1    1    2    1    2    2    1    0       548    2    1 MIX     2  175
    3   13    2    1    4    0    0    1    1    0       582   16    1 MIX     7    2  176  177
    3   14    1    1    2    1    2    1    1    1       432  178    0 MIX     7  178
    3   15    1    1    4    4    1    1    1    1       390  179    0 MIX     6    2  179  180
    3   16    2    1    2    0    0    1    1    0       954  182    0 MIX     7  181
    3   17    1    1    2    2    1    2    1    0       581    4    1 MIX     4  183
    3   18    1    1    2    1    2    1    1    1       545    8    1 MIX     8  184
    3   19    2    1    4    0    0    1    1    0       691  187    0 MIX     1    2  185  186
    3   20    1    1    2    2    1    1    1    1       379  188    0 MIX     6  188
    3   21    1    1    8    1    8    1    1    1       652    1    1 MIX     1    6    4    7  189  190  191  192
    3   22    2    1    2    0    0    1    1    0       869  194    0 MIX     6  193
    3   23    2    1    4    0    0    1    0    1       650    6    1 MIX     4    3  195  196
    3   24    1    1    4    1    4    1    1    1       664    8    1 MIX     8    7  197  198
    4    1    1    1    8    2    7    2    1    0       922    2    1 MIX     3    7    6    2  199  200  201  202
    4    2    2    1    2    0    0    1    1    0       617   15    1 MIX     2  203
    4    3    2    1    4    0    0    1    1    0       696   16    1 MIX     4    6  204  205
    4    4    1    1    8    6    3    2    1    0       733  208    0 MIX     6    7    1    2  206  207  208  209
    4    5    1    1    4    4    1    1    1    1       358  211    0 MIX     4    3  210  211
    4    6    1    1    2    1    2    2    1    0       635    6    1 MIX     6  212
    4    7    1    1    4    4    1    1    1    1       329  214    0 MIX     6    5  213  214
    4    8    1    1    2    2    1    2    1    0       352  215    0 MIX     5  215
    4    9    1    1    2    1    2    2    1    0       597  216    0 MIX     6  216
    4   10    1    1    8    7    2    1    1    1       478  218    0 MIX     1    2    4    7  217  218  219  220
    4   11    2    1    8    0    0    1    0    1       494    5    1 MIX     8    6    5    7  221  222  223  224
    4   12    2    1    8    0    0    2    0    0       651   13    1 MIX     4    1    8    7  225  226  227  228
    4   13    2    1    4    0    0    1    1    0       633   15    1 MIX     1    5  229  230
    4   14    1    1    4    1    4    2    1    0       631  231    0 MIX     5    2  231  232
    4   15    2    1    4    0    0    2    1    1       582  235    0 MIX     8    5  233  234
    4   16    2    1    8    0    0    2    1    1       543  240    0 MIX     7    6    8    1  236  237  238  239
    4   17    2    1    4    0    0    2    1    1       559  243    0 MIX     1    4  241  242
    4   18    2    1    4    0    0    1    1    0       481  246    0 MIX     4    8  244  245
    4   19    2    1    4    0    0    1    1    0       548  249    0 MIX     8    3  247  248
    4   20    1    1    2    2    1    2    1    0       562    6    1 MIX     6  250
    4   21    2    1    4    0    0    1    1    0       515  253    0 MIX     8    3  251  252
    4   22    2    1    2    0    0    1    1    0       433  255    0 MIX     7  254
    4   23    1    1    8    2    7    1    1    1       705  257    0 MIX     8    1    2    6  256  257  258  259
    4   24    2    1    4    0    0    2    1    1       477    1    1 MIX     6    8  260  261
    5    1    1    1    4    4    1    1    1    1       377    1    1 MIX     3    1  262  263
    5    2    1    1    2    1    2    1    1    1       589    6    1 MIX     6  264
    5    3    2    1    2    0    0    1    1    0       505   13    1 MIX     5  265
    5    4    1    1    4    2    3    1    1    1       413  266    0 MIX     6    2  266  267
    5    5    2    1    4    0    0    1    1    0       548  270    0 MIX     8    7  268  269
    5    6    2    1    4    0    0    1    1    0       469   15    1 MIX     5    7  271  272
    5    7    2    1    8    0    0    2    1    1       499  277    0 MIX     1    4    3    2  273  274  275  276
    5    8    2    1    8    0    0    1    1    0       511  282    0 MIX     6    4    8    5  278  279  280  281
    5    9    2    1    2    0    0    1    1    0       463   13    1 MIX     2  283
    5   10    2    1    8    0    0    1    1    0       493   14    1 MIX     7    3    2    1  284  285  286  287
    5   11    2    1    4    0    0    2    1    1       530  290    0 MIX     1    8  288  289
    5   12    2    1    8    0    0    2    1    1       878    3    1 MIX     2    6    3    8  291  292  293  294
    5   13    2    1    4    0    0    1    1    0       483  297    0 MIX     4    7  295  296
    5   14    1    1    2    1    2    2    1    0       612  298    0 MIX     7  298
    5   15    2    1    2    0    0    1    1    0       463   15    1 MIX     2  299
    5   16    1    1    4    2    3    1    1    1       516    2    1 MIX     7    2  300  301
    5   17    1    1    8    4    5    1    1    1       577  303    0 MIX     7    2    3    8  302  303  304  305
    5   18    2    1    8    0    0    1    1    0       571  310    0 MIX     2    4    6    5  306  307  308  309
    5   19    2    1    4    0    0    2    1    1       603  313    0 MIX     3    8  311  312
    5   20    1    1    8    8    1    1    1    1       416    5    1 MIX     3    5    1    4  314  315  316  317
    5   21    1    1    2    2    1    2    1    0       418    1    1 MIX     1  318
    5   22    2    1    8    0    0    2    1    1       495  323    0 MIX     2    7    5    3  319  320  321  322
    5   23    2    1    2    0    0    1    1    0       477  325    0 MIX     6  324
    5   24    1    1    2    1    2    2    1    0       590    2    1 MIX     2  326
    6    1    1    1    2    2    1    2    1    0       446  327    0 MIX     1  327
    6    2    2    1    8    0    0    2    1    1       606    4    1 MIX     2    5    8    1  328  329  330  331
    6    3    1    1    8    4    5    1    1    1       565  333    0 MIX     5    6    7    8  332  333  334  335
    6    4    1    1    8    8    1    1    1    1       415  339    0 MIX     6    5    4    3  336  337  338  339
    6    5    1    1    4    3    2    2    1    0       678  340    0 MIX     3    5  340  341
    6    6    2    1    2    0    0    1    1    0       447   15    1 MIX     7  342
    6    7    2    1    8    0    0    2    1    1       701  347    0 MIX     6    2    3    5  343  344  345  346
    6    8    2    1    4    0    0    1    1    0       585   12    1 MIX     1    5  348  349
    6    9    2    1    8    0    0    2    1    1       609    5    1 MIX     1    5    6    3  350  351  352  353
    6   10    1    1    2    2    1    2    1    0       444  354    0 MIX     1  354
    6   11    2    1    2    0    0    1    1    0       413   14    1 MIX     1  355
    6   12    2    1    2    0    0    2    1    1       480    7    1 MIX     1  356
    6   13    1    1    2    1    2    1    1    1       432    5    1 MIX     5  357
    6   14    2    1    2    0    0    2    1    1       386  359    0 MIX     2  358
    6   15    1    1    2    1    2    1    0    0       565    8    1 MIX     8  360
    6   16    1    1    8    6    3    1    1    1       560    1    1 MIX     1    4    7    6  361  362  363  364
    6   17    1    1    4    4    1    2    1    0       353  365    0 MIX     1    2  365  366
    6   18    2    1    8    0    0    2    1    1       531  371    0 MIX     5    8    3    2  367  368  369  370
    6   19    2    1    2    0    0    2    1    1       529  373    0 MIX     6  372
    6   20    2    1    4    0    0    2    1    1       581    8    1 MIX     4    5  374  375
    6   21    2    1    8    0    0    2    1    1       590  380    0 MIX     3    6    1    7  376  377  378  379
    6   22    2    1    2    0    0    2    1    1       538    2    1 MIX     8  381
    6   23    1    1    8    4    5    1    0    0       726    8    1 MIX     2    5    7    8  382  383  384  385
    6   24    1    1    2    1    2    1    1    1       524    3    1 MIX     3  386
    7    1    2    1    4    0    0    1    1    0       502  389    0 MIX     8    3  387  388
    7    2    1    1    2    1    2    2    0    1       597    5    1 MIX     5  390
    7    3    1    1    2    1    2    1    1    1       528    2    1 MIX     2  391
    7    4    2    1    4    0    0    1    1    0       531  394    0 MIX     5    3  392  393
    7    5    1    1    2    2    1    1    1    1       385    8    1 MIX     8  395
    7    6    1    1    8    1    8    1    1    1       562  399    0 MIX     2    7    5    6  396  397  398  399
    7    7    1    1    4    4    1    1    1    1       388  400    0 MIX     3    4  400  401
    7    8    1    1    8    5    4    1    1    1       518    1    1 MIX     7    2    3    1  402  403  404  405
    7    9    2    1    4    0    0    1    1    0       665  408    0 MIX     2    1  406  407
    7   10    1    1    4    3    2    1    1    1       646    7    1 MIX     7    1  409  410
    7   11    1    1    8    8    1    1    1    1       477    7    1 MIX     5    3    6    7  411  412  413  414
    7   12    2    1    4    0    0    2    1    1       545  417    0 MIX     7    4  415  416
    7   13    1    1    4    1    4    1    0    0       612  418    0 MIX     2    7  418  419
    7   14    1    1    4    4    1    1    1    1       340    2    1 MIX     3    2  420  421
    7   15    1    1    8    2    7    1    1    1       536    2    1 MIX     3    8    2    7  422  423  424  425
    7   16    1    1    2    1    2    2    1    0       582  426    0 MIX     2  426
    7   17    1    1    2    1    2    2    1    0       370  427    0 MIX     1  427
    7   18    2    1    2    0    0    1    1    0       679   12    1 MIX     5  428
    7   19    2    1    8    0    0    1    1    0       830   10    1 MIX     8    4    7    2  429  430  431  432
    7   20    2    1    2    0    0    2    1    1       432  434    0 MIX     3  433
    7   21    2    1    2    0    0    2    1    1       498    4    1 MIX     4  435
    7   22    1    1    4    2    3    2    1    0       598  437    0 MIX     2    8  436  437
    7   23    1    1    2    1    2    1    1    1       497  438    0 MIX     5  438
    7   24    2    1    4    0    0    2    1    1       515  441    0 MIX     2    8  439  440
    8    1    2    1    8    0    0    1    1    0       632  446    0 MIX     7    3    4    2  442  443  444  445
    8    2    2    1    8    0    0    2    1    1       429  451    0 MIX     1    6    3    4  447  448  449  450
    8    3    1    1    8    8    1    2    1    0       429    6    1 MIX     6    2    4    5  452  453  454  455
    8    4    2    1    2    0    0    1    1    0       464  457    0 MIX     2  456
    8    5    1    1    8    8    1    2    1    0       398  459    0 MIX     8    6    7    2  458  459  460  461
    8    6    1    1    2    1    2    2    1    0       433  462    0 MIX     7  462
    8    7    2    1    8    0    0    1    1    0       561  467    0 MIX     3    4    2    8  463  464  465  466
    8    8    1    1    8    8    1    1    1    1       347  471    0 MIX     8    4    6    3  468  469  470  471
    8    9    2    1    2    0    0    2    1    1       592    3    1 MIX     2  472
    8   10    2    1    4    0    0    1    1    0       800   10    1 MIX     1    2  473  474
    8   11    2    1    4    0    0    2    1    1       504    8    1 MIX     4    1  475  476
    8   12    2    1    8    0    0    2    1    1       933  481    0 MIX     6    8    4    2  477  478  479  480
    8   13    2    1    4    0    0    1    1    0       391  484    0 MIX     7    8  482  483
    8   14    1    1    4    3    2    1    0    0       400    2    1 MIX     2    3  485  486
    8   15    2    1    4    0    0    1    1    0       501  489    0 MIX     4    3  487  488
    8   16    2    1    8    0    0    2    1    1       482    1    1 MIX     2    4    8    7  490  491  492  493
    8   17    2    1    2    0    0    2    1    1       514    2    1 MIX     7  494
    8   18    2    1    8    0    0    2    1    1       622    7    1 MIX     6    7    2    3  495  496  497  498
    8   19    1    1    4    1    4    2    0    1       477    4    1 MIX     4    1  499  500
    8   20    1    1    2    2    1    1    1    1       526    2    1 MIX     2  501
    8   21    1    1    4    1    4    1    1    1       657  503    0 MIX     2    8  502  503
    8   22    1    1    2    2    1    1    1    1       410  504    0 MIX     8  504
    8   23    1    1    4    4    1    1    1    1       385  506    0 MIX     8    6  505  506
    8   24    1    1    2    1    2    1    1    1       437    1    1 MIX     1  507
    9    1    1    1    4    3    2    2    1    0       642    5    1 MIX     8    5  508  509
    9    2    2    1    8    0    0    2    1    1       650    3    1 MIX     5    8    2    1  510  511  512  513
    9    3    1    1    2    1    2    1    1    1       435    1    1 MIX     1  514
    9    4    1    1    8    5    4    1    1    1       403  518    0 MIX     3    2    7    5  515  516  517  518
    9    5    1    1    4    2    3    2    1    0       443  519    0 MIX     1    6  519  520
    9    6    1    1    8    5    4    2    1    0       443  521    0 MIX     6    4    5    7  521  522  523  524
    9    7    1    1    2    1    2    1    1    1       444    2    1 MIX     2  525
    9    8    1    1    4    4    1    2    1    0       497    6    1 MIX     6    8  526  527
    9    9    1    1    2    1    2    1    1    1       400  528    0 MIX     5  528
    9   10    2    1    8    0    0    1    0    1       626    4    1 MIX     1    4    8    2  529  530  531  532
    9   11    1    1    2    1    2    1    1    1       428  533    0 MIX     1  533
    9   12    2    1    8    0    0    1    1    0       668   12    1 MIX     7    4    6    3  534  535  536  537
    9   13    2    1    4    0    0    2    1    1       538    1    1 MIX     2    7  538  539
    9   14    2    1    2    0    0    2    1    1       504    4    1 MIX     6  540
    9   15    2    1    2    0    0    2    1    1       599    3    1 MIX     7  541
    9   16    2    1    2    0    0    1    1    0       546   12    1 MIX     7  542
    9   17    2    1    8    0    0    2    0    0       959   12    1 MIX     1    3    7    6  543  544  545  546
    9   18    1    1    4    4    1    2    1    0       401  548    0 MIX     1    3  547  548
    9   19    2    1    2    0    0    1    1    0       467  550    0 MIX     1  549
    9   20    2    1    4    0    0    1    1    0       551   13    1 MIX     4    3  551  552
    9   21    1    1    4    2    3    1    1    1       533  554    0 MIX     1    8  553  554
    9   22    1    1    8    2    7    1    1    1       721    5    1 MIX     1    5    4    3  555  556  557  558
    9   23    2    1    8    0    0    1    0    1       613    5    1 MIX     8    7    6    5  559  560  561  562
    9   24    1    1    4    2    3    2    0    1       451  564    0 MIX     7    1  563  564
