    1    1    2    1    2    0    0    1    1    0      5113   16    1 MIX     1   17
    1    2    1    1    4    1    4    2    1    0      1523    4    1 MIX     4    7   18   19
    1    3    2    1    4    0    0    1    1    0      1439   22    0 MIX     8    1   20   21
    1    4    1    1    4    4    1    1    1    1      2893   24    0 MIX     1    2   23   24
    1    5    1    1    8    6    3    2    1    0      1596   25    0 MIX     7    8    3    1   25   26   27   28
    1    6    1    1    8    1    8    2    1    0      1182    3    1 MIX     1    4    3    7   29   30   31   32
    1    7    2    1    4    0    0    2    1    1      2103   35    0 MIX     8    4   33   34
    1    8    1    1    2    1    2    1    0    0      2822    3    1 MIX     3   36
    1    9    1    1    2    1    2    2    1    0      1096    4    1 MIX     4   37
    1   10    1    1    2    1    2    1    1    1      1471   38    0 MIX     6   38
    1   11    1    1    2    2    1    1    1    1      1064   39    0 MIX     8   39
    1   12    1    1    8    6    3    1    1    1      1135   43    0 MIX     6    5    7    2   40   41   42   43
    1   13    2    1    4    0    0    1    1    0      1305   15    1 MIX     2    7   44   45
    1   14    2    1    2    0    0    1    1    0      1064   47    0 MIX     1   46
    1   15    1    1    8    7    2    2    1    0      1196    5    1 MIX     5    7    6    2   48   49   50   51
    1   16    2    1    4    0    0    2    1    1      1141   54    0 MIX     1    7   52   53
    1   17    2    1    8    0    0    1    1    0      1274   14    1 MIX     1    4    2    7   55   56   57   58
    1   18    2    1    8    0    0    1    1    0      1337    9    1 MIX     5    4    8    2   59   60   61   62
    1   19    2    1    4    0    0    1    0    1      1355   65    0 MIX     3    6   63   64
    1   20    1    1    8    5    4    2    1    0      1112   68    0 MIX     4    5    3    7   66   67   68   69
    1   21    1    1    8    4    5    1    1    1      1261   72    0 MIX     3    5    1    4   70   71   72   73
    1   22    1    1    2    2    1    2    1    0      1151    1    1 MIX     1   74
    1   23    2    1    2    0    0    1    1    0      1476   12    1 MIX     4   75
    1   24    1    1    4    1    4    2    1    0       979    3    1 MIX     3    4   76   77
    2    1    2    1    8    0    0    2    1    1      1026   82    0 MIX     5    1    7    4   78   79   80   81
    2    2    2    1    8    0    0    2    1    1      1100    8    1 MIX     8    3    5    1   83   84   85   86
    2    3    2    1    2    0    0    2    1    1       947   88    0 MIX     6   87
    2    4    2    1    4    0    0    1    1    0       806   91    0 MIX     4    1   89   90
    2    5    2    1    8    0    0    1    1    0      1512   96    0 MIX     7    6    4    5   92   93   94   95
    2    6    1    1    4    2    3    2    1    0       788   97    0 MIX     7    2   97   98
    2    7    1    1    2    1    2    1    1    1       776    5    1 MIX     5   99
    2    8    1    1    8    3    6    2    1    0      1115    7    1 MIX     3    1    5    7  100  101  102  103
    2    9    1    1    2    2    1    2    1    0       690    4    1 MIX     4  104
    2   10    1    1    4    1    4    2    1    0       717    4    1 MIX     1    4  105  106
    2   11    2    1    2    0    0    2    1    1      1092    1    1 MIX     2  107
    2   12    1    1    4    4    1    2    1    0       818  109    0 MIX     6    4  108  109
    2   13    2    1    8    0    0    1    1    0       723   14    1 MIX     2    3    7    5  110  111  112  113
    2   14    2    1    2    0    0    1    1    0       585  115    0 MIX     8  114
    2   15    2    1    8    0    0    1    1    0      1044   10    1 MIX     6    1    5    4  116  117  118  119
    2   16    2    1    4    0    0    2    1    1       658    6    1 MIX     1    7  120  121
    2   17    2    1    4    0    0    1    1    0       752  124    0 MIX     4    5  122  123
    2   18    1    1    4    4    1    2    1    0       843    5    1 MIX     5    7  125  126
    2   19    1    1    4    1    4    2    1    0       817    6    1 MIX     5    6  127  128
    2   20    1    1    2    2    1    2    1    0      1124    5    1 MIX     5  129
    2   21    2    1    8    0    0    1    1    0       714   10    1 MIX     8    5    2    7  130  131  132  133
    2   22    2    1    8    0    0    2    1    1       846  138    0 MIX     8    3    4    1  134  135  136  137
    2   23    1    1    4    1    4    2    1    0       884  140    0 MIX     3    4  139  140
    2   24    2    1    8    0    0    1    0    1       930    3    1 MIX     7    1    6    5  141  142  143  144
    3    1    2    1    8    0    0    1    1    0       781   10    1 MIX     7    8    1    5  145  146  147  148
    3    2    1    1    4    4    1    2    1    0       566    4    1 MIX     3    4  149  150
    3    3    2    1    2    0    0    1    1    0       931   11    1 MIX     2  151
    3    4    2    1    8    0    0    1    1    0       703   16    1 MIX     5    3    4    1  152  153  154  155
    3    5    2    1    8    0    0    1    1    0      1268  160    0 MIX     7    2    1    3  156  157  158  159
    3    6    1    1    8    8    1    2    1    0       626    4    1 MIX     3    8    2    4  161  162  163  164
    3    7    1    1    4    2    3    1    1    1       818    3    1 MIX     3    2  165  166
    3    8    1    1    8    8    1    2    1    0       643  168    0 MIX     8    5    4    3  167  168  169  170
    3    9    2    1    8    0    0    1    1    0       955  175    0 MIX     5    4    8    3  171  172  173  174
    3   10    1    1    8    4    5    1    1    1      1222  176    0 MIX     7    8    6    3  176  177  178  179
    3   11    1    1    2    2    1    2    1    0       458  180    0 MIX     1  180
    3   12    2    1    4    0    0    2    1    1      1248    8    1 MIX     3    7  181  182
    3   13    2    1    4    0    0    1    1    0       627  185    0 MIX     5    3  183  184
    3   14    1    1    8    2    7    1    1    1       812    6    1 MIX     6    7    8    4  186  187  188  189
    3   15    1    1    8    2    7    2    0    1      1613    6    1 MIX     4    1    2    6  190  191  192  193
    3   16    2    1    4    0    0    1    1    0       869    9    1 MIX     2    7  194  195
    3   17    1    1    8    5    4    2    1    0       882  196    0 MIX     4    5    1    8  196  197  198  199
    3   18    1    1    2    1    2    2    1    0       947  200    0 MIX     6  200
    3   19    1    1    8    1    8    1    1    1      1231    4    1 MIX     7    6    4    5  201  202  203  204
    3   20    2    1    2    0    0    1    1    0       705    9    1 MIX     8  205
    3   21    1    1    2    2    1    1    1    1       681  206    0 MIX     7  206
    3   22    2    1    8    0    0    2    1    1       717  211    0 MIX     7    5    3    8  207  208  209  210
    3   23    2    1    2    0    0    1    1    0       629  213    0 MIX     4  212
    3   24    1    1    8    1    8    2    1    0       958    2    1 MIX     5    2    1    4  214  215  216  217
    4    1    1    1    2    1    2    2    1    0       456  218    0 MIX     6  218
    4    2    1    1    4    3    2    1    1    1       846  219    0 MIX     3    6  219  220
    4    3    2    1    8    0    0    1    1    0       622  225    0 MIX     1    6    3    5  221  222  223  224
    4    4    1    1    8    6    3    1    1    1      1366    1    1 MIX     1    8    3    2  226  227  228  229
    4    5    1    1    2    1    2    1    1    1       530    2    1 MIX     2  230
    4    6    1    1    4    1    4    2    1    0       757  232    0 MIX     8    6  231  232
    4    7    2    1    2    0    0    1    1    0       681  234    0 MIX     4  233
    4    8    2    1    8    0    0    1    1    0       720  239    0 MIX     3    5    7    1  235  236  237  238
    4    9    2    1    8    0    0    2    0    0       644  244    0 MIX     1    7    3    4  240  241  242  243
    4   10    2    1    2    0    0    1    1    0       653  246    0 MIX     2  245
    4   11    1    1    4    2    3    2    1    0       940  248    0 MIX     2    3  247  248
    4   12    2    1    2    0    0    1    1    0       667   16    1 MIX     7  249
    4   13    2    1    8    0    0    2    1    1       972  254    0 MIX     1    3    6    4  250  251  252  253
    4   14    1    1    4    1    4    2    1    0       670  255    0 MIX     1    6  255  256
    4   15    1    1    8    8    1    1    1    1       646    7    1 MIX     3    5    4    7  257  258  259  260
    4   16    1    1    2    1    2    1    1    1       736  261    0 MIX     3  261
    4   17    1    1    2    2    1    1    1    1       726  262    0 MIX     3  262
    4   18    1    1    2    2    1    1    1    1       572    2    1 MIX     2  263
    4   19    1    1    4    1    4    2    1    0       558  264    0 MIX     6    4  264  265
    4   20    2    1    4    0    0    2    1    1       753  268    0 MIX     5    8  266  267
    4   21    1    1    2    2    1    1    1    1       551  269    0 MIX     3  269
    4   22    2    1    4    0    0    2    1    1       666  272    0 MIX     7    6  270  271
    4   23    1    1    8    3    6    2    0    1      1614  274    0 MIX     8    6    2    1  273  274  275  276
    4   24    2    1    2    0    0    1    1    0       912   16    1 MIX     4  277
    5    1    2    1    4    0    0    2    1    1       655  280    0 MIX     3    5  278  279
    5    2    2    1    2    0    0    1    1    0       617  282    0 MIX     6  281
    5    3    2    1    8    0    0    1    1    0      1089  287    0 MIX     1    2    7    3  283  284  285  286
    5    4    1    1    8    5    4    2    1    0       999    8    1 MIX     1    4    8    5  288  289  290  291
    5    5    1    1    8    4    5    1    1    1       801    3    1 MIX     3    2    7    1  292  293  294  295
    5    6    2    1    2    0    0    2    1    1       772  297    0 MIX     3  296
    5    7    2    1    2    0    0    2    1    1       440  299    0 MIX     8  298
    5    8    2    1    8    0    0    2    1    1       807  304    0 MIX     3    1    7    4  300  301  302  303
    5    9    1    1    2    2    1    2    1    0      1114  305    0 MIX     7  305
    5   10    2    1    2    0    0    2    1    1      1345    5    1 MIX     1  306
    5   11    2    1    2    0    0    1    1    0      2431  308    0 MIX     8  307
    5   12    1    1    8    1    8    2    1    0      1023    2    1 MIX     2    8    4    7  309  310  311  312
    5   13    2    1    2    0    0    1    1    0       521  314    0 MIX     4  313
    5   14    1    1    8    8    1    1    1    1       886    1    1 MIX     3    8    5    1  315  316  317  318
    5   15    1    1    4    3    2    2    1    0      1050    3    1 MIX     3    5  319  320
    5   16    1    1    8    7    2    1    1    1       498  321    0 MIX     8    7    1    5  321  322  323  324
    5   17    1    1    8    7    2    1    1    1       704    3    1 MIX     5    6    8    3  325  326  327  328
    5   18    1    1    2    2    1    1    1    1       807  329    0 MIX     7  329
    5   19    1    1    8    5    4    1    1    1       438    2    1 MIX     8    4    7    2  330  331  332  333
    5   20    1    1    2    1    2    2    1    0       824    4    1 MIX     4  334
    5   21    1    1    4    2    3    1    0    0      1183    3    1 MIX     1    3  335  336
    5   22    2    1    2    0    0    2    1    1       610  338    0 MIX     2  337
    5   23    2    1    8    0    0    2    1    1      1003    8    1 MIX     6    5    1    3  339  340  341  342
    5   24    2    1    8    0    0    2    1    1      1189    1    1 MIX     1    4    6    7  343  344  345  346
    6    1    2    1    4    0    0    1    1    0       606   10    1 MIX     6    4  347  348
    6    2    1    1    4    2    3    1    1    1       671    5    1 MIX     1    5  349  350
    6    3    2    1    8    0    0    1    0    1       773    4    1 MIX     1    3    6    5  351  352  353  354
    6    4    2    1    4    0    0    2    1    1       750  357    0 MIX     7    6  355  356
    6    5    1    1    8    6    3    2    1    0      2003  359    0 MIX     8    7    6    5  358  359  360  361
    6    6    2    1    4    0    0    1    1    0       650  364    0 MIX     8    4  362  363
    6    7    2    1    4    0    0    1    1    0       760   11    1 MIX     1    5  365  366
    6    8    1    1    2    2    1    1    1    1       604    8    1 MIX     8  367
    6    9    2    1    2    0    0    2    1    1      1096  369    0 MIX     2  368
    6   10    1    1    8    8    1    1    1    1      1325    5    1 MIX     2    4    5    7  370  371  372  373
    6   11    2    1    8    0    0    1    1    0      2603   13    1 MIX     2    4    8    3  374  375  376  377
    6   12    2    1    8    0    0    1    1    0       501  382    0 MIX     8    5    4    6  378  379  380  381
    6   13    1    1    2    1    2    1    1    1       469  383    0 MIX     7  383
    6   14    2    1    4    0    0    2    1    1       585  386    0 MIX     5    1  384  385
    6   15    2    1    2    0    0    2    1    1       630    6    1 MIX     8  387
    6   16    2    1    8    0    0    1    1    0      1023   13    1 MIX     7    1    5    3  388  389  390  391
    6   17    2    1    2    0    0    1    1    0       618   11    1 MIX     2  392
    6   18    2    1    2    0    0    1    1    0       613  394    0 MIX     7  393
    6   19    1    1    4    4    1    2    1    0      1125  395    0 MIX     2    4  395  396
    6   20    1    1    4    4    1    2    1    0       849  397    0 MIX     3    1  397  398
    6   21    2    1    2    0    0    1    0    1      2386  400    0 MIX     7  399
    6   22    2    1    2    0    0    2    1    1       775    7    1 MIX     4  401
    6   23    1    1    2    2    1    2    1    0      1148  402    0 MIX     4  402
    6   24    2    1    4    0    0    2    1    1       612  405    0 MIX     2    6  403  404
    7    1    2    1    4    0    0    2    1    1       610  408    0 MIX     8    6  406  407
    7    2    1    1    2    1    2    1    1    1       542  409    0 MIX     7  409
    7    3    2    1    4    0    0    2    0    0       673   15    1 MIX     8    6  410  411
    7    4    1    1    8    4    5    1    1    1       742    4    1 MIX     4    7    1    5  412  413  414  415
    7    5    2    1    2    0    0    2    1    1       506  417    0 MIX     3  416
    7    6    2    1    2    0    0    2    1    1       505  419    0 MIX     4  418
    7    7    2    1    4    0    0    1    1    0       589  422    0 MIX     2    8  420  421
    7    8    1    1    8    7    2    2    1    0       679    5    1 MIX     2    8    5    6  423  424  425  426
    7    9    2    1    4    0    0    1    1    0      1060   13    1 MIX     6    2  427  428
    7   10    1    1    4    2    3    1    1    1       882    1    1 MIX     1    2  429  430
    7   11    1    1    4    3    2    1    0    0       965    2    1 MIX     7    2  431  432
    7   12    2    1    8    0    0    2    1    1       879  437    0 MIX     2    6    4    8  433  434  435  436
    7   13    2    1    8    0    0    2    1    1       879    7    1 MIX     4    2    6    8  438  439  440  441
    7   14    1    1    8    3    6    2    1    0      1679    4    1 MIX     1    2    4    7  442  443  444  445
    7   15    2    1    8    0    0    2    1    1       684  450    0 MIX     3    6    8    7  446  447  448  449
    7   16    2    1    8    0    0    1    1    0       931   15    1 MIX     4    7    2    5  451  452  453  454
    7   17    2    1    8    0    0    1    1    0       511  459    0 MIX     7    1    6    4  455  456  457  458
    7   18    2    1    2    0    0    1    1    0       462  461    0 MIX     8  460
    7   19    2    1    2    0    0    1    1    0       512    9    1 MIX     4  462
    7   20    1    1    4    4    1    2    1    0       484  463    0 MIX     4    1  463  464
    7   21    1    1    2    1    2    2    1    0       884    6    1 MIX     6  465
    7   22    2    1    2    0    0    2    1    1       484  467    0 MIX     5  466
    7   23    1    1    2    2    1    2    1    0       739  468    0 MIX     7  468
    7   24    2    1    4    0    0    2    1    1      1311    5    1 MIX     1    7  469  470
    8    1    2    1    4    0    0    1    1    0       439  473    0 MIX     6    1  471  472
    8    2    1    1    8    4    5    2    1    0       743    1    1 MIX     7    8    1    2  474  475  476  477
    8    3    1    1    2    2    1    2    1    0       461    6    1 MIX     6  478
    8    4    2    1    4    0    0    2    1    1      1283    2    1 MIX     5    1  479  480
    8    5    1    1    8    3    6    1    0    0       817    5    1 MIX     5    7    4    6  481  482  483  484
    8    6    2    1    8    0    0    1    1    0       688   15    1 MIX     5    6    2    8  485  486  487  488
    8    7    2    1    8    0    0    2    1    1       631  493    0 MIX     3    2    6    5  489  490  491  492
    8    8    1    1    4    1    4    1    1    1       806  494    0 MIX     5    3  494  495
    8    9    2    1    2    0    0    1    1    0       682   14    1 MIX     3  496
    8   10    1    1    4    2    3    2    0    1       807    8    1 MIX     8    6  497  498
    8   11    2    1    2    0    0    2    1    1       826  500    0 MIX     1  499
    8   12    1    1    4    1    4    1    1    1       865    2    1 MIX     2    3  501  502
    8   13    2    1    4    0    0    1    1    0       759   16    1 MIX     5    1  503  504
    8   14    1    1    2    2    1    2    1    0       748  505    0 MIX     6  505
    8   15    2    1    4    0    0    2    1    1       725    6    1 MIX     1    3  506  507
    8   16    1    1    8    4    5    1    1    1       651  509    0 MIX     8    3    5    6  508  509  510  511
    8   17    1    1    4    3    2    1    1    1       682    8    1 MIX     4    8  512  513
    8   18    1    1    2    1    2    2    1    0       514  514    0 MIX     4  514
    8   19    2    1    8    0    0    2    0    0      1343  519    0 MIX     3    7    5    4  515  516  517  518
    8   20    2    1    2    0    0    2    1    1       877    7    1 MIX     8  520
    8   21    1    1    2    2    1    1    1    1       413  521    0 MIX     4  521
    8   22    1    1    2    1    2    1    1    1       625    4    1 MIX     4  522
    8   23    1    1    2    2    1    2    1    0       347  523    0 MIX     3  523
    8   24    2    1    2    0    0    1    1    0       769   16    1 MIX     4  524
    9    1    2    1    8    0    0    1    0    1       848    4    1 MIX     1    4    5    3  525  526  527  528
    9    2    2    1    2    0    0    1    0    1       849    3    1 MIX     1  529
    9    3    2    1    8    0    0    2    1    1      1393    6    1 MIX     6    5    8    4  530  531  532  533
    9    4    2    1    4    0    0    1    1    0       578   16    1 MIX     4    1  534  535
    9    5    2    1    8    0    0    1    1    0      3166  540    0 MIX     5    1    6    8  536  537  538  539
    9    6    2    1    2    0    0    1    1    0      1298   13    1 MIX     5  541
    9    7    1    1    8    2    7    1    0    0       721    2    1 MIX     7    4    2    1  542  543  544  545
    9    8    2    1    2    0    0    2    1    1       696  547    0 MIX     4  546
    9    9    2    1    2    0    0    2    1    1      1232    3    1 MIX     3  548
    9   10    1    1    2    2    1    2    1    0      1090  549    0 MIX     8  549
    9   11    1    1    8    7    2    2    0    1      2631    5    1 MIX     5    3    1    8  550  551  552  553
    9   12    2    1    4    0    0    2    1    1       678  556    0 MIX     2    3  554  555
    9   13    1    1    4    2    3    2    1    0       771    2    1 MIX     1    2  557  558
    9   14    2    1    2    0    0    2    1    1       952    5    1 MIX     4  559
    9   15    1    1    2    2    1    1    1    1       629  560    0 MIX     6  560
    9   16    1    1    2    1    2    1    1    1       689  561    0 MIX     1  561
    9   17    1    1    4    3    2    1    1    1      1342  562    0 MIX     3    5  562  563
    9   18    1    1    8    1    8    1    1    1      1432  565    0 MIX     2    8    1    4  564  565  566  567
    9   19    2    1    4    0    0    1    0    1      1015    7    1 MIX     6    3  568  569
    9   20    2    1    8    0    0    2    1    1      2064    3    1 MIX     6    4    1    8  570  571  572  573
    9   21    1    1    4    2    3    1    0    0      1941  575    0 MIX     2    5  574  575
    9   22    1    1    8    7    2    1    1    1       698    4    1 MIX     8    7    2    4  576  577  578  579
    9   23    2    1    2    0    0    1    1    0      1762   16    1 MIX     5  580
    9   24    2    1    4    0    0    1    1    0       628    9    1 MIX     1    4  581  582
