    1    1    1    1    8    2    7    2    0    1      9187    2    0 ANpure     1    2    3    4    5    6    7    8
    1    2    1    1    8    6    3    2    0    1      1372   14    0 ANpure     9   10   11   12   13   14   15   16
    1    3    1    1    2    1    2    1    1    1      2487   17    0 ANpure    17   18
    1    4    2    1    2    0    0    2    1    1      1702   21    0 ANpure    19   20
    1    5    1    1    4    3    2    2    1    0      1765   24    0 ANpure    22   23   24   25
    1    6    1    1    8    8    1    1    1    1      1197   33    0 ANpure    26   27   28   29   30   31   32   33
    1    7    2    1    2    0    0    1    1    0      1440   36    0 ANpure    34   35
    1    8    2    1    8    0    0    2    0    0      1343   45    0 ANpure    37   38   39   40   41   42   43   44
    1    9    1    1    4    3    2    2    1    0      1392   48    0 ANpure    46   47   48   49
    1   10    2    1    4    0    0    1    1    0      1646   54    0 ANpure    50   51   52   53
    1   11    2    1    8    0    0    2    0    0      1976   63    0 ANpure    55   56   57   58   59   60   61   62
    1   12    2    1    4    0    0    1    1    0      1807   68    0 ANpure    64   65   66   67
    1   13    1    1    4    4    1    1    1    1      1628   72    0 ANpure    69   70   71   72
    1   14    2    1    2    0    0    2    1    1       941   75    0 ANpure    73   74
    1   15    1    1    2    1    2    2    1    0      1146   76    0 ANpure    76   77
    1   16    1    1    4    3    2    1    1    1      1423   80    0 ANpure    78   79   80   81
    1   17    2    1    2    0    0    1    1    0      2888   84    0 ANpure    82   83
    1   18    1    1    2    1    2    1    1    1      1143   85    0 ANpure    85   86
    1   19    2    1    4    0    0    2    0    0      1037   91    0 ANpure    87   88   89   90
    1   20    2    1    2    0    0    2    1    1      1012   94    0 ANpure    92   93
    1   21    2    1    4    0    0    2    1    1       836   99    0 ANpure    95   96   97   98
    1   22    1    1    8    5    4    1    0    0      2465  104    0 ANpure   100  101  102  103  104  105  106  107
    1   23    1    1    8    1    8    1    1    1      1407  108    0 ANpure   108  109  110  111  112  113  114  115
    1   24    2    1    4    0    0    2    1    1       893  120    0 ANpure   116  117  118  119
    2    1    2    1    4    0    0    1    1    0       794  125    0 ANpure   121  122  123  124
    2    2    1    1    2    1    2    2    1    0       971  126    0 ANpure   126  127
    2    3    2    1    4    0    0    2    1    1       889  132    0 ANpure   128  129  130  131
    2    4    2    1    8    0    0    1    0    1      1427  141    0 ANpure   133  134  135  136  137  138  139  140
    2    5    2    1    8    0    0    2    1    1      2149  150    0 ANpure   142  143  144  145  146  147  148  149
    2    6    2    1    4    0    0    2    1    1      1411  155    0 ANpure   151  152  153  154
    2    7    1    1    4    1    4    2    1    0      1423  156    0 ANpure   156  157  158  159
    2    8    2    1    2    0    0    2    1    1      3256  162    0 ANpure   160  161
    2    9    1    1    8    6    3    2    1    0      1794  168    0 ANpure   163  164  165  166  167  168  169  170
    2   10    2    1    8    0    0    2    1    1       965  179    0 ANpure   171  172  173  174  175  176  177  178
    2   11    1    1    4    2    3    2    1    0      1174  181    0 ANpure   180  181  182  183
    2   12    2    1    8    0    0    1    1    0      1158  192    0 ANpure   184  185  186  187  188  189  190  191
    2   13    1    1    8    8    1    2    1    0      1223  200    0 ANpure   193  194  195  196  197  198  199  200
    2   14    1    1    8    5    4    2    1    0       900  205    0 ANpure   201  202  203  204  205  206  207  208
    2   15    1    1    2    1    2    2    1    0      1138  209    0 ANpure   209  210
    2   16    2    1    4    0    0    1    1    0       697  215    0 ANpure   211  212  213  214
    2   17    1    1    4    4    1    2    1    0       994  219    0 ANpure   216  217  218  219
    2   18    1    1    8    6    3    2    1    0      1335  225    0 ANpure   220  221  222  223  224  225  226  227
    2   19    1    1    4    3    2    1    1    1      1078  230    0 ANpure   228  229  230  231
    2   20    1    1    2    1    2    1    1    1      1054  232    0 ANpure   232  233
    2   21    1    1    2    1    2    2    1    0      1045  234    0 ANpure   234  235
    2   22    1    1    4    3    2    1    1    1       865  238    0 ANpure   236  237  238  239
    2   23    1    1    4    4    1    1    1    1      1075  243    0 ANpure   240  241  242  243
    2   24    2    1    4    0    0    2    1    1       749  248    0 ANpure   244  245  246  247
    3    1    1    1    8    7    2    2    1    0       587  255    0 ANpure   249  250  251  252  253  254  255  256
    3    2    2    1    8    0    0    2    1    1       941  265    0 ANpure   257  258  259  260  261  262  263  264
    3    3    1    1    2    1    2    1    1    1       969  266    0 ANpure   266  267
    3    4    2    1    8    0    0    2    1    1       733  276    0 ANpure   268  269  270  271  272  273  274  275
    3    5    1    1    8    7    2    1    1    1       909  283    0 ANpure   277  278  279  280  281  282  283  284
    3    6    2    1    2    0    0    2    1    1       618  287    0 ANpure   285  286
    3    7    1    1    8    6    3    2    1    0      1133  293    0 ANpure   288  289  290  291  292  293  294  295
    3    8    2    1    8    0    0    2    1    1      1145  304    0 ANpure   296  297  298  299  300  301  302  303
    3    9    1    1    8    6    3    1    1    1       981  310    0 ANpure   305  306  307  308  309  310  311  312
    3   10    2    1    2    0    0    2    1    1      1520  315    0 ANpure   313  314
    3   11    2    1    4    0    0    1    0    1      1465  320    0 ANpure   316  317  318  319
    3   12    1    1    2    1    2    1    1    1      1009  321    0 ANpure   321  322
    3   13    2    1    4    0    0    2    1    1       717  327    0 ANpure   323  324  325  326
    3   14    1    1    8    1    8    2    1    0      1097  328    0 ANpure   328  329  330  331  332  333  334  335
    3   15    1    1    8    4    5    1    1    1       839  339    0 ANpure   336  337  338  339  340  341  342  343
    3   16    1    1    8    2    7    1    1    1       943  345    0 ANpure   344  345  346  347  348  349  350  351
    3   17    1    1    4    3    2    2    1    0       766  354    0 ANpure   352  353  354  355
    3   18    1    1    8    3    6    1    1    1       943  358    0 ANpure   356  357  358  359  360  361  362  363
    3   19    2    1    2    0    0    2    1    1       601  366    0 ANpure   364  365
    3   20    1    1    4    1    4    2    1    0       920  367    0 ANpure   367  368  369  370
    3   21    2    1    2    0    0    1    1    0       757  373    0 ANpure   371  372
    3   22    2    1    8    0    0    1    1    0      1008  382    0 ANpure   374  375  376  377  378  379  380  381
    3   23    1    1    8    3    6    1    1    1       965  385    0 ANpure   383  384  385  386  387  388  389  390
    3   24    2    1    4    0    0    2    1    1      1012  395    0 ANpure   391  392  393  394
    4    1    1    1    2    2    1    2    1    0       687  397    0 ANpure   396  397
    4    2    1    1    8    1    8    2    1    0       815  398    0 ANpure   398  399  400  401  402  403  404  405
    4    3    2    1    2    0    0    1    1    0       544  408    0 ANpure   406  407
    4    4    2    1    2    0    0    2    1    1       538  411    0 ANpure   409  410
    4    5    1    1    4    1    4    1    1    1       891  412    0 ANpure   412  413  414  415
    4    6    2    1    2    0    0    2    1    1       537  418    0 ANpure   416  417
    4    7    1    1    4    1    4    1    1    1       793  419    0 ANpure   419  420  421  422
    4    8    1    1    2    1    2    2    1    0      1612  423    0 ANpure   423  424
    4    9    2    1    4    0    0    1    0    1      2209  429    0 ANpure   425  426  427  428
    4   10    1    1    2    2    1    1    1    1       954  431    0 ANpure   430  431
    4   11    2    1    4    0    0    2    1    1       663  436    0 ANpure   432  433  434  435
    4   12    2    1    2    0    0    1    1    0       478  439    0 ANpure   437  438
    4   13    1    1    8    4    5    2    1    0       791  443    0 ANpure   440  441  442  443  444  445  446  447
    4   14    2    1    8    0    0    2    1    1      1442  456    0 ANpure   448  449  450  451  452  453  454  455
    4   15    2    1    4    0    0    1    1    0       765  461    0 ANpure   457  458  459  460
    4   16    1    1    4    2    3    2    1    0      2293  463    0 ANpure   462  463  464  465
    4   17    1    1    2    2    1    2    1    0       668  467    0 ANpure   466  467
    4   18    1    1    4    2    3    2    1    0      2312  469    0 ANpure   468  469  470  471
    4   19    2    1    4    0    0    2    1    1      1120  476    0 ANpure   472  473  474  475
    4   20    2    1    2    0    0    2    1    1       709  479    0 ANpure   477  478
    4   21    2    1    4    0    0    2    1    1       894  484    0 ANpure   480  481  482  483
    4   22    2    1    2    0    0    1    1    0       618  487    0 ANpure   485  486
    4   23    2    1    8    0    0    1    1    0       797  496    0 ANpure   488  489  490  491  492  493  494  495
    4   24    1    1    4    3    2    2    1    0       836  499    0 ANpure   497  498  499  500
    5    1    2    1    4    0    0    2    1    1       460  505    0 ANpure   501  502  503  504
    5    2    2    1    8    0    0    1    1    0       790  514    0 ANpure   506  507  508  509  510  511  512  513
    5    3    2    1    8    0    0    2    1    1      1015  523    0 ANpure   515  516  517  518  519  520  521  522
    5    4    1    1    2    1    2    1    1    1       815  524    0 ANpure   524  525
    5    5    2    1    8    0    0    2    1    1       541  534    0 ANpure   526  527  528  529  530  531  532  533
    5    6    1    1    8    5    4    1    1    1       787  539    0 ANpure   535  536  537  538  539  540  541  542
    5    7    1    1    4    1    4    1    1    1       746  543    0 ANpure   543  544  545  546
    5    8    2    1    4    0    0    2    1    1      2560  551    0 ANpure   547  548  549  550
    5    9    1    1    2    1    2    2    1    0       763  552    0 ANpure   552  553
    5   10    2    1    4    0    0    2    1    1       992  558    0 ANpure   554  555  556  557
    5   11    1    1    2    1    2    1    1    1      1051  559    0 ANpure   559  560
    5   12    2    1    4    0    0    2    1    1       740  565    0 ANpure   561  562  563  564
    5   13    1    1    8    7    2    2    1    0      1046  572    0 ANpure   566  567  568  569  570  571  572  573
    5   14    2    1    8    0    0    1    1    0       697  582    0 ANpure   574  575  576  577  578  579  580  581
    5   15    1    1    4    2    3    2    1    0       868  584    0 ANpure   583  584  585  586
    5   16    2    1    8    0    0    1    1    0       911  595    0 ANpure   587  588  589  590  591  592  593  594
    5   17    1    1    4    4    1    1    1    1       863  599    0 ANpure   596  597  598  599
    5   18    2    1    2    0    0    2    0    0      6478  602    0 ANpure   600  601
    5   19    1    1    8    7    2    1    1    1       839  609    0 ANpure   603  604  605  606  607  608  609  610
    5   20    1    1    2    2    1    2    1    0       601  612    0 ANpure   611  612
    5   21    2    1    8    0    0    1    1    0      1759  621    0 ANpure   613  614  615  616  617  618  619  620
    5   22    1    1    4    3    2    1    1    1       830  624    0 ANpure   622  623  624  625
    5   23    1    1    4    1    4    2    1    0       851  626    0 ANpure   626  627  628  629
    5   24    1    1    4    1    4    2    1    0       743  630    0 ANpure   630  631  632  633
    6    1    1    1    4    4    1    2    1    0       511  637    0 ANpure   634  635  636  637
    6    2    2    1    4    0    0    2    0    0       865  642    0 ANpure   638  639  640  641
    6    3    2    1    2    0    0    1    1    0       688  645    0 ANpure   643  644
    6    4    1    1    8    6    3    1    1    1      2082  651    0 ANpure   646  647  648  649  650  651  652  653
    6    5    1    1    8    7    2    1    1    1       814  660    0 ANpure   654  655  656  657  658  659  660  661
    6    6    1    1    2    2    1    1    1    1       720  663    0 ANpure   662  663
    6    7    2    1    2    0    0    2    1    1       693  666    0 ANpure   664  665
    6    8    2    1    4    0    0    1    1    0       766  671    0 ANpure   667  668  669  670
    6    9    1    1    2    1    2    2    1    0       835  672    0 ANpure   672  673
    6   10    1    1    4    2    3    1    1    1       743  675    0 ANpure   674  675  676  677
    6   11    2    1    4    0    0    2    1    1       845  682    0 ANpure   678  679  680  681
    6   12    1    1    2    2    1    1    1    1       604  684    0 ANpure   683  684
    6   13    1    1    2    2    1    1    1    1       775  686    0 ANpure   685  686
    6   14    2    1    8    0    0    2    1    1       774  695    0 ANpure   687  688  689  690  691  692  693  694
    6   15    1    1    4    3    2    2    0    1      2126  698    0 ANpure   696  697  698  699
    6   16    1    1    2    2    1    2    1    0      1085  701    0 ANpure   700  701
    6   17    1    1    2    1    2    2    1    0       706  702    0 ANpure   702  703
    6   18    1    1    8    2    7    1    0    0      1797  705    0 ANpure   704  705  706  707  708  709  710  711
    6   19    1    1    2    2    1    2    1    0       432  713    0 ANpure   712  713
    6   20    1    1    2    1    2    2    0    1       801  714    0 ANpure   714  715
    6   21    1    1    2    2    1    1    1    1      1378  717    0 ANpure   716  717
    6   22    2    1    8    0    0    2    1    1       937  726    0 ANpure   718  719  720  721  722  723  724  725
    6   23    1    1    2    2    1    1    1    1       726  728    0 ANpure   727  728
    6   24    2    1    8    0    0    2    1    1       631  737    0 ANpure   729  730  731  732  733  734  735  736
    7    1    1    1    2    1    2    2    1    0       359  738    0 ANpure   738  739
    7    2    1    1    8    3    6    2    1    0       744  742    0 ANpure   740  741  742  743  744  745  746  747
    7    3    2    1    2    0    0    2    1    1       988  750    0 ANpure   748  749
    7    4    1    1    2    1    2    1    1    1      1400  751    0 ANpure   751  752
    7    5    1    1    2    1    2    1    1    1       851  753    0 ANpure   753  754
    7    6    2    1    8    0    0    1    1    0       736  763    0 ANpure   755  756  757  758  759  760  761  762
    7    7    1    1    2    2    1    2    1    0       741  765    0 ANpure   764  765
    7    8    1    1    8    3    6    1    1    1       966  768    0 ANpure   766  767  768  769  770  771  772  773
    7    9    2    1    2    0    0    1    1    0       658  776    0 ANpure   774  775
    7   10    1    1    2    2    1    1    1    1       842  778    0 ANpure   777  778
    7   11    2    1    4    0    0    1    1    0       640  783    0 ANpure   779  780  781  782
    7   12    1    1    4    2    3    1    1    1       734  785    0 ANpure   784  785  786  787
    7   13    1    1    2    1    2    2    1    0       707  788    0 ANpure   788  789
    7   14    1    1    4    2    3    1    1    1       669  791    0 ANpure   790  791  792  793
    7   15    1    1    2    2    1    2    1    0       644  795    0 ANpure   794  795
    7   16    1    1    2    1    2    1    1    1       716  796    0 ANpure   796  797
    7   17    1    1    8    1    8    2    1    0       924  798    0 ANpure   798  799  800  801  802  803  804  805
    7   18    1    1    2    1    2    1    1    1       905  806    0 ANpure   806  807
    7   19    1    1    2    2    1    2    1    0       504  809    0 ANpure   808  809
    7   20    2    1    2    0    0    1    1    0      4179  812    0 ANpure   810  811
    7   21    2    1    4    0    0    2    1    1       707  817    0 ANpure   813  814  815  816
    7   22    1    1    2    2    1    2    1    0       824  819    0 ANpure   818  819
    7   23    1    1    8    6    3    1    0    0      1144  825    0 ANpure   820  821  822  823  824  825  826  827
    7   24    1    1    8    8    1    1    1    1       742  835    0 ANpure   828  829  830  831  832  833  834  835
    8    1    2    1    4    0    0    2    1    1       540  840    0 ANpure   836  837  838  839
    8    2    1    1    2    2    1    2    1    0       649  842    0 ANpure   841  842
    8    3    2    1    8    0    0    1    1    0       792  851    0 ANpure   843  844  845  846  847  848  849  850
    8    4    1    1    2    2    1    1    1    1       715  853    0 ANpure   852  853
    8    5    2    1    2    0    0    2    1    1      1185  856    0 ANpure   854  855
    8    6    1    1    2    1    2    2    1    0       691  857    0 ANpure   857  858
    8    7    1    1    4    3    2    1    1    1       750  861    0 ANpure   859  860  861  862
    8    8    1    1    8    1    8    2    0    1      1725  863    0 ANpure   863  864  865  866  867  868  869  870
    8    9    1    1    4    4    1    1    1    1       670  874    0 ANpure   871  872  873  874
    8   10    2    1    4    0    0    1    1    0       777  879    0 ANpure   875  876  877  878
    8   11    1    1    8    3    6    1    1    1       647  882    0 ANpure   880  881  882  883  884  885  886  887
    8   12    2    1    4    0    0    2    1    1       669  892    0 ANpure   888  889  890  891
    8   13    2    1    4    0    0    2    1    1       727  897    0 ANpure   893  894  895  896
    8   14    1    1    4    4    1    1    1    1      1072  901    0 ANpure   898  899  900  901
    8   15    1    1    2    2    1    2    1    0      1270  903    0 ANpure   902  903
    8   16    2    1    8    0    0    2    1    1       705  912    0 ANpure   904  905  906  907  908  909  910  911
    8   17    1    1    4    2    3    1    1    1      1292  914    0 ANpure   913  914  915  916
    8   18    2    1    2    0    0    2    1    1      2538  919    0 ANpure   917  918
    8   19    1    1    8    1    8    2    1    0       977  920    0 ANpure   920  921  922  923  924  925  926  927
    8   20    1    1    4    4    1    1    1    1      1118  931    0 ANpure   928  929  930  931
    8   21    2    1    8    0    0    1    1    0      1039  940    0 ANpure   932  933  934  935  936  937  938  939
    8   22    2    1    4    0    0    2    1    1       494  945    0 ANpure   941  942  943  944
    8   23    1    1    4    3    2    1    1    1      1056  948    0 ANpure   946  947  948  949
    8   24    2    1    4    0    0    2    1    1      1323  954    0 ANpure   950  951  952  953
    9    1    2    1    8    0    0    1    1    0       556  963    0 ANpure   955  956  957  958  959  960  961  962
    9    2    1    1    8    3    6    1    1    1       997  966    0 ANpure   964  965  966  967  968  969  970  971
    9    3    1    1    4    3    2    2    1    0       708  974    0 ANpure   972  973  974  975
    9    4    2    1    8    0    0    1    1    0      1077  984    0 ANpure   976  977  978  979  980  981  982  983
    9    5    1    1    8    5    4    1    1    1      1095  989    0 ANpure   985  986  987  988  989  990  991  992
    9    6    2    1    2    0    0    2    1    1       829  995    0 ANpure   993  994
    9    7    1    1    8    5    4    2    0    1       985 1000    0 ANpure   996  997  998  999 1000 1001 1002 1003
    9    8    1    1    2    1    2    2    1    0       965 1004    0 ANpure  1004 1005
    9    9    1    1    4    2    3    1    1    1       918 1007    0 ANpure  1006 1007 1008 1009
    9   10    1    1    8    3    6    2    1    0      1630 1012    0 ANpure  1010 1011 1012 1013 1014 1015 1016 1017
    9   11    2    1    8    0    0    2    1    1      2766 1026    0 ANpure  1018 1019 1020 1021 1022 1023 1024 1025
    9   12    2    1    8    0    0    1    1    0      1278 1035    0 ANpure  1027 1028 1029 1030 1031 1032 1033 1034
    9   13    1    1    8    1    8    1    1    1       616 1036    0 ANpure  1036 1037 1038 1039 1040 1041 1042 1043
    9   14    1    1    4    3    2    1    1    1      1062 1046    0 ANpure  1044 1045 1046 1047
    9   15    2    1    8    0    0    1    1    0      1194 1056    0 ANpure  1048 1049 1050 1051 1052 1053 1054 1055
    9   16    2    1    8    0    0    2    1    1       899 1065    0 ANpure  1057 1058 1059 1060 1061 1062 1063 1064
    9   17    1    1    2    1    2    2    1    0       819 1066    0 ANpure  1066 1067
    9   18    1    1    8    1    8    2    0    1       640 1068    0 ANpure  1068 1069 1070 1071 1072 1073 1074 1075
    9   19    2    1    8    0    0    2    1    1      8355 1084    0 ANpure  1076 1077 1078 1079 1080 1081 1082 1083
    9   20    2    1    8    0    0    1    1    0       707 1093    0 ANpure  1085 1086 1087 1088 1089 1090 1091 1092
    9   21    1    1    2    1    2    1    1    1       922 1094    0 ANpure  1094 1095
    9   22    2    1    2    0    0    1    1    0       598 1098    0 ANpure  1096 1097
    9   23    1    1    4    1    4    1    0    0       773 1099    0 ANpure  1099 1100 1101 1102
    9   24    2    1    2    0    0    2    1    1       664 1105    0 ANpure  1103 1104
