    1    1    1    1    2    1    2    2    1    0      3347    6    1 CMpure     6    1
    1    2    1    1    8    1    8    1    1    1       922    4    1 CMpure    12   15   14   16   10   13   11    9
    1    3    2    1    4    0    0    1    1    0      1274   16    1 CMpure     5    2    7    3
    1    4    2    1    4    0    0    2    1    1      1001   14    1 CMpure    13    9   14   16
    1    5    2    1    4    0    0    1    0    1      1299   13    1 CMpure    14   11   10    9
    1    6    1    1    8    4    5    2    1    0       857    3    1 CMpure     7    6    5    3    8    4    1    2
    1    7    1    1    4    1    4    1    1    1       881    3    1 CMpure    11   16   15    9
    1    8    2    1    8    0    0    2    1    1       706    9    1 CMpure    12    9   11   14   15   13   16   10
    1    9    1    1    2    2    1    1    1    1      1122    3    1 CMpure     9   11
    1   10    1    1    2    1    2    1    1    1       361    1    1 CMpure     9   11
    1   11    1    1    2    2    1    1    1    1       511    1    1 CMpure    14    9
    1   12    2    1    2    0    0    1    1    0       624   11    1 CMpure     3    6
    1   13    2    1    4    0    0    2    1    1       592   10    1 CMpure    10   16   15   11
    1   14    2    1    8    0    0    2    1    1       957   11    1 CMpure    15   16   11   13   10    9   14   12
    1   15    1    1    4    3    2    1    1    1       584    3    1 CMpure    14   16   11   12
    1   16    2    1    8    0    0    2    0    0       829   11    1 CMpure     4    1    8    3    5    7    2    6
    1   17    2    1    4    0    0    1    1    0       598   12    1 CMpure     6    7    5    3
    1   18    1    1    8    1    8    2    0    1         0    2    1 CMpure    10   13   14    9   11   15   16   12
    1   19    2    1    2    0    0    1    1    0       478   14    1 CMpure     1    7
    1   20    1    1    8    4    5    1    0    0       631    2    1 CMpure     4    6    3    2    5    1    7    8
    1   21    1    1    4    3    2    1    1    1       647    5    1 CMpure    12   16   13   11
    1   22    2    1    8    0    0    1    1    0       938   11    1 CMpure     7    6    8    5    4    2    3    1
    1   23    2    1    2    0    0    1    1    0       481   16    1 CMpure     5    1
    1   24    2    1    8    0    0    1    0    1       890   13    1 CMpure    15   11   14   12   16    9   10   13
    2    1    1    1    8    4    5    1    1    1       488    6    1 CMpure    16   11    9   14   13   15   10   12
    2    2    2    1    4    0    0    2    1    1       678   14    1 CMpure    10   13   15    9
    2    3    2    1    8    0    0    2    1    1      1159   14    1 CMpure    14   12   16   13    9   11   15   10
    2    4    1    1    8    7    2    1    1    1       389    6    1 CMpure    10   12   13   11   15   16   14    9
    2    5    1    1    2    1    2    1    1    1       442    5    1 CMpure    13   11
    2    6    1    1    8    4    5    1    1    1       485    7    1 CMpure    10    9   14   15   11   16   13   12
    2    7    1    1    4    3    2    2    1    0       691    1    1 CMpure     6    5    1    4
    2    8    2    1    8    0    0    2    0    0       435   16    1 CMpure     7    4    6    2    8    3    1    5
    2    9    1    1    8    2    7    2    1    0       550    7    1 CMpure     2    7    5    6    1    4    8    3
    2   10    1    1    2    1    2    2    1    0       348    4    1 CMpure     4    7
    2   11    2    1    4    0    0    2    1    1       743   14    1 CMpure    15   12   11    9
    2   12    1    1    8    8    1    1    1    1       694    5    1 CMpure    10    9   14   12   15   16   11   13
    2   13    2    1    4    0    0    2    1    1       564   10    1 CMpure    10   15    9   11
    2   14    2    1    2    0    0    1    1    0       602   14    1 CMpure     7    2
    2   15    1    1    2    2    1    2    1    0       446    7    1 CMpure     5    7
    2   16    1    1    8    8    1    2    0    1       904    8    1 CMpure     9   11   13   12   10   14   15   16
    2   17    1    1    8    3    6    1    0    0       816    4    1 CMpure     8    5    4    3    6    2    1    7
    2   18    2    1    4    0    0    1    1    0       521   10    1 CMpure     7    6    3    4
    2   19    2    1    8    0    0    1    1    0       560   14    1 CMpure     4    5    1    3    7    6    8    2
    2   20    2    1    2    0    0    2    1    1       623   13    1 CMpure     9   15
    2   21    1    1    2    1    2    1    1    1       450    8    1 CMpure    16    9
    2   22    1    1    4    2    3    2    1    0       713    3    1 CMpure     2    3    8    1
    2   23    1    1    8    4    5    1    1    1       577    1    1 CMpure    14   13   12    9   10   15   16   11
    2   24    2    1    8    0    0    1    0    1       927   10    1 CMpure    12   16   13   11   10   15    9   14
    3    1    1    1    2    2    1    2    1    0       421    6    1 CMpure     3    6
    3    2    1    1    2    1    2    2    1    0       296    8    1 CMpure     8    5
    3    3    2    1    4    0    0    1    0    1       670   13    1 CMpure    10   11   13   14
    3    4    2    1    4    0    0    1    1    0       677   16    1 CMpure     6    1    8    3
    3    5    1    1    8    5    4    1    1    1       734    6    1 CMpure    12   10   11   13   14    9   15   16
    3    6    2    1    2    0    0    1    1    0       501    9    1 CMpure     1    3
    3    7    1    1    4    3    2    2    1    0       827    4    1 CMpure     2    1    4    7
    3    8    2    1    2    0    0    1    1    0       534   11    1 CMpure     7    3
    3    9    1    1    2    2    1    1    1    1       364    5    1 CMpure    11   13
    3   10    2    1    4    0    0    1    1    0      1079   10    1 CMpure     3    6    8    1
    3   11    1    1    2    2    1    2    1    0      2112    3    1 CMpure     5    3
    3   12    1    1    4    3    2    1    1    1      1486    5    1 CMpure    16   14   13   10
    3   13    1    1    2    2    1    1    1    1       607    3    1 CMpure    10   11
    3   14    2    1    8    0    0    1    0    1       947   10    1 CMpure     9   14   16   10   15   12   11   13
    3   15    1    1    8    6    3    1    1    1       666    5    1 CMpure     9   14   12   16   15   13   10   11
    3   16    2    1    2    0    0    1    1    0      1211   14    1 CMpure     8    1
    3   17    1    1    2    1    2    1    1    1      2855    2    1 CMpure    10   11
    3   18    1    1    8    7    2    1    1    1       697    2    1 CMpure     9   15   13   11   14   12   10   16
    3   19    1    1    2    2    1    1    1    1       338    6    1 CMpure    12   14
    3   20    2    1    2    0    0    1    1    0       480   11    1 CMpure     3    1
    3   21    2    1    8    0    0    1    1    0      1314   13    1 CMpure     5    2    6    3    1    4    7    8
    3   22    1    1    4    3    2    2    1    0       711    8    1 CMpure     7    2    8    1
    3   23    2    1    4    0    0    2    1    1      1349   10    1 CMpure    10   11   14   16
    3   24    2    1    4    0    0    2    1    1       664   16    1 CMpure    12   14   16   13
    4    1    1    1    8    1    8    1    1    1       771    7    1 CMpure    15    9   16   11   10   14   12   13
    4    2    2    1    4    0    0    2    1    1       814    9    1 CMpure    10    9   15   11
    4    3    1    1    4    3    2    1    1    1       576    3    1 CMpure    16    9   11   12
    4    4    2    1    4    0    0    1    1    0       786   11    1 CMpure     6    2    8    7
    4    5    1    1    8    7    2    1    1    1       551    5    1 CMpure    11   12   10   14    9   16   13   15
    4    6    1    1    4    3    2    1    1    1       522    4    1 CMpure     9   16   12   14
    4    7    1    1    4    1    4    1    1    1       503    2    1 CMpure    10    9   12   15
    4    8    2    1    4    0    0    2    0    0       676    9    1 CMpure     2    6    8    3
    4    9    2    1    2    0    0    1    1    0       566   15    1 CMpure     6    7
    4   10    2    1    4    0    0    1    1    0      1064   14    1 CMpure     1    8    6    5
    4   11    1    1    8    2    7    2    1    0       666    3    1 CMpure     8    3    5    4    7    6    1    2
    4   12    1    1    4    1    4    2    0    1       745    6    1 CMpure    14    9   10   13
    4   13    2    1    4    0    0    1    1    0       461   14    1 CMpure     5    6    8    4
    4   14    1    1    2    2    1    1    1    1      2303    4    1 CMpure    16   12
    4   15    1    1    8    5    4    2    1    0       551    1    1 CMpure     6    4    2    5    1    8    3    7
    4   16    2    1    8    0    0    2    0    0       613   13    1 CMpure     7    4    3    8    6    5    2    1
    4   17    2    1    4    0    0    2    1    1       726   11    1 CMpure    16   13   14    9
    4   18    2    1    4    0    0    1    1    0      1187    9    1 CMpure     3    8    4    1
    4   19    2    1    8    0    0    2    1    1       831   16    1 CMpure    15   14   13   16   11    9   12   10
    4   20    2    1    2    0    0    1    1    0       386   15    1 CMpure     1    5
    4   21    2    1    8    0    0    1    1    0       855   14    1 CMpure     8    4    2    1    6    3    7    5
    4   22    1    1    2    2    1    2    1    0       401    7    1 CMpure     2    7
    4   23    1    1    2    2    1    2    1    0       773    6    1 CMpure     4    6
    4   24    1    1    8    6    3    1    0    0      2514    8    1 CMpure     5    3    2    1    4    8    7    6
    5    1    2    1    8    0    0    2    1    1      1192   12    1 CMpure     9   11   15   13   16   14   10   12
    5    2    1    1    8    1    8    1    1    1       317    2    1 CMpure    10   13   16   15   11    9   12   14
    5    3    1    1    8    6    3    2    1    0       940    4    1 CMpure     5    3    8    2    6    4    7    1
    5    4    2    1    8    0    0    1    1    0      1387   12    1 CMpure     5    4    2    6    1    7    3    8
    5    5    1    1    8    1    8    1    1    1       759    5    1 CMpure    13   15   12   11    9   10   14   16
    5    6    1    1    2    2    1    2    1    0       990    3    1 CMpure     2    3
    5    7    2    1    8    0    0    1    1    0       786    9    1 CMpure     2    6    1    4    3    7    5    8
    5    8    1    1    2    2    1    2    1    0       535    3    1 CMpure     8    3
    5    9    2    1    8    0    0    1    0    1      1398   15    1 CMpure    14   16   11   13   15   12    9   10
    5   10    2    1    8    0    0    1    1    0       794   14    1 CMpure     1    6    8    5    2    4    3    7
    5   11    1    1    8    6    3    1    1    1       567    8    1 CMpure    13   15   14    9   11   16   10   12
    5   12    2    1    8    0    0    1    1    0       900    9    1 CMpure     1    3    8    7    6    2    5    4
    5   13    1    1    8    8    1    1    0    0       908    7    1 CMpure     2    6    4    3    5    1    8    7
    5   14    1    1    2    1    2    1    1    1      3084    8    1 CMpure    16   12
    5   15    1    1    8    8    1    1    1    1      2509    7    1 CMpure    16   10   13   14    9   11   12   15
    5   16    2    1    2    0    0    1    1    0      1309   10    1 CMpure     2    1
    5   17    1    1    4    4    1    1    1    1       546    7    1 CMpure    14   10    9   15
    5   18    1    1    4    1    4    2    1    0       846    6    1 CMpure     6    3    4    1
    5   19    2    1    8    0    0    1    0    1       585   10    1 CMpure    16   13   12   14   10    9   15   11
    5   20    1    1    8    4    5    1    1    1       662    7    1 CMpure    11   12   14   15   10   16    9   13
    5   21    2    1    8    0    0    2    0    0       248   12    1 CMpure     8    3    6    1    7    5    2    4
    5   22    1    1    8    3    6    1    1    1       570    6    1 CMpure    16   13   14   11    9   12   10   15
    5   23    1    1    2    1    2    2    1    0       359    4    1 CMpure     4    2
    5   24    2    1    4    0    0    1    1    0       594   14    1 CMpure     8    6    7    3
    6    1    1    1    8    3    6    1    1    1       416    7    1 CMpure    16   12   15   11    9   14   10   13
    6    2    1    1    2    2    1    1    1    1       395    1    1 CMpure    12    9
    6    3    1    1    4    3    2    2    1    0       637    4    1 CMpure     1    8    4    7
    6    4    2    1    8    0    0    1    1    0       648   14    1 CMpure     4    8    6    5    2    3    1    7
    6    5    2    1    4    0    0    2    1    1      1040   15    1 CMpure    10   12    9   14
    6    6    2    1    2    0    0    1    0    1      2962   14    1 CMpure    11   12
    6    7    1    1    2    2    1    1    1    1       344    1    1 CMpure    13    9
    6    8    1    1    8    2    7    2    1    0       487    6    1 CMpure     5    6    3    4    8    1    7    2
    6    9    2    1    2    0    0    2    1    1       608   15    1 CMpure    14   16
    6   10    2    1    8    0    0    1    0    1       516   14    1 CMpure    16   10    9   15   14   13   12   11
    6   11    2    1    2    0    0    1    1    0       547   12    1 CMpure     3    2
    6   12    2    1    4    0    0    1    1    0       751   10    1 CMpure     2    3    7    1
    6   13    2    1    2    0    0    2    1    1      1141   12    1 CMpure    13   14
    6   14    1    1    8    5    4    1    1    1       444    4    1 CMpure    16   14    9   11   12   15   13   10
    6   15    2    1    2    0    0    2    1    1       759   13    1 CMpure    12   11
    6   16    2    1    2    0    0    1    1    0       565   10    1 CMpure     2    6
    6   17    2    1    2    0    0    1    0    1      1514   15    1 CMpure    14   15
    6   18    2    1    4    0    0    2    1    1      1119   13    1 CMpure    15   12   11   16
    6   19    2    1    2    0    0    2    1    1       494   10    1 CMpure    12   14
    6   20    1    1    2    1    2    2    1    0       399    8    1 CMpure     8    7
    6   21    1    1    4    1    4    2    0    1       888    1    1 CMpure     9   16   15   12
    6   22    2    1    8    0    0    2    1    1       816   12    1 CMpure    14   10   13   16    9   11   15   12
    6   23    1    1    2    1    2    1    1    1       596    5    1 CMpure    13   14
    6   24    2    1    2    0    0    2    1    1       456   16    1 CMpure    10   14
    7    1    2    1    8    0    0    2    1    1       561   12    1 CMpure    13   11   10   16   14    9   15   12
    7    2    1    1    4    2    3    2    1    0       484    1    1 CMpure     6    1    2    4
    7    3    2    1    2    0    0    2    1    1       485   15    1 CMpure     9   15
    7    4    2    1    2    0    0    2    1    1       774   10    1 CMpure    16   15
    7    5    1    1    2    1    2    2    1    0       619    1    1 CMpure     1    2
    7    6    1    1    8    4    5    1    1    1       703    7    1 CMpure    12    9   10   15   16   13   11   14
    7    7    2    1    4    0    0    1    0    1      1780   12    1 CMpure     9   13   14   16
    7    8    2    1    8    0    0    1    1    0       689   10    1 CMpure     5    8    7    4    3    2    6    1
    7    9    1    1    2    1    2    2    0    1        82    8    1 CMpure    16   10
    7   10    2    1    4    0    0    1    0    1       400   15    1 CMpure     9   13   16   14
    7   11    2    1    2    0    0    2    0    0      2372   16    1 CMpure     1    4
    7   12    2    1    8    0    0    1    1    0       586   10    1 CMpure     4    1    2    6    8    7    5    3
    7   13    2    1    4    0    0    1    1    0       940   10    1 CMpure     5    6    1    4
    7   14    1    1    4    1    4    1    1    1       632    6    1 CMpure    14   16    9   12
    7   15    2    1    2    0    0    1    1    0      1498   15    1 CMpure     6    3
    7   16    2    1    4    0    0    1    0    1       856   11    1 CMpure    14    9   11   13
    7   17    2    1    2    0    0    2    1    1      2042   13    1 CMpure    13   12
    7   18    2    1    2    0    0    2    1    1       644   14    1 CMpure    15   13
    7   19    1    1    8    3    6    2    1    0      1031    7    1 CMpure     8    5    7    6    2    1    4    3
    7   20    1    1    4    2    3    1    1    1       671    1    1 CMpure    13    9   14   10
    7   21    2    1    2    0    0    1    1    0       769   13    1 CMpure     5    3
    7   22    1    1    4    1    4    2    1    0       579    6    1 CMpure     6    3    8    1
    7   23    2    1    8    0    0    2    0    0      1257    9    1 CMpure     3    4    2    7    8    5    1    6
    7   24    2    1    4    0    0    1    1    0      1968   11    1 CMpure     2    4    6    7
    8    1    2    1    8    0    0    2    0    0       641   12    1 CMpure     7    8    2    1    5    6    4    3
    8    2    2    1    8    0    0    1    1    0      2524   14    1 CMpure     6    3    8    5    2    7    4    1
    8    3    2    1    4    0    0    1    0    1       624   10    1 CMpure     9   13   14   10
    8    4    1    1    2    1    2    1    1    1       380    2    1 CMpure    10    9
    8    5    1    1    2    1    2    2    1    0       369    1    1 CMpure     1    3
    8    6    1    1    8    8    1    2    1    0       678    2    1 CMpure     4    3    1    8    5    6    7    2
    8   10    2    1    8    0    0    2    1    1      2590   13    1 CMpure    15   10   14   13   16    9   12   11
    8   11    2    1    8    0    0    2    0    0       635   13    1 CMpure     1    4    5    7    2    3    6    8
    8   12    2    1    8    0    0    1    1    0       982   16    1 CMpure     5    1    8    6    3    2    4    7
    8   13    2    1    8    0    0    1    0    1      1571   13    1 CMpure    16   14   15   11   13   12    9   10
    8   14    2    1    4    0    0    1    1    0       621    9    1 CMpure     5    2    7    8
    8   15    2    1    8    0    0    2    0    0      5984   11    1 CMpure     8    4    2    5    7    3    6    1
    8   16    2    1    4    0    0    2    1    1       843    9    1 CMpure    12    9   13   11
    8   17    2    1    2    0    0    2    1    1       965   10    1 CMpure    13   12
    8   18    1    1    8    8    1    1    1    1      1938    2    1 CMpure    16   11   13   14   12    9   15   10
    8   19    1    1    4    4    1    2    1    0      9447    7    1 CMpure     6    5    1    7
    8   20    1    1    2    2    1    1    1    1      5042    7    1 CMpure    10   15
    8   21    1    1    8    6    3    1    1    1      1452    5    1 CMpure    14    9   12   11   16   13   15   10
    8   22    2    1    8    0    0    1    0    1      5342   11    1 CMpure     9   16   12   11   14   13   15   10
    8   23    2    1    4    0    0    1    0    1      4930   16    1 CMpure    10   14    9   13
    8   24    2    1    4    0    0    1    1    0       575   14    1 CMpure     5    2    8    7
    9    1    2    1    8    0    0    1    1    0       583   12    1 CMpure     5    4    8    2    3    6    7    1
    9    2    1    1    8    5    4    2    1    0       451    6    1 CMpure     8    1    2    4    6    5    7    3
    9    3    2    1    8    0    0    1    0    1       789   10    1 CMpure     9   12   11   13   16   14   15   10
    9    4    1    1    8    8    1    2    1    0       690    6    1 CMpure     8    7    2    5    4    3    1    6
    9    5    1    1    4    2    3    1    0    0       648    7    1 CMpure     1    7    8    4
    9    6    1    1    2    2    1    2    1    0       642    8    1 CMpure     7    8
    9    7    2    1    2    0    0    2    1    1       629   10    1 CMpure     9   16
    9    8    2    1    8    0    0    1    0    1      1400    9    1 CMpure    14   12   11   16   13    9   15   10
    9    9    2    1    4    0    0    1    0    1       450   11    1 CMpure    15   11   13   16
    9   10    1    1    8    7    2    2    1    0       372    6    1 CMpure     2    7    3    4    1    8    6    5
    9   11    1    1    8    1    8    1    1    1       649    7    1 CMpure    15   13   14   16   10   11    9   12
    9   12    2    1    2    0    0    1    0    1      9723   10    1 CMpure    13   15
    9   13    2    1    2    0    0    2    1    1       651   12    1 CMpure    10   16
    9   14    1    1    8    5    4    1    1    1      1108    3    1 CMpure    13   14   12   15   11    9   10   16
    9   15    1    1    8    5    4    2    1    0       565    3    1 CMpure     4    2    8    1    3    7    6    5
    9   16    1    1    8    5    4    1    1    1       842    3    1 CMpure    16   10   15   14   11    9   13   12
    9   17    2    1    2    0    0    2    0    0      2565   16    1 CMpure     3    4
    9   19    2    1    8    0    0    1    1    0       740   11    1 CMpure     8    5    7    1    2    6    4    3
    9   20    2    1    8    0    0    1    0    1       659   11    1 CMpure    15    9   16   12   14   13   10   11
    9   21    2    1    4    0    0    1    1    0       435   10    1 CMpure     7    4    2    3
    9   22    1    1    2    1    2    1    1    1       517    8    1 CMpure    16   14
    9   23    2    1    8    0    0    2    1    1      2764   14    1 CMpure    15   13   12   16    9   14   11   10
    9   24    1    1    8    3    6    2    0    1       618    8    1 CMpure     9   14   16   13   11   15   10   12
