    1    1    1    1    4    4    1    1    1    1       551    4    0 ANpure     1    2    3    4
    1    2    2    1    4    0    0    2    0    0       564    9    0 ANpure     5    6    7    8
    1    3    2    1    8    0    0    1    0    1       525   18    0 ANpure    10   11   12   13   14   15   16   17
    1    4    1    1    8    3    6    1    1    1       319   21    0 ANpure    19   20   21   22   23   24   25   26
    1    5    1    1    4    1    4    1    1    1       386   27    0 ANpure    27   28   29   30
    1    6    2    1    4    0    0    1    0    1       281   35    0 ANpure    31   32   33   34
    1    7    1    1    4    1    4    1    1    1       219   36    0 ANpure    36   37   38   39
    1    8    1    1    4    1    4    2    1    0       193   40    0 ANpure    40   41   42   43
    1   10    2    1    4    0    0    1    0    1       269   53    0 ANpure    49   50   51   52
    1   11    1    1    2    1    2    2    1    0       295   54    0 ANpure    54   55
    1   12    2    1    2    0    0    1    0    1        30   58    0 ANpure    56   57
    1   13    2    1    4    0    0    1    0    1       219   63    0 ANpure    59   60   61   62
    1   14    1    1    8    5    4    1    1    1       593   68    0 ANpure    64   65   66   67   68   69   70   71
    1   15    2    1    8    0    0    1    1    0       839   80    0 ANpure    72   73   74   75   76   77   78   79
    1   16    2    1    8    0    0    1    1    0       862   89    0 ANpure    81   82   83   84   85   86   87   88
    1   17    2    1    4    0    0    1    1    0       514   94    0 ANpure    90   91   92   93
    1   18    2    1    4    0    0    2    1    1       763   99    0 ANpure    95   96   97   98
    1   19    2    1    4    0    0    1    1    0       579  104    0 ANpure   100  101  102  103
    1   20    1    1    4    1    4    1    1    1       466  105    0 ANpure   105  106  107  108
    1   21    1    1    2    1    2    2    1    0       411  109    0 ANpure   109  110
    1   22    1    1    8    7    2    2    1    0       359  117    0 ANpure   111  112  113  114  115  116  117  118
    1   23    2    1    2    0    0    1    0    1       307  121    0 ANpure   119  120
    1   24    1    1    4    2    3    2    1    0       581  123    0 ANpure   122  123  124  125
    2    1    2    1    4    0    0    2    0    0       434  130    0 ANpure   126  127  128  129
    2    2    1    1    8    4    5    1    1    1       903  134    0 ANpure   131  132  133  134  135  136  137  138
    2    3    1    1    2    1    2    1    1    1       422  139    0 ANpure   139  140
    2    4    2    1    2    0    0    2    1    1       408  143    0 ANpure   141  142
    2    5    1    1    8    4    5    2    1    0       733  147    0 ANpure   144  145  146  147  148  149  150  151
    2    6    1    1    8    3    6    1    1    1       662  154    0 ANpure   152  153  154  155  156  157  158  159
    2    7    1    1    8    6    3    1    1    1       716  165    0 ANpure   160  161  162  163  164  165  166  167
    2    8    1    1    2    2    1    2    1    0       370  169    0 ANpure   168  169
    2    9    2    1    2    0    0    1    1    0       372  172    0 ANpure   170  171
    2   10    2    1    8    0    0    1    1    0       451  181    0 ANpure   173  174  175  176  177  178  179  180
    2   11    1    1    2    2    1    1    1    1       451  183    0 ANpure   182  183
    2   12    2    1    4    0    0    2    1    1       647  188    0 ANpure   184  185  186  187
    2   13    2    1    4    0    0    2    1    1       573  193    0 ANpure   189  190  191  192
    2   14    2    1    2    0    0    1    1    0       520  196    0 ANpure   194  195
    2   15    1    1    2    2    1    2    1    0       366  198    0 ANpure   197  198
    2   16    2    1    4    0    0    1    0    1       430  203    0 ANpure   199  200  201  202
    2   17    2    1    2    0    0    1    1    0       455  206    0 ANpure   204  205
    2   18    2    1    8    0    0    1    0    1      1070  215    0 ANpure   207  208  209  210  211  212  213  214
    2   19    1    1    2    2    1    2    1    0       462  217    0 ANpure   216  217
    2   20    1    1    4    1    4    1    1    1       458  218    0 ANpure   218  219  220  221
    2   21    2    1    2    0    0    1    0    1       490  224    0 ANpure   222  223
    2   22    1    1    4    3    2    1    1    1       509  227    0 ANpure   225  226  227  228
    2   23    1    1    4    2    3    1    1    1       512  230    0 ANpure   229  230  231  232
    2   24    1    1    2    1    2    1    1    1       558  233    0 ANpure   233  234
    3    1    1    1    2    1    2    1    1    1       362  235    0 ANpure   235  236
    3    2    2    1    8    0    0    2    0    0       403  245    0 ANpure   237  238  239  240  241  242  243  244
    3    3    2    1    4    0    0    2    1    1       703  250    0 ANpure   246  247  248  249
    3    4    2    1    2    0    0    2    1    1       445  253    0 ANpure   251  252
    3    5    1    1    2    2    1    1    1    1       502  255    0 ANpure   254  255
    3    6    1    1    4    2    3    2    0    1       785  257    0 ANpure   256  257  258  259
    3    7    1    1    4    3    2    2    1    0       497  262    0 ANpure   260  261  262  263
    3    8    2    1    2    0    0    2    0    0       328  266    0 ANpure   264  265
    3    9    1    1    2    1    2    1    1    1       518  267    0 ANpure   267  268
    3   10    1    1    8    3    6    1    1    1      1055  271    0 ANpure   269  270  271  272  273  274  275  276
    3   12    2    1    2    0    0    2    1    1       492  283    0 ANpure   281  282
    3   13    2    1    4    0    0    1    0    1       583  288    0 ANpure   284  285  286  287
    3   14    1    1    8    3    6    2    1    0       576  291    0 ANpure   289  290  291  292  293  294  295  296
    3   15    1    1    8    8    1    2    1    0       320  304    0 ANpure   297  298  299  300  301  302  303  304
    3   16    1    1    2    1    2    2    1    0       831  305    0 ANpure   305  306
    3   17    1    1    8    6    3    2    1    0       678  312    0 ANpure   307  308  309  310  311  312  313  314
    3   18    1    1    4    1    4    2    1    0        55  315    0 ANpure   315  316  317  318
    3   19    2    1    4    0    0    1    1    0       411  323    0 ANpure   319  320  321  322
    3   20    2    1    8    0    0    2    1    1       623  332    0 ANpure   324  325  326  327  328  329  330  331
    3   22    2    1    8    0    0    1    1    0      1278  343    0 ANpure   335  336  337  338  339  340  341  342
    3   23    2    1    2    0    0    1    1    0       782  346    0 ANpure   344  345
    3   24    2    1    8    0    0    2    0    0       435  355    0 ANpure   347  348  349  350  351  352  353  354
    4    1    2    1    2    0    0    1    0    1       282  358    0 ANpure   356  357
    4    2    1    1    4    2    3    1    0    0       360  360    0 ANpure   359  360  361  362
    4    3    1    1    8    2    7    1    1    1       782  364    0 ANpure   363  364  365  366  367  368  369  370
    4    4    1    1    8    7    2    2    1    0       752  377    0 ANpure   371  372  373  374  375  376  377  378
    4    5    2    1    2    0    0    1    1    0      1101  381    0 ANpure   379  380
    4    6    2    1    8    0    0    2    0    0       404  390    0 ANpure   382  383  384  385  386  387  388  389
    4    7    2    1    4    0    0    1    0    1       858  395    0 ANpure   391  392  393  394
    4    9    2    1    4    0    0    2    0    0       567  402    0 ANpure   398  399  400  401
    4   10    2    1    8    0    0    2    1    1       718  411    0 ANpure   403  404  405  406  407  408  409  410
    4   11    1    1    8    1    8    1    1    1       928  412    0 ANpure   412  413  414  415  416  417  418  419
    4   12    2    1    4    0    0    1    0    1       474  424    0 ANpure   420  421  422  423
    4   13    2    1    4    0    0    2    0    0       332  429    0 ANpure   425  426  427  428
    4   16    1    1    8    2    7    1    1    1       837  437    0 ANpure   436  437  438  439  440  441  442  443
    4   17    2    1    2    0    0    1    0    1       926  446    0 ANpure   444  445
    4   18    1    1    4    1    4    2    1    0       256  447    0 ANpure   447  448  449  450
    4   19    2    1    4    0    0    1    0    1       523  455    0 ANpure   451  452  453  454
    4   21    1    1    2    1    2    1    1    1      1506  458    0 ANpure   458  459
    4   22    2    1    8    0    0    2    0    0       451  468    0 ANpure   460  461  462  463  464  465  466  467
    4   23    2    1    8    0    0    2    0    0       942  477    0 ANpure   469  470  471  472  473  474  475  476
    4   24    2    1    2    0    0    1    1    0       546  480    0 ANpure   478  479
    5    1    2    1    2    0    0    1    0    1       456  483    0 ANpure   481  482
    5    2    1    1    4    1    4    2    1    0       428  484    0 ANpure   484  485  486  487
    5    3    1    1    4    1    4    2    1    0       458  488    0 ANpure   488  489  490  491
    5    4    1    1    2    1    2    1    1    1       355  492    0 ANpure   492  493
    5    5    1    1    4    4    1    1    1    1       372  497    0 ANpure   494  495  496  497
    5    6    2    1    8    0    0    2    0    0       627  506    0 ANpure   498  499  500  501  502  503  504  505
    5    7    2    1    8    0    0    2    0    0       481  515    0 ANpure   507  508  509  510  511  512  513  514
    5    8    2    1    8    0    0    1    0    1       378  524    0 ANpure   516  517  518  519  520  521  522  523
    5    9    2    1    4    0    0    2    0    0       418  529    0 ANpure   525  526  527  528
    5   10    2    1    4    0    0    2    1    1       438  534    0 ANpure   530  531  532  533
    5   11    2    1    2    0    0    1    1    0      1102  537    0 ANpure   535  536
    5   12    2    1    8    0    0    2    0    0       672  546    0 ANpure   538  539  540  541  542  543  544  545
    5   13    1    1    2    2    1    2    1    0       440  548    0 ANpure   547  548
    5   14    2    1    2    0    0    1    0    1       416  551    0 ANpure   549  550
    5   15    2    1    4    0    0    2    0    0       357  556    0 ANpure   552  553  554  555
    5   16    1    1    2    1    2    2    1    0       298  557    0 ANpure   557  558
    5   17    1    1    4    2    3    2    1    0       948  560    0 ANpure   559  560  561  562
    5   18    1    1    8    7    2    1    1    1       540  569    0 ANpure   563  564  565  566  567  568  569  570
    5   20    2    1    8    0    0    2    1    1      2018  588    0 ANpure   580  581  582  583  584  585  586  587
    5   21    2    1    4    0    0    1    1    0       824  593    0 ANpure   589  590  591  592
    5   22    1    1    2    2    1    1    1    1       345  595    0 ANpure   594  595
    5   23    2    1    2    0    0    2    0    0       357  598    0 ANpure   596  597
    6    1    2    1    2    0    0    1    0    1       313  606    0 ANpure   604  605
    6    2    2    1    8    0    0    2    1    1       628  615    0 ANpure   607  608  609  610  611  612  613  614
    6    5    2    1    8    0    0    2    0    0       471  630    0 ANpure   622  623  624  625  626  627  628  629
    6    6    2    1    8    0    0    1    0    1       507  639    0 ANpure   631  632  633  634  635  636  637  638
    6    7    2    1    8    0    0    2    0    0         0  648    0 ANpure   640  641  642  643  644  645  646  647
    6    8    1    1    8    7    2    1    1    1       539  655    0 ANpure   649  650  651  652  653  654  655  656
    6    9    2    1    8    0    0    2    0    0      1017  665    0 ANpure   657  658  659  660  661  662  663  664
    6   10    2    1    2    0    0    1    0    1       316  668    0 ANpure   666  667
    6   11    2    1    8    0    0    1    0    1       327  677    0 ANpure   669  670  671  672  673  674  675  676
    6   12    2    1    4    0    0    1    0    1       305  682    0 ANpure   678  679  680  681
    6   13    2    1    2    0    0    1    0    1       439  685    0 ANpure   683  684
    6   14    1    1    4    1    4    1    1    1       316  686    0 ANpure   686  687  688  689
    6   15    1    1    4    4    1    1    1    1       286  693    0 ANpure   690  691  692  693
    6   16    1    1    8    1    8    1    1    1        26  694    0 ANpure   694  695  696  697  698  699  700  701
    6   17    1    1    8    3    6    2    1    0       103  704    0 ANpure   702  703  704  705  706  707  708  709
    6   19    1    1    4    3    2    2    1    0       269  720    0 ANpure   718  719  720  721
    6   20    2    1    4    0    0    1    1    0       529  726    0 ANpure   722  723  724  725
    6   21    1    1    8    2    7    2    1    0       365  728    0 ANpure   727  728  729  730  731  732  733  734
    6   22    2    1    8    0    0    2    1    1       451  743    0 ANpure   735  736  737  738  739  740  741  742
    6   23    1    1    4    4    1    2    0    1       295  747    0 ANpure   744  745  746  747
    6   24    1    1    2    1    2    2    1    0       303  748    0 ANpure   748  749
    7    1    2    1    8    0    0    1    0    1       308  758    0 ANpure   750  751  752  753  754  755  756  757
    7    2    1    1    8    3    6    2    1    0       383  761    0 ANpure   759  760  761  762  763  764  765  766
    7    3    1    1    8    5    4    2    1    0       581  771    0 ANpure   767  768  769  770  771  772  773  774
    7    5    1    1    4    2    3    1    1    1       305  785    0 ANpure   784  785  786  787
    7    6    1    1    4    4    1    1    1    1       386  791    0 ANpure   788  789  790  791
    7    7    2    1    2    0    0    2    0    0       108  794    0 ANpure   792  793
    7    8    2    1    8    0    0    1    0    1       527  803    0 ANpure   795  796  797  798  799  800  801  802
    7    9    1    1    8    2    7    1    0    0       744  805    0 ANpure   804  805  806  807  808  809  810  811
    7   10    1    1    4    3    2    2    1    0       194  814    0 ANpure   812  813  814  815
    7   11    1    1    4    1    4    2    1    0       424  816    0 ANpure   816  817  818  819
    7   12    2    1    2    0    0    1    0    1       193  822    0 ANpure   820  821
    7   13    2    1    2    0    0    1    0    1       307  825    0 ANpure   823  824
    7   14    1    1    8    7    2    2    1    0       325  832    0 ANpure   826  827  828  829  830  831  832  833
    7   15    1    1    2    1    2    1    1    1       722  834    0 ANpure   834  835
    7   17    2    1    4    0    0    1    0    1       358  845    0 ANpure   841  842  843  844
    7   18    1    1    4    3    2    2    1    0       142  848    0 ANpure   846  847  848  849
    7   19    2    1    4    0    0    2    0    0       670  854    0 ANpure   850  851  852  853
    7   20    1    1    4    2    3    2    1    0       698  856    0 ANpure   855  856  857  858
    7   21    2    1    2    0    0    2    0    0       424  861    0 ANpure   859  860
    7   22    2    1    2    0    0    2    0    0       353  864    0 ANpure   862  863
    7   23    1    1    8    1    8    1    0    0       603  865    0 ANpure   865  866  867  868  869  870  871  872
    7   24    2    1    8    0    0    1    0    1       176  881    0 ANpure   873  874  875  876  877  878  879  880
    8    1    2    1    4    0    0    2    0    0       351  886    0 ANpure   882  883  884  885
    8    2    2    1    4    0    0    1    0    1       255  891    0 ANpure   887  888  889  890
    8    3    1    1    2    1    2    1    1    1       376  892    0 ANpure   892  893
    8    4    1    1    8    7    2    2    1    0       352  900    0 ANpure   894  895  896  897  898  899  900  901
    8    6    2    1    2    0    0    2    0    0       284  906    0 ANpure   904  905
    8    7    1    1    4    1    4    2    0    1       471  907    0 ANpure   907  908  909  910
    8    8    2    1    2    0    0    1    0    1       230  913    0 ANpure   911  912
    8    9    1    1    4    3    2    1    1    1      2122  916    0 ANpure   914  915  916  917
    8   10    2    1    2    0    0    2    1    1       631  920    0 ANpure   918  919
    8   11    1    1    4    4    1    2    1    0       348  924    0 ANpure   921  922  923  924
    8   12    1    1    2    2    1    1    1    1       937  926    0 ANpure   925  926
    8   13    1    1    4    3    2    1    1    1      1545  929    0 ANpure   927  928  929  930
    8   14    1    1    4    2    3    2    1    0       635  932    0 ANpure   931  932  933  934
    8   15    2    1    8    0    0    1    0    1      1647  943    0 ANpure   935  936  937  938  939  940  941  942
    8   16    1    1    2    2    1    1    1    1       745  945    0 ANpure   944  945
    8   18    2    1    2    0    0    1    0    1       345  956    0 ANpure   954  955
    8   19    1    1    2    2    1    1    1    1       383  958    0 ANpure   957  958
    8   20    1    1    2    2    1    1    1    1       354  960    0 ANpure   959  960
    8   21    2    1    8    0    0    1    1    0      1355  969    0 ANpure   961  962  963  964  965  966  967  968
    8   23    2    1    4    0    0    1    0    1       444  976    0 ANpure   972  973  974  975
    8   24    2    1    4    0    0    2    0    0       346  981    0 ANpure   977  978  979  980
    9    1    1    1    4    2    3    1    1    1       134  983    0 ANpure   982  983  984  985
    9    2    1    1    8    8    1    1    1    1       479  993    0 ANpure   986  987  988  989  990  991  992  993
    9    3    1    1    2    1    2    1    1    1       519  994    0 ANpure   994  995
    9    4    1    1    8    8    1    2    1    0        49 1003    0 ANpure   996  997  998  999 1000 1001 1002 1003
    9    5    1    1    8    5    4    1    1    1        87 1008    0 ANpure  1004 1005 1006 1007 1008 1009 1010 1011
    9    6    2    1    8    0    0    1    0    1      1923 1020    0 ANpure  1012 1013 1014 1015 1016 1017 1018 1019
    9    7    2    1    8    0    0    1    0    1       340 1029    0 ANpure  1021 1022 1023 1024 1025 1026 1027 1028
    9    8    1    1    4    1    4    2    1    0       268 1030    0 ANpure  1030 1031 1032 1033
    9    9    1    1    4    4    1    1    1    1       288 1037    0 ANpure  1034 1035 1036 1037
    9   10    2    1    2    0    0    2    0    0       263 1040    0 ANpure  1038 1039
    9   11    1    1    4    2    3    2    1    0       596 1042    0 ANpure  1041 1042 1043 1044
    9   14    1    1    2    2    1    1    1    1      1781 1053    0 ANpure  1052 1053
    9   15    1    1    4    2    3    1    1    1       149 1055    0 ANpure  1054 1055 1056 1057
    9   16    1    1    4    1    4    1    1    1        28 1058    0 ANpure  1058 1059 1060 1061
    9   18    1    1    8    5    4    1    1    1       417 1074    0 ANpure  1070 1071 1072 1073 1074 1075 1076 1077
    9   20    2    1    2    0    0    2    0    0       439 1084    0 ANpure  1082 1083
    9   21    2    1    8    0    0    1    0    1       459 1093    0 ANpure  1085 1086 1087 1088 1089 1090 1091 1092
    9   22    1    1    2    1    2    1    0    0       380 1094    0 ANpure  1094 1095
    9   23    1    1    2    2    1    1    1    1       352 1097    0 ANpure  1096 1097
    9   24    1    1    8    2    7    2    1    0       736 1099    0 ANpure  1098 1099 1100 1101 1102 1103 1104 1105
