    1    1    2    1    8    0    0    1    1    0      1313   15    1 CMpure     3    5    7    8    2    4    1    6
    1    2    2    1    2    0    0    1    1    0      1967   16    1 CMpure     6    5
    1    3    1    1    2    1    2    2    1    0      1031    6    1 CMpure     6    7
    1    4    2    1    2    0    0    2    1    1       780    4    1 CMpure    14   12
    1    5    2    1    8    0    0    1    1    0      2018   12    1 CMpure     5    1    6    3    7    2    8    4
    1    6    2    1    2    0    0    1    1    0      2571   16    1 CMpure     2    6
    1    7    1    1    8    1    8    1    1    1      1622   14    1 CMpure    14   15   10    9   16   12   11   13
    1    8    2    1    8    0    0    1    1    0       766   13    1 CMpure     6    3    1    4    8    5    7    2
    1    9    2    1    4    0    0    1    1    0       655   12    1 CMpure     8    6    3    2
    1   10    2    1    2    0    0    2    1    1       756    7    1 CMpure    12   13
    1   11    2    1    4    0    0    1    1    0       770   15    1 CMpure     5    8    4    6
    1   12    2    1    8    0    0    2    1    1      1066    7    1 CMpure     9   13   12   14   15   11   10   16
    1   13    2    1    8    0    0    2    1    1       707    8    1 CMpure    16   14   12   11    9   15   10   13
    1   14    2    1    8    0    0    1    1    0       784    9    1 CMpure     6    8    5    3    7    1    2    4
    1   15    2    1    4    0    0    2    1    1       630    6    1 CMpure    14   13   11   15
    1   16    2    1    4    0    0    2    1    1       540    8    1 CMpure    11   12   15   16
    1   17    1    1    8    7    2    2    1    0       905    2    1 CMpure     3    6    1    7    8    5    2    4
    1   18    1    1    8    6    3    1    1    1      1380   11    1 CMpure    12   16   13   15   14   11   10    9
    1   19    1    1    2    2    1    1    1    1       775   15    1 CMpure    10   15
    1   20    2    1    8    0    0    1    1    0      1061   12    1 CMpure     4    5    6    8    7    1    2    3
    1   21    1    1    4    3    2    2    1    0       736    1    1 CMpure     8    5    1    6
    1   22    2    1    4    0    0    1    1    0       681   14    1 CMpure     2    7    3    6
    1   23    2    1    2    0    0    2    1    1       771    1    1 CMpure    15   13
    1   24    2    1    4    0    0    1    1    0       692   10    1 CMpure     1    5    8    3
    2    1    1    1    4    1    4    1    1    1       881   15    1 CMpure    15   14    9   12
    2    2    1    1    2    1    2    2    1    0       562    3    1 CMpure     3    7
    2    3    1    1    8    5    4    2    1    0      1061    6    1 CMpure     5    1    3    4    6    2    8    7
    2    4    1    1    2    1    2    1    1    1       600    9    1 CMpure     9   12
    2    5    2    1    2    0    0    2    1    1       544    1    1 CMpure    10   11
    2    6    1    1    2    1    2    1    1    1      1485   15    1 CMpure    15   10
    2    7    2    1    2    0    0    2    1    1       472    6    1 CMpure    16   15
    2    8    1    1    8    2    7    2    1    0       761    5    1 CMpure     8    5    2    1    4    3    6    7
    2    9    2    1    8    0    0    1    1    0       833   13    1 CMpure     4    1    8    2    6    7    5    3
    2   10    1    1    8    6    3    1    1    1       938   14    1 CMpure     9   11   16   15   12   14   10   13
    2   11    1    1    8    7    2    1    1    1       629   11    1 CMpure    16   14   15    9   13   12   11   10
    2   12    2    1    2    0    0    1    1    0       773   15    1 CMpure     7    6
    2   13    1    1    8    2    7    2    1    0       723    8    1 CMpure     3    8    5    2    1    4    6    7
    2   14    2    1    8    0    0    1    1    0       787   10    1 CMpure     8    1    2    4    5    6    7    3
    2   15    2    1    2    0    0    2    1    1       819    5    1 CMpure    11   16
    2   16    2    1    8    0    0    2    1    1       870    7    1 CMpure     9   12   13   10   11   16   15   14
    2   17    1    1    8    8    1    1    1    1       930    9    1 CMpure    16   12   15   11   14   10   13    9
    2   18    1    1    8    8    1    2    1    0       394    3    1 CMpure     7    6    1    2    8    5    4    3
    2   19    1    1    4    3    2    1    0    0       992    5    1 CMpure     4    6    5    2
    2   20    2    1    2    0    0    2    0    0      5894   10    1 CMpure     1    7
    2   21    1    1    2    2    1    2    1    0       657    7    1 CMpure     4    7
    2   22    1    1    2    1    2    2    1    0       742    1    1 CMpure     1    5
    2   23    1    1    8    1    8    1    1    1      1020   13    1 CMpure    13    9   14   16   11   10   12   15
    2   24    1    1    2    2    1    1    1    1       407   14    1 CMpure    12   14
    3    1    2    1    2    0    0    2    1    1      1022    6    1 CMpure    11   16
    3    2    1    1    4    3    2    2    1    0      1569    3    1 CMpure     8    2    3    1
    3    3    2    1    2    0    0    1    1    0       569    9    1 CMpure     3    8
    3    4    1    1    8    4    5    2    1    0      2413    1    1 CMpure     7    6    3    1    5    4    8    2
    3    5    2    1    8    0    0    1    1    0       784   15    1 CMpure     4    5    1    2    8    7    6    3
    3    6    1    1    2    2    1    2    1    0       573    4    1 CMpure     2    4
    3    7    2    1    4    0    0    2    1    1       744    6    1 CMpure    16    9   10   12
    3    8    1    1    2    1    2    2    1    0       576    5    1 CMpure     5    2
    3    9    1    1    8    8    1    1    1    1       790   16    1 CMpure    14    9   13   15   12   10   11   16
    3   10    2    1    4    0    0    1    1    0       779   16    1 CMpure     7    3    1    6
    3   11    2    1    4    0    0    2    1    1       606    5    1 CMpure    13   12   15   11
    3   12    2    1    4    0    0    1    1    0       878   16    1 CMpure     3    7    4    8
    3   13    2    1    8    0    0    1    1    0      3071   15    1 CMpure     7    8    5    4    6    2    3    1
    3   14    2    1    4    0    0    2    1    1      1149    2    1 CMpure    14   13   15   16
    3   15    2    1    8    0    0    2    1    1       997    8    1 CMpure    16   13    9   12   11   14   10   15
    3   16    2    1    2    0    0    1    0    1       704    6    1 CMpure    14   13
    3   17    2    1    4    0    0    1    1    0       614    9    1 CMpure     8    3    4    2
    3   18    1    1    4    2    3    2    1    0      1142    4    1 CMpure     6    4    5    2
    3   19    2    1    2    0    0    1    1    0       585   15    1 CMpure     8    5
    3   20    1    1    4    4    1    1    1    1       724    9    1 CMpure    12   13   10    9
    3   21    1    1    8    1    8    2    1    0      1431    1    1 CMpure     1    5    2    7    4    3    8    6
    3   22    1    1    4    1    4    2    1    0       813    1    1 CMpure     1    2    5    6
    3   23    1    1    2    1    2    1    1    1       624   13    1 CMpure    13   12
    3   24    1    1    4    3    2    1    1    1       578    9    1 CMpure    11   16    9   14
    4    1    1    1    8    7    2    1    1    1       526   11    1 CMpure    10   13    9   12   15   14   11   16
    4    2    2    1    4    0    0    2    1    1       923    8    1 CMpure    10    9   15   14
    4    3    1    1    8    5    4    2    1    0      1559    6    1 CMpure     2    5    3    7    6    8    1    4
    4    4    2    1    4    0    0    1    1    0       660   13    1 CMpure     3    5    4    1
    4    5    2    1    4    0    0    1    1    0      3282   16    1 CMpure     3    8    7    5
    4    6    1    1    2    1    2    1    1    1       501   12    1 CMpure    12   16
    4    7    2    1    8    0    0    1    0    1       760    3    1 CMpure    13    9   10   15   12   16   14   11
    4    8    1    1    4    2    3    2    1    0      1621    3    1 CMpure     6    3    5    1
    4    9    2    1    2    0    0    2    1    1       731    5    1 CMpure    14    9
    4   10    1    1    4    3    2    1    1    1       835   14    1 CMpure    15   13   14    9
    4   11    2    1    2    0    0    2    1    1      1500    6    1 CMpure    15   14
    4   12    2    1    4    0    0    1    1    0      1948    9    1 CMpure     5    3    6    2
    4   13    2    1    4    0    0    1    1    0      2231   13    1 CMpure     4    5    3    1
    4   14    2    1    4    0    0    1    1    0       714   10    1 CMpure     5    3    6    8
    4   15    1    1    2    2    1    2    1    0       647    3    1 CMpure     6    3
    4   16    1    1    4    3    2    2    0    1      1024   12    1 CMpure    16   14   12   15
    4   17    1    1    4    3    2    2    1    0      1896    5    1 CMpure     8    7    5    2
    4   18    1    1    4    2    3    1    1    1      3304   13    1 CMpure    10   13   11   14
    4   19    2    1    4    0    0    2    1    1      3431    5    1 CMpure    15    9   16   11
    4   20    2    1    2    0    0    2    1    1       662    6    1 CMpure    12   15
    4   21    1    1    4    3    2    1    1    1       625   16    1 CMpure     9   12   16   13
    4   22    1    1    8    4    5    1    1    1       863    9    1 CMpure    15   14   12    9   10   13   11   16
    4   23    1    1    8    8    1    1    1    1       682    9    1 CMpure    14   11   16   13   15   10   12    9
    4   24    2    1    2    0    0    2    1    1       659    2    1 CMpure    10    9
    5    1    1    1    8    8    1    1    1    1       467   12    1 CMpure    16   14   15   13    9   11   10   12
    5    2    2    1    4    0    0    2    1    1       694    7    1 CMpure    15   14   13   11
    5    3    2    1    4    0    0    2    1    1      1142    4    1 CMpure    13   16    9   15
    5    4    2    1    4    0    0    2    1    1       561    6    1 CMpure    12   15   16   14
    5    5    1    1    4    1    4    2    1    0       615    7    1 CMpure     7    8    5    6
    5    6    2    1    8    0    0    2    1    1       978    3    1 CMpure     9   10   13   11   14   15   12   16
    5    7    2    1    2    0    0    2    1    1      1111    1    1 CMpure    10   15
    5    8    1    1    2    1    2    1    1    1       760   16    1 CMpure    16   10
    5    9    2    1    2    0    0    1    1    0       768   11    1 CMpure     3    8
    5   10    2    1    4    0    0    1    1    0       765    9    1 CMpure     1    5    3    7
    5   11    1    1    4    2    3    1    1    1      2670   16    1 CMpure    11   16   12    9
    5   12    1    1    4    3    2    1    1    1      2681   14    1 CMpure    12    9   14   11
    5   13    2    1    4    0    0    1    1    0       903   10    1 CMpure     8    2    4    3
    5   14    1    1    8    7    2    1    1    1      2476   10    1 CMpure    12   11   15   16    9   13   10   14
    5   15    2    1    2    0    0    2    1    1      1722    3    1 CMpure     9   15
    5   16    1    1    2    2    1    1    1    1       437   12    1 CMpure    11   12
    5   17    1    1    2    2    1    2    1    0       429    3    1 CMpure     5    3
    5   18    2    1    4    0    0    2    1    1      4920    4    1 CMpure     9   16   11   15
    5   19    2    1    2    0    0    2    1    1      2547    8    1 CMpure    11   10
    5   20    2    1    8    0    0    1    1    0       817   13    1 CMpure     7    6    4    3    1    8    5    2
    5   21    2    1    2    0    0    1    1    0       726   12    1 CMpure     1    3
    5   22    2    1    4    0    0    2    1    1       908    7    1 CMpure    15    9   10   12
    5   23    1    1    8    5    4    1    1    1      1602   14    1 CMpure    15   13   10   11   14   16    9   12
    5   24    2    1    4    0    0    1    1    0       743   15    1 CMpure     8    1    3    7
    6    1    1    1    4    4    1    1    1    1       501    9    1 CMpure    11   13   10    9
    6    2    2    1    2    0    0    2    1    1       572    5    1 CMpure    10   13
    6    3    2    1    2    0    0    1    1    0       702   10    1 CMpure     7    2
    6    4    2    1    2    0    0    2    1    1       729    4    1 CMpure    11    9
    6    5    1    1    8    4    5    2    1    0       940    6    1 CMpure     7    4    2    6    1    8    3    5
    6    6    1    1    2    1    2    1    1    1       601   12    1 CMpure    12   11
    6    7    1    1    8    3    6    1    1    1      2514   13    1 CMpure    15   10   13   12   11    9   16   14
    6    8    2    1    2    0    0    2    1    1      1019    5    1 CMpure    11   13
    6    9    2    1    8    0    0    2    1    1      1077    3    1 CMpure    10   11    9   15   12   14   13   16
    6   10    2    1    8    0    0    1    1    0       816   14    1 CMpure     7    1    3    8    6    4    5    2
    6   11    1    1    8    6    3    1    1    1      1255   12    1 CMpure    13    9   15   16   10   12   11   14
    6   12    2    1    4    0    0    1    1    0      1446    9    1 CMpure     6    3    1    2
    6   13    1    1    2    2    1    2    1    0       540    1    1 CMpure     5    1
    6   14    1    1    2    1    2    2    1    0       519    3    1 CMpure     3    8
    6   15    2    1    2    0    0    1    1    0       560   13    1 CMpure     5    8
    6   16    1    1    2    1    2    1    1    1       511    9    1 CMpure     9   11
    6   17    1    1    2    1    2    2    1    0       471    1    1 CMpure     1    6
    6   18    2    1    2    0    0    2    1    1       951    6    1 CMpure    14   13
    6   19    2    1    8    0    0    2    1    1       841    6    1 CMpure    14   13    9   11   10   15   16   12
    6   20    1    1    2    2    1    1    1    1      2755   11    1 CMpure    16   11
    6   21    2    1    8    0    0    2    1    1       683    8    1 CMpure    10   12   15    9   11   14   13   16
    6   22    2    1    8    0    0    2    1    1       564    7    1 CMpure    11   14   16   12   10    9   15   13
    6   23    1    1    4    3    2    1    1    1       490    9    1 CMpure    10   14    9   12
    6   24    1    1    4    4    1    2    1    0       402    7    1 CMpure     2    6    8    7
    7    1    2    1    8    0    0    2    1    1       561    1    1 CMpure    11   13   12   14   15   10    9   16
    7    2    2    1    2    0    0    1    1    0       528   15    1 CMpure     8    2
    7    3    2    1    8    0    0    2    1    1       763    1    1 CMpure    10   14   12   15   13   11   16    9
    7    4    1    1    4    3    2    2    1    0       681    4    1 CMpure     1    5    4    2
    7    5    1    1    2    1    2    1    1    1       495   14    1 CMpure    14   13
    7    6    2    1    4    0    0    2    1    1       569    6    1 CMpure    14   16   10   12
    7    7    2    1    8    0    0    2    1    1       714    5    1 CMpure    16    9   11   13   10   12   14   15
    7    8    1    1    8    3    6    1    1    1       919   14    1 CMpure    13   12   14   16    9   15   11   10
    7    9    1    1    2    1    2    2    1    0      1826    1    1 CMpure     1    7
    7   10    1    1    2    1    2    2    1    0       656    3    1 CMpure     3    2
    7   11    1    1    2    1    2    1    1    1       485   15    1 CMpure    15   14
    7   12    2    1    4    0    0    1    1    0       702   10    1 CMpure     3    8    4    7
    7   13    1    1    8    5    4    2    1    0       603    8    1 CMpure     5    3    6    1    8    4    2    7
    7   14    2    1    4    0    0    2    1    1       796    8    1 CMpure    15   10   16   12
    7   15    1    1    4    3    2    2    1    0       625    8    1 CMpure     5    2    8    1
    7   16    1    1    8    5    4    1    1    1      1071    9    1 CMpure    14   16   15   10    9   13   11   12
    7   17    1    1    4    2    3    1    1    1       586   15    1 CMpure    14   15   11   13
    7   18    2    1    2    0    0    1    1    0      1427   15    1 CMpure     1    6
    7   19    1    1    4    4    1    2    1    0       595    4    1 CMpure     7    1    5    4
    7   20    2    1    2    0    0    2    1    1       648    4    1 CMpure    16   11
    7   21    1    1    8    3    6    1    1    1      1897   10    1 CMpure    14   16   10   11   12   13    9   15
    7   22    2    1    8    0    0    1    1    0      1540   14    1 CMpure     5    3    4    6    8    1    2    7
    7   23    1    1    4    2    3    2    1    0      3759    5    1 CMpure     4    5    7    1
    7   24    2    1    8    0    0    1    1    0       866   12    1 CMpure     1    6    8    3    7    4    5    2
    8    1    2    1    4    0    0    2    1    1      3963    8    1 CMpure    12   11   15    9
    8    2    1    1    8    1    8    1    1    1       819   10    1 CMpure    10    9   16   14   11   12   13   15
    8    3    2    1    8    0    0    1    1    0       998   13    1 CMpure     1    4    2    3    5    6    7    8
    8    4    1    1    4    2    3    2    1    0       756    7    1 CMpure     5    7    4    8
    8    5    1    1    2    2    1    2    1    0       554    2    1 CMpure     6    2
    8    6    1    1    4    1    4    1    1    1       429   13    1 CMpure    13    9   11   15
    8    7    2    1    8    0    0    2    1    1       725    6    1 CMpure    13   11    9   12   16   15   10   14
    8    8    2    1    2    0    0    2    1    1      2152    2    1 CMpure    15   14
    8    9    2    1    2    0    0    2    1    1      2904    8    1 CMpure    11    9
    8   10    2    1    4    0    0    2    1    1      1123    4    1 CMpure    13   16    9   12
    8   11    2    1    2    0    0    1    1    0      1028   15    1 CMpure     2    5
    8   12    2    1    4    0    0    2    1    1      2889    2    1 CMpure    15    9   13   14
    8   13    1    1    2    1    2    1    1    1      1081   13    1 CMpure    13   11
    8   14    2    1    2    0    0    1    1    0      1169   15    1 CMpure     3    8
    8   15    2    1    2    0    0    1    1    0       700   10    1 CMpure     1    7
    8   16    2    1    4    0    0    2    1    1      1823    5    1 CMpure    13   11   15   10
    8   17    1    1    8    1    8    2    1    0       752    8    1 CMpure     8    1    2    3    5    7    6    4
    8   18    2    1    8    0    0    2    1    1       585    8    1 CMpure     9   10   13   14   15   12   11   16
    8   19    2    1    8    0    0    2    0    0       478   10    1 CMpure     3    6    2    8    4    7    1    5
    8   20    2    1    8    0    0    1    1    0       526   13    1 CMpure     7    3    4    1    6    5    8    2
    8   21    2    1    8    0    0    2    1    1      1401    6    1 CMpure    14   15   11    9   12   16   13   10
    8   22    2    1    2    0    0    1    1    0       578   14    1 CMpure     6    3
    8   23    1    1    8    5    4    1    1    1       645   14    1 CMpure    11   16   12   15   14    9   10   13
    8   24    2    1    8    0    0    1    1    0       646   10    1 CMpure     6    8    5    2    7    1    4    3
    9    1    2    1    2    0    0    2    1    1       542    1    1 CMpure    10    9
    9    2    1    1    8    7    2    2    1    0       569    3    1 CMpure     4    6    8    5    1    7    3    2
    9    3    2    1    8    0    0    2    1    1       631    5    1 CMpure    14   10   15    9   16   13   11   12
    9    4    1    1    4    4    1    1    1    1       586   11    1 CMpure    16   13   10   11
    9    5    1    1    8    3    6    2    1    0      1392    4    1 CMpure     8    5    4    6    3    1    2    7
    9    6    2    1    8    0    0    2    1    1      2325    4    1 CMpure    15   11   12   13   16    9   10   14
    9    7    1    1    8    7    2    2    1    0       614    1    1 CMpure     6    2    5    3    7    4    1    8
    9    8    1    1    8    2    7    2    1    0      1665    4    1 CMpure     2    4    1    5    7    6    8    3
    9    9    2    1    2    0    0    1    1    0       814   15    1 CMpure     8    7
    9   10    2    1    4    0    0    1    1    0       631   14    1 CMpure     2    8    5    1
    9   11    1    1    4    3    2    1    1    1       714   10    1 CMpure     9   13   10   11
    9   12    2    1    2    0    0    1    1    0       631   10    1 CMpure     1    4
    9   13    1    1    2    1    2    1    1    1       725   15    1 CMpure    15   16
    9   14    1    1    4    1    4    2    1    0       730    8    1 CMpure     8    2    4    6
    9   15    1    1    8    3    6    1    1    1       877   11    1 CMpure    16   15   11    9   12   14   10   13
    9   16    2    1    8    0    0    1    1    0      2974    9    1 CMpure     3    1    4    7    8    2    6    5
    9   17    1    1    8    4    5    2    1    0       721    3    1 CMpure     1    4    7    3    2    5    8    6
    9   18    2    1    8    0    0    2    1    1       612    6    1 CMpure     9   12   13   14   11   10   15   16
    9   19    2    1    8    0    0    1    1    0       639   10    1 CMpure     1    3    4    5    2    8    6    7
    9   20    1    1    8    8    1    2    1    0       482    1    1 CMpure     7    5    4    8    6    2    3    1
    9   21    1    1    4    1    4    2    1    0       699    6    1 CMpure     6    2    3    1
    9   22    2    1    2    0    0    1    1    0       518   10    1 CMpure     3    7
    9   23    1    1    8    7    2    2    1    0       563    6    1 CMpure     8    3    4    2    1    7    6    5
    9   24    1    1    8    6    3    2    1    0      1284    1    1 CMpure     6    8    2    7    3    1    5    4
