    1    1    1    1    8    7    2    1    0    0      2239    7    0 ANpure     1    2    3    4    5    6    7    8
    1    2    1    1    4    1    4    1    1    1      1293    9    0 ANpure     9   10   11   12
    1    3    1    1    4    3    2    1    1    1       913   15    0 ANpure    13   14   15   16
    1    4    1    1    4    2    3    2    1    0       787   18    0 ANpure    17   18   19   20
    1    5    2    1    4    0    0    1    1    0      1241   25    0 ANpure    21   22   23   24
    1    6    1    1    4    1    4    1    1    1       735   26    0 ANpure    26   27   28   29
    1    7    1    1    8    3    6    1    1    1       832   32    0 ANpure    30   31   32   33   34   35   36   37
    1    8    1    1    2    2    1    2    1    0       817   39    0 ANpure    38   39
    1    9    2    1    2    0    0    2    1    1      1362   42    0 ANpure    40   41
    1   10    1    1    4    2    3    2    1    0       819   44    0 ANpure    43   44   45   46
    1   11    1    1    2    1    2    2    1    0       485   47    0 ANpure    47   48
    1   12    1    1    8    5    4    2    1    0       705   53    0 ANpure    49   50   51   52   53   54   55   56
    1   13    2    1    2    0    0    2    1    1       904   59    0 ANpure    57   58
    1   14    1    1    8    8    1    2    1    0       563   67    0 ANpure    60   61   62   63   64   65   66   67
    1   15    2    1    8    0    0    1    1    0       955   76    0 ANpure    68   69   70   71   72   73   74   75
    1   16    1    1    2    1    2    1    1    1       728   77    0 ANpure    77   78
    1   17    1    1    2    2    1    2    1    0       750   80    0 ANpure    79   80
    1   18    1    1    4    2    3    1    1    1       839   82    0 ANpure    81   82   83   84
    1   19    1    1    4    1    4    1    1    1       654   85    0 ANpure    85   86   87   88
    1   20    2    1    2    0    0    2    1    1       838   91    0 ANpure    89   90
    1   21    2    1    4    0    0    1    1    0       732   96    0 ANpure    92   93   94   95
    1   22    2    1    4    0    0    2    1    1       965  101    0 ANpure    97   98   99  100
    1   23    2    1    8    0    0    1    1    0       701  110    0 ANpure   102  103  104  105  106  107  108  109
    1   24    1    1    8    4    5    1    1    1       994  114    0 ANpure   111  112  113  114  115  116  117  118
    2    1    2    1    4    0    0    1    1    0       724  123    0 ANpure   119  120  121  122
    2    2    1    1    8    3    6    2    1    0       888  126    0 ANpure   124  125  126  127  128  129  130  131
    2    3    2    1    4    0    0    2    1    1       827  136    0 ANpure   132  133  134  135
    2    4    1    1    2    2    1    1    1    1       606  138    0 ANpure   137  138
    2    5    2    1    4    0    0    1    1    0       621  143    0 ANpure   139  140  141  142
    2    6    1    1    2    2    1    1    1    1       598  145    0 ANpure   144  145
    2    7    1    1    8    4    5    1    1    1       735  149    0 ANpure   146  147  148  149  150  151  152  153
    2    8    1    1    4    2    3    2    1    0       697  155    0 ANpure   154  155  156  157
    2    9    1    1    4    1    4    1    1    1       626  158    0 ANpure   158  159  160  161
    2   10    1    1    4    4    1    1    1    1       465  165    0 ANpure   162  163  164  165
    2   11    1    1    2    2    1    2    1    0       538  167    0 ANpure   166  167
    2   12    2    1    8    0    0    1    0    1       741  176    0 ANpure   168  169  170  171  172  173  174  175
    2   13    2    1    8    0    0    2    0    0       711  185    0 ANpure   177  178  179  180  181  182  183  184
    2   14    1    1    2    2    1    2    1    0       462  187    0 ANpure   186  187
    2   15    1    1    4    2    3    2    1    0       516  189    0 ANpure   188  189  190  191
    2   16    2    1    4    0    0    1    1    0      1080  196    0 ANpure   192  193  194  195
    2   17    2    1    8    0    0    2    0    0      1132  205    0 ANpure   197  198  199  200  201  202  203  204
    2   18    2    1    4    0    0    2    1    1       916  210    0 ANpure   206  207  208  209
    2   19    2    1    2    0    0    2    1    1      1201  213    0 ANpure   211  212
    2   20    2    1    4    0    0    1    1    0       807  218    0 ANpure   214  215  216  217
    2   21    2    1    8    0    0    2    1    1      1161  227    0 ANpure   219  220  221  222  223  224  225  226
    2   22    1    1    8    7    2    2    1    0       829  234    0 ANpure   228  229  230  231  232  233  234  235
    2   23    2    1    8    0    0    1    1    0      1179  244    0 ANpure   236  237  238  239  240  241  242  243
    2   24    2    1    8    0    0    2    1    1       858  253    0 ANpure   245  246  247  248  249  250  251  252
    3    1    2    1    2    0    0    2    1    1       780  256    0 ANpure   254  255
    3    2    1    1    2    1    2    2    1    0       543  257    0 ANpure   257  258
    3    3    1    1    2    2    1    1    0    0       765  260    0 ANpure   259  260
    3    4    1    1    2    2    1    1    1    1       753  262    0 ANpure   261  262
    3    5    2    1    4    0    0    1    1    0       794  267    0 ANpure   263  264  265  266
    3    6    2    1    8    0    0    1    1    0       922  276    0 ANpure   268  269  270  271  272  273  274  275
    3    7    2    1    4    0    0    2    1    1       846  281    0 ANpure   277  278  279  280
    3    8    2    1    4    0    0    2    1    1      1076  286    0 ANpure   282  283  284  285
    3    9    1    1    8    1    8    1    1    1      1031  287    0 ANpure   287  288  289  290  291  292  293  294
    3   10    1    1    2    1    2    2    1    0       687  295    0 ANpure   295  296
    3   11    1    1    4    2    3    1    1    1       859  298    0 ANpure   297  298  299  300
    3   12    2    1    4    0    0    2    1    1      1152  305    0 ANpure   301  302  303  304
    3   13    2    1    2    0    0    1    1    0       790  308    0 ANpure   306  307
    3   14    1    1    8    7    2    2    1    0       884  315    0 ANpure   309  310  311  312  313  314  315  316
    3   15    1    1    2    1    2    1    1    1       644  317    0 ANpure   317  318
    3   16    2    1    2    0    0    1    1    0       765  321    0 ANpure   319  320
    3   17    2    1    8    0    0    1    0    1      1069  330    0 ANpure   322  323  324  325  326  327  328  329
    3   18    1    1    2    2    1    1    1    1       678  332    0 ANpure   331  332
    3   19    2    1    8    0    0    1    1    0      2106  341    0 ANpure   333  334  335  336  337  338  339  340
    3   20    1    1    2    2    1    1    1    1       793  343    0 ANpure   342  343
    3   21    1    1    4    3    2    2    1    0      1248  346    0 ANpure   344  345  346  347
    3   22    2    1    8    0    0    2    1    1      1198  356    0 ANpure   348  349  350  351  352  353  354  355
    3   23    1    1    2    1    2    1    1    1       625  357    0 ANpure   357  358
    3   24    1    1    2    1    2    1    1    1       778  359    0 ANpure   359  360
    4    1    2    1    2    0    0    1    1    0      7295  363    0 ANpure   361  362
    4    2    2    1    2    0    0    1    1    0      1951  366    0 ANpure   364  365
    4    3    2    1    8    0    0    2    1    1       944  375    0 ANpure   367  368  369  370  371  372  373  374
    4    4    1    1    4    3    2    2    1    0      1138  378    0 ANpure   376  377  378  379
    4    5    1    1    8    7    2    2    1    0       949  386    0 ANpure   380  381  382  383  384  385  386  387
    4    6    1    1    4    3    2    2    1    0      1205  390    0 ANpure   388  389  390  391
    4    7    2    1    4    0    0    1    1    0      1132  396    0 ANpure   392  393  394  395
    4    8    2    1    2    0    0    2    1    1      1601  399    0 ANpure   397  398
    4    9    2    1    8    0    0    1    1    0      1329  408    0 ANpure   400  401  402  403  404  405  406  407
    4   10    1    1    4    4    1    2    1    0      1268  412    0 ANpure   409  410  411  412
    4   11    1    1    4    3    2    1    1    1       777  415    0 ANpure   413  414  415  416
    4   12    1    1    2    1    2    1    1    1       685  417    0 ANpure   417  418
    4   13    1    1    2    1    2    1    1    1       740  419    0 ANpure   419  420
    4   14    1    1    8    7    2    1    1    1       616  427    0 ANpure   421  422  423  424  425  426  427  428
    4   15    2    1    2    0    0    1    1    0      1281  431    0 ANpure   429  430
    4   16    1    1    4    2    3    1    1    1      1093  433    0 ANpure   432  433  434  435
    4   17    2    1    8    0    0    1    1    0      1289  444    0 ANpure   436  437  438  439  440  441  442  443
    4   18    1    1    4    1    4    1    1    1       797  445    0 ANpure   445  446  447  448
    4   19    1    1    2    1    2    1    1    1       655  449    0 ANpure   449  450
    4   20    2    1    8    0    0    1    1    0       950  459    0 ANpure   451  452  453  454  455  456  457  458
    4   21    1    1    4    2    3    1    1    1      1111  461    0 ANpure   460  461  462  463
    4   22    1    1    8    5    4    2    1    0      1259  468    0 ANpure   464  465  466  467  468  469  470  471
    4   23    2    1    4    0    0    1    1    0      3135  476    0 ANpure   472  473  474  475
    4   24    1    1    8    2    7    1    1    1       849  478    0 ANpure   477  478  479  480  481  482  483  484
    5    1    1    1    4    4    1    1    1    1      1337  488    0 ANpure   485  486  487  488
    5    2    1    1    2    1    2    2    1    0       935  489    0 ANpure   489  490
    5    3    2    1    4    0    0    1    1    0      1080  495    0 ANpure   491  492  493  494
    5    4    1    1    8    5    4    2    1    0      1129  500    0 ANpure   496  497  498  499  500  501  502  503
    5    5    2    1    8    0    0    2    1    1       908  512    0 ANpure   504  505  506  507  508  509  510  511
    5    6    2    1    2    0    0    2    1    1      1097  515    0 ANpure   513  514
    5    7    1    1    8    3    6    1    1    1      1277  518    0 ANpure   516  517  518  519  520  521  522  523
    5    8    1    1    8    4    5    1    1    1       890  527    0 ANpure   524  525  526  527  528  529  530  531
    5    9    1    1    2    1    2    1    1    1       601  532    0 ANpure   532  533
    5   10    1    1    2    2    1    2    1    0      1411  535    0 ANpure   534  535
    5   11    1    1    2    1    2    2    1    0       893  536    0 ANpure   536  537
    5   12    2    1    2    0    0    2    1    1      1020  540    0 ANpure   538  539
    5   13    2    1    4    0    0    2    1    1      1146  545    0 ANpure   541  542  543  544
    5   14    1    1    8    1    8    1    1    1      2236  546    0 ANpure   546  547  548  549  550  551  552  553
    5   15    2    1    4    0    0    1    1    0      1818  558    0 ANpure   554  555  556  557
    5   16    1    1    4    3    2    1    1    1       824  561    0 ANpure   559  560  561  562
    5   17    2    1    4    0    0    2    1    1       912  567    0 ANpure   563  564  565  566
    5   18    2    1    4    0    0    1    1    0       835  572    0 ANpure   568  569  570  571
    5   19    2    1    2    0    0    1    1    0       741  575    0 ANpure   573  574
    5   20    2    1    2    0    0    2    1    1       715  578    0 ANpure   576  577
    5   21    1    1    4    4    1    1    1    1      1236  582    0 ANpure   579  580  581  582
    5   22    1    1    2    1    2    1    1    1       838  583    0 ANpure   583  584
    5   23    1    1    8    4    5    1    1    1      1011  588    0 ANpure   585  586  587  588  589  590  591  592
    5   24    1    1    4    1    4    2    1    0       994  593    0 ANpure   593  594  595  596
    6    1    2    1    8    0    0    2    1    1      1030  605    0 ANpure   597  598  599  600  601  602  603  604
    6    2    1    1    2    2    1    2    1    0      1280  607    0 ANpure   606  607
    6    3    2    1    8    0    0    1    1    0       762  616    0 ANpure   608  609  610  611  612  613  614  615
    6    4    2    1    2    0    0    1    1    0       958  619    0 ANpure   617  618
    6    5    1    1    4    2    3    2    1    0      1137  621    0 ANpure   620  621  622  623
    6    6    1    1    8    6    3    1    1    1       786  629    0 ANpure   624  625  626  627  628  629  630  631
    6    7    1    1    2    2    1    2    1    0       885  633    0 ANpure   632  633
    6    8    2    1    4    0    0    2    0    0       745  638    0 ANpure   634  635  636  637
    6    9    2    1    2    0    0    1    1    0       878  641    0 ANpure   639  640
    6   10    1    1    4    3    2    1    1    1       786  644    0 ANpure   642  643  644  645
    6   11    2    1    8    0    0    1    1    0      1282  654    0 ANpure   646  647  648  649  650  651  652  653
    6   12    1    1    2    2    1    1    1    1       706  656    0 ANpure   655  656
    6   13    2    1    2    0    0    1    1    0       968  659    0 ANpure   657  658
    6   14    2    1    2    0    0    1    1    0       947  662    0 ANpure   660  661
    6   15    2    1    8    0    0    1    1    0       700  671    0 ANpure   663  664  665  666  667  668  669  670
    6   16    1    1    4    4    1    1    1    1       568  675    0 ANpure   672  673  674  675
    6   17    1    1    8    3    6    1    1    1       818  678    0 ANpure   676  677  678  679  680  681  682  683
    6   18    1    1    4    2    3    1    1    1       889  685    0 ANpure   684  685  686  687
    6   19    2    1    2    0    0    2    1    1       904  690    0 ANpure   688  689
    6   20    2    1    8    0    0    2    1    1       739  699    0 ANpure   691  692  693  694  695  696  697  698
    6   21    1    1    8    7    2    2    1    0      1043  706    0 ANpure   700  701  702  703  704  705  706  707
    6   22    1    1    4    4    1    2    1    0       816  711    0 ANpure   708  709  710  711
    6   23    2    1    8    0    0    1    1    0       913  720    0 ANpure   712  713  714  715  716  717  718  719
    6   24    2    1    8    0    0    1    1    0       797  729    0 ANpure   721  722  723  724  725  726  727  728
    7    1    2    1    8    0    0    2    1    1       789  738    0 ANpure   730  731  732  733  734  735  736  737
    7    2    2    1    4    0    0    2    1    1       589  743    0 ANpure   739  740  741  742
    7    3    1    1    8    8    1    1    1    1       677  751    0 ANpure   744  745  746  747  748  749  750  751
    7    4    2    1    8    0    0    1    1    0       763  760    0 ANpure   752  753  754  755  756  757  758  759
    7    5    1    1    2    2    1    2    1    0       800  762    0 ANpure   761  762
    7    6    2    1    8    0    0    2    1    1       896  771    0 ANpure   763  764  765  766  767  768  769  770
    7    7    1    1    2    2    1    1    1    1       544  773    0 ANpure   772  773
    7    8    2    1    2    0    0    1    1    0       654  776    0 ANpure   774  775
    7    9    2    1    2    0    0    2    1    1       629  779    0 ANpure   777  778
    7   10    1    1    8    6    3    1    1    1      1005  785    0 ANpure   780  781  782  783  784  785  786  787
    7   11    1    1    8    5    4    2    1    0      1158  792    0 ANpure   788  789  790  791  792  793  794  795
    7   12    1    1    8    7    2    1    1    1       793  802    0 ANpure   796  797  798  799  800  801  802  803
    7   13    1    1    8    8    1    1    1    1       747  811    0 ANpure   804  805  806  807  808  809  810  811
    7   14    2    1    4    0    0    2    1    1       803  816    0 ANpure   812  813  814  815
    7   15    2    1    2    0    0    2    1    1       726  819    0 ANpure   817  818
    7   16    2    1    2    0    0    2    1    1       557  822    0 ANpure   820  821
    7   17    2    1    2    0    0    2    1    1       505  825    0 ANpure   823  824
    7   18    1    1    8    2    7    1    1    1      1925  827    0 ANpure   826  827  828  829  830  831  832  833
    7   19    2    1    8    0    0    1    1    0      1625  842    0 ANpure   834  835  836  837  838  839  840  841
    7   20    2    1    8    0    0    1    0    1       585  851    0 ANpure   843  844  845  846  847  848  849  850
    7   21    1    1    8    8    1    1    1    1       913  859    0 ANpure   852  853  854  855  856  857  858  859
    7   22    1    1    8    7    2    1    1    1      1341  866    0 ANpure   860  861  862  863  864  865  866  867
    7   23    1    1    4    1    4    1    1    1      1455  868    0 ANpure   868  869  870  871
    7   24    1    1    4    1    4    2    1    0      1628  872    0 ANpure   872  873  874  875
    8    1    1    1    8    7    2    2    1    0       846  882    0 ANpure   876  877  878  879  880  881  882  883
    8    2    1    1    4    3    2    1    1    1      1012  886    0 ANpure   884  885  886  887
    8    3    2    1    8    0    0    2    1    1       861  896    0 ANpure   888  889  890  891  892  893  894  895
    8    4    1    1    4    3    2    2    1    0       850  899    0 ANpure   897  898  899  900
    8    5    2    1    2    0    0    2    1    1       627  903    0 ANpure   901  902
    8    6    2    1    8    0    0    2    1    1       860  912    0 ANpure   904  905  906  907  908  909  910  911
    8    7    1    1    2    2    1    2    1    0       813  914    0 ANpure   913  914
    8    8    1    1    4    1    4    2    1    0      1781  915    0 ANpure   915  916  917  918
    8    9    1    1    4    3    2    1    1    1       790  921    0 ANpure   919  920  921  922
    8   10    1    1    2    1    2    2    1    0       873  923    0 ANpure   923  924
    8   11    1    1    8    6    3    2    1    0       855  930    0 ANpure   925  926  927  928  929  930  931  932
    8   12    1    1    4    2    3    1    1    1       877  934    0 ANpure   933  934  935  936
    8   13    1    1    8    6    3    1    1    1       810  942    0 ANpure   937  938  939  940  941  942  943  944
    8   14    2    1    8    0    0    1    1    0       904  953    0 ANpure   945  946  947  948  949  950  951  952
    8   15    2    1    8    0    0    2    1    1       835  962    0 ANpure   954  955  956  957  958  959  960  961
    8   16    2    1    8    0    0    2    1    1       947  971    0 ANpure   963  964  965  966  967  968  969  970
    8   17    1    1    2    2    1    2    1    0       800  973    0 ANpure   972  973
    8   18    2    1    8    0    0    2    1    1       735  982    0 ANpure   974  975  976  977  978  979  980  981
    8   19    2    1    4    0    0    1    1    0       665  987    0 ANpure   983  984  985  986
    8   20    2    1    8    0    0    2    1    1       880  996    0 ANpure   988  989  990  991  992  993  994  995
    8   21    1    1    2    2    1    2    1    0       783  998    0 ANpure   997  998
    8   22    1    1    8    3    6    2    1    0       945 1001    0 ANpure   999 1000 1001 1002 1003 1004 1005 1006
    8   23    2    1    2    0    0    2    1    1       766 1009    0 ANpure  1007 1008
    8   24    1    1    2    1    2    2    1    0       883 1010    0 ANpure  1010 1011
    9    1    2    1    2    0    0    2    1    1       695 1014    0 ANpure  1012 1013
    9    2    1    1    2    2    1    2    1    0       782 1016    0 ANpure  1015 1016
    9    3    1    1    8    1    8    1    1    1       910 1017    0 ANpure  1017 1018 1019 1020 1021 1022 1023 1024
    9    4    2    1    8    0    0    2    1    1       807 1033    0 ANpure  1025 1026 1027 1028 1029 1030 1031 1032
    9    5    1    1    2    1    2    1    1    1       762 1034    0 ANpure  1034 1035
    9    6    2    1    4    0    0    1    1    0      1539 1040    0 ANpure  1036 1037 1038 1039
    9    7    1    1    8    6    3    2    1    0      1078 1046    0 ANpure  1041 1042 1043 1044 1045 1046 1047 1048
    9    8    1    1    8    1    8    1    1    1       908 1049    0 ANpure  1049 1050 1051 1052 1053 1054 1055 1056
    9    9    1    1    8    5    4    2    1    0       935 1061    0 ANpure  1057 1058 1059 1060 1061 1062 1063 1064
    9   10    1    1    8    5    4    1    1    1       673 1069    0 ANpure  1065 1066 1067 1068 1069 1070 1071 1072
    9   11    2    1    4    0    0    2    1    1      1756 1077    0 ANpure  1073 1074 1075 1076
    9   12    2    1    2    0    0    2    1    1      1079 1080    0 ANpure  1078 1079
    9   13    2    1    4    0    0    1    1    0       835 1085    0 ANpure  1081 1082 1083 1084
    9   14    2    1    4    0    0    1    1    0      1673 1090    0 ANpure  1086 1087 1088 1089
    9   15    1    1    4    3    2    2    1    0      1150 1093    0 ANpure  1091 1092 1093 1094
    9   16    2    1    8    0    0    1    1    0       718 1103    0 ANpure  1095 1096 1097 1098 1099 1100 1101 1102
    9   17    1    1    8    1    8    2    1    0       770 1104    0 ANpure  1104 1105 1106 1107 1108 1109 1110 1111
    9   18    1    1    8    4    5    1    0    0      1170 1115    0 ANpure  1112 1113 1114 1115 1116 1117 1118 1119
    9   19    2    1    4    0    0    1    1    0       793 1124    0 ANpure  1120 1121 1122 1123
    9   20    1    1    8    1    8    1    1    1      1002 1125    0 ANpure  1125 1126 1127 1128 1129 1130 1131 1132
    9   21    1    1    8    7    2    1    1    1       739 1139    0 ANpure  1133 1134 1135 1136 1137 1138 1139 1140
    9   22    2    1    4    0    0    1    1    0       587 1145    0 ANpure  1141 1142 1143 1144
    9   23    1    1    2    2    1    2    1    0       952 1147    0 ANpure  1146 1147
    9   24    2    1    4    0    0    1    1    0       600 1152    0 ANpure  1148 1149 1150 1151
