    1    1    1    1    8    8    1    1    1    1       845    8    0 ANpure     1    2    3    4    5    6    7    8
    1    2    1    1    8    4    5    2    0    1       672   12    0 ANpure     9   10   11   12   13   14   15   16
    1    3    1    1    8    7    2    2    1    0      1692   23    0 ANpure    17   18   19   20   21   22   23   24
    1    4    2    1    8    0    0    2    1    1       710   33    0 ANpure    25   26   27   28   29   30   31   32
    1    5    2    1    2    0    0    2    1    1      1780   36    0 ANpure    34   35
    1    6    1    1    4    4    1    2    1    0       908   40    0 ANpure    37   38   39   40
    1    7    1    1    2    2    1    1    1    1       578   42    0 ANpure    41   42
    1    8    1    1    8    2    7    1    1    1       905   44    0 ANpure    43   44   45   46   47   48   49   50
    1    9    2    1    2    0    0    1    1    0       694   53    0 ANpure    51   52
    1   10    1    1    4    2    3    2    1    0       585   55    0 ANpure    54   55   56   57
    1   11    2    1    4    0    0    1    1    0       576   62    0 ANpure    58   59   60   61
    1   12    2    1    2    0    0    1    1    0       514   65    0 ANpure    63   64
    1   13    1    1    8    4    5    2    1    0       595   69    0 ANpure    66   67   68   69   70   71   72   73
    1   14    2    1    2    0    0    1    1    0       494   76    0 ANpure    74   75
    1   15    2    1    4    0    0    1    1    0       889   81    0 ANpure    77   78   79   80
    1   16    2    1    8    0    0    1    1    0      2268   90    0 ANpure    82   83   84   85   86   87   88   89
    1   17    2    1    2    0    0    2    1    1      1044   93    0 ANpure    91   92
    1   18    1    1    8    1    8    1    1    1       944   94    0 ANpure    94   95   96   97   98   99  100  101
    1   19    1    1    4    2    3    1    1    1       881  103    0 ANpure   102  103  104  105
    1   20    1    1    2    1    2    1    1    1       464  106    0 ANpure   106  107
    1   21    1    1    2    1    2    2    1    0       512  108    0 ANpure   108  109
    1   22    2    1    8    0    0    2    1    1       867  118    0 ANpure   110  111  112  113  114  115  116  117
    1   23    1    1    4    1    4    1    1    1       438  119    0 ANpure   119  120  121  122
    1   24    1    1    4    4    1    2    1    0       468  126    0 ANpure   123  124  125  126
    2    1    2    1    8    0    0    1    1    0       952  135    0 ANpure   127  128  129  130  131  132  133  134
    2    2    2    1    4    0    0    2    1    1       751  140    0 ANpure   136  137  138  139
    2    3    1    1    2    2    1    2    1    0       636  142    0 ANpure   141  142
    2    4    1    1    8    6    3    2    1    0       770  148    0 ANpure   143  144  145  146  147  148  149  150
    2    5    2    1    4    0    0    2    1    1       649  155    0 ANpure   151  152  153  154
    2    6    1    1    8    1    8    2    1    0       686  156    0 ANpure   156  157  158  159  160  161  162  163
    2    7    1    1    4    4    1    1    1    1       465  167    0 ANpure   164  165  166  167
    2    8    2    1    4    0    0    1    1    0       701  172    0 ANpure   168  169  170  171
    2    9    2    1    4    0    0    1    1    0       653  177    0 ANpure   173  174  175  176
    2   10    1    1    2    2    1    1    1    1       421  179    0 ANpure   178  179
    2   11    2    1    2    0    0    1    1    0       630  182    0 ANpure   180  181
    2   12    2    1    4    0    0    2    1    1       860  187    0 ANpure   183  184  185  186
    2   13    2    1    8    0    0    1    1    0       872  196    0 ANpure   188  189  190  191  192  193  194  195
    2   14    1    1    4    3    2    2    1    0       733  199    0 ANpure   197  198  199  200
    2   15    2    1    2    0    0    2    1    1       794  203    0 ANpure   201  202
    2   16    2    1    4    0    0    1    1    0       638  208    0 ANpure   204  205  206  207
    2   17    2    1    2    0    0    1    1    0       933  211    0 ANpure   209  210
    2   18    1    1    2    1    2    2    1    0       531  212    0 ANpure   212  213
    2   19    1    1    8    2    7    2    1    0      1029  215    0 ANpure   214  215  216  217  218  219  220  221
    2   20    2    1    2    0    0    1    1    0       991  224    0 ANpure   222  223
    2   21    1    1    2    1    2    2    0    1      1946  225    0 ANpure   225  226
    2   22    2    1    2    0    0    1    1    0       718  229    0 ANpure   227  228
    2   23    2    1    8    0    0    2    1    1       608  238    0 ANpure   230  231  232  233  234  235  236  237
    2   24    1    1    4    4    1    2    1    0       668  242    0 ANpure   239  240  241  242
    3    1    1    1    8    1    8    2    1    0       595  243    0 ANpure   243  244  245  246  247  248  249  250
    3    2    1    1    2    1    2    2    1    0       543  251    0 ANpure   251  252
    3    3    2    1    8    0    0    1    1    0       935  261    0 ANpure   253  254  255  256  257  258  259  260
    3    4    1    1    8    5    4    1    1    1       998  266    0 ANpure   262  263  264  265  266  267  268  269
    3    5    2    1    2    0    0    1    1    0       735  272    0 ANpure   270  271
    3    6    1    1    4    4    1    2    1    0       808  276    0 ANpure   273  274  275  276
    3    7    2    1    8    0    0    2    1    1      1006  285    0 ANpure   277  278  279  280  281  282  283  284
    3    8    2    1    4    0    0    1    1    0       539  290    0 ANpure   286  287  288  289
    3    9    2    1    2    0    0    1    1    0       671  293    0 ANpure   291  292
    3   10    1    1    4    1    4    1    1    1       547  294    0 ANpure   294  295  296  297
    3   11    2    1    4    0    0    1    1    0       524  302    0 ANpure   298  299  300  301
    3   12    1    1    2    1    2    2    1    0       394  303    0 ANpure   303  304
    3   13    1    1    2    1    2    1    1    1       500  305    0 ANpure   305  306
    3   14    2    1    8    0    0    1    1    0       591  315    0 ANpure   307  308  309  310  311  312  313  314
    3   15    2    1    4    0    0    2    0    0      1149  320    0 ANpure   316  317  318  319
    3   16    1    1    8    2    7    2    1    0      1356  322    0 ANpure   321  322  323  324  325  326  327  328
    3   17    2    1    8    0    0    1    1    0       573  337    0 ANpure   329  330  331  332  333  334  335  336
    3   18    2    1    2    0    0    2    1    1       545  340    0 ANpure   338  339
    3   19    1    1    8    7    2    2    1    0       968  347    0 ANpure   341  342  343  344  345  346  347  348
    3   20    2    1    8    0    0    2    1    1       663  357    0 ANpure   349  350  351  352  353  354  355  356
    3   21    2    1    8    0    0    1    0    1      1394  366    0 ANpure   358  359  360  361  362  363  364  365
    3   22    2    1    8    0    0    2    1    1       856  375    0 ANpure   367  368  369  370  371  372  373  374
    3   23    1    1    4    4    1    2    1    0       508  379    0 ANpure   376  377  378  379
    3   24    1    1    2    1    2    1    1    1       707  380    0 ANpure   380  381
    4    1    2    1    2    0    0    2    1    1      2477  384    0 ANpure   382  383
    4    2    1    1    4    4    1    1    1    1       554  388    0 ANpure   385  386  387  388
    4    3    2    1    4    0    0    1    1    0       970  393    0 ANpure   389  390  391  392
    4    4    1    1    8    7    2    1    1    1       985  400    0 ANpure   394  395  396  397  398  399  400  401
    4    5    2    1    2    0    0    2    1    1       836  404    0 ANpure   402  403
    4    6    1    1    8    4    5    1    1    1       929  408    0 ANpure   405  406  407  408  409  410  411  412
    4    7    2    1    2    0    0    1    1    0       918  415    0 ANpure   413  414
    4    8    2    1    2    0    0    1    1    0       675  418    0 ANpure   416  417
    4    9    2    1    4    0    0    2    1    1       663  423    0 ANpure   419  420  421  422
    4   10    2    1    8    0    0    2    1    1       891  432    0 ANpure   424  425  426  427  428  429  430  431
    4   11    2    1    2    0    0    1    1    0       850  435    0 ANpure   433  434
    4   12    2    1    2    0    0    2    1    1       586  438    0 ANpure   436  437
    4   13    1    1    8    1    8    2    1    0      1113  439    0 ANpure   439  440  441  442  443  444  445  446
    4   14    2    1    2    0    0    1    1    0       655  449    0 ANpure   447  448
    4   15    1    1    4    2    3    1    1    1       746  451    0 ANpure   450  451  452  453
    4   16    2    1    2    0    0    2    1    1       566  456    0 ANpure   454  455
    4   17    1    1    8    4    5    2    1    0      1116  460    0 ANpure   457  458  459  460  461  462  463  464
    4   18    2    1    2    0    0    1    1    0       600  467    0 ANpure   465  466
    4   19    2    1    4    0    0    1    1    0       871  472    0 ANpure   468  469  470  471
    4   20    1    1    4    3    2    2    1    0       602  475    0 ANpure   473  474  475  476
    4   21    1    1    2    2    1    1    1    1       444  478    0 ANpure   477  478
    4   22    2    1    2    0    0    1    1    0       547  481    0 ANpure   479  480
    4   23    2    1    8    0    0    2    1    1       995  490    0 ANpure   482  483  484  485  486  487  488  489
    4   24    1    1    4    2    3    2    1    0       896  492    0 ANpure   491  492  493  494
    5    1    2    1    2    0    0    2    1    1      2703  497    0 ANpure   495  496
    5    2    2    1    4    0    0    1    0    1      1066  502    0 ANpure   498  499  500  501
    5    3    1    1    2    2    1    1    1    1       978  504    0 ANpure   503  504
    5    4    2    1    8    0    0    2    1    1       719  513    0 ANpure   505  506  507  508  509  510  511  512
    5    5    1    1    2    2    1    1    1    1       492  515    0 ANpure   514  515
    5    6    1    1    8    2    7    2    1    0       767  517    0 ANpure   516  517  518  519  520  521  522  523
    5    7    1    1    8    3    6    1    1    1       854  526    0 ANpure   524  525  526  527  528  529  530  531
    5    8    1    1    2    2    1    2    1    0       871  533    0 ANpure   532  533
    5    9    2    1    8    0    0    1    1    0      1194  542    0 ANpure   534  535  536  537  538  539  540  541
    5   10    2    1    4    0    0    2    1    1      1320  547    0 ANpure   543  544  545  546
    5   11    1    1    4    3    2    2    1    0      1089  550    0 ANpure   548  549  550  551
    5   12    2    1    2    0    0    2    1    1      1063  554    0 ANpure   552  553
    5   13    2    1    2    0    0    1    1    0      1015  557    0 ANpure   555  556
    5   14    1    1    2    2    1    2    1    0      1106  559    0 ANpure   558  559
    5   15    1    1    8    8    1    2    1    0      1036  567    0 ANpure   560  561  562  563  564  565  566  567
    5   16    2    1    8    0    0    1    1    0      1135  576    0 ANpure   568  569  570  571  572  573  574  575
    5   17    2    1    8    0    0    1    0    1      1156  585    0 ANpure   577  578  579  580  581  582  583  584
    5   18    2    1    2    0    0    1    1    0      1128  588    0 ANpure   586  587
    5   19    2    1    8    0    0    2    1    1       833  597    0 ANpure   589  590  591  592  593  594  595  596
    5   20    1    1    2    1    2    2    1    0       681  598    0 ANpure   598  599
    5   21    2    1    2    0    0    2    1    1       560  602    0 ANpure   600  601
    5   22    1    1    8    8    1    2    1    0       503  610    0 ANpure   603  604  605  606  607  608  609  610
    5   23    1    1    8    8    1    2    1    0       625  618    0 ANpure   611  612  613  614  615  616  617  618
    5   24    2    1    2    0    0    1    1    0       474  621    0 ANpure   619  620
    6    1    1    1    8    8    1    2    1    0       961  629    0 ANpure   622  623  624  625  626  627  628  629
    6    2    2    1    8    0    0    2    1    1      1016  638    0 ANpure   630  631  632  633  634  635  636  637
    6    3    1    1    4    2    3    1    1    1       557  640    0 ANpure   639  640  641  642
    6    4    2    1    8    0    0    1    1    0       654  651    0 ANpure   643  644  645  646  647  648  649  650
    6    5    2    1    2    0    0    2    1    1      2549  654    0 ANpure   652  653
    6    6    1    1    4    3    2    1    1    1       653  657    0 ANpure   655  656  657  658
    6    7    2    1    4    0    0    1    1    0       879  663    0 ANpure   659  660  661  662
    6    8    2    1    2    0    0    2    0    0      1119  666    0 ANpure   664  665
    6    9    2    1    4    0    0    2    1    1       928  671    0 ANpure   667  668  669  670
    6   10    1    1    4    3    2    2    1    0       506  674    0 ANpure   672  673  674  675
    6   11    1    1    4    3    2    1    1    1       604  678    0 ANpure   676  677  678  679
    6   12    2    1    4    0    0    1    1    0       715  684    0 ANpure   680  681  682  683
    6   13    1    1    8    6    3    2    1    0       574  690    0 ANpure   685  686  687  688  689  690  691  692
    6   14    2    1    2    0    0    1    1    0       465  695    0 ANpure   693  694
    6   15    2    1    4    0    0    2    1    1       771  700    0 ANpure   696  697  698  699
    6   16    1    1    2    2    1    1    0    0       526  702    0 ANpure   701  702
    6   17    1    1    2    2    1    2    1    0       659  704    0 ANpure   703  704
    6   18    1    1    2    1    2    2    1    0       636  705    0 ANpure   705  706
    6   19    2    1    2    0    0    2    1    1       740  709    0 ANpure   707  708
    6   20    1    1    4    4    1    1    1    1       749  713    0 ANpure   710  711  712  713
    6   21    1    1    8    1    8    2    1    0       821  714    0 ANpure   714  715  716  717  718  719  720  721
    6   22    2    1    2    0    0    2    1    1       919  724    0 ANpure   722  723
    6   23    2    1    8    0    0    1    1    0       879  733    0 ANpure   725  726  727  728  729  730  731  732
    6   24    1    1    8    4    5    1    1    1      1074  737    0 ANpure   734  735  736  737  738  739  740  741
    7    1    2    1    2    0    0    1    1    0      2644  744    0 ANpure   742  743
    7    2    1    1    8    6    3    2    1    0       905  750    0 ANpure   745  746  747  748  749  750  751  752
    7    3    2    1    4    0    0    2    1    1      1289  757    0 ANpure   753  754  755  756
    7    4    1    1    2    1    2    1    1    1       865  758    0 ANpure   758  759
    7    5    1    1    2    2    1    2    1    0       674  761    0 ANpure   760  761
    7    6    2    1    8    0    0    1    0    1      1083  770    0 ANpure   762  763  764  765  766  767  768  769
    7    7    1    1    4    4    1    1    1    1       750  774    0 ANpure   771  772  773  774
    7    8    2    1    8    0    0    2    1    1       828  783    0 ANpure   775  776  777  778  779  780  781  782
    7    9    2    1    4    0    0    2    1    1      1641  788    0 ANpure   784  785  786  787
    7   10    1    1    8    3    6    1    1    1       941  791    0 ANpure   789  790  791  792  793  794  795  796
    7   11    2    1    8    0    0    1    1    0       740  805    0 ANpure   797  798  799  800  801  802  803  804
    7   12    2    1    2    0    0    2    1    1      1097  808    0 ANpure   806  807
    7   13    2    1    2    0    0    2    1    1       799  811    0 ANpure   809  810
    7   14    2    1    4    0    0    1    1    0       885  816    0 ANpure   812  813  814  815
    7   15    1    1    8    3    6    1    1    1       785  819    0 ANpure   817  818  819  820  821  822  823  824
    7   16    2    1    8    0    0    1    1    0       625  833    0 ANpure   825  826  827  828  829  830  831  832
    7   17    2    1    4    0    0    1    1    0       854  838    0 ANpure   834  835  836  837
    7   18    2    1    2    0    0    2    1    1       509  841    0 ANpure   839  840
    7   19    1    1    4    3    2    2    1    0       660  844    0 ANpure   842  843  844  845
    7   20    1    1    2    2    1    2    1    0       684  847    0 ANpure   846  847
    7   21    2    1    4    0    0    2    1    1       701  852    0 ANpure   848  849  850  851
    7   22    1    1    4    1    4    1    1    1      1152  853    0 ANpure   853  854  855  856
    7   23    2    1    2    0    0    1    1    0       820  859    0 ANpure   857  858
    7   24    1    1    4    3    2    2    1    0       561  862    0 ANpure   860  861  862  863
    8    1    2    1    2    0    0    2    1    1       630  866    0 ANpure   864  865
    8    2    2    1    4    0    0    1    1    0       626  871    0 ANpure   867  868  869  870
    8    3    1    1    4    1    4    1    1    1       888  872    0 ANpure   872  873  874  875
    8    4    2    1    2    0    0    1    1    0       525  878    0 ANpure   876  877
    8    5    2    1    8    0    0    2    1    1       536  887    0 ANpure   879  880  881  882  883  884  885  886
    8    6    2    1    8    0    0    1    1    0      2265  896    0 ANpure   888  889  890  891  892  893  894  895
    8    7    1    1    2    1    2    1    1    1       801  897    0 ANpure   897  898
    8    8    2    1    8    0    0    2    1    1       698  907    0 ANpure   899  900  901  902  903  904  905  906
    8    9    2    1    8    0    0    1    1    0       912  916    0 ANpure   908  909  910  911  912  913  914  915
    8   10    1    1    4    1    4    1    1    1      1058  917    0 ANpure   917  918  919  920
    8   11    1    1    8    2    7    2    1    0      1189  922    0 ANpure   921  922  923  924  925  926  927  928
    8   12    1    1    2    2    1    2    1    0       544  930    0 ANpure   929  930
    8   13    2    1    2    0    0    1    1    0       939  933    0 ANpure   931  932
    8   14    2    1    2    0    0    2    1    1       599  936    0 ANpure   934  935
    8   15    2    1    2    0    0    1    1    0       625  939    0 ANpure   937  938
    8   16    2    1    4    0    0    1    1    0       646  944    0 ANpure   940  941  942  943
    8   17    1    1    2    1    2    1    1    1       703  945    0 ANpure   945  946
    8   18    2    1    2    0    0    2    1    1       677  949    0 ANpure   947  948
    8   19    1    1    8    2    7    2    1    0       656  951    0 ANpure   950  951  952  953  954  955  956  957
    8   20    1    1    2    2    1    2    1    0       528  959    0 ANpure   958  959
    8   21    1    1    2    2    1    1    1    1       518  961    0 ANpure   960  961
    8   22    1    1    4    2    3    2    1    0       800  963    0 ANpure   962  963  964  965
    8   23    2    1    2    0    0    1    1    0       498  968    0 ANpure   966  967
    8   24    2    1    2    0    0    1    1    0       671  971    0 ANpure   969  970
    9    1    2    1    8    0    0    2    1    1       670  980    0 ANpure   972  973  974  975  976  977  978  979
    9    2    1    1    2    1    2    2    0    1       798  981    0 ANpure   981  982
    9    3    2    1    4    0    0    1    1    0       636  987    0 ANpure   983  984  985  986
    9    4    1    1    2    2    1    2    1    0       646  989    0 ANpure   988  989
    9    5    2    1    8    0    0    2    1    1       595  998    0 ANpure   990  991  992  993  994  995  996  997
    9    6    1    1    2    2    1    2    1    0       749 1000    0 ANpure   999 1000
    9    7    1    1    2    1    2    1    1    1       529 1001    0 ANpure  1001 1002
    9    8    2    1    4    0    0    2    1    1       577 1007    0 ANpure  1003 1004 1005 1006
    9    9    2    1    2    0    0    2    1    1       668 1010    0 ANpure  1008 1009
    9   10    1    1    8    5    4    2    1    0       759 1015    0 ANpure  1011 1012 1013 1014 1015 1016 1017 1018
    9   11    2    1    4    0    0    2    1    1      1229 1023    0 ANpure  1019 1020 1021 1022
    9   12    2    1    4    0    0    2    1    1       738 1028    0 ANpure  1024 1025 1026 1027
    9   13    1    1    2    1    2    2    1    0       767 1029    0 ANpure  1029 1030
    9   14    2    1    8    0    0    1    1    0       726 1039    0 ANpure  1031 1032 1033 1034 1035 1036 1037 1038
    9   15    1    1    8    2    7    2    1    0       808 1041    0 ANpure  1040 1041 1042 1043 1044 1045 1046 1047
    9   16    2    1    4    0    0    1    1    0      1141 1052    0 ANpure  1048 1049 1050 1051
    9   17    2    1    4    0    0    2    1    1       804 1057    0 ANpure  1053 1054 1055 1056
    9   18    2    1    2    0    0    2    1    1       557 1060    0 ANpure  1058 1059
    9   19    1    1    8    4    5    2    1    0       821 1064    0 ANpure  1061 1062 1063 1064 1065 1066 1067 1068
    9   20    1    1    4    3    2    1    1    1      1011 1071    0 ANpure  1069 1070 1071 1072
    9   21    1    1    4    4    1    2    1    0       634 1076    0 ANpure  1073 1074 1075 1076
    9   22    2    1    8    0    0    1    1    0       558 1085    0 ANpure  1077 1078 1079 1080 1081 1082 1083 1084
    9   23    1    1    4    3    2    2    1    0       765 1088    0 ANpure  1086 1087 1088 1089
    9   24    2    1    4    0    0    2    1    1       699 1094    0 ANpure  1090 1091 1092 1093
