    1    1    1    1    4    1    4    1    1    1      2457   11    1 CMpure    11   12   15   13
    1    2    2    1    4    0    0    1    1    0      1989   14    1 CMpure     8    7    2    4
    1    3    1    1    8    8    1    2    1    0      4287    7    1 CMpure     5    6    1    3    4    8    2    7
    1    4    1    1    2    2    1    2    1    0      1761    6    1 CMpure     1    6
    1    5    1    1    4    2    3    2    1    0      1382    7    1 CMpure     2    7    6    3
    1    6    2    1    4    0    0    1    1    0       969   16    1 CMpure     4    6    7    3
    1    7    1    1    4    2    3    2    1    0      1756    6    1 CMpure     3    6    8    1
    1    8    1    1    8    3    6    1    1    1      1508   14    1 CMpure    15    9   14   13   16   12   10   11
    1    9    2    1    8    0    0    2    1    1      1357    4    1 CMpure    16   10   14   12   15   13   11    9
    1   10    1    1    4    2    3    1    1    1       954   11    1 CMpure    15   11   12   14
    1   11    2    1    4    0    0    2    1    1      1070    7    1 CMpure    12    9   14   10
    1   12    2    1    8    0    0    1    1    0      1017   13    1 CMpure     3    6    5    2    7    8    4    1
    1   13    2    1    8    0    0    2    1    1      1550    5    1 CMpure    15   13   12   11   10   14   16    9
    1   14    2    1    8    0    0    1    1    0       958   14    1 CMpure     2    6    1    5    3    8    4    7
    1   15    1    1    2    1    2    1    1    1      1557   15    1 CMpure    15   10
    1   16    2    1    4    0    0    2    1    1       825    1    1 CMpure     9   10   14   15
    1   17    2    1    4    0    0    1    1    0       651   13    1 CMpure     3    6    8    4
    1   18    2    1    8    0    0    2    1    1      1055    5    1 CMpure    10   15   13    9   14   12   11   16
    1   19    2    1    2    0    0    1    1    0      3713   15    1 CMpure     1    7
    1   20    2    1    2    0    0    1    1    0       746   11    1 CMpure     8    6
    1   21    2    1    8    0    0    1    1    0       858   16    1 CMpure     2    8    3    4    5    6    1    7
    1   22    2    1    8    0    0    1    1    0       798    9    1 CMpure     2    7    1    5    4    8    3    6
    1   23    2    1    2    0    0    2    1    1       811    1    1 CMpure    12   14
    1   24    1    1    8    5    4    1    1    1       776   16    1 CMpure     9   12   14   11   16   10   13   15
    2    1    1    1    4    1    4    1    1    1       799   13    1 CMpure    13   14    9   10
    2    2    1    1    4    3    2    2    1    0       953    6    1 CMpure     7    5    6    1
    2    3    1    1    8    6    3    2    1    0       937    2    1 CMpure     5    1    3    7    8    2    6    4
    2    4    2    1    4    0    0    1    1    0       630   11    1 CMpure     3    8    4    2
    2    5    1    1    4    3    2    2    1    0      1576    4    1 CMpure     5    1    4    8
    2    6    1    1    8    7    2    1    1    1      1063   12    1 CMpure    14   16   10   11    9   15   12   13
    2    7    2    1    4    0    0    1    1    0      1111   12    1 CMpure     5    3    2    6
    2    8    2    1    2    0    0    2    1    1      1672    2    1 CMpure    13   12
    2    9    2    1    8    0    0    2    1    1      1731    3    1 CMpure    10   12   13   15   14   11   16    9
    2   10    2    1    2    0    0    2    1    1       683    6    1 CMpure    12   13
    2   11    2    1    8    0    0    1    0    1      1172    3    1 CMpure    13   16   11    9   15   10   12   14
    2   12    2    1    8    0    0    1    1    0       715   13    1 CMpure     1    6    3    5    8    7    2    4
    2   13    2    1    2    0    0    1    1    0       556   15    1 CMpure     6    5
    2   14    1    1    2    2    1    2    1    0       898    2    1 CMpure     1    2
    2   15    2    1    8    0    0    2    1    1       908    6    1 CMpure    11    9   16   13   14   15   10   12
    2   16    2    1    8    0    0    1    1    0       702   15    1 CMpure     6    2    7    4    3    8    1    5
    2   17    2    1    8    0    0    1    1    0       631   10    1 CMpure     2    5    4    8    6    3    1    7
    2   18    1    1    2    2    1    2    1    0      1251    4    1 CMpure     6    4
    2   19    2    1    8    0    0    2    1    1      1430    1    1 CMpure    12   14   15   11   16    9   13   10
    2   20    2    1    8    0    0    2    1    1      1915    3    1 CMpure    16   10   12   11   13    9   14   15
    2   21    2    1    8    0    0    1    1    0       740   16    1 CMpure     3    8    7    6    1    4    2    5
    2   22    2    1    8    0    0    1    1    0      1300   11    1 CMpure     8    3    2    7    5    1    4    6
    2   23    2    1    2    0    0    2    1    1      2277    5    1 CMpure    11   12
    2   24    2    1    2    0    0    1    1    0       527    9    1 CMpure     1    2
    3    1    2    1    4    0    0    2    1    1       553    3    1 CMpure    14   16   13   12
    3    2    1    1    8    1    8    2    1    0      1344    3    1 CMpure     3    5    2    4    7    6    1    8
    3    3    2    1    4    0    0    1    1    0       414   16    1 CMpure     3    5    6    7
    3    4    2    1    2    0    0    1    1    0       402   14    1 CMpure     6    5
    3    5    1    1    4    4    1    1    1    1       613   10    1 CMpure     9   15   13   10
    3    6    2    1    8    0    0    1    1    0       682   10    1 CMpure     5    2    6    7    1    3    8    4
    3    7    1    1    2    2    1    1    1    1       508   14    1 CMpure    16   14
    3    8    1    1    4    4    1    1    1    1       522   10    1 CMpure     9   16   15   10
    3    9    1    1    8    8    1    1    1    1       347   10    1 CMpure    12   11   15   13   16    9   14   10
    3   10    1    1    4    1    4    1    1    1       599    9    1 CMpure     9   10   15   11
    3   11    1    1    8    3    6    1    1    1       693   11    1 CMpure    10   15   11   16   14    9   13   12
    3   12    2    1    4    0    0    1    1    0      2124   13    1 CMpure     8    4    1    7
    3   13    1    1    2    2    1    1    1    1       460   15    1 CMpure    16   15
    3   14    1    1    4    3    2    2    1    0      1549    6    1 CMpure     1    4    6    2
    3   15    2    1    2    0    0    2    1    1      1035    1    1 CMpure    14   12
    3   16    1    1    4    4    1    1    1    1       340   15    1 CMpure    11   13   16   15
    3   17    2    1    2    0    0    2    1    1       812    1    1 CMpure    12   16
    3   18    1    1    4    4    1    1    1    1       406   14    1 CMpure    15   13   16   14
    3   19    1    1    2    1    2    2    1    0       923    2    1 CMpure     2    5
    3   20    2    1    4    0    0    1    1    0       585    9    1 CMpure     6    4    5    8
    3   21    2    1    2    0    0    1    1    0       606   11    1 CMpure     6    2
    3   22    1    1    8    2    7    2    0    1       716   16    1 CMpure    13   16   10    9   12   14   15   11
    3   23    1    1    8    5    4    1    0    0      1149    7    1 CMpure     1    4    2    3    7    8    6    5
    3   24    2    1    8    0    0    1    1    0       540    9    1 CMpure     7    4    8    3    1    2    6    5
    4    1    2    1    8    0    0    2    1    1      1742    5    1 CMpure     9   16   12   14   15   10   13   11
    4    2    1    1    8    2    7    1    0    0       694    2    1 CMpure     5    2    1    6    8    7    3    4
    4    3    2    1    8    0    0    2    0    0       849   11    1 CMpure     6    4    3    8    5    2    7    1
    4    4    2    1    4    0    0    2    1    1       641    1    1 CMpure     9   11   13   15
    4    5    2    1    4    0    0    2    1    1       786    5    1 CMpure    16   13   12   11
    4    6    2    1    2    0    0    1    1    0       687   10    1 CMpure     7    5
    4    7    2    1    2    0    0    1    1    0      1169   13    1 CMpure     3    6
    4    8    1    1    4    1    4    1    0    0       621    3    1 CMpure     3    4    5    1
    4    9    2    1    4    0    0    2    1    1       638    8    1 CMpure    10   16   13   11
    4   10    1    1    8    4    5    2    0    1       715   15    1 CMpure    11   16   12   15   10    9   14   13
    4   11    2    1    2    0    0    1    1    0       523   13    1 CMpure     6    5
    4   12    1    1    8    4    5    1    1    1       732   10    1 CMpure    15   13   14   10   16   11   12    9
    4   13    2    1    4    0    0    1    1    0       617    9    1 CMpure     7    8    1    3
    4   14    2    1    8    0    0    1    0    1      1198    6    1 CMpure    11   13   10   16   14    9   12   15
    4   15    2    1    2    0    0    1    1    0      5395   15    1 CMpure     3    7
    4   16    2    1    8    0    0    1    1    0       633    9    1 CMpure     6    8    2    3    1    4    7    5
    4   17    1    1    4    2    3    1    1    1       819   12    1 CMpure    16   12    9   14
    4   18    1    1    2    2    1    1    1    1       487   13    1 CMpure    16   13
    4   19    2    1    4    0    0    1    1    0       870   11    1 CMpure     6    1    8    4
    4   20    1    1    2    1    2    2    1    0       528    5    1 CMpure     5    2
    4   21    1    1    8    3    6    1    0    0       889    2    1 CMpure     7    1    2    4    3    6    5    8
    4   22    1    1    2    1    2    2    1    0       994    3    1 CMpure     3    8
    4   23    1    1    8    5    4    1    1    1       528    9    1 CMpure    15   16   12   14    9   11   13   10
    4   24    2    1    2    0    0    1    1    0       824   15    1 CMpure     3    6
    5    1    2    1    4    0    0    1    1    0       874   14    1 CMpure     6    1    5    3
    5    2    1    1    8    7    2    1    1    1       565   16    1 CMpure    11   14   13    9   15   12   16   10
    5    3    1    1    2    2    1    2    1    0       691    1    1 CMpure     3    1
    5    4    1    1    8    8    1    1    1    1       742   13    1 CMpure    14   11   15   12   16   10    9   13
    5    5    1    1    8    5    4    2    1    0       654    7    1 CMpure     2    6    5    8    7    3    1    4
    5    6    1    1    8    7    2    1    1    1       369   16    1 CMpure    12   10   14    9   15   11   16   13
    5    7    1    1    4    3    2    1    1    1       749   12    1 CMpure    13    9   12   14
    5    8    2    1    2    0    0    2    1    1       748    3    1 CMpure    12    9
    5    9    1    1    4    1    4    2    0    1       760   13    1 CMpure    13   12   11   15
    5   10    1    1    2    1    2    1    0    0       863    3    1 CMpure     3    7
    5   11    1    1    4    4    1    2    1    0       327    6    1 CMpure     8    7    5    6
    5   12    1    1    8    7    2    2    1    0       792    3    1 CMpure     5    4    6    1    2    8    3    7
    5   13    1    1    8    6    3    2    1    0       695    7    1 CMpure     3    4    1    5    2    7    6    8
    5   14    2    1    2    0    0    1    1    0      1472   13    1 CMpure     3    2
    5   15    1    1    8    2    7    1    1    1       635   16    1 CMpure    12   16   13    9   10   15   14   11
    5   16    1    1    8    5    4    2    1    0       879    8    1 CMpure     1    6    2    4    8    3    7    5
    5   17    1    1    2    1    2    1    1    1       426   14    1 CMpure    14   11
    5   18    1    1    2    2    1    1    1    1       366   15    1 CMpure    13   15
    5   19    1    1    8    2    7    1    1    1      1253   11    1 CMpure    14   11    9   16   10   12   13   15
    5   20    2    1    4    0    0    2    1    1      1269    6    1 CMpure    13   14   15   16
    5   21    2    1    4    0    0    2    1    1       693    2    1 CMpure    11   13   15    9
    5   22    1    1    8    6    3    2    1    0      1327    5    1 CMpure     2    6    8    1    3    5    7    4
    5   23    1    1    8    2    7    2    1    0      1408    7    1 CMpure     4    7    8    5    3    1    2    6
    5   24    1    1    2    1    2    2    0    1      1629   13    1 CMpure    13   11
    6    1    2    1    4    0    0    2    1    1      1322    8    1 CMpure    12   16    9   13
    6    2    1    1    2    2    1    1    1    1       474   13    1 CMpure    15   13
    6    3    2    1    2    0    0    2    1    1      1108    7    1 CMpure    14   11
    6    4    2    1    8    0    0    2    1    1      1166    3    1 CMpure    11   15   16    9   12   13   10   14
    6    5    1    1    8    2    7    1    0    0      1005    3    1 CMpure     5    3    1    8    2    6    4    7
    6    6    1    1    2    1    2    1    1    1      1410   11    1 CMpure    11   13
    6    7    1    1    2    2    1    1    1    1      1935   12    1 CMpure    15   12
    6    8    2    1    4    0    0    1    1    0       668   16    1 CMpure     1    6    4    2
    6    9    2    1    2    0    0    2    1    1      1814    1    1 CMpure    10   14
    6   10    1    1    8    6    3    2    0    1      1059   14    1 CMpure    10   12   11   16    9   14   13   15
    6   11    1    1    2    2    1    2    1    0      1174    4    1 CMpure     2    4
    6   12    2    1    4    0    0    2    1    1      1418    2    1 CMpure     9   11   10   15
    6   13    2    1    4    0    0    2    1    1       683    6    1 CMpure    10   15   12   13
    6   14    2    1    2    0    0    1    1    0      1845   15    1 CMpure     4    1
    6   15    2    1    8    0    0    2    1    1      1681    3    1 CMpure     9   13   11   10   12   14   15   16
    6   16    2    1    2    0    0    1    1    0      1939   11    1 CMpure     3    8
    6   17    1    1    8    6    3    1    1    1      1659   10    1 CMpure    11   12   13   14   15   10   16    9
    6   18    2    1    2    0    0    1    0    1      4126    2    1 CMpure    13    9
    6   19    2    1    8    0    0    1    1    0      2431   16    1 CMpure     2    1    5    8    7    4    3    6
    6   20    2    1    8    0    0    1    1    0      1276   10    1 CMpure     3    6    8    2    7    1    4    5
    6   21    1    1    4    4    1    1    1    1       716   15    1 CMpure    10   11   14   15
    6   22    2    1    8    0    0    2    1    1       789    6    1 CMpure    13   11   10   12    9   15   14   16
    6   23    2    1    8    0    0    1    1    0       579   14    1 CMpure     2    7    8    6    1    5    4    3
    6   24    2    1    2    0    0    2    1    1      2385    8    1 CMpure     9   12
    7    1    2    1    8    0    0    1    1    0       789   11    1 CMpure     4    5    8    1    2    6    3    7
    7    2    2    1    2    0    0    2    0    0      3058   11    1 CMpure     3    6
    7    3    1    1    8    3    6    2    0    1      1422   16    1 CMpure    15   11   16   14    9   10   13   12
    7    4    1    1    8    7    2    1    1    1       571   14    1 CMpure    13   15   10   12   11    9   14   16
    7    5    2    1    4    0    0    1    1    0       919   15    1 CMpure     7    1    5    4
    7    6    1    1    8    5    4    1    0    0       648    2    1 CMpure     5    4    7    1    2    8    6    3
    7    7    2    1    4    0    0    2    1    1       833    4    1 CMpure    14   16   11   13
    7    8    1    1    4    3    2    1    1    1       530   11    1 CMpure    14   10   11   13
    7    9    1    1    8    7    2    1    1    1       962   13    1 CMpure    11   15   10   12   16    9   13   14
    7   10    1    1    2    1    2    1    1    1       657   10    1 CMpure    10   11
    7   11    2    1    2    0    0    2    1    1      2220    2    1 CMpure    14   13
    7   12    2    1    4    0    0    1    1    0      1686   14    1 CMpure     7    5    3    6
    7   13    2    1    8    0    0    1    1    0       616   15    1 CMpure     5    6    2    4    7    8    1    3
    7   14    2    1    4    0    0    1    1    0      2058   13    1 CMpure     6    5    3    8
    7   15    1    1    2    2    1    1    1    1       685   16    1 CMpure    12   16
    7   16    1    1    8    7    2    2    1    0      1071    4    1 CMpure     8    5    7    2    6    3    4    1
    7   17    1    1    4    2    3    1    0    0       591    2    1 CMpure     1    2    7    8
    7   18    2    1    8    0    0    2    1    1       805    4    1 CMpure    13   16    9   11   12   14   10   15
    7   19    2    1    4    0    0    1    1    0       448   14    1 CMpure     7    6    4    5
    7   20    2    1    4    0    0    1    1    0       504   12    1 CMpure     3    6    5    4
    7   21    1    1    2    1    2    1    1    1      1145   15    1 CMpure    15    9
    7   22    2    1    2    0    0    1    1    0       560   14    1 CMpure     1    6
    7   23    2    1    2    0    0    2    1    1       567    2    1 CMpure    14   15
    7   24    1    1    4    2    3    2    1    0       883    6    1 CMpure     1    6    4    8
    8    1    1    1    8    4    5    1    1    1      1197    9    1 CMpure    10   16   13    9   11   14   12   15
    8    2    2    1    8    0    0    1    0    1       723    3    1 CMpure    15   14   12   10   11   16    9   13
    8    3    2    1    2    0    0    2    1    1       499    6    1 CMpure    16   13
    8    4    1    1    2    1    2    1    1    1       764   15    1 CMpure    15   11
    8    5    1    1    2    2    1    2    1    0       762    1    1 CMpure     5    1
    8    6    2    1    8    0    0    1    1    0       546    9    1 CMpure     5    8    6    4    3    7    1    2
    8    7    1    1    4    1    4    1    1    1      2615   13    1 CMpure    13   16   11   12
    8    8    2    1    8    0    0    2    1    1       596    1    1 CMpure    16   12   14   15   11   13   10    9
    8    9    1    1    8    5    4    1    1    1      1122    9    1 CMpure    16   15   10   14    9   12   13   11
    8   10    1    1    4    1    4    2    1    0       648    6    1 CMpure     6    2    7    5
    8   11    1    1    8    4    5    2    1    0      1020    2    1 CMpure     4    3    1    2    7    5    6    8
    8   12    1    1    8    3    6    2    0    1      1201   15    1 CMpure    12   16   15    9   11   13   10   14
    8   13    2    1    4    0    0    2    1    1      1187    7    1 CMpure    15   12    9   10
    8   14    1    1    8    7    2    1    1    1       593   14    1 CMpure    11   16    9   12   10   15   14   13
    8   15    1    1    8    5    4    2    1    0       784    3    1 CMpure     5    2    8    7    3    4    1    6
    8   16    2    1    4    0    0    2    0    0      2731   16    1 CMpure     2    6    7    5
    8   17    2    1    2    0    0    1    1    0       491   10    1 CMpure     2    3
    8   18    2    1    8    0    0    1    1    0       517   12    1 CMpure     7    1    2    8    5    3    4    6
    8   19    1    1    4    3    2    1    0    0      2683    4    1 CMpure     8    1    4    6
    8   20    2    1    2    0    0    2    1    1      1156    8    1 CMpure    13   11
    8   21    2    1    8    0    0    1    1    0      1004   11    1 CMpure     3    6    4    7    5    2    8    1
    8   22    1    1    8    5    4    2    0    1      3137   12    1 CMpure    13   14    9   15   12   16   11   10
    8   23    2    1    2    0    0    1    1    0      2273   16    1 CMpure     4    6
    8   24    2    1    8    0    0    1    1    0       924   14    1 CMpure     7    6    8    1    4    5    2    3
    9    1    1    1    8    1    8    1    0    0       679    2    1 CMpure     2    8    4    3    1    5    7    6
    9    2    1    1    4    1    4    2    1    0      1639    7    1 CMpure     7    2    8    6
    9    3    2    1    8    0    0    1    1    0       740   12    1 CMpure     7    2    5    3    1    4    8    6
    9    4    2    1    8    0    0    1    1    0       908   11    1 CMpure     7    2    5    8    3    1    6    4
    9    5    1    1    4    4    1    2    1    0       858    4    1 CMpure     7    5    3    4
    9    6    1    1    2    2    1    1    1    1      2085   14    1 CMpure    13   14
    9    7    1    1    2    2    1    2    1    0      4766    1    1 CMpure     8    1
    9    8    2    1    4    0    0    2    1    1      1987    4    1 CMpure    13   11   14   16
    9    9    2    1    8    0    0    2    1    1      1913    2    1 CMpure     9   13   15   14   16   11   10   12
    9   10    1    1    8    6    3    1    0    0      1346    7    1 CMpure     6    2    5    8    1    7    4    3
    9   11    2    1    4    0    0    1    1    0       984   10    1 CMpure     3    2    1    4
    9   12    1    1    8    1    8    2    0    1      1110   12    1 CMpure    12   13   15   11   10   16   14    9
    9   13    2    1    4    0    0    1    1    0       772   12    1 CMpure     8    7    5    2
    9   14    1    1    8    3    6    1    0    0       867    7    1 CMpure     1    4    7    6    8    2    3    5
    9   15    1    1    4    2    3    2    1    0       723    3    1 CMpure     2    3    4    1
    9   16    2    1    8    0    0    1    0    1       700    4    1 CMpure    12   14    9   10   16   13   11   15
    9   17    1    1    8    6    3    2    1    0      6829    1    1 CMpure     7    6    3    4    5    1    2    8
    9   18    1    1    4    3    2    2    0    1      1143    9    1 CMpure    12   14    9   15
    9   19    1    1    2    2    1    2    1    0      1071    5    1 CMpure     4    5
    9   20    1    1    2    1    2    1    0    0       721    7    1 CMpure     7    1
    9   21    2    1    2    0    0    1    1    0      1201   14    1 CMpure     7    1
    9   22    1    1    2    2    1    1    1    1       678    9    1 CMpure    16    9
    9   23    2    1    4    0    0    1    1    0       741   11    1 CMpure     1    3    4    5
    9   24    1    1    8    3    6    1    1    1       502   13    1 CMpure    12   15   13   14   11   16   10    9
