    1    1    1    1    4    2    3    1    1    1       983   16    1 CMpure    15   16   11   12
    1    2    1    1    8    5    4    2    1    0      1111    3    1 CMpure     2    6    7    4    3    8    5    1
    1    3    2    1    4    0    0    2    1    1       703    3    1 CMpure    13   16   12   14
    1    4    1    1    8    6    3    1    1    1       676   13    1 CMpure    15    9   12   16   10   13   11   14
    1    5    1    1    8    5    4    2    1    0       797    6    1 CMpure     7    2    3    1    6    8    4    5
    1    6    1    1    8    1    8    2    1    0       719    8    1 CMpure     8    6    2    1    3    4    7    5
    1    7    2    1    8    0    0    1    0    1      1076    4    1 CMpure     9   15   10   11   16   14   12   13
    1    8    1    1    8    7    2    1    1    1       636   10    1 CMpure    11   12    9   15   14   16   10   13
    1    9    2    1    2    0    0    1    1    0      1655   10    1 CMpure     2    4
    1   10    2    1    2    0    0    1    1    0      1065   14    1 CMpure     4    1
    1   11    2    1    4    0    0    1    1    0       614   15    1 CMpure     5    7    3    4
    1   12    2    1    4    0    0    2    1    1       647    5    1 CMpure     9   14   13   10
    1   13    1    1    2    2    1    1    1    1       737   14    1 CMpure     9   14
    1   14    1    1    2    2    1    1    1    1       615   14    1 CMpure    15   14
    1   15    1    1    8    4    5    1    1    1       833   11    1 CMpure    15   13    9   11   12   16   10   14
    1   16    2    1    8    0    0    1    1    0      1300   14    1 CMpure     7    3    5    2    1    6    8    4
    1   17    1    1    4    4    1    2    1    0      1048    3    1 CMpure     1    5    2    3
    1   18    2    1    2    0    0    2    1    1       850    2    1 CMpure    10   12
    1   19    2    1    2    0    0    1    1    0       916    9    1 CMpure     1    2
    1   20    2    1    2    0    0    2    1    1       659    6    1 CMpure    13    9
    1   21    1    1    2    1    2    1    1    1       685   13    1 CMpure    13   11
    1   22    2    1    2    0    0    1    1    0       773   13    1 CMpure     3    1
    1   23    1    1    8    1    8    1    1    1       937   16    1 CMpure    16   13   14   12   15   10    9   11
    1   24    2    1    4    0    0    2    1    1       701    2    1 CMpure    14   10   16   11
    2    1    2    1    4    0    0    1    1    0       706   10    1 CMpure     5    1    8    4
    2    2    2    1    4    0    0    2    1    1       655    8    1 CMpure    13   12   11    9
    2    3    1    1    4    2    3    2    1    0       718    2    1 CMpure     1    2    3    8
    2    4    1    1    2    2    1    1    1    1       869   12    1 CMpure    11   12
    2    5    1    1    4    4    1    1    1    1       586   16    1 CMpure     9   10   14   16
    2    6    2    1    4    0    0    2    1    1       732    7    1 CMpure    15   11   16   14
    2    7    1    1    4    1    4    1    1    1       743    9    1 CMpure     9   12   13   11
    2    8    1    1    2    1    2    1    1    1       637   10    1 CMpure    10   14
    2    9    1    1    2    1    2    1    1    1       584   15    1 CMpure    15    9
    2   10    1    1    4    3    2    2    1    0       857    2    1 CMpure     1    3    2    7
    2   11    2    1    2    0    0    2    1    1       715    7    1 CMpure    11   15
    2   12    2    1    8    0    0    2    0    0      1761   14    1 CMpure     3    6    4    5    1    8    2    7
    2   13    2    1    2    0    0    2    1    1       766    4    1 CMpure    16   10
    2   14    1    1    4    1    4    2    1    0       728    6    1 CMpure     6    5    4    8
    2   15    2    1    4    0    0    1    1    0       596   15    1 CMpure     6    8    4    1
    2   16    1    1    4    3    2    1    1    1       627   10    1 CMpure    11   13   10   12
    2   17    1    1    2    1    2    1    1    1       542   15    1 CMpure    15   12
    2   18    1    1    8    5    4    2    1    0       876    8    1 CMpure     1    5    7    4    8    2    3    6
    2   19    1    1    4    1    4    1    1    1       737   13    1 CMpure    13   15    9   10
    2   20    2    1    8    0    0    2    1    1       840    1    1 CMpure    12   13   16   10   11    9   15   14
    2   21    2    1    4    0    0    2    0    0      1551   14    1 CMpure     3    6    1    2
    2   22    2    1    4    0    0    1    0    1       970    2    1 CMpure    11   12   16   14
    2   23    1    1    4    3    2    1    1    1       604   11    1 CMpure    13   14   11   16
    2   24    2    1    2    0    0    2    1    1       600    1    1 CMpure    15   16
    3    1    2    1    2    0    0    1    1    0       591    9    1 CMpure     3    1
    3    2    2    1    8    0    0    1    1    0       907   15    1 CMpure     5    1    6    7    2    8    4    3
    3    3    2    1    4    0    0    1    1    0       831   13    1 CMpure     2    3    8    4
    3    4    2    1    2    0    0    1    1    0       657   12    1 CMpure     1    4
    3    5    1    1    2    1    2    1    1    1       731   15    1 CMpure    15    9
    3    6    1    1    8    5    4    1    1    1       816   14    1 CMpure     9   15   12   10   14   11   16   13
    3    7    1    1    2    2    1    2    1    0       659    5    1 CMpure     8    5
    3    8    2    1    8    0    0    1    1    0       715   15    1 CMpure     3    4    6    2    5    8    7    1
    3    9    2    1    8    0    0    1    1    0       737   13    1 CMpure     6    2    3    7    8    1    5    4
    3   10    1    1    8    1    8    2    1    0      1047    7    1 CMpure     7    4    2    3    1    8    5    6
    3   11    2    1    8    0    0    2    1    1      1232    1    1 CMpure     9   16   15   11   13   12   10   14
    3   12    2    1    4    0    0    2    1    1       727    1    1 CMpure    10    9   13   15
    3   13    2    1    4    0    0    2    1    1       851    4    1 CMpure    15    9   10   11
    3   14    2    1    4    0    0    2    1    1       953    4    1 CMpure     9   15   12   14
    3   15    2    1    2    0    0    1    1    0       967    9    1 CMpure     1    7
    3   16    2    1    2    0    0    2    1    1       596    1    1 CMpure    12   11
    3   17    1    1    8    1    8    1    1    1       735   13    1 CMpure    13   14    9   11   15   16   12   10
    3   18    2    1    8    0    0    1    1    0       836   11    1 CMpure     3    8    5    6    7    4    1    2
    3   19    1    1    4    2    3    2    1    0       716    1    1 CMpure     7    1    6    4
    3   20    1    1    2    1    2    1    1    1       499   10    1 CMpure    10   14
    3   21    1    1    4    4    1    2    1    0       680    1    1 CMpure     4    6    2    1
    3   22    1    1    2    2    1    1    1    1      1008   16    1 CMpure    10   16
    3   23    2    1    2    0    0    2    1    1       891    4    1 CMpure     9   16
    3   24    2    1    4    0    0    2    0    0      1152   16    1 CMpure     6    2    7    3
    4    1    1    1    2    1    2    1    1    1       596   15    1 CMpure    15   13
    4    2    2    1    2    0    0    2    1    1       527    2    1 CMpure    12   13
    4    3    1    1    8    2    7    2    1    0       620    3    1 CMpure     8    3    1    6    7    2    5    4
    4    4    1    1    8    1    8    2    1    0       694    6    1 CMpure     6    2    8    7    5    3    4    1
    4    5    2    1    8    0    0    2    1    1       525    1    1 CMpure    14   11   16    9   10   12   15   13
    4    6    1    1    8    7    2    1    1    1       811   12    1 CMpure    11   13   14    9   10   15   12   16
    4    7    1    1    8    5    4    2    1    0       942    2    1 CMpure     6    3    7    4    2    8    5    1
    4    8    2    1    2    0    0    1    1    0       764   12    1 CMpure     2    5
    4    9    1    1    2    2    1    2    1    0       817    5    1 CMpure     6    5
    4   10    2    1    8    0    0    1    1    0       786   16    1 CMpure     7    3    1    6    5    2    8    4
    4   11    1    1    4    1    4    1    1    1       651   14    1 CMpure    14    9   12   13
    4   12    1    1    8    5    4    2    1    0       725    5    1 CMpure     4    8    7    6    5    1    2    3
    4   13    1    1    2    2    1    2    1    0       540    4    1 CMpure     1    4
    4   14    1    1    8    4    5    2    1    0       825    4    1 CMpure     8    7    3    4    6    2    1    5
    4   15    1    1    4    3    2    2    1    0       928    1    1 CMpure     5    2    1    7
    4   16    1    1    2    1    2    2    1    0       575    1    1 CMpure     1    6
    4   17    2    1    4    0    0    2    1    1       897    8    1 CMpure    14   15   13    9
    4   18    2    1    8    0    0    2    1    1       784    7    1 CMpure    16   14   13   11    9   15   10   12
    4   19    1    1    4    3    2    2    1    0       698    6    1 CMpure     7    4    6    1
    4   20    2    1    4    0    0    1    1    0       711    9    1 CMpure     7    4    6    1
    4   21    2    1    2    0    0    1    1    0       654    9    1 CMpure     5    1
    4   22    2    1    2    0    0    1    1    0       664    9    1 CMpure     3    6
    4   23    1    1    4    2    3    1    1    1       677   13    1 CMpure    11   13   14   16
    4   24    2    1    2    0    0    2    1    1       765    8    1 CMpure    14   11
    5    1    2    1    2    0    0    1    1    0       485    9    1 CMpure     7    5
    5    2    2    1    8    0    0    1    1    0       533    9    1 CMpure     3    1    2    4    5    8    6    7
    5    3    2    1    4    0    0    1    1    0       504    9    1 CMpure     1    2    3    5
    5    4    2    1    8    0    0    1    1    0       919    9    1 CMpure     5    7    2    4    3    6    8    1
    5    5    1    1    8    3    6    2    1    0       677    7    1 CMpure     2    8    7    1    6    5    4    3
    5    6    2    1    2    0    0    1    1    0       606   13    1 CMpure     3    7
    5    7    1    1    4    2    3    1    1    1       542    9    1 CMpure    10    9   14   15
    5    8    2    1    2    0    0    2    1    1       589    1    1 CMpure    13   10
    5    9    2    1    8    0    0    1    1    0       841   11    1 CMpure     2    4    7    8    3    5    1    6
    5   10    1    1    8    7    2    1    1    1       779   16    1 CMpure    15   11   13   12    9   14   16   10
    5   11    2    1    8    0    0    1    1    0       654    9    1 CMpure     8    5    4    1    3    2    6    7
    5   12    1    1    2    2    1    2    1    0       488    5    1 CMpure     4    5
    5   13    2    1    2    0    0    2    1    1       681    3    1 CMpure    14   11
    5   14    2    1    2    0    0    1    1    0       784   11    1 CMpure     1    3
    5   15    2    1    8    0    0    1    1    0       677   16    1 CMpure     2    8    3    7    4    5    1    6
    5   16    1    1    2    1    2    2    1    0      2941    3    1 CMpure     3    8
    5   17    1    1    2    2    1    1    1    1       523   14    1 CMpure    15   14
    5   18    1    1    8    5    4    1    1    1       617   12    1 CMpure    15   10   13   11   12   16    9   14
    5   19    2    1    2    0    0    2    1    1       597    3    1 CMpure    11   10
    5   20    1    1    4    3    2    1    1    1       502   13    1 CMpure    12    9   13   10
    5   21    2    1    2    0    0    2    1    1       661    6    1 CMpure    11   16
    5   22    1    1    2    1    2    2    1    0       719    3    1 CMpure     3    4
    5   23    1    1    4    4    1    1    1    1       587    9    1 CMpure    16   10   11    9
    5   24    1    1    4    2    3    1    1    1       700   12    1 CMpure     9   12   15   14
    6    1    1    1    4    3    2    1    1    1      1302   10    1 CMpure    14   16   10    9
    6    2    2    1    4    0    0    2    1    1      1130    4    1 CMpure    10   15   12   13
    6    3    1    1    2    2    1    2    1    0       560    3    1 CMpure     4    3
    6    4    2    1    4    0    0    2    1    1       627    2    1 CMpure    13   12   11   10
    6    5    2    1    8    0    0    2    1    1       620    3    1 CMpure    13   10   16   15   12   11   14    9
    6    6    2    1    8    0    0    2    1    1       743    7    1 CMpure    10   16   11   15   12   13    9   14
    6    7    2    1    8    0    0    1    1    0       795   16    1 CMpure     1    4    3    6    7    8    2    5
    6    8    2    1    2    0    0    1    1    0       639   11    1 CMpure     6    1
    6    9    1    1    2    2    1    2    1    0       601    2    1 CMpure     8    2
    6   10    1    1    2    2    1    1    1    1       677   12    1 CMpure    11   12
    6   11    2    1    4    0    0    2    1    1       770    4    1 CMpure    10   14   11   16
    6   12    1    1    4    3    2    2    1    0       652    7    1 CMpure     3    5    7    8
    6   13    2    1    4    0    0    1    1    0       683   16    1 CMpure     1    3    6    8
    6   14    1    1    8    7    2    1    1    1       706   15    1 CMpure    12   16   10    9   13   11   15   14
    6   15    1    1    2    1    2    1    1    1       634   10    1 CMpure    10   14
    6   16    2    1    8    0    0    1    1    0       692   10    1 CMpure     8    5    2    7    3    4    1    6
    6   17    1    1    2    2    1    2    1    0       460    6    1 CMpure     4    6
    6   18    2    1    8    0    0    1    1    0       796   14    1 CMpure     1    3    6    2    4    8    5    7
    6   19    1    1    8    1    8    1    1    1       607   13    1 CMpure    13   14   12    9   11   15   16   10
    6   20    2    1    8    0    0    2    1    1       697    4    1 CMpure    13   12    9   16   10   11   15   14
    6   21    1    1    4    3    2    2    1    0       902    5    1 CMpure     2    7    5    3
    6   22    1    1    4    4    1    1    1    1       521   16    1 CMpure    15   12   14   16
    6   23    1    1    8    7    2    1    1    1       599   10    1 CMpure    14   12   13    9   16   11   10   15
    6   24    1    1    4    3    2    1    1    1       696   16    1 CMpure    11   13   16   10
    7    1    2    1    4    0    0    1    1    0       684   16    1 CMpure     3    6    5    7
    7    2    2    1    2    0    0    1    1    0       708   14    1 CMpure     4    7
    7    3    2    1    2    0    0    2    1    1      1260    3    1 CMpure    16   11
    7    4    2    1    2    0    0    2    1    1       605    2    1 CMpure     9   11
    7    5    1    1    8    8    1    1    1    1       536   14    1 CMpure    10   16   12    9   15   13   11   14
    7    6    2    1    8    0    0    2    1    1      1334    3    1 CMpure    11   10    9   14   12   15   13   16
    7    7    1    1    2    2    1    2    1    0       740    2    1 CMpure     8    2
    7    8    2    1    8    0    0    1    1    0       714   12    1 CMpure     7    6    4    1    3    5    8    2
    7    9    1    1    2    1    2    1    1    1       625   14    1 CMpure    14    9
    7   10    2    1    4    0    0    2    1    1       640    7    1 CMpure    15   13   12   16
    7   11    1    1    2    2    1    2    1    0       747    8    1 CMpure     6    8
    7   12    2    1    4    0    0    2    1    1      1093    2    1 CMpure    16   12   11    9
    7   13    2    1    8    0    0    2    1    1      1213    3    1 CMpure    12   13   16   10   11    9   14   15
    7   14    1    1    4    4    1    1    1    1       517   15    1 CMpure    16    9   10   15
    7   15    1    1    2    1    2    1    1    1       724   14    1 CMpure    14   16
    7   16    2    1    8    0    0    1    1    0       874    9    1 CMpure     5    8    4    3    2    7    6    1
    7   17    1    1    4    4    1    2    1    0       704    1    1 CMpure     4    3    5    1
    7   18    2    1    2    0    0    1    1    0       760   16    1 CMpure     2    6
    7   19    2    1    4    0    0    2    1    1       562    7    1 CMpure    13   12   15   11
    7   20    1    1    4    1    4    2    1    0       708    1    1 CMpure     1    2    7    5
    7   21    2    1    8    0    0    1    1    0       635    9    1 CMpure     3    8    5    2    1    7    6    4
    7   22    2    1    2    0    0    1    1    0       516   13    1 CMpure     2    5
    7   23    2    1    4    0    0    1    1    0       808   14    1 CMpure     3    1    4    2
    7   24    2    1    2    0    0    2    1    1       636    6    1 CMpure    16   15
    8    1    2    1    2    0    0    2    1    1       481    5    1 CMpure     9   10
    8    2    1    1    8    1    8    2    1    0       609    8    1 CMpure     8    7    5    1    3    6    2    4
    8    3    2    1    2    0    0    2    1    1       652    4    1 CMpure    15   12
    8    4    2    1    2    0    0    1    1    0       550    9    1 CMpure     7    6
    8    5    1    1    2    1    2    1    1    1       532    9    1 CMpure     9   11
    8    6    1    1    8    7    2    2    1    0       593    6    1 CMpure     7    8    5    2    4    3    6    1
    8    7    1    1    8    7    2    2    1    0       812    8    1 CMpure     7    2    5    4    6    3    8    1
    8    8    1    1    8    8    1    1    1    1       510   11    1 CMpure    16    9   13   14   12   10   15   11
    8    9    2    1    2    0    0    2    1    1       557    1    1 CMpure    13   10
    8   10    2    1    4    0    0    2    1    1       784    2    1 CMpure    10   13   15   11
    8   11    2    1    8    0    0    2    1    1       947    3    1 CMpure    10   11    9   14   16   15   12   13
    8   12    2    1    2    0    0    2    1    1       561    2    1 CMpure    15   10
    8   13    2    1    2    0    0    1    1    0       574   15    1 CMpure     8    2
    8   14    2    1    8    0    0    1    1    0       698   12    1 CMpure     8    7    4    1    6    2    3    5
    8   15    2    1    8    0    0    1    1    0       705   12    1 CMpure     7    2    8    5    1    3    6    4
    8   16    1    1    2    2    1    1    1    1       473   13    1 CMpure    15   13
    8   17    2    1    4    0    0    1    1    0       575   16    1 CMpure     2    7    1    8
    8   18    2    1    2    0    0    2    1    1       604    8    1 CMpure    13   12
    8   19    2    1    2    0    0    1    1    0       648   14    1 CMpure     3    7
    8   20    2    1    4    0    0    1    1    0       631   15    1 CMpure     7    3    4    8
    8   21    2    1    2    0    0    2    1    1      1153    5    1 CMpure    13   10
    8   22    1    1    4    1    4    2    1    0       652    3    1 CMpure     3    7    2    1
    8   23    2    1    8    0    0    2    1    1      1525    6    1 CMpure    15   13   10   11   12   14   16    9
    8   24    2    1    8    0    0    1    1    0       764   10    1 CMpure     3    1    6    5    8    4    2    7
    9    1    2    1    4    0    0    1    1    0       612   14    1 CMpure     5    1    3    8
    9    2    1    1    8    7    2    2    1    0       718    7    1 CMpure     2    3    5    4    1    6    7    8
    9    3    2    1    4    0    0    2    1    1       585    3    1 CMpure    12   15   14   11
    9    4    2    1    4    0    0    1    1    0       762   10    1 CMpure     4    3    2    5
    9    5    2    1    8    0    0    2    1    1       654    8    1 CMpure    13   16   10   11    9   15   12   14
    9    6    2    1    4    0    0    2    1    1       892    3    1 CMpure    10    9   11   13
    9    7    2    1    2    0    0    2    1    1       524    1    1 CMpure    10   13
    9    8    2    1    8    0    0    1    1    0       763   13    1 CMpure     8    1    5    6    7    4    2    3
    9    9    2    1    2    0    0    2    1    1       528    7    1 CMpure    10   13
    9   10    1    1    2    2    1    2    1    0       430    1    1 CMpure     5    1
    9   11    1    1    4    2    3    2    1    0       646    6    1 CMpure     5    6    2    7
    9   12    2    1    8    0    0    2    1    1      1375    2    1 CMpure    16   12   11   13    9   15   10   14
    9   13    2    1    2    0    0    1    1    0       556   13    1 CMpure     6    1
    9   14    2    1    4    0    0    1    1    0       542   10    1 CMpure     8    3    2    1
    9   15    2    1    2    0    0    2    1    1       653    3    1 CMpure    15   16
    9   16    1    1    8    6    3    1    1    1       597   15    1 CMpure    16    9   10   13   12   15   11   14
    9   17    1    1    2    2    1    2    1    0       513    7    1 CMpure     1    7
    9   18    2    1    4    0    0    1    1    0       533   13    1 CMpure     5    6    7    3
    9   19    1    1    2    1    2    2    1    0       563    3    1 CMpure     3    4
    9   20    2    1    2    0    0    2    1    1       640    8    1 CMpure    11    9
    9   21    1    1    2    1    2    2    1    0       602    6    1 CMpure     6    3
    9   22    2    1    8    0    0    2    1    1       867    2    1 CMpure     9   15   10   13   12   14   11   16
    9   23    2    1    4    0    0    1    1    0       586   10    1 CMpure     8    7    4    3
    9   24    2    1    2    0    0    2    1    1       550    6    1 CMpure    13   15
