    1    1    1    1    8    8    1    2    1    0      1149    8    0 ANpure     1    2    3    4    5    6    7    8
    1    2    1    1    8    7    2    1    1    1       622   15    0 ANpure     9   10   11   12   13   14   15   16
    1    3    1    1    2    1    2    1    1    1       961   17    0 ANpure    17   18
    1    4    1    1    4    4    1    1    1    1       681   22    0 ANpure    19   20   21   22
    1    5    2    1    2    0    0    1    1    0       582   25    0 ANpure    23   24
    1    6    2    1    2    0    0    2    1    1       962   28    0 ANpure    26   27
    1    7    1    1    4    1    4    2    1    0       848   29    0 ANpure    29   30   31   32
    1    8    1    1    4    1    4    1    1    1       493   33    0 ANpure    33   34   35   36
    1    9    2    1    8    0    0    2    1    1       678   45    0 ANpure    37   38   39   40   41   42   43   44
    1   10    1    1    4    4    1    2    1    0       443   49    0 ANpure    46   47   48   49
    1   11    2    1    2    0    0    2    1    1       473   52    0 ANpure    50   51
    1   12    1    1    4    3    2    1    1    1       641   55    0 ANpure    53   54   55   56
    1   13    1    1    4    2    3    2    1    0       476   58    0 ANpure    57   58   59   60
    1   14    1    1    8    2    7    1    1    1       530   62    0 ANpure    61   62   63   64   65   66   67   68
    1   15    2    1    2    0    0    1    1    0       397   71    0 ANpure    69   70
    1   16    2    1    4    0    0    1    1    0       515   76    0 ANpure    72   73   74   75
    1   17    2    1    8    0    0    2    1    1      1211   85    0 ANpure    77   78   79   80   81   82   83   84
    1   18    2    1    2    0    0    2    1    1       481   88    0 ANpure    86   87
    1   19    1    1    4    4    1    1    0    0       470   92    0 ANpure    89   90   91   92
    1   20    2    1    8    0    0    2    1    1       700  101    0 ANpure    93   94   95   96   97   98   99  100
    1   21    2    1    2    0    0    2    1    1       618  104    0 ANpure   102  103
    1   22    2    1    2    0    0    2    1    1       567  107    0 ANpure   105  106
    1   23    2    1    4    0    0    2    1    1       610  112    0 ANpure   108  109  110  111
    1   24    1    1    8    6    3    1    1    1       659  118    0 ANpure   113  114  115  116  117  118  119  120
    2    1    2    1    4    0    0    1    1    0       502  125    0 ANpure   121  122  123  124
    2    2    1    1    4    2    3    1    1    1       476  127    0 ANpure   126  127  128  129
    2    3    2    1    8    0    0    2    0    0       580  138    0 ANpure   130  131  132  133  134  135  136  137
    2    4    2    1    4    0    0    1    1    0       405  143    0 ANpure   139  140  141  142
    2    5    1    1    4    2    3    1    1    1       440  145    0 ANpure   144  145  146  147
    2    6    1    1    2    1    2    2    1    0       373  148    0 ANpure   148  149
    2    7    1    1    2    1    2    2    1    0       411  150    0 ANpure   150  151
    2    8    2    1    4    0    0    1    1    0       456  156    0 ANpure   152  153  154  155
    2    9    1    1    4    4    1    1    1    1       350  160    0 ANpure   157  158  159  160
    2   10    2    1    4    0    0    2    1    1       518  165    0 ANpure   161  162  163  164
    2   11    1    1    2    1    2    1    1    1       380  166    0 ANpure   166  167
    2   12    1    1    2    2    1    2    1    0       319  169    0 ANpure   168  169
    2   13    1    1    8    2    7    2    1    0       493  171    0 ANpure   170  171  172  173  174  175  176  177
    2   14    1    1    4    1    4    2    1    0       389  178    0 ANpure   178  179  180  181
    2   15    1    1    8    3    6    2    1    0       422  184    0 ANpure   182  183  184  185  186  187  188  189
    2   16    2    1    2    0    0    1    1    0       398  192    0 ANpure   190  191
    2   17    1    1    8    2    7    1    1    1       558  194    0 ANpure   193  194  195  196  197  198  199  200
    2   18    1    1    8    5    4    2    1    0       415  205    0 ANpure   201  202  203  204  205  206  207  208
    2   19    2    1    2    0    0    1    1    0       375  211    0 ANpure   209  210
    2   20    1    1    4    4    1    2    1    0       386  215    0 ANpure   212  213  214  215
    2   21    2    1    8    0    0    1    1    0       595  224    0 ANpure   216  217  218  219  220  221  222  223
    2   22    2    1    8    0    0    2    1    1       723  233    0 ANpure   225  226  227  228  229  230  231  232
    2   23    2    1    2    0    0    2    1    1       587  236    0 ANpure   234  235
    2   24    2    1    8    0    0    2    1    1       641  245    0 ANpure   237  238  239  240  241  242  243  244
    3    1    1    1    2    1    2    2    1    0       506  246    0 ANpure   246  247
    3    2    1    1    4    4    1    1    1    1       410  251    0 ANpure   248  249  250  251
    3    3    1    1    2    2    1    2    1    0       352  253    0 ANpure   252  253
    3    4    2    1    8    0    0    1    1    0       518  262    0 ANpure   254  255  256  257  258  259  260  261
    3    5    2    1    2    0    0    1    1    0       451  265    0 ANpure   263  264
    3    6    1    1    2    1    2    2    1    0       396  266    0 ANpure   266  267
    3    7    1    1    4    1    4    2    1    0       441  268    0 ANpure   268  269  270  271
    3    8    1    1    4    4    1    1    1    1       385  275    0 ANpure   272  273  274  275
    3    9    1    1    2    1    2    2    1    0       623  276    0 ANpure   276  277
    3   10    2    1    2    0    0    2    1    1       500  280    0 ANpure   278  279
    3   11    1    1    4    1    4    1    1    1       445  281    0 ANpure   281  282  283  284
    3   12    1    1    8    6    3    1    1    1       637  290    0 ANpure   285  286  287  288  289  290  291  292
    3   13    1    1    8    8    1    1    1    1       414  300    0 ANpure   293  294  295  296  297  298  299  300
    3   14    2    1    2    0    0    2    1    1       454  303    0 ANpure   301  302
    3   15    1    1    8    5    4    2    1    0       527  308    0 ANpure   304  305  306  307  308  309  310  311
    3   16    1    1    4    2    3    2    1    0       522  313    0 ANpure   312  313  314  315
    3   17    1    1    2    1    2    1    1    1       463  316    0 ANpure   316  317
    3   18    2    1    8    0    0    1    1    0       717  326    0 ANpure   318  319  320  321  322  323  324  325
    3   19    1    1    4    4    1    2    1    0       424  330    0 ANpure   327  328  329  330
    3   20    2    1    8    0    0    2    1    1       553  339    0 ANpure   331  332  333  334  335  336  337  338
    3   21    1    1    4    3    2    1    1    1       556  342    0 ANpure   340  341  342  343
    3   22    1    1    4    2    3    1    1    1       516  345    0 ANpure   344  345  346  347
    3   23    1    1    4    4    1    2    1    0       463  351    0 ANpure   348  349  350  351
    3   24    1    1    8    6    3    1    1    1       498  357    0 ANpure   352  353  354  355  356  357  358  359
    4    1    1    1    4    4    1    2    1    0       419  363    0 ANpure   360  361  362  363
    4    2    1    1    8    4    5    2    1    0       592  367    0 ANpure   364  365  366  367  368  369  370  371
    4    3    1    1    8    5    4    1    1    1       526  376    0 ANpure   372  373  374  375  376  377  378  379
    4    4    2    1    8    0    0    1    1    0       497  388    0 ANpure   380  381  382  383  384  385  386  387
    4    5    1    1    4    4    1    2    1    0       378  392    0 ANpure   389  390  391  392
    4    6    1    1    8    7    2    1    1    1       456  399    0 ANpure   393  394  395  396  397  398  399  400
    4    7    1    1    4    1    4    1    1    1       488  401    0 ANpure   401  402  403  404
    4    8    2    1    8    0    0    1    1    0       483  413    0 ANpure   405  406  407  408  409  410  411  412
    4    9    2    1    4    0    0    1    1    0       443  418    0 ANpure   414  415  416  417
    4   10    1    1    4    1    4    1    1    1       532  419    0 ANpure   419  420  421  422
    4   11    1    1    2    2    1    1    1    1       393  424    0 ANpure   423  424
    4   12    1    1    2    2    1    2    1    0       375  426    0 ANpure   425  426
    4   13    2    1    4    0    0    2    1    1       559  431    0 ANpure   427  428  429  430
    4   14    2    1    4    0    0    2    1    1       586  436    0 ANpure   432  433  434  435
    4   15    1    1    2    2    1    2    1    0       378  438    0 ANpure   437  438
    4   16    2    1    8    0    0    2    1    1       611  447    0 ANpure   439  440  441  442  443  444  445  446
    4   17    2    1    8    0    0    2    1    1       451  456    0 ANpure   448  449  450  451  452  453  454  455
    4   18    2    1    2    0    0    1    1    0       425  459    0 ANpure   457  458
    4   19    2    1    2    0    0    2    1    1       425  462    0 ANpure   460  461
    4   20    2    1    2    0    0    1    1    0       425  465    0 ANpure   463  464
    4   21    2    1    4    0    0    1    1    0       420  470    0 ANpure   466  467  468  469
    4   22    2    1    2    0    0    2    1    1       461  473    0 ANpure   471  472
    4   23    2    1    2    0    0    1    1    0       415  476    0 ANpure   474  475
    4   24    1    1    4    2    3    1    1    1       763  478    0 ANpure   477  478  479  480
    5    1    1    1    2    1    2    2    1    0       433  481    0 ANpure   481  482
    5    2    2    1    2    0    0    2    1    1       699  485    0 ANpure   483  484
    5    3    1    1    4    1    4    2    1    0       430  486    0 ANpure   486  487  488  489
    5    4    2    1    2    0    0    1    1    0       430  492    0 ANpure   490  491
    5    5    1    1    8    2    7    2    1    0       487  494    0 ANpure   493  494  495  496  497  498  499  500
    5    6    1    1    2    2    1    2    1    0       383  502    0 ANpure   501  502
    5    7    1    1    8    1    8    1    1    1       531  503    0 ANpure   503  504  505  506  507  508  509  510
    5    8    2    1    4    0    0    1    1    0       576  515    0 ANpure   511  512  513  514
    5    9    1    1    4    2    3    2    1    0       433  517    0 ANpure   516  517  518  519
    5   10    2    1    2    0    0    2    1    1       470  522    0 ANpure   520  521
    5   11    2    1    4    0    0    2    1    1       460  527    0 ANpure   523  524  525  526
    5   12    2    1    4    0    0    2    1    1       567  532    0 ANpure   528  529  530  531
    5   13    1    1    2    2    1    2    1    0       332  534    0 ANpure   533  534
    5   14    2    1    8    0    0    2    1    1       661  543    0 ANpure   535  536  537  538  539  540  541  542
    5   15    2    1    2    0    0    1    1    0       432  546    0 ANpure   544  545
    5   16    1    1    2    2    1    2    1    0       354  548    0 ANpure   547  548
    5   17    2    1    8    0    0    1    1    0       486  557    0 ANpure   549  550  551  552  553  554  555  556
    5   18    1    1    2    1    2    1    1    1       443  558    0 ANpure   558  559
    5   19    1    1    2    1    2    1    1    1       390  560    0 ANpure   560  561
    5   20    1    1    2    1    2    1    1    1       380  562    0 ANpure   562  563
    5   21    1    1    4    3    2    2    1    0       417  566    0 ANpure   564  565  566  567
    5   22    1    1    4    1    4    2    1    0       444  568    0 ANpure   568  569  570  571
    5   23    2    1    8    0    0    1    1    0       613  580    0 ANpure   572  573  574  575  576  577  578  579
    5   24    2    1    8    0    0    1    1    0       427  589    0 ANpure   581  582  583  584  585  586  587  588
    6    1    2    1    2    0    0    1    1    0       366  592    0 ANpure   590  591
    6    2    2    1    8    0    0    2    1    1       457  601    0 ANpure   593  594  595  596  597  598  599  600
    6    3    2    1    8    0    0    1    1    0       460  610    0 ANpure   602  603  604  605  606  607  608  609
    6    4    1    1    8    3    6    2    1    0       583  613    0 ANpure   611  612  613  614  615  616  617  618
    6    5    1    1    4    4    1    1    1    1       347  622    0 ANpure   619  620  621  622
    6    6    1    1    4    4    1    1    1    1       342  626    0 ANpure   623  624  625  626
    6    7    2    1    8    0    0    2    0    0       411  635    0 ANpure   627  628  629  630  631  632  633  634
    6    8    1    1    8    3    6    1    1    1       476  638    0 ANpure   636  637  638  639  640  641  642  643
    6    9    1    1    4    3    2    2    1    0       511  646    0 ANpure   644  645  646  647
    6   10    2    1    8    0    0    1    1    0       455  656    0 ANpure   648  649  650  651  652  653  654  655
    6   11    1    1    2    2    1    1    1    1       517  658    0 ANpure   657  658
    6   12    1    1    8    6    3    1    1    1       517  664    0 ANpure   659  660  661  662  663  664  665  666
    6   13    2    1    8    0    0    1    1    0       526  675    0 ANpure   667  668  669  670  671  672  673  674
    6   14    1    1    8    1    8    2    1    0       654  676    0 ANpure   676  677  678  679  680  681  682  683
    6   15    1    1    4    3    2    2    1    0       425  686    0 ANpure   684  685  686  687
    6   16    1    1    8    6    3    2    1    0       517  693    0 ANpure   688  689  690  691  692  693  694  695
    6   17    1    1    8    3    6    2    1    0       493  698    0 ANpure   696  697  698  699  700  701  702  703
    6   18    2    1    2    0    0    1    1    0       437  706    0 ANpure   704  705
    6   19    1    1    8    4    5    1    1    1       571  710    0 ANpure   707  708  709  710  711  712  713  714
    6   20    2    1    4    0    0    2    1    1       491  719    0 ANpure   715  716  717  718
    6   21    2    1    8    0    0    1    1    0       721  728    0 ANpure   720  721  722  723  724  725  726  727
    6   22    1    1    2    1    2    2    1    0       369  729    0 ANpure   729  730
    6   23    2    1    8    0    0    1    1    0       477  739    0 ANpure   731  732  733  734  735  736  737  738
    6   24    2    1    2    0    0    2    1    1       674  742    0 ANpure   740  741
    7    1    1    1    8    6    3    2    1    0       446  748    0 ANpure   743  744  745  746  747  748  749  750
    7    2    1    1    8    1    8    2    0    1       441  751    0 ANpure   751  752  753  754  755  756  757  758
    7    3    2    1    4    0    0    2    0    0       572  763    0 ANpure   759  760  761  762
    7    4    1    1    8    6    3    1    1    1       413  769    0 ANpure   764  765  766  767  768  769  770  771
    7    5    1    1    2    2    1    2    1    0       343  773    0 ANpure   772  773
    7    6    2    1    4    0    0    1    1    0       482  778    0 ANpure   774  775  776  777
    7    7    1    1    8    7    2    1    1    1       443  785    0 ANpure   779  780  781  782  783  784  785  786
    7    8    2    1    8    0    0    2    1    1       539  795    0 ANpure   787  788  789  790  791  792  793  794
    7    9    1    1    2    2    1    2    1    0       350  797    0 ANpure   796  797
    7   10    1    1    2    1    2    1    1    1       422  798    0 ANpure   798  799
    7   11    2    1    2    0    0    1    1    0       361  802    0 ANpure   800  801
    7   12    1    1    2    2    1    2    1    0       356  804    0 ANpure   803  804
    7   13    2    1    8    0    0    1    0    1       626  813    0 ANpure   805  806  807  808  809  810  811  812
    7   14    1    1    8    2    7    2    0    1       589  815    0 ANpure   814  815  816  817  818  819  820  821
    7   15    1    1    8    3    6    1    1    1       523  824    0 ANpure   822  823  824  825  826  827  828  829
    7   16    2    1    4    0    0    2    1    1       590  834    0 ANpure   830  831  832  833
    7   17    2    1    2    0    0    1    1    0       500  837    0 ANpure   835  836
    7   18    1    1    8    2    7    1    1    1       484  839    0 ANpure   838  839  840  841  842  843  844  845
    7   19    2    1    4    0    0    1    1    0       442  850    0 ANpure   846  847  848  849
    7   20    2    1    4    0    0    2    1    1       501  855    0 ANpure   851  852  853  854
    7   21    1    1    8    7    2    2    1    0       483  862    0 ANpure   856  857  858  859  860  861  862  863
    7   22    2    1    8    0    0    1    1    0       462  872    0 ANpure   864  865  866  867  868  869  870  871
    7   23    2    1    8    0    0    2    0    0       545  881    0 ANpure   873  874  875  876  877  878  879  880
    7   24    1    1    2    1    2    2    1    0       447  882    0 ANpure   882  883
    8    1    1    1    8    1    8    1    1    1       474  884    0 ANpure   884  885  886  887  888  889  890  891
    8    2    2    1    2    0    0    2    1    1       445  894    0 ANpure   892  893
    8    3    1    1    4    1    4    1    1    1       435  895    0 ANpure   895  896  897  898
    8    4    2    1    8    0    0    1    1    0       459  907    0 ANpure   899  900  901  902  903  904  905  906
    8    5    1    1    8    4    5    1    1    1       516  911    0 ANpure   908  909  910  911  912  913  914  915
    8    6    2    1    4    0    0    1    1    0       946  920    0 ANpure   916  917  918  919
    8    7    1    1    8    5    4    2    1    0       578  925    0 ANpure   921  922  923  924  925  926  927  928
    8    8    1    1    8    6    3    2    1    0       448  934    0 ANpure   929  930  931  932  933  934  935  936
    8    9    1    1    4    2    3    2    1    0       536  938    0 ANpure   937  938  939  940
    8   10    1    1    2    1    2    2    1    0       432  941    0 ANpure   941  942
    8   11    1    1    4    4    1    2    1    0       350  946    0 ANpure   943  944  945  946
    8   12    2    1    2    0    0    1    1    0       569  949    0 ANpure   947  948
    8   13    1    1    2    1    2    1    1    1       425  950    0 ANpure   950  951
    8   14    1    1    8    1    8    2    0    1       607  952    0 ANpure   952  953  954  955  956  957  958  959
    8   15    2    1    4    0    0    1    1    0       506  964    0 ANpure   960  961  962  963
    8   16    2    1    2    0    0    2    1    1       431  967    0 ANpure   965  966
    8   17    1    1    2    2    1    2    1    0       413  969    0 ANpure   968  969
    8   18    2    1    2    0    0    1    1    0       459  972    0 ANpure   970  971
    8   19    1    1    4    2    3    2    1    0       488  974    0 ANpure   973  974  975  976
    8   20    1    1    8    5    4    2    1    0       524  981    0 ANpure   977  978  979  980  981  982  983  984
    8   21    1    1    8    1    8    1    1    1       465  985    0 ANpure   985  986  987  988  989  990  991  992
    8   22    2    1    8    0    0    1    0    1       724 1001    0 ANpure   993  994  995  996  997  998  999 1000
    8   23    2    1    2    0    0    1    1    0       471 1004    0 ANpure  1002 1003
    8   24    1    1    2    2    1    1    1    1       392 1006    0 ANpure  1005 1006
    9    1    2    1    4    0    0    1    1    0       560 1011    0 ANpure  1007 1008 1009 1010
    9    2    1    1    4    3    2    1    1    1       507 1014    0 ANpure  1012 1013 1014 1015
    9    3    1    1    4    4    1    1    1    1       350 1019    0 ANpure  1016 1017 1018 1019
    9    4    2    1    8    0    0    2    1    1       508 1028    0 ANpure  1020 1021 1022 1023 1024 1025 1026 1027
    9    5    2    1    4    0    0    2    1    1       431 1033    0 ANpure  1029 1030 1031 1032
    9    6    2    1    8    0    0    2    1    1       474 1042    0 ANpure  1034 1035 1036 1037 1038 1039 1040 1041
    9    7    2    1    2    0    0    1    1    0       395 1045    0 ANpure  1043 1044
    9    8    2    1    2    0    0    1    1    0       392 1048    0 ANpure  1046 1047
    9    9    2    1    8    0    0    2    1    1       457 1057    0 ANpure  1049 1050 1051 1052 1053 1054 1055 1056
    9   10    1    1    4    3    2    1    1    1       433 1060    0 ANpure  1058 1059 1060 1061
    9   11    2    1    4    0    0    1    1    0       481 1066    0 ANpure  1062 1063 1064 1065
    9   12    2    1    2    0    0    1    1    0       559 1069    0 ANpure  1067 1068
    9   13    1    1    4    4    1    1    1    1       415 1073    0 ANpure  1070 1071 1072 1073
    9   14    2    1    4    0    0    1    1    0       498 1078    0 ANpure  1074 1075 1076 1077
    9   15    2    1    8    0    0    1    0    1       661 1087    0 ANpure  1079 1080 1081 1082 1083 1084 1085 1086
    9   16    1    1    2    2    1    1    1    1       371 1089    0 ANpure  1088 1089
    9   17    1    1    8    5    4    1    1    1       534 1094    0 ANpure  1090 1091 1092 1093 1094 1095 1096 1097
    9   18    2    1    4    0    0    1    1    0       614 1102    0 ANpure  1098 1099 1100 1101
    9   19    1    1    4    3    2    2    1    0       481 1105    0 ANpure  1103 1104 1105 1106
    9   20    1    1    4    4    1    2    1    0       468 1110    0 ANpure  1107 1108 1109 1110
    9   21    1    1    8    1    8    1    1    1       520 1111    0 ANpure  1111 1112 1113 1114 1115 1116 1117 1118
    9   22    1    1    2    2    1    1    1    1       368 1120    0 ANpure  1119 1120
    9   23    2    1    4    0    0    2    1    1       475 1125    0 ANpure  1121 1122 1123 1124
    9   24    2    1    4    0    0    1    1    0       481 1130    0 ANpure  1126 1127 1128 1129
