    1    1    2    1    8    0    0    2    0    0     11888    9    0 ANpure     1    2    3    4    5    6    7    8
    1    2    1    1    2    1    2    2    1    0      1895   10    0 ANpure    10   11
    1    3    1    1    4    2    3    2    0    1      1109   13    0 ANpure    12   13   14   15
    1    4    1    1    4    4    1    2    1    0      2558   19    0 ANpure    16   17   18   19
    1    5    1    1    4    1    4    2    1    0      1343   20    0 ANpure    20   21   22   23
    1    6    2    1    4    0    0    1    1    0      1120   28    0 ANpure    24   25   26   27
    1    7    2    1    8    0    0    1    1    0      1301   37    0 ANpure    29   30   31   32   33   34   35   36
    1    8    1    1    4    4    1    1    1    1      1658   41    0 ANpure    38   39   40   41
    1    9    1    1    8    5    4    2    1    0      1403   46    0 ANpure    42   43   44   45   46   47   48   49
    1   10    2    1    2    0    0    2    1    1      4486   52    0 ANpure    50   51
    1   11    1    1    2    2    1    1    1    1      1046   54    0 ANpure    53   54
    1   12    2    1    4    0    0    1    1    0      1541   59    0 ANpure    55   56   57   58
    1   13    2    1    4    0    0    2    0    0      1201   64    0 ANpure    60   61   62   63
    1   14    1    1    8    3    6    2    1    0      1728   67    0 ANpure    65   66   67   68   69   70   71   72
    1   15    2    1    2    0    0    2    1    1      2000   75    0 ANpure    73   74
    1   16    2    1    2    0    0    1    1    0      1283   78    0 ANpure    76   77
    1   17    1    1    2    2    1    1    1    1       915   80    0 ANpure    79   80
    1   18    2    1    2    0    0    1    1    0      1314   83    0 ANpure    81   82
    1   19    2    1    2    0    0    2    1    1       689   86    0 ANpure    84   85
    1   20    1    1    4    1    4    1    0    0      1806   87    0 ANpure    87   88   89   90
    1   21    1    1    4    4    1    2    1    0       623   94    0 ANpure    91   92   93   94
    1   22    1    1    4    4    1    1    1    1      1423   98    0 ANpure    95   96   97   98
    1   23    2    1    8    0    0    1    0    1      1335  107    0 ANpure    99  100  101  102  103  104  105  106
    1   24    2    1    8    0    0    1    1    0       836  116    0 ANpure   108  109  110  111  112  113  114  115
    2    1    2    1    8    0    0    1    1    0       790  125    0 ANpure   117  118  119  120  121  122  123  124
    2    2    2    1    2    0    0    1    1    0       842  128    0 ANpure   126  127
    2    3    1    1    2    2    1    2    1    0       861  130    0 ANpure   129  130
    2    4    2    1    2    0    0    1    1    0      1565  133    0 ANpure   131  132
    2    5    2    1    4    0    0    2    1    1      1014  138    0 ANpure   134  135  136  137
    2    6    2    1    2    0    0    1    1    0       994  141    0 ANpure   139  140
    2    7    1    1    4    1    4    2    1    0       995  142    0 ANpure   142  143  144  145
    2    8    1    1    8    8    1    1    1    1      1166  153    0 ANpure   146  147  148  149  150  151  152  153
    2    9    1    1    2    2    1    1    1    1       627  155    0 ANpure   154  155
    2   10    2    1    2    0    0    1    1    0      1277  158    0 ANpure   156  157
    2   11    1    1    2    2    1    1    1    1       590  160    0 ANpure   159  160
    2   12    1    1    4    3    2    1    1    1       863  163    0 ANpure   161  162  163  164
    2   13    1    1    2    2    1    2    1    0      1201  166    0 ANpure   165  166
    2   14    2    1    8    0    0    1    1    0       867  175    0 ANpure   167  168  169  170  171  172  173  174
    2   15    1    1    2    1    2    2    1    0       724  176    0 ANpure   176  177
    2   16    2    1    4    0    0    1    1    0       607  182    0 ANpure   178  179  180  181
    2   17    1    1    8    3    6    2    1    0       794  185    0 ANpure   183  184  185  186  187  188  189  190
    2   18    2    1    2    0    0    1    1    0       525  193    0 ANpure   191  192
    2   19    2    1    8    0    0    1    1    0       649  202    0 ANpure   194  195  196  197  198  199  200  201
    2   20    2    1    8    0    0    2    1    1       623  211    0 ANpure   203  204  205  206  207  208  209  210
    2   21    2    1    2    0    0    2    1    1       681  214    0 ANpure   212  213
    2   22    1    1    2    2    1    2    1    0       625  216    0 ANpure   215  216
    2   23    2    1    4    0    0    2    1    1      1631  221    0 ANpure   217  218  219  220
    2   24    1    1    4    2    3    1    1    1       838  223    0 ANpure   222  223  224  225
    3    1    2    1    2    0    0    2    1    1      1006  228    0 ANpure   226  227
    3    2    2    1    8    0    0    1    1    0       712  237    0 ANpure   229  230  231  232  233  234  235  236
    3    3    2    1    2    0    0    1    1    0       575  240    0 ANpure   238  239
    3    4    1    1    2    1    2    1    1    1       809  241    0 ANpure   241  242
    3    5    2    1    4    0    0    2    1    1       705  247    0 ANpure   243  244  245  246
    3    6    2    1    8    0    0    2    0    0      1287  256    0 ANpure   248  249  250  251  252  253  254  255
    3    7    2    1    8    0    0    2    1    1      1095  265    0 ANpure   257  258  259  260  261  262  263  264
    3    8    1    1    4    3    2    2    1    0       980  268    0 ANpure   266  267  268  269
    3    9    2    1    4    0    0    1    0    1      1829  274    0 ANpure   270  271  272  273
    3   10    2    1    8    0    0    2    1    1       923  283    0 ANpure   275  276  277  278  279  280  281  282
    3   11    2    1    8    0    0    2    1    1       792  292    0 ANpure   284  285  286  287  288  289  290  291
    3   12    1    1    4    3    2    1    1    1       705  295    0 ANpure   293  294  295  296
    3   13    2    1    8    0    0    2    1    1       742  305    0 ANpure   297  298  299  300  301  302  303  304
    3   14    1    1    8    6    3    2    1    0       634  311    0 ANpure   306  307  308  309  310  311  312  313
    3   15    2    1    2    0    0    1    0    1      1108  316    0 ANpure   314  315
    3   16    2    1    8    0    0    2    1    1       889  325    0 ANpure   317  318  319  320  321  322  323  324
    3   17    1    1    8    5    4    2    1    0       452  330    0 ANpure   326  327  328  329  330  331  332  333
    3   18    2    1    4    0    0    2    1    1      1563  338    0 ANpure   334  335  336  337
    3   19    2    1    8    0    0    1    1    0       703  347    0 ANpure   339  340  341  342  343  344  345  346
    3   20    1    1    2    1    2    2    0    1       582  348    0 ANpure   348  349
    3   21    1    1    8    1    8    1    0    0       897  350    0 ANpure   350  351  352  353  354  355  356  357
    3   22    2    1    8    0    0    2    1    1      1024  366    0 ANpure   358  359  360  361  362  363  364  365
    3   23    2    1    2    0    0    2    1    1       860  369    0 ANpure   367  368
    3   24    1    1    2    2    1    2    1    0       509  371    0 ANpure   370  371
    4    1    2    1    4    0    0    1    1    0       800  376    0 ANpure   372  373  374  375
    4    2    1    1    8    4    5    1    0    0      1120  380    0 ANpure   377  378  379  380  381  382  383  384
    4    3    1    1    8    8    1    1    1    1      1014  392    0 ANpure   385  386  387  388  389  390  391  392
    4    4    1    1    4    2    3    1    1    1       856  394    0 ANpure   393  394  395  396
    4    5    2    1    2    0    0    2    1    1      3129  399    0 ANpure   397  398
    4    6    1    1    2    1    2    2    0    1      1040  400    0 ANpure   400  401
    4    7    2    1    8    0    0    1    1    0       728  410    0 ANpure   402  403  404  405  406  407  408  409
    4    8    2    1    4    0    0    2    1    1       708  415    0 ANpure   411  412  413  414
    4    9    1    1    4    4    1    2    1    0       593  419    0 ANpure   416  417  418  419
    4   10    1    1    2    2    1    2    1    0       381  421    0 ANpure   420  421
    4   11    1    1    8    5    4    2    0    1       639  426    0 ANpure   422  423  424  425  426  427  428  429
    4   12    1    1    8    3    6    1    0    0       759  432    0 ANpure   430  431  432  433  434  435  436  437
    4   13    2    1    4    0    0    2    0    0      1649  442    0 ANpure   438  439  440  441
    4   14    2    1    2    0    0    2    0    0       834  445    0 ANpure   443  444
    4   15    1    1    4    3    2    1    1    1       729  448    0 ANpure   446  447  448  449
    4   16    2    1    4    0    0    2    1    1      1011  454    0 ANpure   450  451  452  453
    4   17    1    1    4    3    2    2    1    0       628  457    0 ANpure   455  456  457  458
    4   18    2    1    8    0    0    1    1    0       700  467    0 ANpure   459  460  461  462  463  464  465  466
    4   19    1    1    4    3    2    2    1    0       695  470    0 ANpure   468  469  470  471
    4   20    2    1    2    0    0    1    1    0       479  474    0 ANpure   472  473
    4   21    1    1    8    7    2    1    1    1       684  481    0 ANpure   475  476  477  478  479  480  481  482
    4   22    1    1    2    1    2    1    1    1       676  483    0 ANpure   483  484
    4   23    1    1    8    8    1    1    1    1       425  492    0 ANpure   485  486  487  488  489  490  491  492
    4   24    2    1    2    0    0    1    1    0      1819  495    0 ANpure   493  494
    5    1    1    1    2    2    1    1    1    1       760  497    0 ANpure   496  497
    5    2    2    1    8    0    0    1    1    0       684  506    0 ANpure   498  499  500  501  502  503  504  505
    5    3    1    1    4    2    3    1    1    1       826  508    0 ANpure   507  508  509  510
    5    4    2    1    2    0    0    2    1    1       602  513    0 ANpure   511  512
    5    5    1    1    2    2    1    1    1    1       518  515    0 ANpure   514  515
    5    6    1    1    8    5    4    2    1    0       930  520    0 ANpure   516  517  518  519  520  521  522  523
    5    7    1    1    4    1    4    1    1    1       822  524    0 ANpure   524  525  526  527
    5    8    2    1    2    0    0    2    0    0       695  530    0 ANpure   528  529
    5    9    1    1    2    1    2    1    1    1       799  531    0 ANpure   531  532
    5   10    1    1    2    1    2    1    1    1       530  533    0 ANpure   533  534
    5   11    1    1    2    2    1    2    1    0       354  536    0 ANpure   535  536
    5   12    2    1    4    0    0    1    1    0       571  541    0 ANpure   537  538  539  540
    5   13    2    1    2    0    0    2    1    1      1143  544    0 ANpure   542  543
    5   14    2    1    4    0    0    1    1    0       675  549    0 ANpure   545  546  547  548
    5   15    2    1    4    0    0    2    1    1       720  554    0 ANpure   550  551  552  553
    5   16    1    1    2    1    2    1    1    1       727  555    0 ANpure   555  556
    5   17    1    1    8    7    2    1    1    1       493  563    0 ANpure   557  558  559  560  561  562  563  564
    5   18    2    1    8    0    0    1    1    0       876  573    0 ANpure   565  566  567  568  569  570  571  572
    5   19    1    1    2    1    2    2    1    0       605  574    0 ANpure   574  575
    5   20    1    1    4    4    1    1    1    1       574  579    0 ANpure   576  577  578  579
    5   21    2    1    4    0    0    2    1    1       734  584    0 ANpure   580  581  582  583
    5   22    1    1    2    2    1    1    1    1       324  586    0 ANpure   585  586
    5   23    2    1    8    0    0    2    0    0      1002  595    0 ANpure   587  588  589  590  591  592  593  594
    5   24    2    1    8    0    0    2    1    1       915  604    0 ANpure   596  597  598  599  600  601  602  603
    6    1    2    1    2    0    0    2    1    1       526  607    0 ANpure   605  606
    6    2    1    1    8    4    5    2    1    0       555  611    0 ANpure   608  609  610  611  612  613  614  615
    6    3    2    1    8    0    0    2    1    1       854  624    0 ANpure   616  617  618  619  620  621  622  623
    6    4    2    1    8    0    0    2    1    1       790  633    0 ANpure   625  626  627  628  629  630  631  632
    6    5    1    1    4    4    1    1    1    1       397  637    0 ANpure   634  635  636  637
    6    6    1    1    8    3    6    2    1    0       878  640    0 ANpure   638  639  640  641  642  643  644  645
    6    7    1    1    4    1    4    1    1    1       675  646    0 ANpure   646  647  648  649
    6    8    2    1    2    0    0    1    1    0       891  652    0 ANpure   650  651
    6    9    2    1    2    0    0    1    1    0       955  655    0 ANpure   653  654
    6   10    1    1    2    1    2    1    1    1       711  656    0 ANpure   656  657
    6   11    1    1    8    7    2    2    1    0      1053  664    0 ANpure   658  659  660  661  662  663  664  665
    6   12    2    1    4    0    0    2    1    1       666  670    0 ANpure   666  667  668  669
    6   13    2    1    2    0    0    1    0    1      1617  673    0 ANpure   671  672
    6   14    1    1    2    2    1    2    1    0       788  675    0 ANpure   674  675
    6   15    1    1    8    3    6    2    1    0       612  678    0 ANpure   676  677  678  679  680  681  682  683
    6   16    1    1    4    2    3    2    0    1       805  685    0 ANpure   684  685  686  687
    6   17    2    1    8    0    0    2    1    1      1015  696    0 ANpure   688  689  690  691  692  693  694  695
    6   18    2    1    2    0    0    1    1    0      1266  699    0 ANpure   697  698
    6   19    1    1    4    2    3    1    1    1       951  701    0 ANpure   700  701  702  703
    6   20    2    1    8    0    0    2    1    1       562  712    0 ANpure   704  705  706  707  708  709  710  711
    6   21    1    1    8    5    4    1    1    1       795  717    0 ANpure   713  714  715  716  717  718  719  720
    6   22    2    1    4    0    0    2    0    0       804  725    0 ANpure   721  722  723  724
    6   23    1    1    2    2    1    1    1    1       616  727    0 ANpure   726  727
    6   24    2    1    4    0    0    1    1    0      1207  732    0 ANpure   728  729  730  731
    7    1    1    1    2    1    2    2    1    0       598  733    0 ANpure   733  734
    7    2    1    1    2    2    1    2    1    0       290  736    0 ANpure   735  736
    7    3    2    1    4    0    0    2    1    1       495  741    0 ANpure   737  738  739  740
    7    4    1    1    2    2    1    2    1    0       352  743    0 ANpure   742  743
    7    5    1    1    4    4    1    1    1    1       316  747    0 ANpure   744  745  746  747
    7    6    1    1    8    4    5    2    1    0      1039  751    0 ANpure   748  749  750  751  752  753  754  755
    7    7    2    1    2    0    0    1    0    1       714  758    0 ANpure   756  757
    7    8    2    1    4    0    0    2    1    1       694  763    0 ANpure   759  760  761  762
    7    9    1    1    8    8    1    2    1    0       333  771    0 ANpure   764  765  766  767  768  769  770  771
    7   10    2    1    2    0    0    1    1    0      1171  774    0 ANpure   772  773
    7   11    2    1    4    0    0    2    1    1      1132  779    0 ANpure   775  776  777  778
    7   12    2    1    4    0    0    1    1    0       632  784    0 ANpure   780  781  782  783
    7   13    1    1    4    3    2    2    1    0       614  787    0 ANpure   785  786  787  788
    7   14    2    1    2    0    0    1    1    0       546  791    0 ANpure   789  790
    7   15    1    1    2    2    1    1    1    1       544  793    0 ANpure   792  793
    7   16    2    1    8    0    0    2    0    0      1290  802    0 ANpure   794  795  796  797  798  799  800  801
    7   17    1    1    2    2    1    1    1    1      1626  804    0 ANpure   803  804
    7   18    1    1    8    4    5    1    1    1       667  808    0 ANpure   805  806  807  808  809  810  811  812
    7   19    2    1    4    0    0    1    1    0      1066  817    0 ANpure   813  814  815  816
    7   20    1    1    4    4    1    1    1    1       567  821    0 ANpure   818  819  820  821
    7   21    1    1    2    1    2    1    1    1       644  822    0 ANpure   822  823
    7   22    2    1    4    0    0    1    1    0       755  828    0 ANpure   824  825  826  827
    7   23    1    1    8    3    6    2    1    0       614  831    0 ANpure   829  830  831  832  833  834  835  836
    7   24    1    1    4    2    3    1    1    1       838  838    0 ANpure   837  838  839  840
    8    1    1    1    2    1    2    1    1    1      1232  841    0 ANpure   841  842
    8    2    2    1    4    0    0    2    1    1       535  847    0 ANpure   843  844  845  846
    8    3    1    1    4    4    1    1    1    1      6709  851    0 ANpure   848  849  850  851
    8    4    2    1    8    0    0    1    1    0      2202  860    0 ANpure   852  853  854  855  856  857  858  859
    8    5    2    1    2    0    0    2    0    0      2739  863    0 ANpure   861  862
    8    6    2    1    4    0    0    2    0    0      1357  868    0 ANpure   864  865  866  867
    8    7    1    1    4    4    1    2    1    0       447  872    0 ANpure   869  870  871  872
    8    8    2    1    2    0    0    2    1    1       848  875    0 ANpure   873  874
    8    9    1    1    4    3    2    2    1    0      1222  878    0 ANpure   876  877  878  879
    8   10    2    1    8    0    0    2    1    1      2195  888    0 ANpure   880  881  882  883  884  885  886  887
    8   11    1    1    8    7    2    1    1    1       892  895    0 ANpure   889  890  891  892  893  894  895  896
    8   12    1    1    8    7    2    2    1    0       907  903    0 ANpure   897  898  899  900  901  902  903  904
    8   13    1    1    4    1    4    1    1    1       654  905    0 ANpure   905  906  907  908
    8   14    1    1    8    6    3    1    1    1       707  914    0 ANpure   909  910  911  912  913  914  915  916
    8   15    1    1    8    8    1    2    1    0       728  924    0 ANpure   917  918  919  920  921  922  923  924
    8   16    1    1    4    2    3    1    1    1       868  926    0 ANpure   925  926  927  928
    8   17    2    1    2    0    0    2    1    1      5379  931    0 ANpure   929  930
    8   18    2    1    2    0    0    1    1    0       864  934    0 ANpure   932  933
    8   19    2    1    8    0    0    2    1    1       541  943    0 ANpure   935  936  937  938  939  940  941  942
    8   20    1    1    2    1    2    1    1    1       459  944    0 ANpure   944  945
    8   21    1    1    2    2    1    1    1    1       413  947    0 ANpure   946  947
    8   22    2    1    2    0    0    1    0    1      3023  950    0 ANpure   948  949
    8   23    2    1    8    0    0    2    1    1      1927  959    0 ANpure   951  952  953  954  955  956  957  958
    8   24    2    1    4    0    0    2    0    0      1346  964    0 ANpure   960  961  962  963
    9    1    2    1    2    0    0    2    1    1       513  967    0 ANpure   965  966
    9    3    1    1    4    1    4    1    1    1       623  971    0 ANpure   971  972  973  974
    9    4    2    1    2    0    0    1    0    1      1259  977    0 ANpure   975  976
    9    5    1    1    8    1    8    1    1    1       955  978    0 ANpure   978  979  980  981  982  983  984  985
    9    6    2    1    4    0    0    2    1    1       797  990    0 ANpure   986  987  988  989
    9    7    1    1    4    1    4    1    0    0       950  991    0 ANpure   991  992  993  994
    9    8    1    1    2    1    2    2    1    0       499  995    0 ANpure   995  996
    9    9    1    1    4    4    1    1    1    1       903 1000    0 ANpure   997  998  999 1000
    9   10    1    1    4    4    1    2    1    0       315 1004    0 ANpure  1001 1002 1003 1004
    9   11    2    1    8    0    0    1    1    0       801 1013    0 ANpure  1005 1006 1007 1008 1009 1010 1011 1012
    9   12    1    1    8    3    6    1    1    1      1059 1016    0 ANpure  1014 1015 1016 1017 1018 1019 1020 1021
    9   13    1    1    8    4    5    2    1    0      1002 1025    0 ANpure  1022 1023 1024 1025 1026 1027 1028 1029
    9   14    2    1    4    0    0    2    1    1      1866 1034    0 ANpure  1030 1031 1032 1033
    9   15    2    1    8    0    0    2    0    0      1410 1043    0 ANpure  1035 1036 1037 1038 1039 1040 1041 1042
    9   16    2    1    4    0    0    1    1    0       787 1048    0 ANpure  1044 1045 1046 1047
    9   17    1    1    2    1    2    1    1    1       646 1049    0 ANpure  1049 1050
    9   18    1    1    2    2    1    1    1    1       478 1052    0 ANpure  1051 1052
    9   19    1    1    2    2    1    2    1    0      1680 1054    0 ANpure  1053 1054
    9   20    2    1    8    0    0    2    1    1       702 1063    0 ANpure  1055 1056 1057 1058 1059 1060 1061 1062
    9   21    2    1    2    0    0    1    1    0      1029 1066    0 ANpure  1064 1065
    9   22    2    1    4    0    0    1    1    0       707 1071    0 ANpure  1067 1068 1069 1070
    9   23    1    1    4    3    2    2    1    0       670 1074    0 ANpure  1072 1073 1074 1075
    9   24    1    1    2    2    1    1    0    0      4871 1077    0 ANpure  1076 1077
