    1    1    1    1    4    1    4    1    1    1      2652    1    0 ANpure     1    2    3    4
    1    2    2    1    2    0    0    1    1    0      2476    7    0 ANpure     5    6
    1    3    2    1    4    0    0    1    1    0       761   12    0 ANpure     8    9   10   11
    1    4    2    1    2    0    0    2    1    1       646   15    0 ANpure    13   14
    1    5    2    1    8    0    0    1    1    0       742   24    0 ANpure    16   17   18   19   20   21   22   23
    1    6    2    1    8    0    0    1    1    0       610   33    0 ANpure    25   26   27   28   29   30   31   32
    1    7    2    1    8    0    0    2    1    1       714   42    0 ANpure    34   35   36   37   38   39   40   41
    1    8    1    1    4    4    1    1    1    1       446   46    0 ANpure    43   44   45   46
    1    9    1    1    2    1    2    1    1    1       400   47    0 ANpure    47   48
    1   10    1    1    8    3    6    1    1    1       592   51    0 ANpure    49   50   51   52   53   54   55   56
    1   11    1    1    8    5    4    2    1    0       601   61    0 ANpure    57   58   59   60   61   62   63   64
    1   12    1    1    2    2    1    1    1    1       596   66    0 ANpure    65   66
    1   13    1    1    4    4    1    1    1    1       421   70    0 ANpure    67   68   69   70
    1   14    2    1    2    0    0    2    1    1       608   73    0 ANpure    71   72
    1   15    2    1    2    0    0    2    1    1       531   76    0 ANpure    74   75
    1   16    1    1    2    2    1    2    1    0       465   78    0 ANpure    77   78
    1   17    1    1    2    2    1    1    1    1       451   80    0 ANpure    79   80
    1   18    2    1    4    0    0    1    1    0       641   85    0 ANpure    81   82   83   84
    1   19    2    1    8    0    0    2    1    1       711   94    0 ANpure    86   87   88   89   90   91   92   93
    1   20    1    1    2    2    1    1    1    1       319   96    0 ANpure    95   96
    1   21    1    1    2    2    1    2    1    0       374   98    0 ANpure    97   98
    1   22    2    1    2    0    0    1    1    0       394  101    0 ANpure    99  100
    1   23    2    1    2    0    0    2    1    1       518  104    0 ANpure   102  103
    1   24    2    1    8    0    0    1    1    0       586  113    0 ANpure   105  106  107  108  109  110  111  112
    2    1    1    1    4    1    4    2    1    0       588  114    0 ANpure   114  115  116  117
    2    2    2    1    2    0    0    1    1    0       456  120    0 ANpure   118  119
    2    3    2    1    8    0    0    1    1    0       471  129    0 ANpure   121  122  123  124  125  126  127  128
    2    4    1    1    2    1    2    2    1    0       543  130    0 ANpure   130  131
    2    5    2    1    4    0    0    1    1    0       544  136    0 ANpure   132  133  134  135
    2    6    2    1    4    0    0    1    1    0       546  141    0 ANpure   137  138  139  140
    2    7    1    1    2    1    2    2    1    0       456  142    0 ANpure   142  143
    2    8    2    1    4    0    0    1    1    0       446  148    0 ANpure   144  145  146  147
    2    9    2    1    8    0    0    2    1    1       614  157    0 ANpure   149  150  151  152  153  154  155  156
    2   10    1    1    8    1    8    1    1    1       626  158    0 ANpure   158  159  160  161  162  163  164  165
    2   11    2    1    4    0    0    2    1    1       553  170    0 ANpure   166  167  168  169
    2   12    2    1    8    0    0    1    1    0       590  179    0 ANpure   171  172  173  174  175  176  177  178
    2   13    2    1    4    0    0    2    1    1       591  184    0 ANpure   180  181  182  183
    2   14    1    1    4    1    4    1    1    1       560  185    0 ANpure   185  186  187  188
    2   15    2    1    4    0    0    2    1    1       593  193    0 ANpure   189  190  191  192
    2   16    2    1    8    0    0    2    1    1       627  202    0 ANpure   194  195  196  197  198  199  200  201
    2   17    2    1    4    0    0    2    1    1       612  207    0 ANpure   203  204  205  206
    2   18    2    1    8    0    0    1    1    0      1255  216    0 ANpure   208  209  210  211  212  213  214  215
    2   19    2    1    8    0    0    2    1    1       606  225    0 ANpure   217  218  219  220  221  222  223  224
    2   20    2    1    4    0    0    1    1    0       511  230    0 ANpure   226  227  228  229
    2   21    1    1    8    1    8    1    1    1       885  231    0 ANpure   231  232  233  234  235  236  237  238
    2   22    2    1    2    0    0    1    1    0       724  241    0 ANpure   239  240
    2   23    2    1    2    0    0    2    1    1       467  244    0 ANpure   242  243
    2   24    1    1    4    2    3    2    1    0       993  246    0 ANpure   245  246  247  248
    3    1    1    1    2    2    1    2    1    0       421  250    0 ANpure   249  250
    3    2    1    1    8    6    3    2    1    0       622  256    0 ANpure   251  252  253  254  255  256  257  258
    3    3    1    1    4    4    1    2    1    0       495  262    0 ANpure   259  260  261  262
    3    4    2    1    4    0    0    1    1    0       603  267    0 ANpure   263  264  265  266
    3    5    2    1    2    0    0    1    1    0       471  270    0 ANpure   268  269
    3    6    2    1    2    0    0    1    0    1      1464  273    0 ANpure   271  272
    3    7    2    1    2    0    0    2    1    1      1073  276    0 ANpure   274  275
    3    8    2    1    8    0    0    2    1    1       647  285    0 ANpure   277  278  279  280  281  282  283  284
    3    9    2    1    4    0    0    2    1    1      1053  290    0 ANpure   286  287  288  289
    3   10    2    1    2    0    0    1    1    0      1119  293    0 ANpure   291  292
    3   11    1    1    2    2    1    2    1    0       501  295    0 ANpure   294  295
    3   12    2    1    8    0    0    1    1    0      1148  304    0 ANpure   296  297  298  299  300  301  302  303
    3   13    2    1    8    0    0    1    1    0       656  313    0 ANpure   305  306  307  308  309  310  311  312
    3   14    2    1    4    0    0    2    1    1       925  318    0 ANpure   314  315  316  317
    3   15    1    1    2    1    2    1    1    1       708  319    0 ANpure   319  320
    3   16    2    1    2    0    0    1    1    0       835  323    0 ANpure   321  322
    3   17    2    1    4    0    0    2    1    1       850  328    0 ANpure   324  325  326  327
    3   18    1    1    2    1    2    2    0    1       468  329    0 ANpure   329  330
    3   19    2    1    8    0    0    2    0    0      1817  339    0 ANpure   331  332  333  334  335  336  337  338
    3   20    2    1    2    0    0    2    1    1       652  342    0 ANpure   340  341
    3   21    2    1    2    0    0    2    1    1       518  345    0 ANpure   343  344
    3   22    1    1    4    3    2    1    1    1       649  348    0 ANpure   346  347  348  349
    3   23    2    1    8    0    0    1    1    0       910  358    0 ANpure   350  351  352  353  354  355  356  357
    3   24    2    1    4    0    0    1    1    0       699  363    0 ANpure   359  360  361  362
    4    1    1    1    8    1    8    1    1    1       526  364    0 ANpure   364  365  366  367  368  369  370  371
    4    2    2    1    8    0    0    1    1    0       758  380    0 ANpure   372  373  374  375  376  377  378  379
    4    3    2    1    4    0    0    2    1    1       720  385    0 ANpure   381  382  383  384
    4    4    1    1    4    2    3    1    1    1       580  387    0 ANpure   386  387  388  389
    4    5    2    1    2    0    0    2    1    1       535  392    0 ANpure   390  391
    4    6    1    1    2    2    1    2    1    0       639  394    0 ANpure   393  394
    4    7    1    1    8    4    5    2    1    0       607  398    0 ANpure   395  396  397  398  399  400  401  402
    4    8    2    1    4    0    0    1    1    0       550  407    0 ANpure   403  404  405  406
    4    9    2    1    2    0    0    1    1    0       467  410    0 ANpure   408  409
    4   10    2    1    2    0    0    1    0    1       517  413    0 ANpure   411  412
    4   11    2    1    2    0    0    2    1    1       516  416    0 ANpure   414  415
    4   12    1    1    2    1    2    1    1    1       531  417    0 ANpure   417  418
    4   13    2    1    2    0    0    2    1    1       433  421    0 ANpure   419  420
    4   14    2    1    4    0    0    2    1    1       512  426    0 ANpure   422  423  424  425
    4   15    1    1    2    2    1    1    1    1       441  428    0 ANpure   427  428
    4   16    1    1    4    1    4    1    0    0       464  429    0 ANpure   429  430  431  432
    4   17    1    1    2    2    1    1    1    1       448  434    0 ANpure   433  434
    4   18    1    1    4    3    2    1    1    1       584  437    0 ANpure   435  436  437  438
    4   19    1    1    2    2    1    2    1    0       428  440    0 ANpure   439  440
    4   20    2    1    4    0    0    1    1    0       540  445    0 ANpure   441  442  443  444
    4   21    1    1    4    1    4    2    1    0       782  446    0 ANpure   446  447  448  449
    4   22    2    1    4    0    0    1    1    0       703  454    0 ANpure   450  451  452  453
    4   23    1    1    2    1    2    1    1    1       511  455    0 ANpure   455  456
    4   24    2    1    8    0    0    1    1    0       558  465    0 ANpure   457  458  459  460  461  462  463  464
    5    1    2    1    4    0    0    2    1    1       449  470    0 ANpure   466  467  468  469
    5    2    2    1    8    0    0    2    1    1       504  479    0 ANpure   471  472  473  474  475  476  477  478
    5    3    2    1    4    0    0    2    1    1       587  484    0 ANpure   480  481  482  483
    5    4    1    1    2    1    2    2    1    0       487  485    0 ANpure   485  486
    5    5    1    1    8    1    8    1    0    0       551  487    0 ANpure   487  488  489  490  491  492  493  494
    5    6    2    1    2    0    0    1    1    0       460  497    0 ANpure   495  496
    5    7    1    1    2    2    1    1    1    1       422  499    0 ANpure   498  499
    5    8    1    1    8    6    3    2    1    0       638  505    0 ANpure   500  501  502  503  504  505  506  507
    5    9    1    1    8    7    2    1    1    1       645  514    0 ANpure   508  509  510  511  512  513  514  515
    5   10    2    1    8    0    0    2    1    1       584  524    0 ANpure   516  517  518  519  520  521  522  523
    5   11    2    1    4    0    0    2    1    1       586  529    0 ANpure   525  526  527  528
    5   12    1    1    2    1    2    1    1    1       686  530    0 ANpure   530  531
    5   13    2    1    4    0    0    2    1    1       532  536    0 ANpure   532  533  534  535
    5   14    2    1    4    0    0    1    1    0       566  541    0 ANpure   537  538  539  540
    5   15    1    1    2    2    1    2    1    0       436  543    0 ANpure   542  543
    5   16    1    1    4    1    4    2    1    0       660  544    0 ANpure   544  545  546  547
    5   17    1    1    8    5    4    1    1    1       725  552    0 ANpure   548  549  550  551  552  553  554  555
    5   18    1    1    8    4    5    1    1    1      1420  559    0 ANpure   556  557  558  559  560  561  562  563
    5   19    1    1    2    2    1    1    1    1      1655  565    0 ANpure   564  565
    5   20    1    1    2    1    2    2    1    0       785  566    0 ANpure   566  567
    5   21    1    1    4    3    2    2    1    0       906  570    0 ANpure   568  569  570  571
    5   22    2    1    8    0    0    2    1    1       737  580    0 ANpure   572  573  574  575  576  577  578  579
    5   23    2    1    8    0    0    1    1    0      1053  589    0 ANpure   581  582  583  584  585  586  587  588
    5   24    1    1    4    1    4    1    1    1       994  590    0 ANpure   590  591  592  593
    6    1    1    1    4    1    4    2    1    0       748  594    0 ANpure   594  595  596  597
    6    2    2    1    4    0    0    1    1    0       919  602    0 ANpure   598  599  600  601
    6    3    1    1    2    1    2    1    1    1       662  603    0 ANpure   603  604
    6    4    1    1    2    1    2    2    1    0       824  605    0 ANpure   605  606
    6    5    1    1    8    8    1    2    1    0       899  614    0 ANpure   607  608  609  610  611  612  613  614
    6    6    2    1    2    0    0    1    1    0      1939  617    0 ANpure   615  616
    6    7    1    1    4    3    2    1    1    1       814  620    0 ANpure   618  619  620  621
    6    8    1    1    2    1    2    2    1    0       785  622    0 ANpure   622  623
    6    9    2    1    2    0    0    1    1    0       765  626    0 ANpure   624  625
    6   10    2    1    2    0    0    2    1    1       683  629    0 ANpure   627  628
    6   11    1    1    8    2    7    2    1    0       952  631    0 ANpure   630  631  632  633  634  635  636  637
    6   12    2    1    4    0    0    2    1    1       817  642    0 ANpure   638  639  640  641
    6   13    1    1    2    1    2    2    1    0       676  643    0 ANpure   643  644
    6   14    1    1    2    2    1    1    1    1       726  646    0 ANpure   645  646
    6   15    2    1    8    0    0    2    1    1       971  655    0 ANpure   647  648  649  650  651  652  653  654
    6   16    1    1    8    1    8    1    1    1       775  656    0 ANpure   656  657  658  659  660  661  662  663
    6   17    2    1    8    0    0    2    1    1       850  672    0 ANpure   664  665  666  667  668  669  670  671
    6   18    2    1    4    0    0    1    1    0       584  677    0 ANpure   673  674  675  676
    6   19    1    1    8    2    7    2    1    0       595  679    0 ANpure   678  679  680  681  682  683  684  685
    6   20    1    1    2    1    2    1    1    1       446  686    0 ANpure   686  687
    6   21    1    1    2    2    1    2    1    0       464  689    0 ANpure   688  689
    6   22    2    1    4    0    0    1    1    0       548  694    0 ANpure   690  691  692  693
    6   23    1    1    2    2    1    2    1    0       499  696    0 ANpure   695  696
    6   24    2    1    4    0    0    1    1    0       582  701    0 ANpure   697  698  699  700
    7    1    1    1    8    5    4    2    1    0       507  706    0 ANpure   702  703  704  705  706  707  708  709
    7    2    2    1    8    0    0    2    1    1       896  718    0 ANpure   710  711  712  713  714  715  716  717
    7    3    2    1    2    0    0    2    1    1       737  721    0 ANpure   719  720
    7    4    2    1    8    0    0    1    1    0       677  730    0 ANpure   722  723  724  725  726  727  728  729
    7    5    2    1    8    0    0    1    1    0       853  739    0 ANpure   731  732  733  734  735  736  737  738
    7    6    2    1    2    0    0    2    1    1       710  742    0 ANpure   740  741
    7    7    1    1    8    2    7    1    1    1       852  744    0 ANpure   743  744  745  746  747  748  749  750
    7    8    2    1    8    0    0    2    1    1       730  759    0 ANpure   751  752  753  754  755  756  757  758
    7    9    1    1    4    4    1    1    1    1       758  763    0 ANpure   760  761  762  763
    7   10    1    1    2    2    1    2    1    0       604  765    0 ANpure   764  765
    7   11    1    1    4    3    2    2    1    0       612  768    0 ANpure   766  767  768  769
    7   12    2    1    2    0    0    2    1    1       590  772    0 ANpure   770  771
    7   13    2    1    4    0    0    1    1    0       768  777    0 ANpure   773  774  775  776
    7   14    2    1    8    0    0    1    1    0       492  786    0 ANpure   778  779  780  781  782  783  784  785
    7   15    1    1    8    3    6    1    0    0       539  789    0 ANpure   787  788  789  790  791  792  793  794
    7   16    1    1    4    1    4    2    1    0       639  795    0 ANpure   795  796  797  798
    7   17    1    1    4    4    1    2    1    0       543  802    0 ANpure   799  800  801  802
    7   18    2    1    4    0    0    1    1    0       519  807    0 ANpure   803  804  805  806
    7   19    2    1    8    0    0    1    1    0       629  816    0 ANpure   808  809  810  811  812  813  814  815
    7   20    2    1    4    0    0    1    1    0       620  821    0 ANpure   817  818  819  820
    7   21    2    1    4    0    0    1    1    0       540  826    0 ANpure   822  823  824  825
    7   22    2    1    2    0    0    2    1    1       481  829    0 ANpure   827  828
    7   23    1    1    8    4    5    1    1    1       544  833    0 ANpure   830  831  832  833  834  835  836  837
    7   24    1    1    4    1    4    2    1    0       587  838    0 ANpure   838  839  840  841
    8    1    2    1    8    0    0    1    1    0       500  850    0 ANpure   842  843  844  845  846  847  848  849
    8    2    2    1    8    0    0    2    1    1      1194  859    0 ANpure   851  852  853  854  855  856  857  858
    8    3    2    1    4    0    0    2    1    1       524  864    0 ANpure   860  861  862  863
    8    4    1    1    8    1    8    2    1    0       488  865    0 ANpure   865  866  867  868  869  870  871  872
    8    5    2    1    4    0    0    1    1    0       495  877    0 ANpure   873  874  875  876
    8    6    2    1    2    0    0    1    1    0       366  880    0 ANpure   878  879
    8    7    2    1    2    0    0    1    1    0       364  883    0 ANpure   881  882
    8    8    2    1    4    0    0    2    1    1       686  888    0 ANpure   884  885  886  887
    8    9    1    1    8    7    2    1    1    1       477  895    0 ANpure   889  890  891  892  893  894  895  896
    8   10    2    1    4    0    0    1    1    0       506  901    0 ANpure   897  898  899  900
    8   11    1    1    4    1    4    2    1    0       736  902    0 ANpure   902  903  904  905
    8   12    2    1    8    0    0    2    1    1      1187  914    0 ANpure   906  907  908  909  910  911  912  913
    8   13    1    1    2    2    1    1    1    1       424  916    0 ANpure   915  916
    8   14    1    1    2    2    1    2    1    0       450  918    0 ANpure   917  918
    8   15    2    1    4    0    0    2    1    1       544  923    0 ANpure   919  920  921  922
    8   16    1    1    4    3    2    2    1    0       491  926    0 ANpure   924  925  926  927
    8   17    2    1    8    0    0    1    1    0       761  936    0 ANpure   928  929  930  931  932  933  934  935
    8   18    1    1    8    6    3    2    1    0       476  942    0 ANpure   937  938  939  940  941  942  943  944
    8   19    2    1    8    0    0    1    0    1       682  953    0 ANpure   945  946  947  948  949  950  951  952
    8   20    2    1    4    0    0    2    1    1       567  958    0 ANpure   954  955  956  957
    8   21    2    1    2    0    0    1    1    0       620  961    0 ANpure   959  960
    8   22    1    1    8    1    8    1    1    1       565  962    0 ANpure   962  963  964  965  966  967  968  969
    8   23    2    1    2    0    0    1    1    0       538  972    0 ANpure   970  971
    8   24    1    1    4    1    4    1    0    0       820  973    0 ANpure   973  974  975  976
    9    1    1    1    4    2    3    2    1    0      1057  978    0 ANpure   977  978  979  980
    9    2    2    1    8    0    0    1    0    1       889  989    0 ANpure   981  982  983  984  985  986  987  988
    9    3    2    1    2    0    0    2    1    1       704  992    0 ANpure   990  991
    9    4    2    1    2    0    0    2    1    1       631  995    0 ANpure   993  994
    9    5    1    1    4    1    4    1    1    1       789  996    0 ANpure   996  997  998  999
    9    6    2    1    8    0    0    1    1    0       705 1008    0 ANpure  1000 1001 1002 1003 1004 1005 1006 1007
    9    7    1    1    8    4    5    1    0    0       662 1012    0 ANpure  1009 1010 1011 1012 1013 1014 1015 1016
    9    8    1    1    4    1    4    1    1    1       966 1017    0 ANpure  1017 1018 1019 1020
    9    9    1    1    8    8    1    2    1    0       762 1028    0 ANpure  1021 1022 1023 1024 1025 1026 1027 1028
    9   10    1    1    8    8    1    2    1    0       767 1036    0 ANpure  1029 1030 1031 1032 1033 1034 1035 1036
    9   11    1    1    8    3    6    1    1    1       665 1039    0 ANpure  1037 1038 1039 1040 1041 1042 1043 1044
    9   12    2    1    4    0    0    2    1    1       526 1049    0 ANpure  1045 1046 1047 1048
    9   13    1    1    8    6    3    2    0    1       651 1055    0 ANpure  1050 1051 1052 1053 1054 1055 1056 1057
    9   14    2    1    4    0    0    1    1    0       513 1062    0 ANpure  1058 1059 1060 1061
    9   15    2    1    2    0    0    1    1    0       408 1065    0 ANpure  1063 1064
    9   16    2    1    8    0    0    1    1    0       809 1074    0 ANpure  1066 1067 1068 1069 1070 1071 1072 1073
    9   17    1    1    8    5    4    2    0    1       555 1079    0 ANpure  1075 1076 1077 1078 1079 1080 1081 1082
    9   18    1    1    8    6    3    2    1    0       582 1088    0 ANpure  1083 1084 1085 1086 1087 1088 1089 1090
    9   19    1    1    4    2    3    1    1    1       480 1092    0 ANpure  1091 1092 1093 1094
    9   20    2    1    2    0    0    2    1    1       646 1097    0 ANpure  1095 1096
    9   21    2    1    2    0    0    1    1    0       816 1100    0 ANpure  1098 1099
    9   22    2    1    8    0    0    2    1    1       657 1109    0 ANpure  1101 1102 1103 1104 1105 1106 1107 1108
    9   23    2    1    4    0    0    2    1    1       734 1114    0 ANpure  1110 1111 1112 1113
    9   24    2    1    4    0    0    1    1    0       793 1119    0 ANpure  1115 1116 1117 1118
