    1    1    2    1    4    0    0    2    1    1      7078    5    0 ANpure     1    2    3    4
    1    2    1    1    8    7    2    1    1    1       873   12    0 ANpure     6    7    8    9   10   11   12   13
    1    3    1    1    4    3    2    1    1    1       655   16    0 ANpure    14   15   16   17
    1    4    2    1    4    0    0    2    1    1       860   22    0 ANpure    18   19   20   21
    1    5    1    1    2    1    2    2    1    0       796   23    0 ANpure    23   24
    1    6    2    1    2    0    0    2    1    1       768   27    0 ANpure    25   26
    1    7    1    1    4    1    4    2    1    0      1033   28    0 ANpure    28   29   30   31
    1    8    1    1    8    7    2    1    1    1       529   38    0 ANpure    32   33   34   35   36   37   38   39
    1    9    1    1    8    1    8    2    1    0       829   40    0 ANpure    40   41   42   43   44   45   46   47
    1   10    1    1    2    2    1    2    1    0       494   49    0 ANpure    48   49
    1   11    1    1    4    3    2    1    1    1       419   52    0 ANpure    50   51   52   53
    1   12    2    1    8    0    0    2    1    1       851   62    0 ANpure    54   55   56   57   58   59   60   61
    1   13    2    1    4    0    0    2    1    1      1545   67    0 ANpure    63   64   65   66
    1   14    1    1    4    3    2    1    0    0      1458   70    0 ANpure    68   69   70   71
    1   15    2    1    4    0    0    2    1    1       496   76    0 ANpure    72   73   74   75
    1   16    2    1    2    0    0    2    1    1       494   79    0 ANpure    77   78
    1   17    1    1    8    4    5    2    1    0       605   83    0 ANpure    80   81   82   83   84   85   86   87
    1   18    1    1    8    4    5    2    1    0       565   91    0 ANpure    88   89   90   91   92   93   94   95
    1   19    1    1    2    1    2    1    1    1       450   96    0 ANpure    96   97
    1   20    2    1    4    0    0    1    1    0       486  102    0 ANpure    98   99  100  101
    1   21    2    1    2    0    0    2    1    1       468  105    0 ANpure   103  104
    1   22    2    1    4    0    0    2    1    1      1192  110    0 ANpure   106  107  108  109
    1   23    1    1    2    2    1    1    1    1       621  112    0 ANpure   111  112
    1   24    2    1    2    0    0    2    1    1      1638  115    0 ANpure   113  114
    2    1    2    1    4    0    0    2    1    1       568  120    0 ANpure   116  117  118  119
    2    2    1    1    4    3    2    1    1    1      1289  123    0 ANpure   121  122  123  124
    2    3    1    1    4    3    2    2    1    0       493  127    0 ANpure   125  126  127  128
    2    4    1    1    8    6    3    1    1    1       523  134    0 ANpure   129  130  131  132  133  134  135  136
    2    5    1    1    4    1    4    2    1    0       655  137    0 ANpure   137  138  139  140
    2    6    2    1    4    0    0    1    1    0       556  145    0 ANpure   141  142  143  144
    2    7    1    1    2    2    1    2    1    0       409  147    0 ANpure   146  147
    2    8    2    1    2    0    0    2    1    1       507  150    0 ANpure   148  149
    2    9    2    1    4    0    0    1    1    0       782  155    0 ANpure   151  152  153  154
    2   10    1    1    4    1    4    2    1    0       424  156    0 ANpure   156  157  158  159
    2   11    1    1    8    2    7    1    0    0       664  161    0 ANpure   160  161  162  163  164  165  166  167
    2   12    2    1    8    0    0    1    0    1       810  176    0 ANpure   168  169  170  171  172  173  174  175
    2   13    2    1    2    0    0    1    1    0       507  179    0 ANpure   177  178
    2   14    2    1    4    0    0    2    1    1       591  184    0 ANpure   180  181  182  183
    2   15    1    1    8    1    8    2    1    0       614  185    0 ANpure   185  186  187  188  189  190  191  192
    2   16    1    1    2    2    1    1    1    1       897  194    0 ANpure   193  194
    2   17    2    1    2    0    0    1    1    0       464  197    0 ANpure   195  196
    2   18    1    1    8    4    5    1    1    1       636  201    0 ANpure   198  199  200  201  202  203  204  205
    2   19    1    1    8    4    5    1    1    1      1028  209    0 ANpure   206  207  208  209  210  211  212  213
    2   20    1    1    2    2    1    1    1    1       367  215    0 ANpure   214  215
    2   21    2    1    8    0    0    2    1    1       752  224    0 ANpure   216  217  218  219  220  221  222  223
    2   22    1    1    4    4    1    1    1    1       746  228    0 ANpure   225  226  227  228
    2   23    1    1    4    2    3    2    1    0       549  230    0 ANpure   229  230  231  232
    2   24    1    1    2    2    1    2    1    0       323  234    0 ANpure   233  234
    3    1    1    1    8    4    5    2    1    0       698  238    0 ANpure   235  236  237  238  239  240  241  242
    3    2    1    1    4    1    4    1    1    1       679  243    0 ANpure   243  244  245  246
    3    3    2    1    4    0    0    1    1    0       643  251    0 ANpure   247  248  249  250
    3    4    1    1    8    3    6    1    1    1      1111  254    0 ANpure   252  253  254  255  256  257  258  259
    3    5    2    1    4    0    0    1    1    0       849  264    0 ANpure   260  261  262  263
    3    6    1    1    2    2    1    2    1    0       354  266    0 ANpure   265  266
    3    7    2    1    2    0    0    1    1    0       552  269    0 ANpure   267  268
    3    8    2    1    4    0    0    1    1    0      1497  274    0 ANpure   270  271  272  273
    3    9    2    1    4    0    0    1    1    0       630  279    0 ANpure   275  276  277  278
    3   10    1    1    8    3    6    1    1    1       427  282    0 ANpure   280  281  282  283  284  285  286  287
    3   11    1    1    8    3    6    2    1    0       476  290    0 ANpure   288  289  290  291  292  293  294  295
    3   12    2    1    8    0    0    1    1    0       537  304    0 ANpure   296  297  298  299  300  301  302  303
    3   13    2    1    4    0    0    1    1    0       555  309    0 ANpure   305  306  307  308
    3   14    1    1    4    4    1    2    1    0       539  313    0 ANpure   310  311  312  313
    3   15    2    1    4    0    0    1    1    0       621  318    0 ANpure   314  315  316  317
    3   16    1    1    2    1    2    2    1    0       345  319    0 ANpure   319  320
    3   17    2    1    2    0    0    2    1    1       477  323    0 ANpure   321  322
    3   18    2    1    4    0    0    2    1    1       417  328    0 ANpure   324  325  326  327
    3   19    1    1    8    1    8    1    1    1       943  329    0 ANpure   329  330  331  332  333  334  335  336
    3   20    1    1    8    7    2    1    1    1       427  343    0 ANpure   337  338  339  340  341  342  343  344
    3   21    1    1    8    6    3    1    1    1       491  350    0 ANpure   345  346  347  348  349  350  351  352
    3   22    1    1    4    1    4    2    1    0       495  353    0 ANpure   353  354  355  356
    3   23    1    1    8    8    1    2    1    0       554  364    0 ANpure   357  358  359  360  361  362  363  364
    3   24    2    1    8    0    0    1    1    0       630  373    0 ANpure   365  366  367  368  369  370  371  372
    4    1    1    1    4    3    2    2    1    0       568  376    0 ANpure   374  375  376  377
    4    2    1    1    4    2    3    1    1    1       569  379    0 ANpure   378  379  380  381
    4    3    2    1    4    0    0    1    1    0       587  386    0 ANpure   382  383  384  385
    4    4    2    1    4    0    0    1    0    1       747  391    0 ANpure   387  388  389  390
    4    5    2    1    2    0    0    2    1    1       559  394    0 ANpure   392  393
    4    6    2    1    2    0    0    2    1    1       477  397    0 ANpure   395  396
    4    7    1    1    8    7    2    1    1    1       619  404    0 ANpure   398  399  400  401  402  403  404  405
    4    8    1    1    2    2    1    2    1    0       405  407    0 ANpure   406  407
    4    9    1    1    8    1    8    1    1    1       742  408    0 ANpure   408  409  410  411  412  413  414  415
    4   10    1    1    2    1    2    1    1    1       556  416    0 ANpure   416  417
    4   11    1    1    4    1    4    1    1    1       527  418    0 ANpure   418  419  420  421
    4   12    2    1    8    0    0    2    1    1       796  430    0 ANpure   422  423  424  425  426  427  428  429
    4   13    2    1    4    0    0    1    1    0       593  435    0 ANpure   431  432  433  434
    4   14    2    1    8    0    0    1    1    0      1208  444    0 ANpure   436  437  438  439  440  441  442  443
    4   15    2    1    8    0    0    2    1    1       693  453    0 ANpure   445  446  447  448  449  450  451  452
    4   16    2    1    2    0    0    2    1    1       460  456    0 ANpure   454  455
    4   17    2    1    8    0    0    2    1    1       539  465    0 ANpure   457  458  459  460  461  462  463  464
    4   18    1    1    2    1    2    2    1    0       617  466    0 ANpure   466  467
    4   19    1    1    4    4    1    1    1    1       472  471    0 ANpure   468  469  470  471
    4   20    1    1    8    1    8    1    1    1       630  472    0 ANpure   472  473  474  475  476  477  478  479
    4   21    1    1    8    7    2    2    1    0       573  486    0 ANpure   480  481  482  483  484  485  486  487
    4   22    1    1    2    1    2    2    1    0       458  488    0 ANpure   488  489
    4   23    2    1    8    0    0    1    1    0       759  498    0 ANpure   490  491  492  493  494  495  496  497
    4   24    2    1    2    0    0    1    0    1       716  501    0 ANpure   499  500
    5    1    2    1    4    0    0    2    0    0       857  506    0 ANpure   502  503  504  505
    5    2    1    1    8    6    3    2    1    0       648  512    0 ANpure   507  508  509  510  511  512  513  514
    5    3    1    1    8    2    7    2    1    0       720  516    0 ANpure   515  516  517  518  519  520  521  522
    5    4    1    1    4    4    1    1    1    1       476  526    0 ANpure   523  524  525  526
    5    5    2    1    2    0    0    2    1    1       492  529    0 ANpure   527  528
    5    6    2    1    2    0    0    2    1    1       539  532    0 ANpure   530  531
    5    7    2    1    4    0    0    1    1    0       990  537    0 ANpure   533  534  535  536
    5    8    1    1    4    4    1    1    1    1       397  541    0 ANpure   538  539  540  541
    5    9    2    1    8    0    0    2    0    0      1162  550    0 ANpure   542  543  544  545  546  547  548  549
    5   10    1    1    4    4    1    1    1    1       433  554    0 ANpure   551  552  553  554
    5   11    1    1    2    1    2    1    1    1       641  555    0 ANpure   555  556
    5   12    1    1    4    3    2    2    1    0       463  559    0 ANpure   557  558  559  560
    5   13    1    1    2    1    2    1    1    1       592  561    0 ANpure   561  562
    5   14    2    1    4    0    0    1    1    0       640  567    0 ANpure   563  564  565  566
    5   15    1    1    2    2    1    1    1    1       746  569    0 ANpure   568  569
    5   16    2    1    4    0    0    1    1    0       644  574    0 ANpure   570  571  572  573
    5   17    1    1    8    8    1    2    1    0       701  582    0 ANpure   575  576  577  578  579  580  581  582
    5   18    1    1    2    1    2    1    1    1       580  583    0 ANpure   583  584
    5   19    1    1    4    2    3    1    1    1       545  586    0 ANpure   585  586  587  588
    5   20    2    1    2    0    0    2    1    1       622  591    0 ANpure   589  590
    5   21    2    1    2    0    0    1    1    0       889  594    0 ANpure   592  593
    5   22    2    1    4    0    0    2    1    1       540  599    0 ANpure   595  596  597  598
    5   23    1    1    4    4    1    2    1    0       479  603    0 ANpure   600  601  602  603
    5   24    1    1    4    3    2    2    1    0       740  606    0 ANpure   604  605  606  607
    6    1    2    1    8    0    0    2    1    1       507  616    0 ANpure   608  609  610  611  612  613  614  615
    6    2    2    1    2    0    0    1    1    0       505  619    0 ANpure   617  618
    6    3    2    1    2    0    0    2    0    0       585  622    0 ANpure   620  621
    6    4    2    1    4    0    0    1    1    0       969  627    0 ANpure   623  624  625  626
    6    5    2    1    8    0    0    1    1    0       559  636    0 ANpure   628  629  630  631  632  633  634  635
    6    6    1    1    2    2    1    2    1    0       796  638    0 ANpure   637  638
    6    7    2    1    8    0    0    2    1    1       684  647    0 ANpure   639  640  641  642  643  644  645  646
    6    8    1    1    8    6    3    1    1    1       898  653    0 ANpure   648  649  650  651  652  653  654  655
    6    9    2    1    8    0    0    2    1    1       702  664    0 ANpure   656  657  658  659  660  661  662  663
    6   10    2    1    4    0    0    1    1    0       491  669    0 ANpure   665  666  667  668
    6   11    1    1    2    2    1    2    1    0       362  671    0 ANpure   670  671
    6   12    1    1    2    2    1    2    1    0       366  673    0 ANpure   672  673
    6   13    1    1    4    4    1    1    1    1       486  677    0 ANpure   674  675  676  677
    6   14    1    1    8    6    3    1    1    1       531  683    0 ANpure   678  679  680  681  682  683  684  685
    6   15    1    1    8    4    5    1    1    1       640  689    0 ANpure   686  687  688  689  690  691  692  693
    6   16    2    1    2    0    0    2    1    1       569  696    0 ANpure   694  695
    6   17    2    1    8    0    0    2    1    1      1234  705    0 ANpure   697  698  699  700  701  702  703  704
    6   18    2    1    2    0    0    2    1    1       532  708    0 ANpure   706  707
    6   19    1    1    2    2    1    1    1    1      1090  710    0 ANpure   709  710
    6   20    2    1    2    0    0    1    1    0      1370  713    0 ANpure   711  712
    6   21    1    1    8    5    4    2    1    0       561  718    0 ANpure   714  715  716  717  718  719  720  721
    6   22    2    1    8    0    0    1    1    0       587  730    0 ANpure   722  723  724  725  726  727  728  729
    6   23    2    1    4    0    0    1    0    1       651  735    0 ANpure   731  732  733  734
    6   24    1    1    4    4    1    2    1    0       458  739    0 ANpure   736  737  738  739
    7    1    2    1    4    0    0    2    1    1       902  744    0 ANpure   740  741  742  743
    7    2    2    1    4    0    0    1    1    0       537  749    0 ANpure   745  746  747  748
    7    3    1    1    8    4    5    2    1    0       612  753    0 ANpure   750  751  752  753  754  755  756  757
    7    4    1    1    4    4    1    1    0    0      1332  761    0 ANpure   758  759  760  761
    7    5    1    1    8    5    4    2    1    0       735  766    0 ANpure   762  763  764  765  766  767  768  769
    7    6    1    1    4    2    3    2    1    0       858  771    0 ANpure   770  771  772  773
    7    7    1    1    2    1    2    2    1    0       491  774    0 ANpure   774  775
    7    8    1    1    8    4    5    1    1    1       631  779    0 ANpure   776  777  778  779  780  781  782  783
    7    9    2    1    4    0    0    2    1    1       517  788    0 ANpure   784  785  786  787
    7   10    2    1    2    0    0    2    1    1       562  791    0 ANpure   789  790
    7   11    2    1    2    0    0    1    1    0       670  794    0 ANpure   792  793
    7   12    2    1    8    0    0    1    1    0       820  803    0 ANpure   795  796  797  798  799  800  801  802
    7   13    1    1    2    2    1    1    1    1      1687  805    0 ANpure   804  805
    7   14    2    1    2    0    0    2    1    1      1303  808    0 ANpure   806  807
    7   15    2    1    4    0    0    2    1    1       699  813    0 ANpure   809  810  811  812
    7   16    2    1    4    0    0    1    1    0       629  818    0 ANpure   814  815  816  817
    7   17    1    1    4    3    2    2    1    0       579  821    0 ANpure   819  820  821  822
    7   18    2    1    2    0    0    2    1    1       412  825    0 ANpure   823  824
    7   19    2    1    8    0    0    2    1    1       764  834    0 ANpure   826  827  828  829  830  831  832  833
    7   20    2    1    2    0    0    2    1    1       481  837    0 ANpure   835  836
    7   21    2    1    4    0    0    2    1    1       709  842    0 ANpure   838  839  840  841
    7   22    1    1    2    1    2    2    0    1       907  843    0 ANpure   843  844
    7   23    2    1    8    0    0    2    1    1       889  853    0 ANpure   845  846  847  848  849  850  851  852
    7   24    2    1    4    0    0    2    1    1      1004  858    0 ANpure   854  855  856  857
    8    1    1    1    2    1    2    2    1    0       416  859    0 ANpure   859  860
    8    2    2    1    4    0    0    1    1    0      1861  865    0 ANpure   861  862  863  864
    8    3    2    1    4    0    0    1    1    0       498  870    0 ANpure   866  867  868  869
    8    4    2    1    4    0    0    2    1    1       933  875    0 ANpure   871  872  873  874
    8    5    2    1    4    0    0    2    1    1      1223  880    0 ANpure   876  877  878  879
    8    6    1    1    4    4    1    1    1    1       416  884    0 ANpure   881  882  883  884
    8    7    2    1    8    0    0    1    1    0       847  893    0 ANpure   885  886  887  888  889  890  891  892
    8    8    1    1    4    4    1    1    1    1       435  897    0 ANpure   894  895  896  897
    8    9    2    1    4    0    0    2    1    1       424  902    0 ANpure   898  899  900  901
    8   10    2    1    8    0    0    1    1    0       535  911    0 ANpure   903  904  905  906  907  908  909  910
    8   11    1    1    2    2    1    1    1    1       405  913    0 ANpure   912  913
    8   12    1    1    8    6    3    1    1    1       629  919    0 ANpure   914  915  916  917  918  919  920  921
    8   13    2    1    8    0    0    1    1    0       731  930    0 ANpure   922  923  924  925  926  927  928  929
    8   14    1    1    4    1    4    1    1    1       643  931    0 ANpure   931  932  933  934
    8   15    2    1    8    0    0    2    1    1      2106  943    0 ANpure   935  936  937  938  939  940  941  942
    8   16    2    1    8    0    0    2    1    1       691  952    0 ANpure   944  945  946  947  948  949  950  951
    8   17    2    1    8    0    0    1    1    0       983  961    0 ANpure   953  954  955  956  957  958  959  960
    8   18    2    1    2    0    0    2    1    1      1234  964    0 ANpure   962  963
    8   19    1    1    2    2    1    1    1    1       708  966    0 ANpure   965  966
    8   20    2    1    2    0    0    2    1    1       507  969    0 ANpure   967  968
    8   21    2    1    2    0    0    1    1    0       891  972    0 ANpure   970  971
    8   22    1    1    4    3    2    1    1    1       781  975    0 ANpure   973  974  975  976
    8   23    1    1    8    3    6    1    1    1       654  979    0 ANpure   977  978  979  980  981  982  983  984
    8   24    2    1    4    0    0    1    1    0       588  989    0 ANpure   985  986  987  988
    9    1    2    1    8    0    0    1    1    0       683  998    0 ANpure   990  991  992  993  994  995  996  997
    9    2    1    1    8    3    6    1    1    1       543 1001    0 ANpure   999 1000 1001 1002 1003 1004 1005 1006
    9    3    2    1    4    0    0    2    1    1       849 1011    0 ANpure  1007 1008 1009 1010
    9    4    1    1    8    5    4    2    1    0       929 1016    0 ANpure  1012 1013 1014 1015 1016 1017 1018 1019
    9    5    1    1    8    3    6    1    1    1       638 1022    0 ANpure  1020 1021 1022 1023 1024 1025 1026 1027
    9    6    2    1    4    0    0    1    1    0       957 1032    0 ANpure  1028 1029 1030 1031
    9    7    2    1    2    0    0    1    1    0      1097 1035    0 ANpure  1033 1034
    9    8    1    1    8    4    5    1    1    1       656 1039    0 ANpure  1036 1037 1038 1039 1040 1041 1042 1043
    9    9    2    1    4    0    0    2    1    1      1596 1048    0 ANpure  1044 1045 1046 1047
    9   10    1    1    4    1    4    2    1    0       451 1049    0 ANpure  1049 1050 1051 1052
    9   11    2    1    2    0    0    1    1    0       676 1055    0 ANpure  1053 1054
    9   12    1    1    2    1    2    1    1    1       506 1056    0 ANpure  1056 1057
    9   13    1    1    4    3    2    1    1    1       477 1060    0 ANpure  1058 1059 1060 1061
    9   14    1    1    4    3    2    1    1    1       673 1064    0 ANpure  1062 1063 1064 1065
    9   15    2    1    2    0    0    1    1    0       568 1068    0 ANpure  1066 1067
    9   16    2    1    8    0    0    1    1    0       818 1077    0 ANpure  1069 1070 1071 1072 1073 1074 1075 1076
    9   17    2    1    2    0    0    2    1    1       517 1080    0 ANpure  1078 1079
    9   18    1    1    4    2    3    2    1    0      1112 1082    0 ANpure  1081 1082 1083 1084
    9   19    1    1    8    5    4    2    1    0       988 1089    0 ANpure  1085 1086 1087 1088 1089 1090 1091 1092
    9   20    1    1    4    3    2    1    1    1       572 1095    0 ANpure  1093 1094 1095 1096
    9   21    2    1    8    0    0    1    1    0       613 1105    0 ANpure  1097 1098 1099 1100 1101 1102 1103 1104
    9   22    1    1    8    6    3    2    1    0       908 1111    0 ANpure  1106 1107 1108 1109 1110 1111 1112 1113
    9   23    1    1    8    5    4    2    1    0       488 1118    0 ANpure  1114 1115 1116 1117 1118 1119 1120 1121
    9   24    2    1    4    0    0    1    0    1       603 1126    0 ANpure  1122 1123 1124 1125
