    1    1    2    1    8    0    0    2    0    0      3028    9    1 CMpure     7    5    4    8    1    3    6    2
    1    2    2    1    4    0    0    2    1    1      2578    1    1 CMpure     9   10   12   11
    1    3    1    1    4    4    1    1    1    1       995    9    1 CMpure    12   15   16    9
    1    4    2    1    4    0    0    1    0    1      1732    7    1 CMpure    16   12   15   14
    1    5    2    1    2    0    0    2    1    1      1698    7    1 CMpure    11   15
    1    6    1    1    8    4    5    2    1    0      1362    2    1 CMpure     1    6    4    2    5    8    3    7
    1    7    1    1    4    4    1    2    1    0       886    5    1 CMpure     4    1    2    5
    1    8    1    1    8    3    6    2    1    0       630    3    1 CMpure     2    7    3    8    4    6    1    5
    1    9    2    1    4    0    0    1    1    0       886   14    1 CMpure     7    2    4    3
    1   10    1    1    4    2    3    1    1    1       988   10    1 CMpure    13   10   11   12
    1   11    2    1    2    0    0    1    1    0       729   14    1 CMpure     8    3
    1   12    2    1    8    0    0    1    1    0      1792   12    1 CMpure     5    6    7    4    2    3    1    8
    1   13    2    1    8    0    0    2    1    1       861    2    1 CMpure    11   15   12   14   10    9   13   16
    1   14    1    1    8    3    6    1    0    0      1263    2    1 CMpure     6    3    2    5    1    7    8    4
    1   15    1    1    8    3    6    1    0    0      1057    2    1 CMpure     5    7    2    4    6    1    8    3
    1   16    1    1    8    3    6    2    0    1      2267   14    1 CMpure    13   11   14   12   16   15    9   10
    1   17    1    1    2    2    1    2    1    0      1684    7    1 CMpure     2    7
    1   18    2    1    2    0    0    1    1    0       756    9    1 CMpure     6    1
    1   19    1    1    4    1    4    2    1    0       640    4    1 CMpure     4    3    8    1
    1   20    1    1    4    2    3    2    1    0       704    1    1 CMpure     8    1    5    4
    1   21    2    1    2    0    0    2    1    1       648    3    1 CMpure    11   15
    1   22    1    1    4    4    1    1    1    1       535   11    1 CMpure    15    9   16   11
    1   23    2    1    2    0    0    1    1    0       550   14    1 CMpure     4    2
    1   24    1    1    2    1    2    2    1    0       676    3    1 CMpure     3    1
    2    1    1    1    4    4    1    1    1    1       946   14    1 CMpure    11   16   13   14
    2    2    2    1    2    0    0    2    1    1       560    1    1 CMpure    15    9
    2    3    2    1    8    0    0    2    1    1       926    5    1 CMpure    10   13   14   12   16   11    9   15
    2    4    1    1    4    4    1    1    1    1       771   13    1 CMpure     9   10   12   13
    2    5    2    1    2    0    0    1    1    0       616   16    1 CMpure     6    3
    2    6    1    1    2    1    2    2    1    0       420    4    1 CMpure     4    8
    2    7    1    1    4    4    1    1    1    1       412   12    1 CMpure     9   13   15   12
    2    8    1    1    2    2    1    1    1    1       336   11    1 CMpure    10   11
    2    9    2    1    4    0    0    2    1    1       652    1    1 CMpure    14   12   10   15
    2   10    1    1    2    1    2    2    1    0       358    4    1 CMpure     4    6
    2   11    1    1    2    1    2    2    1    0       620    3    1 CMpure     3    5
    2   12    1    1    4    4    1    1    1    1       429   12    1 CMpure    10   16   14   12
    2   13    2    1    8    0    0    1    1    0      1344   12    1 CMpure     4    6    1    8    5    7    3    2
    2   14    2    1    8    0    0    2    1    1       575    8    1 CMpure    10    9   12   11   13   16   14   15
    2   15    1    1    2    1    2    1    1    1       428    9    1 CMpure     9   16
    2   16    2    1    4    0    0    1    1    0       837   11    1 CMpure     2    4    7    3
    2   17    1    1    4    4    1    1    1    1       365   14    1 CMpure    16   11   15   14
    2   18    1    1    4    3    2    1    1    1       616   15    1 CMpure    14   13   15    9
    2   19    1    1    4    2    3    1    1    1       568   14    1 CMpure     9   14   10   16
    2   20    1    1    8    5    4    1    0    0       949    1    1 CMpure     3    6    7    5    1    8    2    4
    2   21    2    1    4    0    0    1    1    0      1048   13    1 CMpure     7    1    2    6
    2   22    1    1    2    1    2    2    1    0       643    8    1 CMpure     8    4
    2   23    1    1    8    8    1    2    1    0       429    4    1 CMpure     1    3    6    7    8    5    2    4
    2   24    2    1    2    0    0    2    1    1       608    7    1 CMpure    15   14
    3    1    2    1    2    0    0    1    1    0      1250   10    1 CMpure     8    6
    3    2    2    1    2    0    0    2    1    1       644    6    1 CMpure    14   15
    3    3    2    1    2    0    0    2    1    1       766    6    1 CMpure    11    9
    3    4    1    1    2    1    2    2    1    0       516    4    1 CMpure     4    3
    3    5    2    1    8    0    0    1    1    0       627   16    1 CMpure     2    6    8    7    4    3    1    5
    3    6    1    1    4    4    1    1    1    1       788   14    1 CMpure    11   10   16   14
    3    7    1    1    2    2    1    2    1    0       472    1    1 CMpure     8    1
    3    8    2    1    4    0    0    1    1    0      1471    9    1 CMpure     4    6    8    7
    3    9    2    1    4    0    0    2    1    1       862    4    1 CMpure    14   10   13   16
    3   10    2    1    4    0    0    1    1    0       869   15    1 CMpure     7    1    6    5
    3   11    1    1    8    5    4    2    1    0       854    7    1 CMpure     6    5    2    4    7    3    1    8
    3   12    1    1    4    3    2    1    1    1       509   16    1 CMpure    15    9   16   14
    3   13    2    1    2    0    0    2    1    1       509    4    1 CMpure    13   12
    3   14    1    1    2    2    1    1    1    1      1133   15    1 CMpure     9   15
    3   15    1    1    2    1    2    2    1    0       499    2    1 CMpure     2    7
    3   16    1    1    4    4    1    1    1    1       489   13    1 CMpure     9   10   14   13
    3   17    1    1    8    6    3    2    1    0       777    2    1 CMpure     7    8    4    1    3    2    6    5
    3   18    1    1    2    2    1    2    1    0       351    4    1 CMpure     6    4
    3   19    1    1    2    1    2    2    1    0       805    1    1 CMpure     1    3
    3   20    1    1    4    4    1    1    1    1       366   14    1 CMpure    16   10   13   14
    3   21    1    1    4    4    1    2    1    0       537    1    1 CMpure     3    2    4    1
    3   22    2    1    4    0    0    1    0    1       813    3    1 CMpure    13   14   10   15
    3   23    1    1    4    1    4    1    0    0       966    3    1 CMpure     3    8    7    5
    3   24    2    1    4    0    0    2    1    1      1416    3    1 CMpure    15   14   10   13
    4    1    2    1    8    0    0    2    1    1      1050    1    1 CMpure    11   16    9   10   12   13   14   15
    4    2    1    1    4    3    2    1    1    1       601   16    1 CMpure    12   11   16   15
    4    3    1    1    2    2    1    1    1    1       453   10    1 CMpure     9   10
    4    4    2    1    8    0    0    1    1    0       614   16    1 CMpure     3    1    7    6    8    2    4    5
    4    5    1    1    4    3    2    1    1    1       471   14    1 CMpure    15   12   14   16
    4    6    1    1    8    2    7    2    1    0       824    3    1 CMpure     1    3    5    2    7    6    8    4
    4    7    1    1    8    2    7    2    1    0      1244    8    1 CMpure     2    8    4    1    3    6    7    5
    4    8    1    1    4    2    3    2    1    0       547    1    1 CMpure     8    1    3    4
    4    9    1    1    4    2    3    2    1    0       935    2    1 CMpure     8    2    3    5
    4   10    1    1    8    4    5    1    1    1      2021   13    1 CMpure    16   12   11   13   15   10   14    9
    4   11    1    1    4    2    3    2    1    0      1614    1    1 CMpure     7    1    4    5
    4   12    1    1    8    6    3    2    1    0       658    2    1 CMpure     3    1    5    7    4    2    8    6
    4   13    1    1    4    4    1    1    1    1       417   10    1 CMpure     9   14   16   10
    4   14    2    1    8    0    0    2    1    1       724    6    1 CMpure    16    9   14   15   11   12   13   10
    4   15    1    1    2    2    1    2    1    0       395    3    1 CMpure     4    3
    4   16    2    1    2    0    0    1    1    0       768   11    1 CMpure     2    5
    4   17    2    1    4    0    0    1    1    0      1723   13    1 CMpure     4    3    6    1
    4   18    2    1    4    0    0    2    1    1       655    5    1 CMpure    11   14   12   13
    4   19    1    1    2    2    1    1    1    1       521   15    1 CMpure     9   15
    4   20    1    1    4    1    4    1    1    1      1502   14    1 CMpure    14   11   16   15
    4   21    2    1    8    0    0    2    1    1       678    1    1 CMpure    14   16   15   13   12    9   10   11
    4   22    2    1    8    0    0    2    1    1       623    8    1 CMpure    13    9   11   14   10   12   15   16
    4   23    1    1    2    1    2    2    1    0       443    8    1 CMpure     8    3
    4   24    2    1    4    0    0    2    1    1       627    7    1 CMpure     9   10   12   14
    5    1    1    1    8    1    8    2    1    0       507    2    1 CMpure     2    4    1    5    8    3    6    7
    5    2    2    1    4    0    0    1    1    0       960   12    1 CMpure     1    5    8    7
    5    3    1    1    4    3    2    2    1    0       436    5    1 CMpure     6    1    5    3
    5    4    2    1    8    0    0    2    1    1       662    8    1 CMpure    10    9   15   11   13   14   16   12
    5    5    1    1    8    7    2    2    1    0       448    5    1 CMpure     7    3    2    1    6    8    5    4
    5    6    2    1    4    0    0    2    1    1       743    5    1 CMpure    11    9   15   10
    5    7    1    1    4    4    1    2    1    0       420    4    1 CMpure     5    3    2    4
    5    8    1    1    2    1    2    2    1    0       519    6    1 CMpure     6    4
    5    9    2    1    4    0    0    1    1    0       699   15    1 CMpure     4    6    3    2
    5   10    1    1    2    1    2    2    1    0       627    1    1 CMpure     1    4
    5   11    2    1    2    0    0    2    1    1       654    1    1 CMpure    15   10
    5   12    2    1    4    0    0    1    1    0       878   12    1 CMpure     2    5    6    3
    5   13    1    1    4    3    2    1    1    1      1412   10    1 CMpure    15    9   10   13
    5   14    1    1    2    2    1    1    1    1       512   13    1 CMpure    11   13
    5   15    1    1    2    1    2    2    1    0       800    4    1 CMpure     4    2
    5   16    2    1    4    0    0    1    1    0       665   10    1 CMpure     7    8    3    4
    5   17    1    1    8    2    7    2    1    0       611    3    1 CMpure     6    3    5    7    8    4    2    1
    5   18    2    1    2    0    0    1    1    0       591   16    1 CMpure     1    8
    5   19    2    1    2    0    0    2    1    1      2411    5    1 CMpure    12   16
    5   20    1    1    2    1    2    1    1    1       607   12    1 CMpure    12   11
    5   21    2    1    8    0    0    1    1    0       619   15    1 CMpure     8    4    1    2    3    5    7    6
    5   22    1    1    8    6    3    2    1    0       790    8    1 CMpure     4    3    6    2    5    8    1    7
    5   23    2    1    2    0    0    1    1    0       539   12    1 CMpure     1    2
    5   24    1    1    4    1    4    2    1    0       910    7    1 CMpure     7    6    2    4
    6    1    2    1    2    0    0    1    1    0       999   12    1 CMpure     7    2
    6    2    1    1    2    2    1    2    1    0       627    8    1 CMpure     4    8
    6    3    2    1    8    0    0    1    1    0       718   14    1 CMpure     3    8    6    2    1    4    5    7
    6    4    1    1    2    1    2    2    1    0       565    1    1 CMpure     1    4
    6    5    2    1    2    0    0    1    1    0       546   13    1 CMpure     6    1
    6    6    2    1    4    0    0    2    1    1      1078    6    1 CMpure    16   14   13   11
    6    7    2    1    4    0    0    2    1    1       612    5    1 CMpure    15   12   16   13
    6    8    1    1    8    2    7    1    1    1      1184   10    1 CMpure    14   10   16   12   13   11   15    9
    6    9    2    1    8    0    0    1    1    0       725   11    1 CMpure     1    4    8    6    5    7    2    3
    6   10    1    1    8    3    6    1    1    1       700   11    1 CMpure    10   13   11   14   15   16   12    9
    6   11    2    1    4    0    0    1    1    0      1177   13    1 CMpure     2    1    8    7
    6   12    1    1    8    7    2    2    1    0       671    1    1 CMpure     4    7    6    3    8    5    1    2
    6   13    2    1    2    0    0    1    1    0       696    9    1 CMpure     3    7
    6   14    2    1    8    0    0    2    1    1      1201    8    1 CMpure    11   13   14   15    9   16   12   10
    6   15    2    1    8    0    0    1    1    0      1221    9    1 CMpure     7    8    3    4    5    1    2    6
    6   16    1    1    8    4    5    2    1    0      1032    2    1 CMpure     6    1    7    2    3    4    5    8
    6   17    2    1    4    0    0    1    1    0       680   10    1 CMpure     1    2    4    3
    6   18    2    1    8    0    0    2    1    1       672    4    1 CMpure    13   10   11   15   12   14    9   16
    6   19    2    1    2    0    0    2    1    1       506    2    1 CMpure    16   11
    6   20    1    1    2    1    2    2    1    0      1002    2    1 CMpure     2    1
    6   21    2    1    4    0    0    2    1    1       555    5    1 CMpure    14   12   15   11
    6   22    2    1    8    0    0    2    1    1       681    3    1 CMpure    13   12   15   11    9   10   16   14
    6   23    2    1    4    0    0    1    1    0       695    9    1 CMpure     2    8    3    5
    6   24    1    1    2    1    2    2    1    0      2096    2    1 CMpure     2    7
    7    1    1    1    4    1    4    1    1    1       965   13    1 CMpure    13   14   15   10
    7    2    2    1    2    0    0    1    1    0       691   10    1 CMpure     6    2
    7    3    1    1    2    1    2    2    1    0       796    8    1 CMpure     8    2
    7    4    2    1    4    0    0    2    1    1       565    4    1 CMpure    10   15   13   14
    7    5    2    1    4    0    0    2    1    1       552    1    1 CMpure    13   14   12   15
    7    6    2    1    8    0    0    1    1    0      1078   14    1 CMpure     4    8    2    6    1    3    7    5
    7    7    2    1    2    0    0    1    1    0      2079   16    1 CMpure     8    2
    7    8    2    1    8    0    0    2    1    1       737    6    1 CMpure    10   12   13   11   14    9   15   16
    7    9    2    1    2    0    0    2    1    1       695    8    1 CMpure     9   12
    7   10    2    1    8    0    0    2    1    1       720    2    1 CMpure    13   12   15   16   11    9   10   14
    7   11    2    1    4    0    0    2    1    1       701    6    1 CMpure    11   15    9   16
    7   12    1    1    8    3    6    2    1    0       581    2    1 CMpure     6    7    2    3    5    4    1    8
    7   13    2    1    4    0    0    1    1    0       599   10    1 CMpure     4    8    2    6
    7   14    1    1    4    3    2    1    1    1       888   13    1 CMpure    15    9   13   12
    7   15    2    1    2    0    0    2    1    1       841    5    1 CMpure     9   16
    7   16    1    1    2    2    1    2    1    0       427    7    1 CMpure     4    7
    7   17    2    1    8    0    0    1    1    0       783   16    1 CMpure     6    2    8    3    5    4    7    1
    7   18    1    1    4    2    3    1    1    1       984   10    1 CMpure    12   10   11   13
    7   19    1    1    4    4    1    2    1    0       458    2    1 CMpure     8    3    6    2
    7   20    1    1    4    2    3    1    1    1       706   11    1 CMpure    12   11   14    9
    7   21    1    1    8    7    2    2    1    0       666    3    1 CMpure     5    6    2    8    1    7    3    4
    7   22    2    1    2    0    0    1    1    0       499   11    1 CMpure     3    8
    7   23    2    1    8    0    0    1    1    0       707   16    1 CMpure     8    1    4    7    5    2    6    3
    7   24    1    1    4    1    4    1    1    1      1312   11    1 CMpure    11   13    9   12
    8    1    2    1    8    0    0    1    1    0       857    9    1 CMpure     2    3    8    7    4    1    6    5
    8    2    1    1    2    2    1    2    1    0       603    5    1 CMpure     8    5
    8    3    2    1    4    0    0    1    1    0       732    9    1 CMpure     5    7    2    6
    8    4    1    1    8    2    7    2    1    0      1379    7    1 CMpure     1    7    5    8    2    3    6    4
    8    5    2    1    4    0    0    1    1    0       549   11    1 CMpure     4    3    6    2
    8    6    2    1    8    0    0    1    1    0       835   13    1 CMpure     6    3    2    8    5    7    1    4
    8    7    2    1    4    0    0    2    1    1       811    4    1 CMpure    13   11   15   14
    8    8    1    1    4    1    4    2    1    0      1061    5    1 CMpure     5    1    7    2
    8    9    2    1    4    0    0    1    1    0       804   12    1 CMpure     5    3    4    2
    8   10    2    1    8    0    0    2    1    1       776    2    1 CMpure    12   16   10   14   15   11   13    9
    8   11    1    1    2    2    1    1    1    1      1565   15    1 CMpure    11   15
    8   12    1    1    8    1    8    1    1    1       691   11    1 CMpure    11   14   15   16   10    9   12   13
    8   13    2    1    4    0    0    1    1    0       688   11    1 CMpure     6    5    2    7
    8   14    1    1    4    2    3    1    1    1       575   12    1 CMpure    14   12   15   11
    8   15    2    1    2    0    0    2    1    1       620    8    1 CMpure    13   12
    8   16    2    1    8    0    0    1    1    0       647   12    1 CMpure     2    4    8    3    1    5    7    6
    8   17    1    1    2    1    2    1    1    1       609   13    1 CMpure    13   16
    8   18    2    1    4    0    0    1    1    0      1042   15    1 CMpure     7    5    8    2
    8   19    1    1    4    2    3    1    1    1       882   12    1 CMpure    13   12   14   15
    8   20    2    1    8    0    0    2    1    1      2003    1    1 CMpure    11   12   15    9   13   10   14   16
    8   21    2    1    8    0    0    2    1    1      1559    3    1 CMpure    13   11   16    9   14   10   12   15
    8   22    1    1    2    1    2    2    0    1      1421   12    1 CMpure    12   11
    8   23    2    1    2    0    0    2    1    1       776    6    1 CMpure    10    9
    8   24    2    1    4    0    0    2    1    1       675    1    1 CMpure    10   11   13   14
    9    1    1    1    4    1    4    2    1    0       506    1    1 CMpure     1    5    6    2
    9    2    2    1    2    0    0    2    1    1      1114    8    1 CMpure    14    9
    9    3    2    1    2    0    0    1    1    0      1169   13    1 CMpure     8    7
    9    4    1    1    2    2    1    2    1    0      2183    6    1 CMpure     7    6
    9    5    1    1    2    2    1    2    1    0      1955    8    1 CMpure     6    8
    9    6    1    1    8    8    1    2    1    0       873    4    1 CMpure     3    5    1    7    6    8    2    4
    9    7    1    1    4    3    2    2    1    0       784    1    1 CMpure     4    3    1    5
    9    8    1    1    2    1    2    1    1    1      1765   11    1 CMpure    11   16
    9    9    1    1    2    2    1    2    1    0      1858    3    1 CMpure     8    3
    9   10    2    1    2    0    0    1    1    0      1852   16    1 CMpure     6    7
    9   11    1    1    4    1    4    1    1    1      1083   14    1 CMpure    14   12   13   15
    9   12    2    1    4    0    0    1    1    0       761   15    1 CMpure     1    5    2    3
    9   13    2    1    2    0    0    2    1    1       751    2    1 CMpure    12   15
    9   14    2    1    8    0    0    1    1    0       725   11    1 CMpure     4    7    6    5    3    8    2    1
    9   15    2    1    8    0    0    2    1    1      2108    3    1 CMpure    10   12   13    9   14   16   15   11
    9   16    2    1    4    0    0    2    1    1       609    1    1 CMpure     9   12   16   14
    9   17    2    1    8    0    0    2    1    1       829    8    1 CMpure    16   10   11   13   12   15   14    9
    9   18    2    1    2    0    0    1    1    0       768   10    1 CMpure     1    3
    9   19    2    1    4    0    0    1    1    0       843   13    1 CMpure     6    5    1    8
    9   20    2    1    4    0    0    1    1    0      4115   10    1 CMpure     2    8    6    7
    9   21    1    1    4    4    1    1    1    1       536   13    1 CMpure    12    9   16   13
    9   22    1    1    4    2    3    1    1    1       649   11    1 CMpure    16   11   14   10
    9   23    1    1    4    1    4    2    1    0       762    8    1 CMpure     8    4    2    5
    9   24    1    1    2    1    2    1    1    1       992   12    1 CMpure    12   16
