    1    1    1    1    2    2    1    2    1    0       703    8    1 CMpure     6    8
    1    2    1    1    2    2    1    2    1    0       517    8    1 CMpure     2    8
    1    3    1    1    2    1    2    1    0    0       995    3    1 CMpure     3    7
    1    4    1    1    2    1    2    1    1    1       494   16    1 CMpure    16   13
    1    5    1    1    8    4    5    2    0    1       779   16    1 CMpure    10   15   11   16   13    9   12   14
    1    6    2    1    4    0    0    2    0    0       741   16    1 CMpure     6    3    7    2
    1    7    1    1    8    8    1    1    1    1       443   14    1 CMpure    12   10   11   13    9   16   15   14
    1    8    2    1    8    0    0    1    0    1       942    7    1 CMpure    13   10   12   11   16   14    9   15
    1    9    2    1    4    0    0    2    1    1       673    4    1 CMpure    15   12   16   11
    1   10    2    1    4    0    0    2    1    1      1007    1    1 CMpure    15    9   13   16
    1   11    1    1    2    1    2    2    0    1       651    9    1 CMpure     9   11
    1   12    2    1    8    0    0    2    1    1       725    2    1 CMpure    11   14   10   12   15   16   13    9
    1   13    1    1    2    1    2    2    0    1       668   15    1 CMpure    15   14
    1   14    2    1    8    0    0    2    1    1       741    4    1 CMpure     9   13   14   11   12   10   15   16
    1   15    1    1    8    3    6    2    1    0       571    5    1 CMpure     1    6    5    2    7    8    4    3
    1   16    2    1    4    0    0    1    1    0       845    9    1 CMpure     4    3    5    2
    1   17    2    1    2    0    0    1    0    1       592    7    1 CMpure    10   11
    1   18    2    1    2    0    0    1    1    0       620   12    1 CMpure     6    7
    1   19    2    1    8    0    0    2    0    0       680   11    1 CMpure     3    4    2    8    6    1    7    5
    1   20    1    1    8    2    7    2    1    0       560    8    1 CMpure     3    8    6    4    2    7    5    1
    1   21    2    1    4    0    0    1    0    1      1011    5    1 CMpure     9   15   13   11
    1   22    1    1    8    1    8    1    0    0       863    7    1 CMpure     7    6    5    1    2    4    3    8
    1   23    1    1    4    2    3    2    1    0      1029    6    1 CMpure     4    6    7    1
    1   24    2    1    8    0    0    2    0    0       672   16    1 CMpure     7    2    3    5    4    6    8    1
    2    1    2    1    8    0    0    1    1    0       546   12    1 CMpure     6    2    3    4    5    8    1    7
    2    2    2    1    4    0    0    2    0    0       550   10    1 CMpure     4    5    3    2
    2    3    1    1    4    4    1    2    1    0       489    2    1 CMpure     1    3    8    2
    2    4    1    1    2    2    1    2    1    0       650    4    1 CMpure     7    4
    2    5    2    1    8    0    0    1    1    0      1235   16    1 CMpure     4    1    5    6    8    2    3    7
    2    6    2    1    8    0    0    2    1    1       902    1    1 CMpure     9   12   14   11   15   13   10   16
    2    7    2    1    8    0    0    1    0    1      1621    5    1 CMpure    14   11   13   12   16    9   10   15
    2    8    2    1    8    0    0    2    1    1       633    8    1 CMpure    11   14   13    9   16   12   15   10
    2    9    2    1    8    0    0    1    1    0      1539   13    1 CMpure     2    8    3    7    1    4    6    5
    2   10    2    1    4    0    0    2    1    1      1247    7    1 CMpure    14   16   15   11
    2   11    1    1    4    4    1    1    0    0       470    4    1 CMpure     5    1    7    4
    2   12    2    1    4    0    0    2    1    1       605    8    1 CMpure    16    9   10   13
    2   13    1    1    2    1    2    1    0    0       456    7    1 CMpure     7    1
    2   14    1    1    4    3    2    1    1    1      1536   12    1 CMpure    14   16   12   13
    2   15    2    1    4    0    0    1    1    0      2908   14    1 CMpure     5    2    3    6
    2   16    2    1    8    0    0    1    1    0      1051   14    1 CMpure     7    1    5    4    2    8    3    6
    2   17    2    1    8    0    0    1    0    1      1013    3    1 CMpure    16    9   11   13   15   12   10   14
    2   18    1    1    2    1    2    2    0    1      1185   14    1 CMpure    14   10
    2   19    2    1    8    0    0    1    1    0       613   12    1 CMpure     3    2    5    1    4    8    6    7
    2   20    1    1    4    3    2    2    1    0      2885    8    1 CMpure     6    4    8    7
    2   21    2    1    4    0    0    1    1    0      1051   11    1 CMpure     4    1    6    2
    2   22    1    1    4    2    3    2    1    0      1114    5    1 CMpure     8    5    1    6
    2   23    1    1    2    2    1    2    0    1       466   16    1 CMpure     9   16
    2   24    1    1    2    2    1    1    1    1       595    9    1 CMpure    16    9
    3    1    1    1    4    2    3    1    1    1      1517   14    1 CMpure    11   14    9   13
    3    2    1    1    4    1    4    2    1    0      1017    1    1 CMpure     1    7    3    4
    3    3    2    1    4    0    0    2    1    1      1274    7    1 CMpure    16   10   12   15
    3    4    1    1    4    4    1    1    0    0      1712    1    1 CMpure     5    6    3    1
    3    5    1    1    2    1    2    2    1    0       464    4    1 CMpure     4    5
    3    6    2    1    4    0    0    2    1    1       871    3    1 CMpure    12   14   15   10
    3    7    2    1    4    0    0    2    1    1       701    8    1 CMpure    10   15    9   13
    3    8    2    1    2    0    0    1    0    1       629    3    1 CMpure    12   16
    3    9    2    1    4    0    0    2    0    0       725   13    1 CMpure     1    3    8    2
    3   10    1    1    2    1    2    2    0    1       477   14    1 CMpure    14   11
    3   11    2    1    8    0    0    1    0    1       670    3    1 CMpure    15   13   10    9   16   11   14   12
    3   12    1    1    8    2    7    2    0    1       759   11    1 CMpure    16   11    9   13   10   14   12   15
    3   13    1    1    2    2    1    1    1    1      1677   10    1 CMpure    12   10
    3   14    1    1    4    1    4    1    1    1       915    9    1 CMpure     9   14   16   12
    3   15    1    1    8    8    1    2    0    1      1314   15    1 CMpure    16    9   10   11   12   13   14   15
    3   16    1    1    4    4    1    1    1    1       391   15    1 CMpure    11   12   14   15
    3   17    1    1    4    3    2    1    1    1       337   14    1 CMpure    15   16   14   12
    3   18    1    1    4    2    3    1    0    0      1709    5    1 CMpure     8    5    4    1
    3   19    2    1    2    0    0    1    0    1       348    3    1 CMpure    12    9
    3   20    2    1    2    0    0    2    0    0       242   15    1 CMpure     8    7
    3   21    1    1    8    7    2    1    1    1       749   12    1 CMpure    16   15   10   13    9   11   12   14
    3   22    1    1    2    1    2    2    1    0      1203    4    1 CMpure     4    2
    3   23    2    1    8    0    0    2    1    1       742    1    1 CMpure    16    9   11   12   14   15   10   13
    3   24    1    1    2    1    2    2    1    0      1133    8    1 CMpure     8    6
    4    1    2    1    4    0    0    2    1    1       602    2    1 CMpure    16   15   13   10
    4    2    2    1    8    0    0    1    0    1       758    3    1 CMpure    13   16    9   10   15   14   11   12
    4    3    2    1    4    0    0    2    1    1      1201    5    1 CMpure     9   15   14   10
    4    4    1    1    2    2    1    1    1    1      1877   14    1 CMpure    10   14
    4    5    2    1    4    0    0    1    1    0       979   12    1 CMpure     3    4    7    5
    4    6    2    1    4    0    0    1    1    0       678   12    1 CMpure     2    6    4    3
    4    7    2    1    8    0    0    2    1    1      1310    4    1 CMpure    14    9   12   15   11   16   13   10
    4    8    2    1    8    0    0    1    1    0       622   11    1 CMpure     8    6    7    5    1    4    3    2
    4    9    2    1    8    0    0    1    0    1       697    7    1 CMpure    12   11   15   10   16   13   14    9
    4   10    1    1    2    1    2    2    0    1      1697   15    1 CMpure    15    9
    4   11    2    1    8    0    0    2    1    1      1009    1    1 CMpure    16   10   14   13   12    9   15   11
    4   12    1    1    8    2    7    2    0    1       925   10    1 CMpure    12   10   11   15    9   14   16   13
    4   13    1    1    4    3    2    2    1    0       465    8    1 CMpure     7    1    8    3
    4   14    1    1    8    7    2    2    0    1       819   15    1 CMpure    14   12   16   13    9   10   15   11
    4   15    1    1    8    5    4    2    1    0      1142    8    1 CMpure     4    6    2    1    8    3    7    5
    4   16    2    1    4    0    0    2    0    0      1137   10    1 CMpure     8    4    3    7
    4   17    1    1    8    5    4    2    1    0       408    1    1 CMpure     4    7    2    5    1    8    3    6
    4   18    2    1    8    0    0    1    1    0      1548   11    1 CMpure     6    7    2    3    5    8    1    4
    4   19    1    1    8    7    2    2    1    0       738    5    1 CMpure     8    4    1    2    6    7    5    3
    4   20    1    1    4    4    1    2    1    0      2077    3    1 CMpure     6    4    7    3
    4   21    2    1    4    0    0    1    1    0      4612   10    1 CMpure     1    6    2    8
    4   22    1    1    4    2    3    2    1    0       437    3    1 CMpure     7    3    5    2
    4   23    1    1    2    2    1    2    1    0       872    2    1 CMpure     5    2
    4   24    2    1    8    0    0    1    0    1      2616    1    1 CMpure    12   10   15   13   14   16   11    9
    5    1    1    1    2    1    2    1    0    0       925    5    1 CMpure     5    2
    5    2    1    1    2    2    1    1    0    0      2684    7    1 CMpure     8    7
    5    3    1    1    8    8    1    2    1    0       325    8    1 CMpure     3    2    1    5    4    7    6    8
    5    4    1    1    4    3    2    1    0    0       993    3    1 CMpure     2    6    3    4
    5    5    1    1    8    6    3    2    1    0       205    8    1 CMpure     1    6    7    4    2    8    3    5
    5    6    2    1    2    0    0    2    1    1      1194    8    1 CMpure    13   10
    5    7    1    1    8    7    2    1    0    0       622    7    1 CMpure     6    2    1    3    4    8    7    5
    5    8    2    1    2    0    0    2    0    0       297    9    1 CMpure     5    4
    5    9    2    1    2    0    0    1    0    1       225    3    1 CMpure    14   13
    5   10    1    1    4    1    4    1    1    1       722   13    1 CMpure    13   14   15    9
    5   11    2    1    8    0    0    1    0    1       937    1    1 CMpure    11   10   13   15    9   12   14   16
    5   12    2    1    8    0    0    2    0    0      1047    9    1 CMpure     1    4    5    8    7    3    6    2
    5   13    2    1    8    0    0    1    0    1       465    7    1 CMpure    16   10   13   15   11    9   12   14
    5   14    2    1    8    0    0    1    1    0       418   16    1 CMpure     1    4    2    3    7    6    8    5
    5   15    1    1    8    4    5    1    0    0       261    3    1 CMpure     4    6    1    3    8    7    5    2
    5   16    1    1    2    1    2    2    0    1       207   13    1 CMpure    13    9
    5   17    1    1    4    2    3    1    0    0       592    8    1 CMpure     4    8    6    1
    5   18    2    1    8    0    0    1    0    1      2045    5    1 CMpure    14    9   15   10   13   11   16   12
    5   19    1    1    4    1    4    2    1    0       468    2    1 CMpure     2    3    1    4
    5   20    1    1    2    1    2    1    1    1       822   11    1 CMpure    11    9
    5   21    1    1    2    1    2    1    1    1      1417   14    1 CMpure    14   12
    5   22    2    1    4    0    0    2    1    1      2281    4    1 CMpure    16    9   14   12
    5   23    2    1    8    0    0    2    1    1       930    1    1 CMpure    14   13   12   15   10    9   11   16
    5   24    2    1    4    0    0    1    1    0       934   11    1 CMpure     1    5    2    8
    6    1    2    1    2    0    0    1    1    0      1292   12    1 CMpure     1    6
    6    2    2    1    2    0    0    2    1    1      1133    6    1 CMpure    12   16
    6    3    2    1    8    0    0    1    0    1      1059    3    1 CMpure    13   15   16   11   12   10   14    9
    6    4    1    1    2    2    1    1    1    1      1069   13    1 CMpure    14   13
    6    5    1    1    8    2    7    1    1    1      1510   13    1 CMpure    16   13   11   12   10   15   14    9
    6    6    2    1    2    0    0    2    0    0       686   16    1 CMpure     7    5
    6    7    1    1    8    8    1    1    0    0       966    4    1 CMpure     1    5    7    8    2    6    3    4
    6    8    2    1    8    0    0    2    0    0       180   11    1 CMpure     2    6    1    5    8    4    7    3
    6    9    1    1    8    2    7    1    1    1      2112   13    1 CMpure    14   13   12   15   10    9   16   11
    6   10    1    1    4    4    1    2    1    0       229    6    1 CMpure     8    1    3    6
    6   11    2    1    4    0    0    1    0    1       502    3    1 CMpure     9   11   13   14
    6   12    1    1    2    2    1    2    0    1       342   15    1 CMpure    12   15
    6   13    2    1    4    0    0    2    0    0       754   11    1 CMpure     7    4    3    2
    6   14    1    1    4    1    4    1    0    0       349    1    1 CMpure     1    5    6    2
    6   15    2    1    8    0    0    1    1    0       322   11    1 CMpure     2    3    4    8    6    5    7    1
    6   16    1    1    2    1    2    2    1    0       762    2    1 CMpure     2    3
    6   17    1    1    4    1    4    2    1    0       949    6    1 CMpure     6    8    5    7
    6   18    1    1    2    1    2    2    1    0       707    2    1 CMpure     2    5
    6   19    1    1    2    1    2    1    1    1       427   13    1 CMpure    13    9
    6   20    1    1    8    3    6    1    0    0       814    5    1 CMpure     3    7    5    1    6    8    4    2
    6   21    1    1    8    4    5    1    0    0      1345    5    1 CMpure     2    8    7    5    1    6    3    4
    6   22    2    1    2    0    0    2    0    0       448   14    1 CMpure     4    8
    6   23    1    1    2    1    2    2    1    0       465    2    1 CMpure     2    1
    6   24    1    1    4    3    2    2    0    1       616   10    1 CMpure    16   11   10    9
    7    1    2    1    8    0    0    2    1    1       932    1    1 CMpure    16   10   12   15   11    9   13   14
    7    2    2    1    2    0    0    1    1    0      3123   11    1 CMpure     5    8
    7    3    1    1    2    1    2    2    1    0      1082    3    1 CMpure     3    5
    7    4    2    1    2    0    0    2    0    0      2371   10    1 CMpure     8    4
    7    5    2    1    4    0    0    2    0    0      1341   15    1 CMpure     1    6    5    2
    7    6    1    1    2    2    1    2    0    1       284   16    1 CMpure    15   16
    7    7    2    1    4    0    0    2    0    0       649    9    1 CMpure     5    2    3    1
    7    8    2    1    4    0    0    1    1    0       921   14    1 CMpure     6    3    2    1
    7    9    2    1    8    0    0    2    1    1       552    6    1 CMpure    14    9   16   15   11   10   12   13
    7   10    2    1    8    0    0    2    0    0      1013   10    1 CMpure     3    6    4    1    7    8    5    2
    7   11    1    1    8    3    6    1    0    0       160    7    1 CMpure     8    5    7    2    3    4    6    1
    7   12    1    1    8    3    6    2    1    0      1726    2    1 CMpure     7    1    2    6    4    3    8    5
    7   13    1    1    4    2    3    2    1    0      2067    1    1 CMpure     8    1    7    3
    7   14    2    1    4    0    0    1    1    0       697    9    1 CMpure     3    1    4    6
    7   15    2    1    2    0    0    1    0    1      1393    5    1 CMpure    11   15
    7   16    2    1    4    0    0    2    1    1       259    1    1 CMpure    10   16   15   13
    7   17    1    1    4    1    4    2    1    0      1154    1    1 CMpure     1    6    4    7
    7   18    2    1    4    0    0    1    0    1       542    7    1 CMpure     9   16   12   15
    7   19    2    1    2    0    0    2    1    1      2268    1    1 CMpure    11   15
    7   20    2    1    4    0    0    2    1    1       907    8    1 CMpure     9   13   11   15
    7   21    2    1    4    0    0    1    0    1      1200    4    1 CMpure    16   11   12   13
    7   22    1    1    4    2    3    1    0    0       233    2    1 CMpure     5    2    3    8
    7   23    1    1    8    1    8    2    0    1      2020   15    1 CMpure    15   16   10    9   11   12   14   13
    7   24    1    1    2    1    2    2    0    1      1111   10    1 CMpure    10   13
    8    1    1    1    4    1    4    2    1    0      1202    1    1 CMpure     1    7    5    3
    8    2    2    1    4    0    0    1    1    0      1323   13    1 CMpure     5    1    6    8
    8    3    1    1    4    3    2    2    1    0       656    1    1 CMpure     7    8    1    3
    8    4    2    1    4    0    0    1    1    0       879   13    1 CMpure     5    4    3    1
    8    5    2    1    2    0    0    2    1    1       896    6    1 CMpure    13   15
    8    6    2    1    2    0    0    1    1    0      2384   10    1 CMpure     6    2
    8    7    2    1    4    0    0    1    0    1      1402    5    1 CMpure    15   10   16    9
    8    8    2    1    8    0    0    2    1    1       246    4    1 CMpure    14   13   10   12    9   15   16   11
    8    9    2    1    4    0    0    2    1    1       822    4    1 CMpure     9   16   13   11
    8   10    2    1    8    0    0    1    1    0       777   14    1 CMpure     7    5    8    1    3    2    4    6
    8   11    1    1    4    4    1    1    1    1       868   13    1 CMpure     9   10   12   13
    8   12    1    1    8    4    5    2    0    1       948   12    1 CMpure    11    9   14   12   15   13   16   10
    8   13    2    1    4    0    0    1    1    0      1784    9    1 CMpure     2    1    7    4
    8   14    2    1    4    0    0    1    0    1      1898    3    1 CMpure    11   14   12   13
    8   15    1    1    2    1    2    2    0    1       337    9    1 CMpure     9   12
    8   16    2    1    2    0    0    1    0    1       376    6    1 CMpure    13   14
    8   17    1    1    2    1    2    2    0    1       205   10    1 CMpure    10   13
    8   18    1    1    8    1    8    2    1    0      1065    6    1 CMpure     6    7    3    5    8    4    2    1
    8   19    2    1    8    0    0    1    0    1       434    6    1 CMpure     9   16   15   13   10   14   12   11
    8   20    2    1    2    0    0    2    1    1      1045    2    1 CMpure     9   14
    8   21    2    1    4    0    0    1    0    1      1028    5    1 CMpure    12    9   11   10
    8   22    2    1    2    0    0    1    1    0      1248   12    1 CMpure     3    4
    8   23    2    1    8    0    0    1    1    0      2130   12    1 CMpure     5    8    1    3    4    6    7    2
    8   24    1    1    8    3    6    2    1    0       176    4    1 CMpure     2    1    4    6    5    7    8    3
    9    1    2    1    2    0    0    1    1    0       822   15    1 CMpure     3    7
    9    2    1    1    8    3    6    2    0    1       473   10    1 CMpure    16   15   10   11   12   14    9   13
    9    3    2    1    8    0    0    1    1    0       746    9    1 CMpure     3    5    1    2    4    8    7    6
    9    4    2    1    4    0    0    1    1    0       966    9    1 CMpure     6    3    8    4
    9    5    2    1    8    0    0    1    1    0       851   13    1 CMpure     3    2    4    1    8    5    7    6
    9    6    2    1    2    0    0    2    0    0      1157   14    1 CMpure     6    2
    9    7    2    1    4    0    0    1    1    0       304   15    1 CMpure     4    5    1    8
    9    8    1    1    2    1    2    2    0    1       216   12    1 CMpure    12   15
    9    9    1    1    2    1    2    1    0    0       227    7    1 CMpure     7    1
    9   10    1    1    8    6    3    2    0    1       654   16    1 CMpure    12   14   15   11   10   16    9   13
    9   11    2    1    8    0    0    1    1    0       792   12    1 CMpure     3    4    6    2    7    5    1    8
    9   12    1    1    2    2    1    2    0    1       461   10    1 CMpure    12   10
    9   14    1    1    4    1    4    1    0    0       547    5    1 CMpure     5    3    8    6
    9   15    1    1    8    4    5    2    0    1       289   14    1 CMpure    12   11   10   14    9   16   15   13
    9   16    1    1    2    2    1    1    0    0      1513    1    1 CMpure     4    1
    9   17    1    1    4    3    2    1    0    0       278    3    1 CMpure     7    1    3    2
    9   18    2    1    8    0    0    1    1    0       319   12    1 CMpure     4    8    1    6    7    5    2    3
    9   19    1    1    8    1    8    2    0    1       934   15    1 CMpure    15    9   12   16   13   14   11   10
    9   20    2    1    4    0    0    2    1    1       810    1    1 CMpure    15   14   11   16
    9   21    1    1    4    2    3    2    0    1       419   10    1 CMpure    13   10    9   15
    9   22    2    1    2    0    0    1    1    0       566   14    1 CMpure     5    8
    9   23    2    1    8    0    0    2    1    1       260    3    1 CMpure    13   11   12   14    9   16   10   15
    9   24    2    1    8    0    0    2    1    1       541    6    1 CMpure    10   13   16   12   15   11    9   14
