    1    1    2    1    2    0    0    1    1    0      3868   11    1 CMpure     8    4
    1    2    1    1    2    1    2    1    1    1      2596   12    1 CMpure    12   15
    1    3    2    1    2    0    0    2    1    1      1284    1    1 CMpure    13    9
    1    4    1    1    2    2    1    1    1    1      1405   12    1 CMpure    13   12
    1    5    2    1    2    0    0    1    1    0      2169   13    1 CMpure     3    8
    1    6    2    1    8    0    0    1    1    0      1014   13    1 CMpure     7    1    4    3    5    8    6    2
    1    7    2    1    4    0    0    1    1    0      1079   14    1 CMpure     7    8    6    2
    1    8    2    1    2    0    0    1    1    0       873   13    1 CMpure     3    2
    1    9    1    1    2    1    2    1    1    1      1162   16    1 CMpure    16    9
    1   10    1    1    4    1    4    1    1    1       598   16    1 CMpure    16   13    9   12
    1   11    1    1    8    4    5    2    1    0       836    8    1 CMpure     1    5    3    8    4    7    6    2
    1   12    1    1    8    5    4    2    0    1       926   10    1 CMpure    15   13    9   11   10   12   14   16
    1   13    2    1    4    0    0    1    1    0      1244   12    1 CMpure     5    7    1    6
    1   14    1    1    8    2    7    2    1    0      1089    6    1 CMpure     1    6    7    4    2    5    8    3
    1   15    2    1    8    0    0    1    1    0       835   16    1 CMpure     2    7    1    6    3    5    8    4
    1   16    2    1    4    0    0    2    1    1      1203    1    1 CMpure    11   15   14   12
    1   17    2    1    4    0    0    1    1    0       846   12    1 CMpure     6    5    4    1
    1   18    1    1    8    1    8    1    1    1      1033   15    1 CMpure    15   11   16   12    9   10   14   13
    1   19    2    1    2    0    0    2    1    1      1196    6    1 CMpure    13   14
    1   20    1    1    8    5    4    2    1    0      1130    5    1 CMpure     4    3    1    7    5    6    8    2
    1   21    1    1    8    4    5    2    1    0       963    2    1 CMpure     7    1    5    2    4    3    8    6
    1   22    2    1    8    0    0    2    1    1      1250    3    1 CMpure    13   10   15   11   12   14    9   16
    1   23    1    1    2    1    2    1    1    1       893   11    1 CMpure    11   15
    1   24    1    1    8    8    1    2    1    0       639    5    1 CMpure     6    1    3    7    2    4    8    5
    2    1    1    1    2    1    2    2    1    0       550    1    1 CMpure     1    3
    2    2    1    1    2    1    2    2    1    0       557    7    1 CMpure     7    2
    2    3    2    1    4    0    0    1    1    0       617   14    1 CMpure     8    4    5    1
    2    4    2    1    8    0    0    2    1    1      1014    4    1 CMpure    16   15   14    9   11   12   10   13
    2    5    2    1    8    0    0    1    1    0      1371   10    1 CMpure     4    5    2    3    8    1    6    7
    2    6    1    1    8    1    8    2    1    0       858    6    1 CMpure     6    3    8    4    1    2    5    7
    2    7    2    1    8    0    0    2    1    1      1213    8    1 CMpure    11   16   15   13   12    9   14   10
    2    8    2    1    4    0    0    1    1    0       983   12    1 CMpure     6    3    2    1
    2    9    1    1    8    7    2    1    1    1       733   12    1 CMpure    13   15   16   14   10   11   12    9
    2   10    2    1    2    0    0    2    1    1       595    5    1 CMpure    12   14
    2   11    1    1    2    2    1    2    1    0       697    6    1 CMpure     2    6
    2   12    1    1    2    2    1    2    1    0       642    8    1 CMpure     3    8
    2   13    2    1    2    0    0    2    1    1       941    5    1 CMpure    13   11
    2   14    2    1    4    0    0    1    1    0       730   11    1 CMpure     6    3    1    8
    2   15    1    1    8    7    2    2    1    0       819    2    1 CMpure     5    7    8    4    3    1    2    6
    2   16    2    1    2    0    0    2    1    1       879    3    1 CMpure    16   10
    2   17    2    1    2    0    0    1    1    0       553   10    1 CMpure     2    1
    2   18    1    1    2    2    1    1    1    1       712   12    1 CMpure    16   12
    2   19    1    1    2    2    1    1    1    1       561   16    1 CMpure     9   16
    2   20    2    1    2    0    0    2    1    1       703    8    1 CMpure    14   16
    2   21    2    1    4    0    0    1    1    0       717   10    1 CMpure     7    2    1    5
    2   22    2    1    8    0    0    1    1    0       870   16    1 CMpure     8    2    6    3    7    1    5    4
    2   23    1    1    2    1    2    1    1    1      3920   11    1 CMpure    11   14
    2   24    1    1    4    2    3    2    1    0       518    2    1 CMpure     4    2    5    7
    3    1    2    1    4    0    0    2    1    1      1200    4    1 CMpure    15   13   11   16
    3    2    2    1    8    0    0    2    1    1       853    6    1 CMpure    11   16   13   12   14   15    9   10
    3    3    2    1    8    0    0    2    1    1       793    1    1 CMpure    15   16   13    9   11   10   14   12
    3    4    1    1    8    1    8    2    1    0       591    7    1 CMpure     7    6    8    3    2    4    1    5
    3    5    2    1    4    0    0    2    1    1       857    7    1 CMpure    13   16   14    9
    3    6    1    1    2    1    2    2    1    0       444    1    1 CMpure     1    7
    3    7    2    1    2    0    0    2    1    1       567    1    1 CMpure     9   12
    3    8    2    1    8    0    0    2    1    1       726    1    1 CMpure    10   16   12   14   11    9   15   13
    3    9    1    1    4    2    3    1    1    1       988   10    1 CMpure     9   10   11   16
    3   10    1    1    4    3    2    2    1    0      1895    6    1 CMpure     5    8    6    7
    3   11    1    1    8    1    8    2    1    0       609    7    1 CMpure     7    3    4    1    5    6    2    8
    3   12    2    1    2    0    0    2    1    1       670    2    1 CMpure    12    9
    3   13    1    1    4    4    1    2    1    0       461    1    1 CMpure     6    4    7    1
    3   14    1    1    2    2    1    2    1    0       472    7    1 CMpure     6    7
    3   15    2    1    4    0    0    1    1    0       624   16    1 CMpure     6    8    5    7
    3   16    1    1    8    6    3    1    1    1       980    9    1 CMpure    16   14   10   15   12    9   13   11
    3   17    2    1    8    0    0    2    1    1      1146    7    1 CMpure     9   10   11   15   13   12   14   16
    3   18    1    1    2    1    2    2    1    0       506    6    1 CMpure     6    2
    3   19    1    1    8    8    1    1    1    1       803   14    1 CMpure    12   15   13   11   16   10    9   14
    3   20    2    1    2    0    0    2    1    1      1191    8    1 CMpure    16   14
    3   21    1    1    4    2    3    2    1    0       826    3    1 CMpure     7    3    4    2
    3   22    1    1    2    2    1    1    1    1       550    9    1 CMpure    10    9
    3   23    2    1    2    0    0    1    1    0       829   11    1 CMpure     3    6
    3   24    2    1    4    0    0    1    1    0       631   15    1 CMpure     4    8    7    6
    4    1    1    1    8    2    7    2    1    0       723    5    1 CMpure     1    5    4    2    6    3    8    7
    4    2    2    1    8    0    0    2    1    1      1107    1    1 CMpure    12    9   16   10   14   13   15   11
    4    3    1    1    8    3    6    2    1    0       701    8    1 CMpure     2    6    8    4    1    5    7    3
    4    4    2    1    4    0    0    2    1    1      1004    2    1 CMpure    15   10   12   16
    4    5    2    1    2    0    0    1    1    0       800   11    1 CMpure     8    7
    4    6    1    1    2    2    1    1    1    1       661   11    1 CMpure    15   11
    4    7    1    1    2    1    2    1    1    1       663   16    1 CMpure    16   14
    4    8    2    1    4    0    0    1    1    0       719   13    1 CMpure     6    8    7    2
    4    9    1    1    8    4    5    2    1    0       792    8    1 CMpure     6    4    3    8    1    7    2    5
    4   10    2    1    8    0    0    1    0    1      1790    2    1 CMpure    10   15    9   13   14   11   12   16
    4   11    1    1    8    8    1    2    1    0       533    4    1 CMpure     1    3    7    2    6    5    8    4
    4   12    1    1    8    8    1    1    1    1       516   16    1 CMpure    10   11   12   13   14    9   15   16
    4   13    1    1    2    2    1    1    1    1       444   14    1 CMpure    12   14
    4   14    1    1    8    6    3    1    1    1       839   10    1 CMpure    12   11   16   14   13   10    9   15
    4   15    1    1    4    3    2    2    1    0      1616    8    1 CMpure     5    2    8    7
    4   16    2    1    2    0    0    2    1    1       716    4    1 CMpure    15    9
    4   17    2    1    8    0    0    2    1    1       741    7    1 CMpure    15   14   12   10   13   16   11    9
    4   18    1    1    4    3    2    2    1    0       650    6    1 CMpure     8    1    6    5
    4   19    1    1    8    7    2    1    1    1       541   13    1 CMpure    15   12   11   16   10    9   13   14
    4   20    1    1    8    3    6    2    1    0       853    8    1 CMpure     6    7    8    5    3    2    1    4
    4   21    2    1    2    0    0    2    1    1      1272    2    1 CMpure    16   10
    4   22    1    1    4    3    2    1    1    1      1184   10    1 CMpure    16   11   10   15
    4   23    2    1    4    0    0    2    1    1       634    2    1 CMpure    11   14   12   16
    4   24    1    1    2    2    1    2    1    0       694    7    1 CMpure     3    7
    5    1    2    1    4    0    0    1    1    0       886    9    1 CMpure     3    7    2    4
    5    2    1    1    4    1    4    2    1    0       789    2    1 CMpure     2    8    4    1
    5    3    2    1    8    0    0    1    1    0       716   10    1 CMpure     1    8    3    4    6    7    2    5
    5    4    2    1    2    0    0    1    1    0       588   14    1 CMpure     4    7
    5    5    1    1    4    3    2    2    1    0       535    4    1 CMpure     8    2    4    1
    5    6    2    1    8    0    0    2    1    1       718    2    1 CMpure    11   15   14   13   10   16    9   12
    5    7    1    1    4    2    3    2    1    0      1524    3    1 CMpure     2    3    1    4
    5    8    2    1    4    0    0    1    1    0       778   13    1 CMpure     7    3    4    2
    5    9    2    1    8    0    0    2    1    1       760    5    1 CMpure    12   13   14   16   11   10   15    9
    5   10    2    1    2    0    0    2    1    1       943    8    1 CMpure    12   13
    5   11    1    1    8    4    5    2    1    0       911    5    1 CMpure     1    8    3    5    6    2    7    4
    5   12    2    1    8    0    0    2    1    1      1560    6    1 CMpure    10   13   12   11   14   16   15    9
    5   13    1    1    4    3    2    2    1    0       685    4    1 CMpure     3    2    4    1
    5   14    2    1    8    0    0    2    1    1      1254    7    1 CMpure    15   10   11   16   12    9   14   13
    5   15    1    1    8    3    6    2    1    0       818    3    1 CMpure     2    6    3    1    5    7    4    8
    5   16    1    1    8    4    5    1    1    1       974   11    1 CMpure    14   15    9   11   16   10   13   12
    5   17    1    1    8    6    3    1    1    1       749   12    1 CMpure    10   14   16   13   15   12    9   11
    5   18    1    1    2    2    1    1    1    1       507   10    1 CMpure    11   10
    5   19    2    1    4    0    0    2    1    1       802    2    1 CMpure    10    9   13   15
    5   20    2    1    4    0    0    1    1    0      1180   15    1 CMpure     1    4    8    5
    5   21    2    1    2    0    0    1    1    0       794   14    1 CMpure     3    6
    5   22    2    1    4    0    0    1    1    0      1077   12    1 CMpure     5    2    8    3
    5   23    2    1    2    0    0    1    1    0       767   12    1 CMpure     5    4
    5   24    2    1    8    0    0    2    1    1       885    2    1 CMpure    15   14   13   16   12   10   11    9
    6    1    2    1    2    0    0    2    1    1       649    7    1 CMpure    10   16
    6    2    1    1    8    2    7    2    0    1       732   16    1 CMpure    15   16    9   14   12   11   10   13
    6    3    2    1    2    0    0    1    1    0      2219   12    1 CMpure     1    6
    6    4    2    1    8    0    0    1    1    0      2288   15    1 CMpure     2    7    6    1    5    8    4    3
    6    5    2    1    8    0    0    1    1    0       963   16    1 CMpure     7    8    6    2    4    5    1    3
    6    6    2    1    8    0    0    1    1    0       866   16    1 CMpure     1    8    3    5    6    4    7    2
    6    7    1    1    4    4    1    1    1    1       746   14    1 CMpure     9   13   11   14
    6    8    1    1    4    3    2    2    1    0       670    5    1 CMpure     6    7    5    4
    6    9    2    1    2    0    0    1    1    0      1937   11    1 CMpure     7    5
    6   10    2    1    4    0    0    2    1    1       717    4    1 CMpure    11   14   16   10
    6   11    1    1    4    3    2    1    1    1       938   13    1 CMpure    10   15   13   14
    6   12    1    1    2    2    1    2    1    0       642    8    1 CMpure     2    8
    6   13    1    1    4    2    3    1    1    1       707   11    1 CMpure    10   11   16   12
    6   14    2    1    4    0    0    1    1    0      1001   10    1 CMpure     2    5    7    1
    6   15    2    1    8    0    0    2    1    1       615    5    1 CMpure    14   16    9   10   12   11   13   15
    6   16    2    1    8    0    0    1    1    0      1364   12    1 CMpure     8    3    4    1    7    2    6    5
    6   17    2    1    8    0    0    2    1    1      1146    2    1 CMpure    15    9   14   16   12   13   11   10
    6   18    1    1    8    6    3    1    1    1      1418   11    1 CMpure    12   13    9   15   10   11   16   14
    6   19    1    1    8    4    5    1    1    1      2366   15    1 CMpure    14   16   12   15    9   13   10   11
    6   20    1    1    2    2    1    1    1    1       604   15    1 CMpure     9   15
    6   21    2    1    4    0    0    1    1    0       991   16    1 CMpure     3    5    1    6
    6   22    1    1    4    3    2    2    1    0       618    8    1 CMpure     6    4    8    3
    6   23    1    1    2    1    2    1    1    1      2029   10    1 CMpure    10   14
    6   24    2    1    4    0    0    1    1    0      1735   12    1 CMpure     4    2    7    3
    7    1    1    1    4    3    2    1    0    0       933    6    1 CMpure     8    3    6    4
    7    2    1    1    4    1    4    1    1    1       890   11    1 CMpure    11   13   12   15
    7    3    2    1    4    0    0    1    1    0       825   14    1 CMpure     2    5    8    6
    7    4    2    1    4    0    0    1    1    0       555   16    1 CMpure     8    2    3    7
    7    5    2    1    2    0    0    1    1    0      2930    9    1 CMpure     2    8
    7    6    2    1    8    0    0    2    1    1       770    2    1 CMpure    14   13   15   16    9   10   11   12
    7    7    1    1    4    1    4    1    0    0       614    4    1 CMpure     4    3    2    7
    7    8    1    1    4    1    4    1    1    1      1639   10    1 CMpure    10   14   12   16
    7    9    1    1    2    1    2    1    1    1      1474   13    1 CMpure    13   10
    7   10    1    1    8    7    2    2    1    0      1094    5    1 CMpure     3    7    4    6    1    8    5    2
    7   11    1    1    8    1    8    2    0    1      1431    9    1 CMpure     9   13   14   16   10   11   15   12
    7   12    2    1    4    0    0    1    1    0      1024    9    1 CMpure     5    7    8    1
    7   13    1    1    2    1    2    2    1    0       828    1    1 CMpure     1    6
    7   14    1    1    2    1    2    2    1    0       961    4    1 CMpure     4    1
    7   15    2    1    2    0    0    1    1    0       615   10    1 CMpure     4    7
    7   16    2    1    2    0    0    1    1    0       580   13    1 CMpure     2    8
    7   17    1    1    4    1    4    1    0    0      1751    6    1 CMpure     6    7    1    2
    7   18    1    1    8    8    1    2    1    0       463    5    1 CMpure     2    4    8    6    1    3    7    5
    7   19    2    1    8    0    0    2    1    1      2594    6    1 CMpure    11   13   15   16   14    9   10   12
    7   20    2    1    8    0    0    1    1    0       984   11    1 CMpure     5    3    1    7    6    2    4    8
    7   21    2    1    2    0    0    2    1    1       893    1    1 CMpure    11   14
    7   22    1    1    2    1    2    1    1    1       839   13    1 CMpure    13   16
    7   23    1    1    4    2    3    1    0    0       936    2    1 CMpure     1    2    7    5
    7   24    1    1    8    6    3    1    1    1       791   16    1 CMpure    13   12   10   11   15   16    9   14
    8    1    2    1    4    0    0    1    1    0       624   10    1 CMpure     7    3    5    4
    8    2    1    1    4    2    3    1    1    1       785   16    1 CMpure    14   16   10   15
    8    3    2    1    8    0    0    1    1    0       648   11    1 CMpure     2    7    5    4    6    3    8    1
    8    4    1    1    8    3    6    1    0    0      1667    4    1 CMpure     8    7    4    2    3    5    6    1
    8    5    1    1    8    6    3    1    1    1       974    9    1 CMpure    13   12   15   16   11    9   10   14
    8    6    2    1    8    0    0    2    1    1      1252    1    1 CMpure     9   16   14   12   10   15   11   13
    8    7    1    1    8    1    8    2    1    0       728    7    1 CMpure     7    4    8    2    3    5    6    1
    8    8    1    1    2    2    1    2    1    0       792    1    1 CMpure     8    1
    8    9    1    1    8    3    6    1    1    1       645    9    1 CMpure    16   15    9   11   13   12   10   14
    8   10    2    1    4    0    0    2    1    1      2094    8    1 CMpure    16    9   11   12
    8   11    2    1    4    0    0    2    1    1       677    4    1 CMpure    12   11   14   13
    8   12    2    1    4    0    0    1    1    0       709   14    1 CMpure     3    4    5    1
    8   13    1    1    4    2    3    2    1    0       595    3    1 CMpure     7    3    1    2
    8   14    2    1    4    0    0    1    1    0       630   15    1 CMpure     4    7    5    6
    8   15    1    1    2    1    2    1    1    1      2378   13    1 CMpure    13   11
    8   16    2    1    2    0    0    2    1    1       728    7    1 CMpure    10   13
    8   17    1    1    8    3    6    2    1    0       977    5    1 CMpure     2    3    5    6    1    7    8    4
    8   18    2    1    2    0    0    2    1    1       863    4    1 CMpure    13   16
    8   19    1    1    8    1    8    1    1    1       755   10    1 CMpure    10   14   12   11   13    9   16   15
    8   20    2    1    2    0    0    2    1    1      2537    8    1 CMpure    16   15
    8   21    2    1    4    0    0    1    1    0       591   12    1 CMpure     5    1    4    7
    8   22    1    1    2    1    2    2    1    0       572    5    1 CMpure     5    3
    8   23    2    1    8    0    0    2    1    1      1826    8    1 CMpure    12   16   13   11   14   10    9   15
    8   24    1    1    4    1    4    2    1    0       868    1    1 CMpure     1    2    7    6
    9    1    2    1    8    0    0    2    1    1      1043    5    1 CMpure    14   11   16   12   10   15   13    9
    9    2    1    1    2    1    2    1    1    1       614   15    1 CMpure    15   11
    9    3    1    1    2    2    1    1    1    1       522   11    1 CMpure    12   11
    9    4    2    1    2    0    0    1    1    0      1026   14    1 CMpure     2    6
    9    5    2    1    2    0    0    2    1    1      1118    7    1 CMpure    14   12
    9    6    2    1    2    0    0    1    1    0      2118   11    1 CMpure     4    5
    9    7    2    1    4    0    0    1    1    0       788   12    1 CMpure     7    3    5    6
    9    8    1    1    2    2    1    2    1    0       514    6    1 CMpure     8    6
    9    9    1    1    2    1    2    1    1    1       849   14    1 CMpure    14    9
    9   10    2    1    4    0    0    2    1    1       730    4    1 CMpure    15   10   13   12
    9   11    2    1    4    0    0    1    1    0       591   15    1 CMpure     3    2    5    1
    9   12    2    1    8    0    0    2    1    1       701    1    1 CMpure    12   13   15    9   10   14   16   11
    9   13    1    1    8    4    5    1    1    1       934   12    1 CMpure    10   13   15   12   16   14   11    9
    9   14    2    1    8    0    0    2    1    1      1805    3    1 CMpure    11    9   15   12   14   16   10   13
    9   15    1    1    2    2    1    2    1    0      4498    2    1 CMpure     8    2
    9   16    1    1    2    1    2    1    1    1      1764   16    1 CMpure    16    9
    9   17    2    1    4    0    0    2    1    1       791    7    1 CMpure    15    9   11   16
    9   18    2    1    8    0    0    1    1    0       814   12    1 CMpure     3    6    7    1    4    5    8    2
    9   19    1    1    2    1    2    2    1    0       738    8    1 CMpure     8    6
    9   20    2    1    4    0    0    1    1    0       759   12    1 CMpure     2    3    6    1
    9   21    2    1    8    0    0    2    1    1       822    1    1 CMpure    14   13   16   12   10   15    9   11
    9   22    2    1    2    0    0    2    1    1       786    2    1 CMpure     9   15
    9   23    2    1    4    0    0    1    1    0       861   16    1 CMpure     3    7    1    6
    9   24    1    1    2    2    1    1    1    1       832   15    1 CMpure    12   15
