    1    1    1    1    8    8    1    1    1    1      3088   12    1 CMpure    10   15   16   11    9   14   13   12
    1    2    2    1    2    0    0    2    1    1      2980    4    1 CMpure    15   10
    1    3    1    1    2    2    1    1    1    1      1297   13    1 CMpure    12   13
    1    4    1    1    2    1    2    2    1    0      1248    4    1 CMpure     4    8
    1    5    1    1    2    1    2    1    1    1       818   15    1 CMpure    15   12
    1    6    1    1    2    2    1    2    1    0       868    2    1 CMpure     4    2
    1    7    2    1    8    0    0    1    1    0       642   16    1 CMpure     2    8    5    4    7    6    3    1
    1    8    2    1    8    0    0    1    1    0       555   10    1 CMpure     5    3    4    6    1    2    7    8
    1    9    2    1    2    0    0    2    1    1       681    7    1 CMpure    13   12
    1   10    1    1    8    4    5    1    1    1       609   12    1 CMpure    14   13   11   12   16    9   15   10
    1   11    2    1    4    0    0    1    1    0       755    9    1 CMpure     7    4    5    1
    1   12    2    1    4    0    0    1    1    0       557   12    1 CMpure     8    3    1    6
    1   13    2    1    4    0    0    2    0    0       608   12    1 CMpure     6    5    1    7
    1   14    2    1    4    0    0    2    1    1       562    2    1 CMpure    10   14   13   12
    1   15    2    1    8    0    0    2    1    1       671    1    1 CMpure    16    9   14   15   10   13   11   12
    1   16    2    1    2    0    0    1    1    0       840   10    1 CMpure     3    5
    1   17    2    1    8    0    0    1    1    0       522   14    1 CMpure     8    7    3    4    5    1    2    6
    1   18    1    1    8    4    5    1    1    1       617   14    1 CMpure    16    9   12   14   13   11   15   10
    1   19    1    1    8    1    8    1    1    1       643   13    1 CMpure    13   12   15   16    9   14   10   11
    1   20    1    1    2    1    2    1    1    1       494   16    1 CMpure    16   13
    1   21    1    1    4    4    1    1    1    1       436   14    1 CMpure    16   13   12   14
    1   22    1    1    4    2    3    1    1    1       492   16    1 CMpure    14   16   13    9
    1   23    1    1    2    1    2    1    1    1       620   12    1 CMpure    12   10
    1   24    1    1    4    2    3    2    1    0       621    8    1 CMpure     7    8    2    3
    2    1    1    1    2    2    1    1    1    1       498   12    1 CMpure    14   12
    2    2    2    1    2    0    0    1    1    0      1154   12    1 CMpure     5    3
    2    3    2    1    8    0    0    1    1    0       568    9    1 CMpure     7    1    5    2    3    4    6    8
    2    4    2    1    8    0    0    1    1    0       437   14    1 CMpure     2    1    3    8    6    5    4    7
    2    5    1    1    8    4    5    2    1    0       664    2    1 CMpure     1    4    6    2    7    8    5    3
    2    6    1    1    2    1    2    1    1    1       609   12    1 CMpure    12   15
    2    7    1    1    4    2    3    2    1    0       578    7    1 CMpure     5    7    3    4
    2    8    1    1    2    1    2    2    1    0      1007    7    1 CMpure     7    1
    2    9    1    1    4    4    1    1    1    1       593   14    1 CMpure    10   16   11   14
    2   10    1    1    4    2    3    1    1    1       402    9    1 CMpure    10    9   12   11
    2   11    1    1    8    2    7    1    1    1       566   15    1 CMpure    13   15   11   10   16   14   12    9
    2   12    2    1    2    0    0    2    1    1       739    7    1 CMpure    16   12
    2   13    1    1    8    4    5    2    0    1       569   11    1 CMpure     9   14   15   11   10   13   16   12
    2   14    2    1    4    0    0    2    0    0       732    9    1 CMpure     3    8    7    1
    2   15    1    1    4    3    2    1    1    1       471   11    1 CMpure    12    9   11   13
    2   16    2    1    8    0    0    2    1    1       729    8    1 CMpure    14   15   11    9   13   12   16   10
    2   17    2    1    4    0    0    2    1    1       581    6    1 CMpure    16   12    9   14
    2   18    2    1    4    0    0    2    1    1       454    2    1 CMpure    15   11   12   16
    2   19    1    1    2    2    1    1    0    0       968    7    1 CMpure     8    7
    2   20    1    1    8    4    5    1    1    1       629   16    1 CMpure     9   12   10   16   14   11   13   15
    2   21    1    1    2    2    1    2    1    0       864    4    1 CMpure     6    4
    2   22    1    1    2    2    1    1    1    1       561   11    1 CMpure    12   11
    2   23    1    1    8    1    8    1    1    1       607   10    1 CMpure    10   16   13   11   12   15    9   14
    2   24    2    1    2    0    0    2    1    1      1019    3    1 CMpure    13   15
    3    1    1    1    4    3    2    1    0    0      2562    2    1 CMpure     1    8    2    3
    3    2    2    1    8    0    0    1    1    0       816   11    1 CMpure     8    2    1    7    5    4    6    3
    3    3    2    1    8    0    0    1    1    0       659   12    1 CMpure     2    3    6    8    4    5    7    1
    3    4    1    1    2    1    2    1    1    1       685   11    1 CMpure    11   10
    3    5    2    1    4    0    0    1    1    0       571   11    1 CMpure     2    3    8    1
    3    6    2    1    2    0    0    1    1    0       600    9    1 CMpure     3    7
    3    7    1    1    4    4    1    1    0    0       761    5    1 CMpure     6    7    4    5
    3    8    1    1    2    2    1    1    0    0       592    7    1 CMpure     3    7
    3    9    1    1    2    2    1    1    1    1       684   14    1 CMpure     9   14
    3   10    1    1    4    4    1    1    1    1       618   14    1 CMpure    11   12   10   14
    3   11    2    1    4    0    0    1    1    0      1162    9    1 CMpure     2    1    7    3
    3   12    1    1    2    1    2    1    0    0       912    3    1 CMpure     3    4
    3   13    1    1    8    7    2    1    1    1       575   12    1 CMpure    15   11   13   16   14   10   12    9
    3   14    1    1    8    1    8    1    1    1       732   11    1 CMpure    11   10   12   14   16   15    9   13
    3   15    1    1    2    2    1    1    1    1       579   13    1 CMpure    12   13
    3   16    2    1    8    0    0    1    1    0       911   13    1 CMpure     8    5    6    1    7    3    4    2
    3   17    1    1    2    1    2    1    1    1       592   12    1 CMpure    12   15
    3   18    2    1    8    0    0    1    1    0       572   10    1 CMpure     6    7    1    4    2    5    8    3
    3   19    1    1    8    6    3    1    0    0       600    8    1 CMpure     6    2    3    7    1    8    4    5
    3   20    2    1    4    0    0    2    1    1       570    1    1 CMpure    13   14    9   10
    3   21    1    1    2    1    2    1    1    1      1270    9    1 CMpure     9   10
    3   22    1    1    4    4    1    1    1    1       637    9    1 CMpure    16   11   10    9
    3   23    1    1    8    4    5    2    1    0      1447    8    1 CMpure     3    1    2    8    4    7    5    6
    3   24    1    1    4    3    2    2    0    1      1046   14    1 CMpure    12   15   14   13
    4    1    1    1    8    6    3    1    1    1       778   15    1 CMpure     9   14   13   12   10   15   16   11
    4    2    2    1    8    0    0    1    1    0       703   13    1 CMpure     5    4    6    2    7    1    8    3
    4    3    2    1    8    0    0    2    1    1       871    2    1 CMpure    12   10    9   14   15   13   16   11
    4    4    1    1    8    7    2    2    1    0      1160    7    1 CMpure     4    2    5    3    1    6    7    8
    4    5    2    1    8    0    0    1    1    0       637   16    1 CMpure     5    2    8    7    1    6    4    3
    4    6    2    1    2    0    0    2    1    1       616    2    1 CMpure    13   12
    4    7    1    1    4    1    4    2    1    0       921    7    1 CMpure     7    8    2    4
    4    8    1    1    4    1    4    1    1    1       605   15    1 CMpure    15   14    9   13
    4    9    1    1    2    1    2    2    1    0      1161    1    1 CMpure     1    3
    4   10    1    1    2    1    2    1    1    1       527   12    1 CMpure    12   10
    4   11    2    1    4    0    0    1    1    0       739   13    1 CMpure     4    2    7    1
    4   12    1    1    2    1    2    1    0    0       714    3    1 CMpure     3    6
    4   13    2    1    8    0    0    1    1    0      1169   12    1 CMpure     2    4    6    7    1    5    3    8
    4   14    1    1    8    6    3    2    1    0       806    6    1 CMpure     4    7    8    1    3    6    5    2
    4   15    1    1    8    2    7    1    1    1       874   14    1 CMpure    10   14   15   13   16    9   12   11
    4   16    1    1    2    2    1    1    1    1       555   12    1 CMpure    13   12
    4   17    2    1    8    0    0    1    1    0       601   14    1 CMpure     1    2    8    3    7    4    6    5
    4   18    2    1    4    0    0    1    1    0       585   14    1 CMpure     6    4    7    3
    4   19    1    1    4    2    3    2    1    0       859    4    1 CMpure     2    4    3    8
    4   20    1    1    2    1    2    2    1    0       589    2    1 CMpure     2    4
    4   21    2    1    8    0    0    1    1    0       825   11    1 CMpure     7    5    3    6    2    4    1    8
    4   22    1    1    8    1    8    2    1    0      1052    4    1 CMpure     4    5    7    1    8    2    3    6
    4   23    1    1    4    4    1    2    1    0       731    1    1 CMpure     8    2    5    1
    4   24    2    1    2    0    0    1    1    0       625   10    1 CMpure     8    6
    5    1    1    1    2    2    1    2    1    0       686    8    1 CMpure     3    8
    5    2    2    1    4    0    0    1    1    0       635   10    1 CMpure     8    7    1    2
    5    3    2    1    2    0    0    2    1    1      1094    4    1 CMpure     9   15
    5    4    2    1    2    0    0    2    1    1       958    5    1 CMpure    16   12
    5    5    2    1    4    0    0    2    1    1       850    4    1 CMpure    12   16   10    9
    5    6    1    1    8    7    2    1    1    1       803   13    1 CMpure    16   11   12    9   14   10   13   15
    5    7    2    1    4    0    0    1    1    0       780   12    1 CMpure     7    1    4    2
    5    8    2    1    2    0    0    1    1    0      1585   15    1 CMpure     2    3
    5    9    2    1    8    0    0    1    1    0       628   14    1 CMpure     3    1    7    4    8    5    2    6
    5   10    2    1    4    0    0    1    1    0       597   10    1 CMpure     1    6    7    3
    5   11    1    1    4    3    2    1    1    1       694   13    1 CMpure    11    9   13   16
    5   12    2    1    8    0    0    2    1    1       719    4    1 CMpure    15    9   11   13   14   12   16   10
    5   13    1    1    8    8    1    2    1    0       628    3    1 CMpure     5    4    8    2    1    7    6    3
    5   14    2    1    4    0    0    2    1    1       693    6    1 CMpure    10   13   11   14
    5   15    1    1    8    3    6    1    1    1       669   16    1 CMpure    11   12   16    9   10   13   14   15
    5   16    2    1    4    0    0    1    1    0       652    9    1 CMpure     1    8    3    4
    5   17    2    1    8    0    0    2    1    1       710    7    1 CMpure    10   16   12   14   11   13    9   15
    5   18    2    1    4    0    0    1    1    0       611   13    1 CMpure     3    4    2    5
    5   19    1    1    4    1    4    2    1    0       788    7    1 CMpure     7    6    3    5
    5   20    2    1    8    0    0    2    1    1       840    1    1 CMpure    14   11   13   15    9   12   10   16
    5   21    2    1    4    0    0    2    1    1       704    1    1 CMpure    15    9   12   11
    5   22    1    1    2    1    2    1    1    1       712   14    1 CMpure    14   11
    5   23    1    1    4    2    3    2    1    0       917    6    1 CMpure     3    6    8    5
    5   24    2    1    2    0    0    1    1    0       885   13    1 CMpure     1    7
    6    1    2    1    2    0    0    2    1    1       598    1    1 CMpure    10    9
    6    2    2    1    4    0    0    2    1    1       568    1    1 CMpure    16   15    9   10
    6    3    2    1    2    0    0    1    1    0       709   11    1 CMpure     6    7
    6    4    2    1    8    0    0    2    1    1       572    1    1 CMpure    15   13   12    9   16   10   14   11
    6    5    2    1    2    0    0    2    1    1       522    6    1 CMpure    10   16
    6    6    2    1    8    0    0    1    1    0       505   14    1 CMpure     1    7    5    4    8    6    3    2
    6    7    1    1    4    3    2    1    1    1       542   16    1 CMpure    14   12   16   11
    6    8    2    1    2    0    0    2    1    1       509    5    1 CMpure    10   14
    6    9    2    1    4    0    0    2    1    1       482    1    1 CMpure    12   14   10    9
    6   10    1    1    8    1    8    2    1    0       594    1    1 CMpure     1    8    2    7    5    6    4    3
    6   11    2    1    4    0    0    2    1    1       500    1    1 CMpure    13   14   11   16
    6   12    2    1    2    0    0    2    1    1       484    4    1 CMpure    14    9
    6   13    1    1    8    6    3    1    1    1       580   14    1 CMpure    15    9   12   13   11   14   10   16
    6   14    2    1    8    0    0    2    1    1       640    3    1 CMpure    16    9   11   13   12   14   10   15
    6   15    2    1    4    0    0    2    1    1       528    7    1 CMpure    16    9   11   15
    6   16    2    1    2    0    0    2    1    1       463    2    1 CMpure    10    9
    6   17    1    1    2    2    1    2    1    0       705    2    1 CMpure     7    2
    6   18    2    1    4    0    0    1    1    0       606    9    1 CMpure     5    6    1    8
    6   19    2    1    4    0    0    1    1    0       527   12    1 CMpure     8    5    7    1
    6   20    2    1    8    0    0    1    1    0       526    9    1 CMpure     5    6    2    3    1    7    8    4
    6   21    1    1    8    1    8    2    1    0       653    4    1 CMpure     4    6    5    2    3    7    1    8
    6   22    2    1    2    0    0    2    1    1      1271    6    1 CMpure    12   13
    6   23    1    1    2    1    2    2    1    0       808    5    1 CMpure     5    3
    6   24    1    1    2    1    2    2    1    0       828    3    1 CMpure     3    7
    7    1    2    1    4    0    0    1    1    0       507   15    1 CMpure     8    4    1    6
    7    2    1    1    4    4    1    2    1    0       512    7    1 CMpure     6    2    8    7
    7    3    1    1    8    6    3    2    1    0       560    6    1 CMpure     4    7    5    3    2    6    8    1
    7    4    1    1    2    1    2    1    1    1       542   13    1 CMpure    13   14
    7    5    2    1    8    0    0    1    1    0       572   12    1 CMpure     5    8    1    7    6    4    2    3
    7    6    2    1    2    0    0    1    1    0       777   11    1 CMpure     5    1
    7    7    1    1    2    2    1    1    1    1       654    9    1 CMpure    16    9
    7    8    1    1    2    2    1    2    1    0       729    8    1 CMpure     2    8
    7    9    1    1    4    2    3    2    1    0       629    7    1 CMpure     1    7    4    3
    7   10    1    1    4    1    4    1    1    1       661    9    1 CMpure     9   14   11   10
    7   11    2    1    8    0    0    1    1    0       607   12    1 CMpure     6    2    4    5    8    7    1    3
    7   12    1    1    2    1    2    1    1    1       619   10    1 CMpure    10   13
    7   13    1    1    4    4    1    1    1    1       475    9    1 CMpure    15   10   12    9
    7   14    2    1    4    0    0    2    1    1       722    4    1 CMpure    10   13   12   16
    7   15    1    1    8    3    6    1    1    1       633   10    1 CMpure    12   13   10    9   16   11   14   15
    7   16    1    1    2    2    1    1    1    1      1364   14    1 CMpure    15   14
    7   17    1    1    8    1    8    1    1    1       625    9    1 CMpure     9   15   11   12   16   10   13   14
    7   18    2    1    4    0    0    2    1    1       577    1    1 CMpure    12   13   15    9
    7   19    2    1    4    0    0    2    1    1       532    5    1 CMpure    14   11   15   16
    7   20    1    1    4    3    2    2    1    0       551    2    1 CMpure     3    1    2    7
    7   21    2    1    8    0    0    2    1    1      1060    1    1 CMpure    10    9   12   16   14   15   11   13
    7   22    2    1    2    0    0    1    1    0       510   11    1 CMpure     1    3
    7   23    2    1    2    0    0    2    1    1       510    3    1 CMpure    13   11
    7   24    2    1    2    0    0    1    1    0       430   10    1 CMpure     4    5
    8    1    1    1    4    2    3    1    1    1       584   11    1 CMpure    12   11   14    9
    8    2    2    1    8    0    0    2    1    1       517    8    1 CMpure    14   16   10   12   15   13    9   11
    8    3    1    1    2    1    2    1    0    0      2756    1    1 CMpure     1    4
    8    4    1    1    2    2    1    2    1    0      1002    8    1 CMpure     7    8
    8    5    2    1    2    0    0    1    1    0       550   11    1 CMpure     5    6
    8    6    1    1    8    6    3    1    1    1       707   16    1 CMpure    11   13    9   12   10   16   14   15
    8    7    2    1    2    0    0    2    1    1       875    7    1 CMpure    11   14
    8    8    2    1    8    0    0    1    1    0      1180   10    1 CMpure     6    5    1    8    2    7    4    3
    8    9    1    1    2    1    2    2    1    0       688    1    1 CMpure     1    6
    8   10    1    1    2    1    2    2    1    0       585    3    1 CMpure     3    2
    8   11    1    1    2    1    2    1    1    1       469   11    1 CMpure    11    9
    8   12    2    1    2    0    0    1    1    0       487   14    1 CMpure     7    6
    8   13    1    1    2    1    2    2    0    1      1559   12    1 CMpure    12   14
    8   14    1    1    2    1    2    2    1    0       685    8    1 CMpure     8    2
    8   15    2    1    2    0    0    1    1    0       502   12    1 CMpure     7    6
    8   16    1    1    4    1    4    2    1    0       587    4    1 CMpure     4    6    2    7
    8   17    1    1    2    1    2    1    1    1       519   12    1 CMpure    12   14
    8   18    1    1    2    1    2    2    1    0       454    7    1 CMpure     7    3
    8   19    1    1    2    1    2    2    1    0       408    7    1 CMpure     7    1
    8   20    2    1    2    0    0    2    1    1       588    5    1 CMpure    11   10
    8   21    1    1    4    1    4    2    1    0       414    7    1 CMpure     7    1    4    2
    8   22    2    1    8    0    0    2    1    1       513    5    1 CMpure    10   14   12   15    9   13   16   11
    8   23    1    1    4    2    3    1    1    1       454   15    1 CMpure    12   15   13   10
    8   24    2    1    2    0    0    2    1    1      3047    1    1 CMpure    15   16
    9    1    1    1    2    1    2    1    1    1       525   10    1 CMpure    10   16
    9    2    1    1    4    3    2    2    1    0       482    8    1 CMpure     7    1    8    5
    9    3    1    1    2    1    2    2    1    0       354    6    1 CMpure     6    1
    9    4    2    1    2    0    0    2    1    1       472    1    1 CMpure    11   14
    9    5    2    1    2    0    0    1    1    0       505   10    1 CMpure     7    2
    9    6    2    1    2    0    0    2    1    1       473    2    1 CMpure    13   16
    9    7    2    1    2    0    0    1    1    0       394   11    1 CMpure     3    2
    9    8    2    1    8    0    0    1    1    0       527   16    1 CMpure     2    7    1    4    3    6    8    5
    9    9    2    1    8    0    0    2    1    1       574    6    1 CMpure    15   10   12   16   11    9   14   13
    9   10    2    1    4    0    0    2    1    1       592    1    1 CMpure     9   16   13   12
    9   11    1    1    4    3    2    2    1    0       530    6    1 CMpure     4    1    6    3
    9   12    1    1    8    4    5    1    1    1       592   15    1 CMpure    13   14   11   15   12   16    9   10
    9   13    2    1    4    0    0    1    1    0       962   10    1 CMpure     4    5    2    7
    9   14    2    1    4    0    0    1    1    0       501   14    1 CMpure     7    4    2    3
    9   15    1    1    8    3    6    2    1    0       453    5    1 CMpure     3    8    5    7    1    4    2    6
    9   16    1    1    2    1    2    1    1    1       519   16    1 CMpure    16   14
    9   17    2    1    4    0    0    1    1    0       539   10    1 CMpure     1    3    8    4
    9   18    2    1    4    0    0    1    1    0       479   15    1 CMpure     1    5    2    7
    9   19    2    1    4    0    0    1    1    0       469   13    1 CMpure     2    1    4    8
    9   20    1    1    4    4    1    2    1    0       492    1    1 CMpure     4    3    5    1
    9   21    2    1    2    0    0    2    1    1      1820    7    1 CMpure    12   16
    9   22    2    1    8    0    0    2    1    1      1223    6    1 CMpure    15   11   14    9   10   13   16   12
    9   23    2    1    4    0    0    2    1    1      3055    4    1 CMpure    15   12   16   14
    9   24    2    1    8    0    0    2    1    1       537    5    1 CMpure    13   11   14    9   10   16   12   15
