    1    1    1    1    4    1    4    1    1    1      2396    9    1 CMpure     9   15   16   10
    1    2    2    1    8    0    0    2    1    1       793    6    1 CMpure    13   14   11   10   12   15    9   16
    1    3    1    1    8    3    6    1    1    1      1278   16    1 CMpure    10   14   16    9   11   15   12   13
    1    4    2    1    2    0    0    2    1    1      1998    1    1 CMpure    10   14
    1    5    1    1    2    2    1    2    1    0      1137    3    1 CMpure     7    3
    1    6    1    1    8    4    5    1    1    1       776   15    1 CMpure     9   12   11   15   10   14   13   16
    1    7    2    1    8    0    0    1    1    0       892   12    1 CMpure     3    6    1    2    4    7    8    5
    1    8    1    1    4    3    2    2    1    0       722    2    1 CMpure     1    7    2    6
    1    9    1    1    4    4    1    1    1    1       510   16    1 CMpure    11   12   13   16
    1   10    1    1    8    2    7    2    1    0       606    1    1 CMpure     4    1    7    6    8    2    5    3
    1   11    1    1    8    6    3    1    1    1       745   14    1 CMpure     9   15   10   12   11   14   13   16
    1   12    1    1    8    1    8    1    1    1       768   11    1 CMpure    11   13   14   15   16    9   10   12
    1   13    2    1    2    0    0    2    1    1       629    3    1 CMpure    13    9
    1   14    2    1    4    0    0    1    1    0       822   12    1 CMpure     1    8    2    4
    1   15    1    1    2    1    2    2    1    0       553    7    1 CMpure     7    2
    1   16    2    1    8    0    0    1    1    0       695   15    1 CMpure     2    6    8    1    4    5    3    7
    1   17    2    1    4    0    0    1    1    0       517   10    1 CMpure     7    3    1    2
    1   18    1    1    8    1    8    2    1    0       644    1    1 CMpure     1    3    6    8    5    2    4    7
    1   19    2    1    2    0    0    2    1    1       782    5    1 CMpure    16   11
    1   20    2    1    4    0    0    2    1    1       696    2    1 CMpure    13    9   15   10
    1   21    1    1    2    1    2    1    1    1       560   10    1 CMpure    10   12
    1   22    2    1    2    0    0    1    1    0       750   12    1 CMpure     5    7
    1   23    1    1    2    1    2    1    1    1       660   15    1 CMpure    15   12
    1   24    2    1    8    0    0    1    1    0       781   16    1 CMpure     5    2    8    4    1    6    3    7
    2    1    2    1    8    0    0    1    0    1       971    5    1 CMpure    15   16   13   14    9   10   12   11
    2    2    1    1    8    7    2    1    1    1       632   10    1 CMpure     9   14   13   16   12   15   10   11
    2    3    1    1    2    2    1    2    1    0       499    1    1 CMpure     3    1
    2    4    1    1    4    1    4    2    1    0       616    6    1 CMpure     6    1    4    3
    2    5    2    1    4    0    0    2    1    1       649    7    1 CMpure    15   14   12   13
    2    6    2    1    8    0    0    1    1    0       818   15    1 CMpure     8    2    3    6    5    7    1    4
    2    7    1    1    4    1    4    1    1    1       587   14    1 CMpure    14   15   11   16
    2    8    1    1    2    1    2    2    1    0       504    3    1 CMpure     3    7
    2    9    2    1    2    0    0    2    1    1       504    1    1 CMpure    10    9
    2   10    2    1    2    0    0    2    1    1       503    2    1 CMpure     9   12
    2   11    1    1    2    2    1    1    1    1       439   12    1 CMpure     9   12
    2   12    2    1    8    0    0    2    1    1       602    1    1 CMpure    14   12   13   16   10    9   11   15
    2   13    1    1    4    1    4    1    1    1       795   12    1 CMpure    12   14   15   10
    2   14    1    1    8    3    6    2    1    0       607    7    1 CMpure     1    3    7    4    6    8    2    5
    2   15    1    1    2    1    2    2    1    0       651    4    1 CMpure     4    3
    2   16    1    1    2    1    2    1    1    1       485   13    1 CMpure    13   15
    2   17    2    1    8    0    0    1    1    0       805   13    1 CMpure     7    8    2    4    1    3    6    5
    2   18    2    1    4    0    0    1    1    0       703   10    1 CMpure     6    5    2    8
    2   19    2    1    2    0    0    2    1    1       631    7    1 CMpure    16   10
    2   20    1    1    4    4    1    2    1    0       583    3    1 CMpure     5    7    6    3
    2   21    1    1    4    1    4    2    1    0       600    6    1 CMpure     6    3    5    1
    2   22    1    1    2    1    2    1    1    1       564   13    1 CMpure    13   12
    2   23    2    1    4    0    0    1    1    0       615   15    1 CMpure     7    2    8    5
    2   24    1    1    8    8    1    2    1    0       530    7    1 CMpure     5    2    8    1    3    6    4    7
    3    1    2    1    4    0    0    2    1    1       700    3    1 CMpure    10   13    9   16
    3    2    1    1    8    2    7    2    1    0       627    8    1 CMpure     4    8    3    2    1    7    6    5
    3    3    2    1    2    0    0    1    1    0       495   15    1 CMpure     7    1
    3    4    1    1    2    2    1    2    1    0       591    7    1 CMpure     4    7
    3    5    2    1    8    0    0    1    1    0       588   15    1 CMpure     8    4    3    2    5    7    1    6
    3    6    2    1    8    0    0    2    1    1       552    6    1 CMpure    13   16    9   12   14   10   15   11
    3    7    2    1    2    0    0    2    1    1      1190    4    1 CMpure    11   15
    3    8    2    1    8    0    0    2    1    1       618    6    1 CMpure    15   11   14   12   10   13    9   16
    3    9    2    1    2    0    0    2    1    1       806    7    1 CMpure    13   11
    3   10    1    1    8    4    5    2    1    0       713    5    1 CMpure     6    3    1    5    7    2    4    8
    3   11    1    1    2    2    1    1    1    1       849    9    1 CMpure    14    9
    3   12    2    1    2    0    0    2    1    1       722    5    1 CMpure    16   12
    3   13    2    1    4    0    0    2    1    1       767    8    1 CMpure    10   13   12   16
    3   14    1    1    2    2    1    2    1    0       484    2    1 CMpure     4    2
    3   15    1    1    4    4    1    2    1    0       394    6    1 CMpure     7    1    3    6
    3   16    1    1    2    2    1    1    1    1       639   12    1 CMpure    11   12
    3   17    2    1    2    0    0    2    1    1       537    2    1 CMpure    15    9
    3   18    2    1    4    0    0    1    1    0       621   16    1 CMpure     2    1    6    3
    3   19    2    1    8    0    0    2    1    1       616    8    1 CMpure    12   14   15   13   16   10    9   11
    3   20    1    1    8    4    5    1    1    1       579   16    1 CMpure    12   15   11   16    9   13   14   10
    3   21    2    1    8    0    0    2    1    1       528    1    1 CMpure    12   15    9   16   11   10   13   14
    3   22    1    1    8    7    2    1    1    1      1423   14    1 CMpure    15   16   11   10   12   13   14    9
    3   23    1    1    8    2    7    1    1    1       731   12    1 CMpure    10   12   14    9   15   11   16   13
    3   24    2    1    4    0    0    2    1    1       471    1    1 CMpure     9   10   12   14
    4    1    1    1    4    3    2    2    1    0       567    8    1 CMpure     4    3    8    5
    4    2    1    1    8    6    3    1    1    1       532   12    1 CMpure    14    9   13   10   11   12   16   15
    4    3    1    1    2    1    2    1    1    1       482   13    1 CMpure    13   12
    4    4    2    1    4    0    0    2    1    1       697    7    1 CMpure    13   10   11   15
    4    5    2    1    4    0    0    1    1    0       870   13    1 CMpure     8    2    4    6
    4    6    2    1    8    0    0    2    1    1       583    6    1 CMpure    10   14   16   15    9   13   11   12
    4    7    1    1    8    5    4    1    1    1       643   15    1 CMpure    10   12    9   11   15   13   14   16
    4    8    2    1    8    0    0    1    1    0      1086   13    1 CMpure     4    1    6    3    2    7    8    5
    4    9    2    1    2    0    0    2    1    1       678    4    1 CMpure    14    9
    4   10    1    1    2    2    1    1    1    1       495   15    1 CMpure    10   15
    4   11    1    1    4    1    4    2    1    0       581    3    1 CMpure     3    8    7    1
    4   12    1    1    8    3    6    1    1    1       944   16    1 CMpure    15    9   16   12   11   13   10   14
    4   13    2    1    8    0    0    2    1    1       559    3    1 CMpure    15   13   10   11   14    9   16   12
    4   14    2    1    8    0    0    1    1    0       732   10    1 CMpure     8    2    1    6    5    7    3    4
    4   15    2    1    2    0    0    1    1    0      1331   13    1 CMpure     7    1
    4   16    1    1    4    1    4    2    1    0       647    3    1 CMpure     3    8    7    5
    4   17    1    1    2    1    2    2    1    0       417    6    1 CMpure     6    4
    4   18    1    1    2    1    2    2    1    0       724    7    1 CMpure     7    2
    4   19    2    1    2    0    0    1    1    0       539   16    1 CMpure     1    5
    4   20    2    1    4    0    0    1    1    0       639   16    1 CMpure     6    8    1    3
    4   21    2    1    2    0    0    1    1    0       602   15    1 CMpure     6    5
    4   22    2    1    8    0    0    1    1    0       710   11    1 CMpure     5    2    6    8    1    4    7    3
    4   23    1    1    2    1    2    2    1    0       525    5    1 CMpure     5    8
    4   24    2    1    2    0    0    1    1    0       573   12    1 CMpure     2    1
    5    1    2    1    2    0    0    2    1    1       725    2    1 CMpure     9   13
    5    2    2    1    4    0    0    1    1    0       657   10    1 CMpure     6    7    3    4
    5    3    1    1    4    3    2    1    1    1       656   11    1 CMpure    16   14   11   13
    5    4    2    1    2    0    0    2    1    1       618    5    1 CMpure    11    9
    5    5    2    1    4    0    0    2    1    1       506    1    1 CMpure    15    9   11   13
    5    6    1    1    4    3    2    1    1    1       528   10    1 CMpure    13   14   10   16
    5    7    1    1    8    8    1    1    1    1       479    9    1 CMpure    16   12   13   11   10   14   15    9
    5    8    2    1    2    0    0    1    1    0      1008    9    1 CMpure     8    1
    5    9    1    1    8    3    6    2    1    0       700    5    1 CMpure     7    6    5    4    8    3    2    1
    5   10    1    1    2    1    2    1    1    1       580   11    1 CMpure    11   16
    5   11    1    1    8    7    2    1    1    1      1424   12    1 CMpure    16    9   11   15   14   13   12   10
    5   12    2    1    4    0    0    2    1    1       513    6    1 CMpure     9   14   16   12
    5   13    2    1    2    0    0    2    1    1       704    4    1 CMpure    15   12
    5   14    2    1    4    0    0    1    1    0       749   13    1 CMpure     6    1    4    7
    5   15    1    1    4    3    2    1    1    1       600   12    1 CMpure    10   15   12   16
    5   16    1    1    8    5    4    2    1    0       500    2    1 CMpure     7    8    3    4    2    6    5    1
    5   17    1    1    2    1    2    2    1    0       388    7    1 CMpure     7    6
    5   18    2    1    8    0    0    1    1    0       648   14    1 CMpure     5    6    1    2    7    8    3    4
    5   19    2    1    4    0    0    1    1    0       615   13    1 CMpure     3    4    6    5
    5   20    1    1    8    8    1    2    1    0       419    7    1 CMpure     8    4    2    6    1    5    3    7
    5   21    2    1    2    0    0    1    0    1      4310    5    1 CMpure     9   11
    5   22    1    1    8    7    2    1    1    1       574   11    1 CMpure    13   14    9   12   15   10   11   16
    5   23    2    1    8    0    0    1    1    0       539   10    1 CMpure     2    4    3    6    7    8    5    1
    5   24    1    1    4    3    2    2    1    0       559    8    1 CMpure     7    4    8    6
    6    1    1    1    8    8    1    2    1    0       459    6    1 CMpure     8    7    2    4    5    3    1    6
    6    2    1    1    8    7    2    1    1    1       877   12    1 CMpure    10   14   13   15   11    9   12   16
    6    3    2    1    4    0    0    1    1    0       547   13    1 CMpure     8    4    5    3
    6    4    1    1    4    1    4    1    1    1       519   12    1 CMpure    12   14   13    9
    6    5    1    1    2    1    2    2    1    0       422    1    1 CMpure     1    2
    6    6    1    1    8    3    6    1    1    1       489   16    1 CMpure    13   12   16   10   15   14   11    9
    6    7    2    1    8    0    0    1    1    0       649   10    1 CMpure     5    6    8    2    7    4    3    1
    6    8    1    1    4    3    2    1    1    1      1144   14    1 CMpure    15   11   14   16
    6    9    1    1    4    1    4    2    1    0      1188    6    1 CMpure     6    1    7    8
    6   10    2    1    8    0    0    2    1    1       793    5    1 CMpure    13   16   11    9   15   12   10   14
    6   11    1    1    2    2    1    2    1    0       413    3    1 CMpure     5    3
    6   12    2    1    4    0    0    1    1    0       614   13    1 CMpure     4    7    6    1
    6   13    2    1    4    0    0    1    1    0       742   11    1 CMpure     3    7    5    2
    6   14    1    1    2    2    1    2    1    0       476    2    1 CMpure     7    2
    6   15    2    1    4    0    0    2    1    1       467    1    1 CMpure    15   12   13   16
    6   16    1    1    8    7    2    1    1    1       484   14    1 CMpure    10   12    9   11   16   13   14   15
    6   17    2    1    2    0    0    1    1    0       708   13    1 CMpure     7    2
    6   18    2    1    8    0    0    2    1    1       748    5    1 CMpure    11   15   12   13   14    9   10   16
    6   19    2    1    4    0    0    1    1    0       535   11    1 CMpure     2    1    5    4
    6   20    1    1    8    1    8    1    1    1       550   10    1 CMpure    10    9   14   12   11   16   15   13
    6   21    1    1    4    3    2    1    1    1       569   13    1 CMpure    11   14   13   12
    6   22    1    1    8    1    8    2    1    0       518    5    1 CMpure     5    7    6    1    2    8    3    4
    6   23    1    1    8    2    7    1    1    1       501   14    1 CMpure    13   14   16   15   11   12   10    9
    6   24    2    1    4    0    0    1    1    0       570   15    1 CMpure     7    2    5    3
    7    1    2    1    8    0    0    1    1    0       707   16    1 CMpure     5    7    2    8    6    1    4    3
    7    2    2    1    2    0    0    2    1    1       683    4    1 CMpure    10   13
    7    3    2    1    4    0    0    2    1    1       632    1    1 CMpure    13   10   15   16
    7    4    2    1    4    0    0    2    1    1       520    6    1 CMpure     9   15   12   16
    7    5    1    1    4    3    2    1    1    1       573   12    1 CMpure     9   15   12   16
    7    6    1    1    8    3    6    2    1    0      1034    8    1 CMpure     1    2    8    4    6    3    7    5
    7    7    1    1    2    2    1    1    1    1       341   14    1 CMpure    16   14
    7    8    1    1    8    2    7    1    1    1       523   11    1 CMpure    14   11   10   12   16    9   15   13
    7    9    1    1    4    4    1    2    1    0       320    6    1 CMpure     8    5    2    6
    7   10    2    1    4    0    0    2    1    1       508    1    1 CMpure    16    9   10   12
    7   11    1    1    4    1    4    1    1    1       369   14    1 CMpure    14   12    9   13
    7   12    1    1    8    7    2    2    1    0       502    2    1 CMpure     5    1    3    4    7    6    2    8
    7   13    2    1    4    0    0    2    1    1       812    8    1 CMpure    12   16   14   15
    7   14    1    1    8    5    4    1    1    1       496   11    1 CMpure    16   10   13    9   11   15   12   14
    7   15    2    1    8    0    0    2    1    1       512    6    1 CMpure    12    9   15   13   16   10   14   11
    7   16    1    1    2    2    1    2    1    0       768    2    1 CMpure     4    2
    7   17    1    1    8    2    7    1    1    1       501   15    1 CMpure     9   15   16   14   11   12   13   10
    7   18    1    1    8    8    1    1    1    1       485   16    1 CMpure    15   10   14    9   13   12   11   16
    7   19    1    1    2    1    2    1    1    1       437   16    1 CMpure    16   12
    7   20    2    1    4    0    0    2    1    1       621    5    1 CMpure    11   14   12   13
    7   21    1    1    8    7    2    1    1    1       392   15    1 CMpure    10   12   14   16    9   11   15   13
    7   22    1    1    2    1    2    1    1    1      3149   16    1 CMpure    16   10
    7   23    2    1    2    0    0    1    1    0       547   10    1 CMpure     3    5
    7   24    2    1    2    0    0    2    1    1       560    2    1 CMpure    10    9
    8    1    1    1    4    1    4    2    1    0       416    1    1 CMpure     1    6    2    7
    8    2    2    1    2    0    0    2    1    1       515    4    1 CMpure    11    9
    8    3    2    1    4    0    0    1    1    0       584   13    1 CMpure     4    7    3    2
    8    4    2    1    2    0    0    1    1    0       564   13    1 CMpure     7    8
    8    5    2    1    4    0    0    1    1    0      1351   13    1 CMpure     5    2    8    1
    8    6    1    1    8    8    1    1    1    1       517   16    1 CMpure    12   10   13   14   15    9   11   16
    8    7    2    1    2    0    0    2    1    1       644    2    1 CMpure    14   12
    8    8    1    1    2    2    1    1    1    1       382   15    1 CMpure    14   15
    8    9    1    1    8    6    3    1    1    1       595   11    1 CMpure    10   13   12   16   14   11    9   15
    8   10    1    1    8    5    4    2    1    0       560    8    1 CMpure     1    2    6    7    8    4    5    3
    8   11    1    1    8    3    6    2    1    0       637    4    1 CMpure     3    6    4    2    1    8    5    7
    8   12    2    1    8    0    0    1    1    0       520   12    1 CMpure     2    4    5    7    1    3    8    6
    8   13    2    1    4    0    0    1    1    0       556   14    1 CMpure     2    3    8    1
    8   14    2    1    2    0    0    2    1    1      1882    8    1 CMpure    13   16
    8   15    2    1    4    0    0    2    1    1       488    6    1 CMpure    11   10   15   13
    8   16    1    1    4    1    4    2    1    0       558    7    1 CMpure     7    3    4    8
    8   17    1    1    2    2    1    1    1    1       492   10    1 CMpure     9   10
    8   18    1    1    4    3    2    1    1    1       626   13    1 CMpure    10    9   13   11
    8   19    2    1    2    0    0    2    1    1       509    4    1 CMpure    16   14
    8   20    1    1    8    6    3    1    1    1       524   12    1 CMpure    15   11   14    9   10   12   13   16
    8   21    2    1    2    0    0    1    1    0       540   13    1 CMpure     6    2
    8   22    1    1    8    3    6    2    1    0       442    6    1 CMpure     5    7    6    8    2    3    4    1
    8   23    1    1    4    1    4    2    1    0       546    3    1 CMpure     3    1    6    7
    8   24    2    1    2    0    0    1    1    0      1344   12    1 CMpure     4    2
    9    1    1    1    4    4    1    1    1    1       458   12    1 CMpure    10   13    9   12
    9    2    1    1    4    2    3    1    1    1       514   12    1 CMpure     9   12   10   16
    9    3    2    1    4    0    0    1    1    0       838   15    1 CMpure     5    2    4    6
    9    4    2    1    8    0    0    1    1    0       633   12    1 CMpure     8    1    2    7    3    4    5    6
    9    5    2    1    2    0    0    2    1    1      1107    4    1 CMpure    15   11
    9    6    1    1    8    2    7    2    1    0       507    7    1 CMpure     3    7    1    5    2    6    8    4
    9    7    1    1    2    2    1    1    1    1      1691    9    1 CMpure    10    9
    9    8    1    1    8    1    8    2    1    0       603    4    1 CMpure     4    6    5    1    7    2    8    3
    9    9    2    1    4    0    0    2    1    1       685    6    1 CMpure    10   15   11   14
    9   10    2    1    4    0    0    2    1    1       586    5    1 CMpure    16   12   11    9
    9   11    1    1    8    3    6    2    1    0       519    8    1 CMpure     5    6    8    1    3    4    7    2
    9   12    2    1    8    0    0    1    1    0       582   11    1 CMpure     4    8    3    7    2    1    6    5
    9   13    2    1    8    0    0    2    1    1       514    1    1 CMpure    13    9   15   11   14   16   12   10
    9   14    1    1    4    2    3    2    1    0       422    8    1 CMpure     7    8    3    4
    9   15    2    1    4    0    0    2    1    1       495    6    1 CMpure    12   15   10   14
    9   16    2    1    2    0    0    2    1    1       735    3    1 CMpure    15   12
    9   17    2    1    2    0    0    2    1    1       614    8    1 CMpure     9   13
    9   18    1    1    4    4    1    2    1    0       374    2    1 CMpure     6    8    4    2
    9   19    2    1    2    0    0    2    1    1       540    6    1 CMpure    16   15
    9   20    2    1    2    0    0    2    1    1       378    1    1 CMpure    16    9
    9   21    2    1    2    0    0    2    1    1       479    4    1 CMpure    13   16
    9   22    2    1    8    0    0    2    1    1       480    1    1 CMpure    12   15   10   13    9   14   11   16
    9   23    1    1    4    4    1    2    1    0       357    1    1 CMpure     3    7    8    1
    9   24    2    1    4    0    0    1    1    0       433   10    1 CMpure     8    4    6    5
