    1    1    2    1    2    0    0    1    1    0      4620   16    1 CMpure     1    5
    1    2    2    1    2    0    0    1    1    0      1588   12    1 CMpure     6    2
    1    3    2    1    4    0    0    1    0    1      2750   10    1 CMpure    10    9   15   12
    1    4    2    1    4    0    0    1    1    0      1737   12    1 CMpure     8    6    5    2
    1    5    1    1    4    1    4    1    1    1      1452    8    1 CMpure    16   15   12   11
    1    6    2    1    8    0    0    2    0    0      1124   12    1 CMpure     8    1    3    4    7    5    6    2
    1    7    1    1    8    5    4    1    1    1      1546    5    1 CMpure    14   10   11   15   13   16    9   12
    1    8    2    1    2    0    0    2    1    1      3265   15    1 CMpure    10   14
    1    9    2    1    8    0    0    2    1    1      2562   10    1 CMpure    15   14   13   10   12   16   11    9
    1   10    2    1    4    0    0    2    1    1      1941   10    1 CMpure    14   11   12   13
    1   11    2    1    2    0    0    2    1    1      1163   16    1 CMpure    14   10
    1   12    2    1    2    0    0    2    1    1      1905   10    1 CMpure    11   12
    1   13    2    1    8    0    0    1    0    1      1240   14    1 CMpure    12   11   16   14   10   13   15    9
    1   14    2    1    4    0    0    1    1    0      1120   13    1 CMpure     1    6    5    4
    1   15    1    1    4    2    3    1    1    1      1037    4    1 CMpure    15   12   16   14
    1   16    2    1    8    0    0    1    1    0      1975   13    1 CMpure     7    3    5    1    4    6    2    8
    1   17    2    1    8    0    0    1    1    0      1116   12    1 CMpure     8    7    4    5    2    6    3    1
    1   18    2    1    4    0    0    2    1    1      1177   13    1 CMpure    10   15   13   14
    1   19    1    1    8    3    6    2    1    0      1150    1    1 CMpure     6    7    1    2    3    4    5    8
    1   20    2    1    2    0    0    1    1    0       948   12    1 CMpure     1    2
    1   21    1    1    2    1    2    2    1    0       786    7    1 CMpure     7    2
    1   22    1    1    4    1    4    2    1    0       827    6    1 CMpure     6    3    5    7
    1   23    1    1    4    4    1    2    1    0       628    4    1 CMpure     3    5    1    4
    1   24    1    1    8    2    7    2    1    0       703    2    1 CMpure     1    2    4    5    3    8    6    7
    2    1    1    1    2    1    2    1    1    1       825    4    1 CMpure    12   13
    2    2    2    1    2    0    0    2    1    1      2412   16    1 CMpure    11    9
    2    3    2    1    2    0    0    2    1    1       991   13    1 CMpure    16   13
    2    4    2    1    2    0    0    1    1    0       860   12    1 CMpure     5    6
    2    5    2    1    2    0    0    2    1    1       654    9    1 CMpure    14    9
    2    6    2    1    4    0    0    2    1    1       797   15    1 CMpure    13   15   11   12
    2    7    2    1    8    0    0    1    0    1      1105   14    1 CMpure    14   11   15   16    9   12   13   10
    2    8    2    1    8    0    0    2    1    1      1145   15    1 CMpure    16   10   14   12    9   13   11   15
    2    9    2    1    2    0    0    2    1    1       783   14    1 CMpure    14   10
    2   10    1    1    4    4    1    2    1    0       825    2    1 CMpure     3    7    1    2
    2   11    2    1    4    0    0    2    1    1       865   13    1 CMpure    11   15   10    9
    2   12    2    1    4    0    0    2    1    1      1000   13    1 CMpure    14   13   10   11
    2   13    2    1    4    0    0    2    1    1       712   12    1 CMpure    15   14   11   13
    2   14    1    1    8    4    5    2    1    0       688    2    1 CMpure     6    8    5    2    1    4    7    3
    2   15    1    1    8    2    7    1    1    1       953    7    1 CMpure    13   15   12   11   16   10   14    9
    2   16    1    1    4    2    3    2    1    0      1084    4    1 CMpure     2    4    5    6
    2   17    1    1    8    2    7    1    1    1       820    2    1 CMpure    14   10   12   11   16    9   15   13
    2   18    1    1    2    2    1    1    1    1       680    4    1 CMpure    13   12
    2   19    1    1    8    1    8    2    1    0       720    4    1 CMpure     4    3    5    8    6    7    2    1
    2   20    2    1    2    0    0    2    1    1      1287   14    1 CMpure    14    9
    2   21    2    1    8    0    0    2    0    0       664   10    1 CMpure     5    3    1    8    4    7    2    6
    2   22    1    1    8    4    5    2    1    0      2417    3    1 CMpure     4    5    8    3    7    1    2    6
    2   23    1    1    8    8    1    1    1    1       756    2    1 CMpure    13   14    9   15   16   11   12   10
    2   24    2    1    2    0    0    2    1    1       794   16    1 CMpure    16   12
    3    1    1    1    2    2    1    1    1    1      1208    4    1 CMpure    14   12
    3    2    2    1    8    0    0    2    0    0      1372   16    1 CMpure     3    7    8    2    4    6    5    1
    3    3    1    1    4    1    4    1    1    1      1262    4    1 CMpure    12   13   16   11
    3    4    1    1    2    1    2    1    1    1       784    8    1 CMpure    16   14
    3    5    1    1    2    1    2    1    1    1       933    1    1 CMpure     9   15
    3    6    2    1    2    0    0    2    1    1       692   11    1 CMpure    10   15
    3    7    2    1    8    0    0    2    1    1      1068   11    1 CMpure    12   15   16    9   11   10   13   14
    3    8    1    1    8    7    2    2    1    0      1333    2    1 CMpure     6    8    7    3    4    5    2    1
    3    9    1    1    8    3    6    2    1    0       899    5    1 CMpure     2    7    5    1    8    3    4    6
    3   10    1    1    2    1    2    2    1    0       643    4    1 CMpure     4    1
    3   11    2    1    8    0    0    2    1    1       878   11    1 CMpure    10   13   15   16   12    9   14   11
    3   12    2    1    8    0    0    2    0    0      1007   16    1 CMpure     1    4    3    5    7    2    8    6
    3   13    1    1    8    3    6    1    1    1       891    8    1 CMpure    12    9   16   10   14   11   13   15
    3   14    2    1    8    0    0    2    0    0      1019   14    1 CMpure     4    2    6    1    5    7    8    3
    3   15    2    1    8    0    0    2    1    1       902   15    1 CMpure    16   14   11    9   13   12   10   15
    3   16    1    1    4    2    3    2    1    0      1515    5    1 CMpure     2    5    1    6
    3   17    1    1    8    5    4    1    1    1      1202    8    1 CMpure    10   12   15   11   16   13   14    9
    3   18    2    1    8    0    0    2    1    1       886   15    1 CMpure    15   12   16   13    9   14   11   10
    3   19    1    1    4    3    2    2    1    0      1820    8    1 CMpure     2    1    8    3
    3   20    2    1    8    0    0    2    1    1       887   12    1 CMpure    16   13   10   12    9   11   14   15
    3   21    1    1    2    1    2    1    1    1       792    5    1 CMpure    13   16
    3   22    1    1    8    6    3    1    1    1       732    1    1 CMpure    10   14   15   13   16    9   11   12
    3   23    2    1    4    0    0    1    1    0      1624    9    1 CMpure     5    7    8    6
    3   24    2    1    8    0    0    1    1    0      1323    9    1 CMpure     6    5    3    4    1    7    8    2
    4    1    1    1    2    2    1    2    1    0       742    7    1 CMpure     3    7
    4    2    2    1    2    0    0    1    1    0      2509   12    1 CMpure     1    3
    4    3    1    1    8    3    6    2    1    0       924    1    1 CMpure     3    4    1    6    8    7    2    5
    4    4    2    1    4    0    0    1    1    0       961   10    1 CMpure     2    5    6    7
    4    5    1    1    8    3    6    1    1    1       991    6    1 CMpure    12   16   14   15   11   13    9   10
    4    6    2    1    8    0    0    1    1    0      1131    9    1 CMpure     1    4    8    2    3    5    7    6
    4    7    1    1    4    2    3    1    1    1       743    2    1 CMpure    16   10   12   14
    4    8    2    1    2    0    0    2    1    1      1309   10    1 CMpure    15   13
    4    9    1    1    8    1    8    1    1    1       685    6    1 CMpure    14   12   11   16   15    9   13   10
    4   10    2    1    4    0    0    1    1    0      1947   14    1 CMpure     6    2    5    8
    4   11    2    1    4    0    0    2    1    1      1030   14    1 CMpure    12    9   11   10
    4   12    1    1    4    4    1    2    1    0      1526    2    1 CMpure     4    6    3    2
    4   13    1    1    4    2    3    2    1    0       803    4    1 CMpure     1    4    5    2
    4   14    2    1    4    0    0    2    1    1       812   14    1 CMpure    14   13   12    9
    4   15    1    1    2    1    2    2    1    0       560    2    1 CMpure     2    1
    4   16    2    1    2    0    0    2    1    1      2766   11    1 CMpure    11   13
    4   17    1    1    4    4    1    1    1    1       776    8    1 CMpure    11   13   14   16
    4   18    2    1    2    0    0    1    1    0       669   12    1 CMpure     4    1
    4   19    1    1    4    3    2    1    1    1       828    4    1 CMpure    11   15   12   16
    4   20    1    1    2    2    1    2    1    0       671    2    1 CMpure     4    2
    4   21    1    1    4    2    3    2    1    0       974    3    1 CMpure     2    3    4    8
    4   22    2    1    2    0    0    1    1    0       603   13    1 CMpure     8    5
    4   23    1    1    4    2    3    1    1    1       812    2    1 CMpure    16   10   15   13
    4   24    1    1    8    1    8    1    1    1      1712    2    1 CMpure    10   12   14   11   16   13    9   15
    5    1    1    1    2    1    2    1    1    1       684    4    1 CMpure    12    9
    5    2    2    1    8    0    0    2    1    1       853   10    1 CMpure    14   13   12    9   16   10   11   15
    5    3    2    1    8    0    0    2    1    1      1047   14    1 CMpure    10   16   15   11   12    9   14   13
    5    4    2    1    8    0    0    2    1    1       737   15    1 CMpure    16    9   13   10   15   12   11   14
    5    5    1    1    2    2    1    2    1    0       695    6    1 CMpure     2    6
    5    6    2    1    4    0    0    1    1    0      1205   12    1 CMpure     8    4    2    5
    5    7    1    1    8    6    3    2    1    0       745    8    1 CMpure     4    7    6    5    3    8    2    1
    5    8    1    1    2    1    2    1    1    1      1023    4    1 CMpure    12   15
    5    9    2    1    4    0    0    2    1    1       816   10    1 CMpure    14   16   13   10
    5   10    1    1    4    2    3    2    1    0       713    1    1 CMpure     4    1    3    5
    5   11    2    1    8    0    0    1    1    0       864   10    1 CMpure     6    7    5    1    3    8    4    2
    5   12    2    1    4    0    0    1    1    0       663   13    1 CMpure     4    5    1    8
    5   13    2    1    8    0    0    2    1    1       783   13    1 CMpure    10   14    9   11   13   12   16   15
    5   14    2    1    4    0    0    2    1    1      1273   14    1 CMpure    16   11   10   14
    5   15    1    1    8    2    7    1    0    0      1834    5    1 CMpure     6    5    7    2    1    4    8    3
    5   16    2    1    2    0    0    2    1    1       741   16    1 CMpure    13   10
    5   17    2    1    4    0    0    1    1    0       593   11    1 CMpure     3    6    4    2
    5   18    2    1    2    0    0    2    1    1      1437   14    1 CMpure     9   13
    5   19    1    1    8    4    5    1    1    1      1080    5    1 CMpure    11   10    9   13   16   15   14   12
    5   20    2    1    4    0    0    1    1    0      1445   12    1 CMpure     5    7    8    4
    5   21    1    1    8    2    7    1    1    1      1280    5    1 CMpure    10   13   11   15   14   12    9   16
    5   22    1    1    2    2    1    1    1    1       832    6    1 CMpure    16   14
    5   23    1    1    4    2    3    1    1    1       696    2    1 CMpure    16   10   12    9
    5   24    1    1    2    1    2    1    1    1       800    8    1 CMpure    16   13
    6    1    1    1    4    3    2    2    1    0       792    8    1 CMpure     5    2    8    7
    6    2    1    1    8    8    1    1    1    1       892    5    1 CMpure    11   15   14   10   12   16    9   13
    6    3    2    1    4    0    0    2    1    1       834    9    1 CMpure    16    9   10   12
    6    4    2    1    8    0    0    1    1    0      1221   14    1 CMpure     1    7    6    8    3    5    2    4
    6    5    2    1    4    0    0    1    1    0       925   14    1 CMpure     5    7    3    8
    6    6    1    1    4    4    1    1    1    1       594    3    1 CMpure    13   10    9   11
    6    7    1    1    2    1    2    2    1    0       526    2    1 CMpure     2    7
    6    8    2    1    8    0    0    1    1    0       765   12    1 CMpure     8    1    5    2    7    6    4    3
    6    9    2    1    2    0    0    2    1    1       723   11    1 CMpure    12   13
    6   10    2    1    2    0    0    2    1    1       570   13    1 CMpure    14    9
    6   11    2    1    4    0    0    1    1    0       988    9    1 CMpure     1    4    2    3
    6   12    1    1    2    1    2    2    1    0      1113    2    1 CMpure     2    6
    6   13    1    1    2    2    1    2    1    0       624    3    1 CMpure     5    3
    6   14    2    1    2    0    0    1    1    0       667   15    1 CMpure     8    5
    6   15    2    1    2    0    0    1    1    0       836   11    1 CMpure     7    4
    6   16    1    1    2    2    1    2    1    0       631    3    1 CMpure     1    3
    6   17    1    1    2    2    1    1    1    1       594    8    1 CMpure    11   16
    6   18    2    1    4    0    0    1    1    0      1507    9    1 CMpure     4    5    6    3
    6   19    2    1    8    0    0    2    1    1      1019   13    1 CMpure    12    9   10   16   13   14   15   11
    6   20    2    1    4    0    0    2    1    1       636   13    1 CMpure    13    9   14   11
    6   21    2    1    4    0    0    1    1    0       636   13    1 CMpure     2    7    5    6
    6   22    2    1    2    0    0    2    1    1       662   15    1 CMpure    13   10
    6   23    2    1    4    0    0    1    1    0       646   14    1 CMpure     5    8    6    2
    6   24    2    1    8    0    0    1    0    1      1168   16    1 CMpure    15   10   14   12   16    9   11   13
    7    1    2    1    8    0    0    1    1    0       630    9    1 CMpure     6    2    5    4    7    3    1    8
    7    2    1    1    2    1    2    1    1    1       497    4    1 CMpure    12   16
    7    3    1    1    4    1    4    1    1    1      1398    8    1 CMpure    16   15   11    9
    7    4    2    1    8    0    0    2    1    1       978    9    1 CMpure    10   15    9   12   13   16   11   14
    7    5    1    1    2    2    1    2    1    0       495    1    1 CMpure     6    1
    7    6    1    1    8    2    7    1    1    1       688    2    1 CMpure    14   10   15   11   12   16   13    9
    7    7    1    1    2    1    2    2    1    0       696    8    1 CMpure     8    3
    7    8    2    1    4    0    0    1    1    0       725   13    1 CMpure     2    4    7    1
    7    9    1    1    2    1    2    1    1    1       572    2    1 CMpure    10   16
    7   10    1    1    2    2    1    2    1    0       617    3    1 CMpure     7    3
    7   11    2    1    8    0    0    2    0    0       932   16    1 CMpure     6    1    7    4    2    5    3    8
    7   12    1    1    4    4    1    2    1    0       712    7    1 CMpure     8    6    1    7
    7   13    1    1    4    1    4    1    1    1       965    2    1 CMpure    10   15    9   13
    7   14    1    1    4    1    4    1    1    1       728    6    1 CMpure    14   11   13   10
    7   15    2    1    4    0    0    2    1    1       884   15    1 CMpure    16   15   14   13
    7   16    2    1    8    0    0    1    1    0      1317   15    1 CMpure     5    4    3    6    8    2    1    7
    7   17    2    1    8    0    0    2    1    1       948    9    1 CMpure     9   12   11   16   13   10   14   15
    7   18    1    1    2    1    2    2    1    0       562    4    1 CMpure     4    5
    7   19    1    1    2    2    1    1    1    1       416    8    1 CMpure    13   16
    7   20    1    1    2    2    1    2    1    0       451    2    1 CMpure     3    2
    7   21    1    1    4    1    4    2    1    0       842    7    1 CMpure     7    1    4    2
    7   22    2    1    2    0    0    1    1    0       685   14    1 CMpure     7    1
    7   23    1    1    4    2    3    1    1    1       859    4    1 CMpure     9   12   16   15
    7   24    1    1    8    2    7    2    1    0       940    3    1 CMpure     2    3    4    6    1    8    7    5
    8    1    2    1    4    0    0    2    1    1      1455   16    1 CMpure    10   14   13   12
    8    2    2    1    8    0    0    2    1    1      1401   13    1 CMpure    13   14   16   12   10   15   11    9
    8    3    1    1    2    1    2    2    1    0       533    6    1 CMpure     6    5
    8    4    2    1    8    0    0    2    1    1       612   15    1 CMpure    13   12   16   14   10   15    9   11
    8    5    1    1    8    6    3    2    1    0       783    3    1 CMpure     1    4    7    8    2    3    5    6
    8    6    1    1    2    2    1    1    1    1       452    8    1 CMpure    15   16
    8    7    1    1    4    3    2    1    1    1       683    1    1 CMpure    15   10    9   11
    8    8    2    1    4    0    0    1    1    0       985   10    1 CMpure     8    6    7    4
    8    9    2    1    2    0    0    2    1    1       693   10    1 CMpure    15   14
    8   10    1    1    2    1    2    2    1    0       510    7    1 CMpure     7    2
    8   11    2    1    8    0    0    1    0    1      1390   12    1 CMpure    16   12    9   15   13   14   11   10
    8   12    1    1    4    1    4    2    1    0       816    6    1 CMpure     6    3    2    7
    8   13    1    1    8    2    7    1    1    1       963    8    1 CMpure    10   16    9   13   14   11   15   12
    8   14    2    1    2    0    0    2    1    1      1504    9    1 CMpure    11   12
    8   15    1    1    2    1    2    2    1    0       504    2    1 CMpure     2    5
    8   16    2    1    8    0    0    1    0    1       760   10    1 CMpure    15   12   11   13    9   16   10   14
    8   17    1    1    2    1    2    2    1    0       653    2    1 CMpure     2    1
    8   18    1    1    2    2    1    1    1    1       647    5    1 CMpure     9   13
    8   19    1    1    4    3    2    1    1    1      2086    1    1 CMpure    11   13    9   15
    8   20    1    1    2    1    2    1    1    1       615    7    1 CMpure    15   10
    8   21    2    1    8    0    0    1    1    0      1378   15    1 CMpure     5    6    7    1    2    3    4    8
    8   22    2    1    2    0    0    2    1    1      1791   13    1 CMpure    12   15
    8   23    1    1    8    7    2    1    1    1       700    5    1 CMpure     9   12   14   16   10   11   13   15
    8   24    1    1    4    3    2    2    1    0       505    6    1 CMpure     7    4    6    2
    9    1    2    1    2    0    0    2    1    1      2315   15    1 CMpure    11   13
    9    2    1    1    4    3    2    2    1    0       648    2    1 CMpure     7    6    2    4
    9    3    2    1    8    0    0    2    1    1      1058    9    1 CMpure    11   12   16   13   15   14    9   10
    9    4    2    1    2    0    0    1    1    0       651   14    1 CMpure     4    2
    9    5    2    1    2    0    0    1    1    0       614    9    1 CMpure     5    2
    9    6    1    1    8    6    3    1    1    1       769    8    1 CMpure    14   12   13   11    9   16   10   15
    9    7    2    1    8    0    0    2    0    0       838   16    1 CMpure     7    2    3    6    8    1    4    5
    9    8    1    1    8    2    7    1    1    1       792    1    1 CMpure    12    9   11   15   16   10   14   13
    9    9    1    1    4    2    3    1    1    1       610    3    1 CMpure    13   11   12   14
    9   10    2    1    8    0    0    1    1    0      2606    9    1 CMpure     2    4    7    1    8    3    6    5
    9   11    1    1    2    2    1    2    1    0       586    7    1 CMpure     5    7
    9   12    1    1    4    4    1    1    1    1       908    1    1 CMpure    14   10   16    9
    9   13    2    1    8    0    0    1    1    0      1195   12    1 CMpure     8    1    6    5    4    2    3    7
    9   14    2    1    2    0    0    2    1    1      1040   14    1 CMpure    11   10
    9   15    2    1    8    0    0    1    1    0       970   11    1 CMpure     8    5    3    6    7    4    1    2
    9   16    2    1    8    0    0    1    1    0       839   10    1 CMpure     8    7    4    1    5    6    3    2
    9   17    1    1    2    2    1    2    1    0       682    1    1 CMpure     2    1
    9   18    2    1    2    0    0    1    1    0       531   14    1 CMpure     2    6
    9   19    1    1    4    1    4    1    1    1       582    7    1 CMpure    15   16   12    9
    9   20    2    1    2    0    0    2    1    1       515   11    1 CMpure    10   13
    9   21    2    1    8    0    0    1    0    1      1298   14    1 CMpure    12   16   13   10    9   15   14   11
    9   22    2    1    2    0    0    2    1    1       482   12    1 CMpure    11   16
    9   23    1    1    2    2    1    2    1    0       514    4    1 CMpure     3    4
    9   24    1    1    4    3    2    1    1    1       759    8    1 CMpure    11    9   16   12
