    1    1    1    1    2    2    1    2    1    0      3175    2    0 ANpure     1    2
    1    2    1    1    4    2    3    2    1    0      3041    4    0 ANpure     3    4    5    6
    1    3    1    1    8    8    1    2    1    0       769   14    0 ANpure     7    8    9   10   11   12   13   14
    1    4    2    1    8    0    0    1    1    0       974   23    0 ANpure    15   16   17   18   19   20   21   22
    1    5    1    1    4    4    1    1    1    1       673   27    0 ANpure    24   25   26   27
    1    6    1    1    8    1    8    1    1    1       817   28    0 ANpure    28   29   30   31   32   33   34   35
    1    7    1    1    2    1    2    1    1    1       933   36    0 ANpure    36   37
    1    8    1    1    8    5    4    1    1    1      1059   42    0 ANpure    38   39   40   41   42   43   44   45
    1    9    1    1    8    2    7    1    1    1       732   47    0 ANpure    46   47   48   49   50   51   52   53
    1   10    2    1    8    0    0    2    1    1       828   62    0 ANpure    54   55   56   57   58   59   60   61
    1   11    2    1    8    0    0    1    1    0       815   71    0 ANpure    63   64   65   66   67   68   69   70
    1   12    2    1    2    0    0    2    1    1      2801   74    0 ANpure    72   73
    1   13    1    1    8    8    1    1    1    1       869   82    0 ANpure    75   76   77   78   79   80   81   82
    1   14    2    1    4    0    0    1    1    0      1276   87    0 ANpure    83   84   85   86
    1   15    2    1    2    0    0    1    1    0       909   90    0 ANpure    88   89
    1   16    2    1    4    0    0    1    1    0       978   95    0 ANpure    91   92   93   94
    1   17    1    1    4    2    3    1    1    1      1309   97    0 ANpure    96   97   98   99
    1   18    2    1    4    0    0    1    0    1      1155  104    0 ANpure   100  101  102  103
    1   19    2    1    4    0    0    1    1    0       869  109    0 ANpure   105  106  107  108
    1   20    1    1    2    1    2    1    1    1      1150  110    0 ANpure   110  111
    1   21    2    1    2    0    0    2    1    1       915  114    0 ANpure   112  113
    1   22    1    1    8    8    1    2    1    0       698  122    0 ANpure   115  116  117  118  119  120  121  122
    1   23    1    1    8    3    6    2    1    0      1161  125    0 ANpure   123  124  125  126  127  128  129  130
    1   24    2    1    8    0    0    1    1    0       896  139    0 ANpure   131  132  133  134  135  136  137  138
    2    1    1    1    8    5    4    2    1    0       926  144    0 ANpure   140  141  142  143  144  145  146  147
    2    2    1    1    2    2    1    1    1    1       773  149    0 ANpure   148  149
    2    3    2    1    4    0    0    2    1    1      1144  154    0 ANpure   150  151  152  153
    2    4    2    1    2    0    0    2    1    1       736  157    0 ANpure   155  156
    2    5    1    1    2    1    2    1    1    1       926  158    0 ANpure   158  159
    2    6    2    1    2    0    0    1    1    0      1036  162    0 ANpure   160  161
    2    7    1    1    8    7    2    1    1    1       832  169    0 ANpure   163  164  165  166  167  168  169  170
    2    8    2    1    4    0    0    2    1    1       727  175    0 ANpure   171  172  173  174
    2    9    2    1    4    0    0    1    1    0       780  180    0 ANpure   176  177  178  179
    2   10    2    1    4    0    0    1    0    1      1014  185    0 ANpure   181  182  183  184
    2   11    1    1    4    1    4    1    1    1       711  186    0 ANpure   186  187  188  189
    2   12    1    1    8    1    8    1    1    1       799  190    0 ANpure   190  191  192  193  194  195  196  197
    2   13    1    1    2    2    1    1    1    1       698  199    0 ANpure   198  199
    2   14    2    1    8    0    0    1    1    0       890  208    0 ANpure   200  201  202  203  204  205  206  207
    2   15    2    1    2    0    0    2    1    1      2619  211    0 ANpure   209  210
    2   16    2    1    2    0    0    1    1    0       919  214    0 ANpure   212  213
    2   17    2    1    2    0    0    2    1    1       806  217    0 ANpure   215  216
    2   18    2    1    2    0    0    2    1    1       658  220    0 ANpure   218  219
    2   19    1    1    2    1    2    2    1    0      1339  221    0 ANpure   221  222
    2   20    2    1    4    0    0    1    1    0      1207  227    0 ANpure   223  224  225  226
    2   21    2    1    4    0    0    1    1    0       936  232    0 ANpure   228  229  230  231
    2   22    1    1    2    2    1    1    1    1       903  234    0 ANpure   233  234
    2   23    2    1    4    0    0    2    1    1       749  239    0 ANpure   235  236  237  238
    2   24    1    1    4    4    1    1    1    1       657  243    0 ANpure   240  241  242  243
    3    1    1    1    2    1    2    1    1    1       733  244    0 ANpure   244  245
    3    2    1    1    8    3    6    2    1    0       840  248    0 ANpure   246  247  248  249  250  251  252  253
    3    3    2    1    4    0    0    1    1    0       785  258    0 ANpure   254  255  256  257
    3    4    2    1    4    0    0    2    1    1       875  263    0 ANpure   259  260  261  262
    3    5    2    1    8    0    0    2    0    0       971  272    0 ANpure   264  265  266  267  268  269  270  271
    3    6    1    1    2    1    2    2    1    0      1056  273    0 ANpure   273  274
    3    7    1    1    4    2    3    1    1    1       816  276    0 ANpure   275  276  277  278
    3    8    1    1    2    1    2    1    1    1       652  279    0 ANpure   279  280
    3    9    1    1    4    4    1    2    1    0       756  284    0 ANpure   281  282  283  284
    3   10    2    1    2    0    0    1    1    0       626  287    0 ANpure   285  286
    3   11    2    1    2    0    0    1    1    0       685  290    0 ANpure   288  289
    3   12    1    1    2    2    1    2    1    0       719  292    0 ANpure   291  292
    3   13    2    1    2    0    0    1    1    0       774  295    0 ANpure   293  294
    3   14    1    1    8    5    4    2    1    0       858  300    0 ANpure   296  297  298  299  300  301  302  303
    3   15    2    1    8    0    0    1    1    0       874  312    0 ANpure   304  305  306  307  308  309  310  311
    3   16    2    1    8    0    0    1    1    0       722  321    0 ANpure   313  314  315  316  317  318  319  320
    3   17    1    1    4    4    1    1    1    1       583  325    0 ANpure   322  323  324  325
    3   18    1    1    4    3    2    2    1    0       993  328    0 ANpure   326  327  328  329
    3   19    2    1    2    0    0    2    1    1       749  332    0 ANpure   330  331
    3   20    1    1    8    1    8    2    1    0      1011  333    0 ANpure   333  334  335  336  337  338  339  340
    3   21    2    1    2    0    0    2    1    1       639  343    0 ANpure   341  342
    3   22    2    1    2    0    0    2    1    1       682  346    0 ANpure   344  345
    3   23    1    1    4    1    4    1    1    1      1159  347    0 ANpure   347  348  349  350
    3   24    2    1    2    0    0    2    1    1       637  353    0 ANpure   351  352
    4    1    1    1    4    1    4    2    1    0       973  354    0 ANpure   354  355  356  357
    4    2    1    1    8    8    1    1    1    1       722  365    0 ANpure   358  359  360  361  362  363  364  365
    4    3    2    1    2    0    0    2    1    1       553  368    0 ANpure   366  367
    4    4    1    1    4    1    4    1    1    1      1141  369    0 ANpure   369  370  371  372
    4    5    2    1    2    0    0    2    1    1       556  375    0 ANpure   373  374
    4    6    2    1    2    0    0    1    1    0       609  378    0 ANpure   376  377
    4    7    1    1    8    4    5    1    1    1       925  382    0 ANpure   379  380  381  382  383  384  385  386
    4    8    1    1    4    4    1    1    1    1       746  390    0 ANpure   387  388  389  390
    4    9    2    1    8    0    0    1    1    0       745  399    0 ANpure   391  392  393  394  395  396  397  398
    4   10    2    1    8    0    0    1    1    0       830  408    0 ANpure   400  401  402  403  404  405  406  407
    4   11    2    1    2    0    0    2    1    1       745  411    0 ANpure   409  410
    4   12    2    1    4    0    0    1    1    0       686  416    0 ANpure   412  413  414  415
    4   13    1    1    8    5    4    2    1    0       999  421    0 ANpure   417  418  419  420  421  422  423  424
    4   14    1    1    8    3    6    2    1    0      1003  427    0 ANpure   425  426  427  428  429  430  431  432
    4   15    1    1    8    2    7    2    1    0       846  434    0 ANpure   433  434  435  436  437  438  439  440
    4   16    2    1    2    0    0    2    1    1       553  443    0 ANpure   441  442
    4   17    1    1    8    6    3    1    1    1       606  449    0 ANpure   444  445  446  447  448  449  450  451
    4   18    1    1    2    1    2    2    1    0       642  452    0 ANpure   452  453
    4   19    1    1    4    3    2    1    1    1      1034  456    0 ANpure   454  455  456  457
    4   20    2    1    2    0    0    1    1    0      1494  460    0 ANpure   458  459
    4   21    1    1    4    3    2    2    1    0       476  463    0 ANpure   461  462  463  464
    4   22    2    1    8    0    0    2    1    1      1621  473    0 ANpure   465  466  467  468  469  470  471  472
    4   23    2    1    2    0    0    1    1    0       744  476    0 ANpure   474  475
    4   24    1    1    2    2    1    2    1    0       839  478    0 ANpure   477  478
    5    1    2    1    8    0    0    2    1    1      2210  487    0 ANpure   479  480  481  482  483  484  485  486
    5    2    1    1    4    1    4    1    1    1       764  488    0 ANpure   488  489  490  491
    5    3    2    1    4    0    0    2    1    1       757  496    0 ANpure   492  493  494  495
    5    4    2    1    2    0    0    2    1    1      1075  499    0 ANpure   497  498
    5    5    2    1    4    0    0    2    1    1       683  504    0 ANpure   500  501  502  503
    5    6    2    1    8    0    0    2    1    1       754  513    0 ANpure   505  506  507  508  509  510  511  512
    5    7    2    1    4    0    0    2    1    1       941  518    0 ANpure   514  515  516  517
    5    8    1    1    2    2    1    2    1    0       821  520    0 ANpure   519  520
    5    9    2    1    4    0    0    2    1    1       668  525    0 ANpure   521  522  523  524
    5   10    1    1    4    4    1    2    1    0       579  529    0 ANpure   526  527  528  529
    5   11    2    1    4    0    0    1    1    0       623  534    0 ANpure   530  531  532  533
    5   12    2    1    2    0    0    2    1    1       586  537    0 ANpure   535  536
    5   13    2    1    2    0    0    2    1    1       558  540    0 ANpure   538  539
    5   14    2    1    8    0    0    1    1    0       868  549    0 ANpure   541  542  543  544  545  546  547  548
    5   15    2    1    8    0    0    2    1    1       581  558    0 ANpure   550  551  552  553  554  555  556  557
    5   16    2    1    2    0    0    2    1    1       681  561    0 ANpure   559  560
    5   17    1    1    8    8    1    2    1    0       544  569    0 ANpure   562  563  564  565  566  567  568  569
    5   18    2    1    8    0    0    2    1    1      1198  578    0 ANpure   570  571  572  573  574  575  576  577
    5   19    2    1    4    0    0    1    1    0       662  583    0 ANpure   579  580  581  582
    5   20    2    1    2    0    0    2    1    1       584  586    0 ANpure   584  585
    5   21    2    1    2    0    0    1    1    0      1293  589    0 ANpure   587  588
    5   22    2    1    2    0    0    1    1    0       558  592    0 ANpure   590  591
    5   23    1    1    2    1    2    2    1    0       580  593    0 ANpure   593  594
    5   24    2    1    4    0    0    1    1    0       575  599    0 ANpure   595  596  597  598
    6    1    1    1    8    1    8    2    1    0       815  600    0 ANpure   600  601  602  603  604  605  606  607
    6    2    1    1    2    2    1    2    1    0       762  609    0 ANpure   608  609
    6    3    2    1    4    0    0    1    1    0       661  614    0 ANpure   610  611  612  613
    6    4    2    1    2    0    0    2    1    1       527  617    0 ANpure   615  616
    6    5    1    1    8    8    1    1    1    1       614  625    0 ANpure   618  619  620  621  622  623  624  625
    6    6    1    1    8    6    3    1    1    1       762  631    0 ANpure   626  627  628  629  630  631  632  633
    6    7    1    1    4    3    2    1    1    1       597  636    0 ANpure   634  635  636  637
    6    8    2    1    2    0    0    1    1    0       594  640    0 ANpure   638  639
    6    9    2    1    4    0    0    1    1    0       923  645    0 ANpure   641  642  643  644
    6   10    1    1    8    1    8    1    1    1      1051  646    0 ANpure   646  647  648  649  650  651  652  653
    6   11    1    1    4    1    4    1    1    1       979  654    0 ANpure   654  655  656  657
    6   12    1    1    8    6    3    1    1    1       630  663    0 ANpure   658  659  660  661  662  663  664  665
    6   13    2    1    4    0    0    1    0    1       901  670    0 ANpure   666  667  668  669
    6   14    2    1    2    0    0    1    1    0       685  673    0 ANpure   671  672
    6   15    2    1    4    0    0    2    1    1       609  678    0 ANpure   674  675  676  677
    6   16    1    1    4    3    2    1    1    1       810  681    0 ANpure   679  680  681  682
    6   17    1    1    4    4    1    1    1    1       410  686    0 ANpure   683  684  685  686
    6   18    1    1    2    1    2    1    1    1       590  687    0 ANpure   687  688
    6   19    1    1    2    1    2    1    1    1       658  689    0 ANpure   689  690
    6   20    1    1    8    4    5    2    1    0       701  694    0 ANpure   691  692  693  694  695  696  697  698
    6   21    1    1    2    2    1    2    1    0       445  700    0 ANpure   699  700
    6   22    2    1    8    0    0    2    1    1       750  709    0 ANpure   701  702  703  704  705  706  707  708
    6   23    2    1    2    0    0    2    1    1      1163  712    0 ANpure   710  711
    6   24    1    1    4    1    4    1    1    1      1079  713    0 ANpure   713  714  715  716
    7    1    2    1    2    0    0    1    1    0       608  719    0 ANpure   717  718
    7    2    2    1    4    0    0    1    1    0       633  724    0 ANpure   720  721  722  723
    7    3    2    1    4    0    0    1    1    0       744  729    0 ANpure   725  726  727  728
    7    4    1    1    2    2    1    2    1    0       631  731    0 ANpure   730  731
    7    5    1    1    8    6    3    1    1    1      1150  737    0 ANpure   732  733  734  735  736  737  738  739
    7    6    1    1    8    5    4    1    1    1       931  744    0 ANpure   740  741  742  743  744  745  746  747
    7    7    2    1    2    0    0    2    1    1       698  750    0 ANpure   748  749
    7    8    1    1    2    1    2    2    1    0       480  751    0 ANpure   751  752
    7    9    1    1    2    1    2    2    1    0       498  753    0 ANpure   753  754
    7   10    1    1    2    2    1    2    1    0       731  756    0 ANpure   755  756
    7   11    1    1    2    2    1    1    1    1       601  758    0 ANpure   757  758
    7   12    1    1    4    4    1    1    1    1       468  762    0 ANpure   759  760  761  762
    7   13    1    1    2    1    2    1    1    1       909  763    0 ANpure   763  764
    7   14    1    1    8    1    8    1    1    1       646  765    0 ANpure   765  766  767  768  769  770  771  772
    7   15    2    1    4    0    0    1    1    0       630  777    0 ANpure   773  774  775  776
    7   16    1    1    8    1    8    1    1    1       681  778    0 ANpure   778  779  780  781  782  783  784  785
    7   17    2    1    2    0    0    2    1    1       545  788    0 ANpure   786  787
    7   18    1    1    4    4    1    1    1    1       469  792    0 ANpure   789  790  791  792
    7   19    2    1    2    0    0    2    1    1       823  795    0 ANpure   793  794
    7   20    1    1    8    7    2    2    1    0       908  802    0 ANpure   796  797  798  799  800  801  802  803
    7   21    2    1    2    0    0    2    1    1       541  806    0 ANpure   804  805
    7   22    1    1    4    1    4    2    1    0       672  807    0 ANpure   807  808  809  810
    7   23    2    1    8    0    0    1    1    0       602  819    0 ANpure   811  812  813  814  815  816  817  818
    7   24    2    1    8    0    0    2    1    1       562  828    0 ANpure   820  821  822  823  824  825  826  827
    8    1    2    1    8    0    0    2    1    1       677  837    0 ANpure   829  830  831  832  833  834  835  836
    8    2    1    1    8    5    4    2    1    0       624  842    0 ANpure   838  839  840  841  842  843  844  845
    8    3    2    1    2    0    0    2    1    1       524  848    0 ANpure   846  847
    8    4    2    1    8    0    0    2    1    1       602  857    0 ANpure   849  850  851  852  853  854  855  856
    8    5    2    1    4    0    0    2    1    1       746  862    0 ANpure   858  859  860  861
    8    6    2    1    4    0    0    2    1    1       599  867    0 ANpure   863  864  865  866
    8    7    2    1    8    0    0    1    1    0       970  876    0 ANpure   868  869  870  871  872  873  874  875
    8    8    1    1    2    2    1    2    1    0       735  878    0 ANpure   877  878
    8    9    2    1    4    0    0    2    1    1       572  883    0 ANpure   879  880  881  882
    8   10    1    1    2    1    2    1    1    1       667  884    0 ANpure   884  885
    8   11    2    1    2    0    0    2    1    1      1900  888    0 ANpure   886  887
    8   12    2    1    8    0    0    2    1    1       580  897    0 ANpure   889  890  891  892  893  894  895  896
    8   13    1    1    4    3    2    2    1    0       863  900    0 ANpure   898  899  900  901
    8   14    1    1    2    2    1    2    1    0       522  903    0 ANpure   902  903
    8   15    1    1    2    2    1    2    1    0       680  905    0 ANpure   904  905
    8   16    1    1    4    1    4    2    1    0       638  906    0 ANpure   906  907  908  909
    8   17    1    1    4    2    3    2    1    0      1023  911    0 ANpure   910  911  912  913
    8   18    2    1    4    0    0    1    1    0       729  918    0 ANpure   914  915  916  917
    8   19    1    1    2    1    2    2    1    0       560  919    0 ANpure   919  920
    8   20    2    1    2    0    0    2    1    1       838  923    0 ANpure   921  922
    8   21    2    1    4    0    0    2    1    1       719  928    0 ANpure   924  925  926  927
    8   22    2    1    8    0    0    1    1    0       808  937    0 ANpure   929  930  931  932  933  934  935  936
    8   23    1    1    2    1    2    1    1    1       588  938    0 ANpure   938  939
    8   24    2    1    8    0    0    1    1    0       871  948    0 ANpure   940  941  942  943  944  945  946  947
    9    1    2    1    8    0    0    2    1    1       718  957    0 ANpure   949  950  951  952  953  954  955  956
    9    2    2    1    4    0    0    2    1    1       562  962    0 ANpure   958  959  960  961
    9    3    2    1    2    0    0    2    1    1       488  965    0 ANpure   963  964
    9    4    2    1    2    0    0    2    1    1       529  968    0 ANpure   966  967
    9    5    1    1    8    2    7    1    1    1      1064  970    0 ANpure   969  970  971  972  973  974  975  976
    9    6    1    1    2    1    2    1    1    1       649  977    0 ANpure   977  978
    9    7    1    1    8    2    7    2    1    0       676  980    0 ANpure   979  980  981  982  983  984  985  986
    9    8    1    1    4    4    1    2    1    0       523  990    0 ANpure   987  988  989  990
    9    9    2    1    2    0    0    2    1    1       995  993    0 ANpure   991  992
    9   10    2    1    2    0    0    1    1    0       559  996    0 ANpure   994  995
    9   11    2    1    2    0    0    2    1    1       885  999    0 ANpure   997  998
    9   12    2    1    8    0    0    1    1    0       543 1008    0 ANpure  1000 1001 1002 1003 1004 1005 1006 1007
    9   13    2    1    4    0    0    2    1    1       578 1013    0 ANpure  1009 1010 1011 1012
    9   14    1    1    2    1    2    2    1    0       831 1014    0 ANpure  1014 1015
    9   15    2    1    4    0    0    1    1    0       823 1020    0 ANpure  1016 1017 1018 1019
    9   16    2    1    4    0    0    2    1    1       574 1025    0 ANpure  1021 1022 1023 1024
    9   17    2    1    4    0    0    1    1    0       777 1030    0 ANpure  1026 1027 1028 1029
    9   18    1    1    2    2    1    1    1    1       575 1032    0 ANpure  1031 1032
    9   19    1    1    2    2    1    1    1    1       509 1034    0 ANpure  1033 1034
    9   20    2    1    8    0    0    1    1    0       821 1043    0 ANpure  1035 1036 1037 1038 1039 1040 1041 1042
    9   21    2    1    4    0    0    1    1    0       846 1048    0 ANpure  1044 1045 1046 1047
    9   22    2    1    2    0    0    2    1    1       553 1051    0 ANpure  1049 1050
    9   23    1    1    4    1    4    1    1    1       892 1052    0 ANpure  1052 1053 1054 1055
    9   24    2    1    2    0    0    2    1    1       525 1058    0 ANpure  1056 1057
