    1    1    1    1    2    2    1    2    1    0      2465    5    1 CMpure     7    5
    1    2    2    1    8    0    0    1    0    1      1258    7    1 CMpure    13   11    9   14   10   15   12   16
    1    3    1    1    8    2    7    1    0    0      2423    5    1 CMpure     4    5    1    8    6    3    7    2
    1    4    1    1    4    3    2    2    1    0       959    7    1 CMpure     4    1    7    2
    1    5    2    1    8    0    0    2    1    1      1277    6    1 CMpure    16    9   10   14   11   15   13   12
    1    6    1    1    8    4    5    2    1    0       958    8    1 CMpure     4    5    7    8    1    6    3    2
    1    7    1    1    2    1    2    2    1    0       972    4    1 CMpure     4    2
    1    8    1    1    8    3    6    2    1    0       681    4    1 CMpure     2    6    4    1    3    5    8    7
    1    9    2    1    8    0    0    2    1    1       833    5    1 CMpure    12   11   10   14   13    9   15   16
    1   10    1    1    8    2    7    1    1    1       804   15    1 CMpure    16   15   10   14   13   11    9   12
    1   11    2    1    4    0    0    1    1    0       621   15    1 CMpure     7    4    1    8
    1   12    2    1    4    0    0    1    1    0       669   10    1 CMpure     8    6    1    2
    1   13    2    1    4    0    0    1    1    0       572   15    1 CMpure     5    2    4    3
    1   14    2    1    8    0    0    1    1    0       697   11    1 CMpure     6    1    8    4    5    3    7    2
    1   15    2    1    4    0    0    2    1    1       710    2    1 CMpure    11   14   16   15
    1   16    2    1    4    0    0    2    1    1       643    4    1 CMpure    11   12   14   15
    1   17    2    1    4    0    0    1    1    0       611   13    1 CMpure     1    4    8    5
    1   18    1    1    4    4    1    2    1    0       373    7    1 CMpure     4    1    5    7
    1   19    2    1    8    0    0    2    1    1       618    4    1 CMpure    13   14    9   16   15   11   12   10
    1   20    2    1    2    0    0    1    1    0       501   15    1 CMpure     6    3
    1   21    2    1    8    0    0    1    1    0       485   13    1 CMpure     1    3    7    8    5    4    6    2
    1   22    1    1    2    1    2    1    1    1       581   16    1 CMpure    16   12
    1   23    1    1    2    2    1    1    1    1       386   11    1 CMpure    16   11
    1   24    2    1    8    0    0    1    1    0       486   15    1 CMpure     3    2    7    8    1    5    6    4
    2    1    1    1    4    4    1    2    1    0       478    3    1 CMpure     1    7    5    3
    2    2    2    1    8    0    0    2    1    1       463    7    1 CMpure    14   16   11   10    9   15   12   13
    2    3    2    1    2    0    0    1    1    0       496   16    1 CMpure     4    8
    2    4    1    1    4    1    4    2    1    0       629    6    1 CMpure     6    3    7    8
    2    5    2    1    4    0    0    2    1    1       454    3    1 CMpure     9   11   15   14
    2    6    2    1    8    0    0    1    1    0       392   14    1 CMpure     1    7    3    2    8    4    6    5
    2    7    1    1    8    8    1    1    1    1       364   12    1 CMpure    16   11    9   14   10   13   15   12
    2    8    2    1    8    0    0    1    1    0       513   12    1 CMpure     7    5    6    4    2    8    1    3
    2    9    2    1    2    0    0    1    1    0       497   11    1 CMpure     6    1
    2   10    2    1    2    0    0    1    1    0       432    9    1 CMpure     3    2
    2   11    2    1    8    0    0    2    1    1       515    5    1 CMpure    14   16   12   15    9   11   13   10
    2   12    2    1    8    0    0    2    1    1       418    7    1 CMpure    11   12   14   15   10   13    9   16
    2   13    1    1    8    3    6    2    1    0       469    1    1 CMpure     2    6    1    8    3    5    7    4
    2   14    1    1    4    3    2    1    1    1       508   13    1 CMpure    12    9   13   14
    2   15    2    1    4    0    0    2    1    1       481    2    1 CMpure    13   16    9   10
    2   16    1    1    2    1    2    2    1    0       417    1    1 CMpure     1    6
    2   17    1    1    8    1    8    1    1    1       437   14    1 CMpure    14   13   10   11    9   12   15   16
    2   18    1    1    2    2    1    1    1    1       375   13    1 CMpure    11   13
    2   19    1    1    2    1    2    1    1    1       460   14    1 CMpure    14   10
    2   20    2    1    4    0    0    2    1    1       500    4    1 CMpure    16   11   10   12
    2   21    1    1    8    3    6    1    1    1       563   13    1 CMpure     9   15   13   10   12   11   16   14
    2   22    1    1    4    2    3    2    1    0       486    5    1 CMpure     1    5    4    6
    2   23    1    1    4    1    4    1    0    0       428    4    1 CMpure     4    2    5    6
    2   24    2    1    2    0    0    2    1    1       495    4    1 CMpure    15    9
    3    1    2    1    8    0    0    1    1    0       533   10    1 CMpure     4    7    5    8    2    3    6    1
    3    2    1    1    8    8    1    1    1    1       371    9    1 CMpure    10   11   15   13   12   16   14    9
    3    3    1    1    4    1    4    2    1    0       462    6    1 CMpure     6    7    8    2
    3    4    1    1    2    1    2    2    1    0       448    4    1 CMpure     4    1
    3    5    2    1    4    0    0    1    1    0       487   10    1 CMpure     4    2    5    1
    3    6    1    1    2    1    2    2    1    0       359    6    1 CMpure     6    3
    3    7    2    1    8    0    0    2    1    1       413    8    1 CMpure    12   10   15   14   13    9   11   16
    3    8    1    1    8    4    5    2    0    1       432   16    1 CMpure    11   10   12   16   14    9   15   13
    3    9    1    1    8    5    4    1    1    1       483   16    1 CMpure    13   15   10   11   16   14    9   12
    3   10    1    1    4    1    4    1    1    1       473   14    1 CMpure    14   13   12   15
    3   11    1    1    8    6    3    1    1    1       490   16    1 CMpure    13   10   11   15    9   16   12   14
    3   12    2    1    2    0    0    1    0    1      1994    6    1 CMpure    15   10
    3   13    2    1    8    0    0    1    1    0       607   16    1 CMpure     3    4    2    5    1    6    8    7
    3   14    1    1    2    1    2    1    1    1       507   12    1 CMpure    12   15
    3   15    2    1    8    0    0    2    1    1       522    1    1 CMpure    15   14   12   11   13    9   10   16
    3   16    2    1    8    0    0    2    1    1       473    1    1 CMpure    14   13   12   16    9   10   15   11
    3   17    1    1    4    3    2    2    1    0       464    7    1 CMpure     6    2    7    8
    3   18    1    1    2    2    1    2    1    0       337    3    1 CMpure     6    3
    3   19    1    1    8    2    7    2    1    0       440    3    1 CMpure     7    3    2    4    8    1    6    5
    3   20    1    1    2    2    1    1    1    1      2442    9    1 CMpure    14    9
    3   21    2    1    4    0    0    1    1    0       402   14    1 CMpure     1    5    4    3
    3   22    2    1    8    0    0    2    1    1       630    4    1 CMpure    12   16    9   14   15   10   11   13
    3   23    1    1    2    1    2    1    1    1       497   13    1 CMpure    13   12
    3   24    1    1    2    1    2    2    1    0       448    4    1 CMpure     4    2
    4    1    1    1    4    4    1    2    1    0       397    3    1 CMpure     8    1    2    3
    4    2    2    1    8    0    0    2    1    1       624    6    1 CMpure    12   16   11   10   13   15   14    9
    4    3    2    1    4    0    0    2    1    1       449    4    1 CMpure     9   11   16   12
    4    4    1    1    8    3    6    2    1    0       451    4    1 CMpure     5    8    4    1    6    7    3    2
    4    5    1    1    2    2    1    1    1    1       565   11    1 CMpure    16   11
    4    6    2    1    8    0    0    1    1    0       514   11    1 CMpure     7    1    6    2    4    3    8    5
    4    7    2    1    4    0    0    1    1    0       486   10    1 CMpure     6    1    2    4
    4    8    2    1    4    0    0    1    1    0       508   11    1 CMpure     8    1    3    6
    4    9    1    1    2    2    1    2    1    0       348    8    1 CMpure     2    8
    4   10    1    1    4    1    4    2    1    0       551    6    1 CMpure     6    4    7    2
    4   11    2    1    2    0    0    2    1    1       645    5    1 CMpure     9   10
    4   12    2    1    4    0    0    1    1    0       725   15    1 CMpure     5    1    3    8
    4   13    2    1    2    0    0    2    1    1       428    7    1 CMpure    16   12
    4   14    2    1    4    0    0    1    1    0       469   11    1 CMpure     8    1    4    7
    4   15    1    1    8    4    5    2    1    0       454    1    1 CMpure     3    4    2    1    8    5    6    7
    4   16    1    1    8    2    7    1    1    1       488    9    1 CMpure    14    9   12   13   15   11   16   10
    4   17    2    1    2    0    0    2    1    1       552    6    1 CMpure    13   14
    4   18    2    1    4    0    0    1    1    0       427   14    1 CMpure     2    8    6    1
    4   19    1    1    8    1    8    2    1    0       463    5    1 CMpure     5    3    8    4    1    2    7    6
    4   20    2    1    2    0    0    1    0    1       416    6    1 CMpure    15   13
    4   21    1    1    2    2    1    1    1    1       500   13    1 CMpure    14   13
    4   22    2    1    2    0    0    2    1    1       516    2    1 CMpure    13   10
    4   23    2    1    4    0    0    2    1    1       520    7    1 CMpure    15   16    9   13
    4   24    1    1    2    1    2    1    1    1       871    9    1 CMpure     9   12
    5    1    1    1    8    1    8    1    1    1       428   10    1 CMpure    10   16   15   11   12   14   13    9
    5    2    2    1    8    0    0    2    1    1       479    2    1 CMpure    10   14   13   11    9   12   15   16
    5    3    1    1    4    2    3    1    1    1       534   14    1 CMpure    16   14   11   13
    5    4    2    1    4    0    0    2    1    1       554    3    1 CMpure    12   15   13   16
    5    5    1    1    2    1    2    1    1    1       568   15    1 CMpure    15   14
    5    6    2    1    2    0    0    1    1    0       469   15    1 CMpure     6    8
    5    7    2    1    4    0    0    1    1    0       491    9    1 CMpure     2    3    4    5
    5    8    2    1    8    0    0    1    1    0       524   14    1 CMpure     2    4    1    7    8    5    3    6
    5    9    1    1    8    1    8    2    1    0       491    4    1 CMpure     4    1    3    5    2    7    8    6
    5   10    2    1    8    0    0    2    1    1       556    1    1 CMpure    13    9   15   11   14   10   12   16
    5   11    2    1    4    0    0    2    1    1       511    1    1 CMpure    16    9   14   11
    5   12    1    1    4    2    3    2    1    0       484    3    1 CMpure     8    3    5    7
    5   13    2    1    2    0    0    1    1    0       565   15    1 CMpure     1    6
    5   14    2    1    8    0    0    1    1    0       545   12    1 CMpure     1    7    2    6    5    8    3    4
    5   15    1    1    8    1    8    1    1    1       480   12    1 CMpure    12   13   11   14   15    9   10   16
    5   16    2    1    4    0    0    2    1    1       550    6    1 CMpure    11   13   16   12
    5   17    1    1    8    3    6    1    1    1       628   11    1 CMpure    15   12   11   10   16   14   13    9
    5   18    2    1    4    0    0    2    1    1       644    3    1 CMpure     9   15   14   13
    5   19    1    1    4    4    1    2    1    0       356    7    1 CMpure     3    8    4    7
    5   20    2    1    4    0    0    2    1    1       511    4    1 CMpure    16    9   13   15
    5   21    1    1    4    3    2    1    1    1       516   11    1 CMpure     9   16   11   13
    5   22    1    1    8    8    1    2    1    0       356    5    1 CMpure     2    6    4    1    8    7    3    5
    5   23    1    1    2    2    1    2    1    0       377    3    1 CMpure     7    3
    5   24    1    1    4    2    3    2    1    0       548    4    1 CMpure     2    4    7    6
    6    1    1    1    4    3    2    2    1    0       497    7    1 CMpure     8    2    7    3
    6    2    2    1    2    0    0    2    1    1       625    5    1 CMpure    15   16
    6    3    1    1    8    4    5    1    1    1       460   15    1 CMpure     9   11   12   15   13   16   14   10
    6    4    2    1    4    0    0    1    1    0       547   13    1 CMpure     2    1    4    7
    6    5    2    1    2    0    0    1    1    0       513   16    1 CMpure     6    8
    6    6    2    1    8    0    0    2    1    1       464    5    1 CMpure     9   12   11   10   13   15   16   14
    6    7    1    1    4    2    3    2    1    0       487    3    1 CMpure     8    3    7    4
    6    8    1    1    2    2    1    1    1    1       407   16    1 CMpure    12   16
    6    9    1    1    4    4    1    1    1    1       513   11    1 CMpure    12   14   10   11
    6   10    1    1    2    2    1    1    1    1       528   12    1 CMpure     9   12
    6   11    1    1    8    1    8    1    1    1       528    9    1 CMpure     9   13   14   15   11   12   10   16
    6   12    2    1    4    0    0    2    1    1       516    2    1 CMpure    16   10    9   11
    6   13    2    1    8    0    0    1    1    0       467   11    1 CMpure     3    2    6    8    7    1    4    5
    6   14    1    1    4    2    3    2    1    0       506    2    1 CMpure     6    2    8    1
    6   15    2    1    2    0    0    2    1    1       474    6    1 CMpure    13   15
    6   16    1    1    4    3    2    1    1    1       448   10    1 CMpure    16   15   10   12
    6   17    2    1    2    0    0    2    1    1       482    5    1 CMpure     9   16
    6   18    1    1    8    6    3    1    1    1       755   12    1 CMpure    15   11   13   16   10   12    9   14
    6   19    1    1    2    2    1    1    1    1       409   15    1 CMpure     9   15
    6   20    1    1    4    4    1    2    1    0       386    1    1 CMpure     2    7    6    1
    6   21    2    1    8    0    0    1    1    0       550   10    1 CMpure     1    5    8    7    4    3    2    6
    6   22    1    1    2    2    1    1    1    1       404   15    1 CMpure    12   15
    6   23    1    1    8    8    1    1    1    1       408   13    1 CMpure    15   12    9   16   14   11   10   13
    6   24    2    1    8    0    0    1    1    0       428    9    1 CMpure     1    7    5    2    6    8    4    3
    7    1    2    1    8    0    0    2    1    1       469    1    1 CMpure    10   13    9   11   16   12   15   14
    7    2    2    1    8    0    0    1    1    0       486   15    1 CMpure     7    1    5    6    2    3    8    4
    7    3    1    1    2    2    1    2    1    0       423    1    1 CMpure     4    1
    7    4    1    1    4    2    3    1    1    1       495   12    1 CMpure    13   12    9   16
    7    5    2    1    4    0    0    2    1    1       549    7    1 CMpure     9   14   10   11
    7    6    2    1    4    0    0    1    1    0       457    9    1 CMpure     2    7    3    1
    7    7    2    1    2    0    0    1    1    0       554   12    1 CMpure     1    3
    7    8    2    1    8    0    0    1    1    0       552   14    1 CMpure     5    3    2    1    6    4    7    8
    7    9    2    1    8    0    0    1    1    0       534   16    1 CMpure     6    1    5    4    3    8    2    7
    7   10    2    1    4    0    0    1    1    0       730   12    1 CMpure     4    2    3    5
    7   11    1    1    8    1    8    2    1    0       512    8    1 CMpure     8    3    6    7    5    2    4    1
    7   12    2    1    4    0    0    1    1    0       453   12    1 CMpure     6    4    5    3
    7   13    2    1    8    0    0    2    1    1       519    7    1 CMpure     9   16   13   15   14   10   11   12
    7   14    1    1    8    3    6    2    1    0       454    8    1 CMpure     1    7    8    3    4    2    6    5
    7   15    1    1    4    1    4    2    1    0       590    5    1 CMpure     5    3    6    7
    7   16    1    1    2    1    2    2    1    0       474    3    1 CMpure     3    7
    7   17    2    1    4    0    0    2    1    1       561    2    1 CMpure    15   16   11   14
    7   18    1    1    2    1    2    2    1    0       383    1    1 CMpure     1    2
    7   19    2    1    4    0    0    1    1    0       552   11    1 CMpure     1    8    6    5
    7   20    1    1    8    5    4    1    1    1       422   13    1 CMpure    11   10    9   12   13   14   16   15
    7   21    2    1    2    0    0    2    1    1       553    4    1 CMpure    10   14
    7   22    2    1    2    0    0    2    1    1       519    6    1 CMpure     9   11
    7   23    2    1    4    0    0    2    1    1       492    1    1 CMpure    13   16   12   14
    7   24    2    1    8    0    0    1    1    0       460    9    1 CMpure     5    2    3    8    1    4    6    7
    8    1    2    1    8    0    0    2    1    1       511    6    1 CMpure    12   10   15   11   16   14   13    9
    8    2    1    1    4    3    2    1    1    1       452   14    1 CMpure    15   10   14    9
    8    3    2    1    8    0    0    2    1    1       566    3    1 CMpure    14   16   12   13    9   11   15   10
    8    4    1    1    4    3    2    1    1    1       505    9    1 CMpure    14   13    9   12
    8    5    2    1    4    0    0    2    1    1       414    8    1 CMpure    16    9   15   13
    8    6    1    1    4    1    4    1    1    1       438   15    1 CMpure    15   10   13   12
    8    7    2    1    2    0    0    1    1    0       457   14    1 CMpure     3    4
    8    8    1    1    2    2    1    1    1    1       331   16    1 CMpure    12   16
    8    9    1    1    8    4    5    2    1    0       513    6    1 CMpure     1    2    7    6    3    4    5    8
    8   10    2    1    8    0    0    1    1    0       560   11    1 CMpure     2    3    8    4    7    6    5    1
    8   11    1    1    4    3    2    1    1    1       452   15    1 CMpure    13   12   15   10
    8   12    2    1    8    0    0    1    1    0       453   16    1 CMpure     3    6    7    2    4    8    5    1
    8   13    1    1    4    4    1    2    1    0       381    7    1 CMpure     2    1    5    7
    8   14    2    1    4    0    0    1    1    0       342   14    1 CMpure     4    5    2    3
    8   15    2    1    4    0    0    2    1    1       562    2    1 CMpure     9   12   10   11
    8   16    2    1    8    0    0    1    1    0       512   12    1 CMpure     8    6    2    1    4    5    7    3
    8   17    1    1    2    2    1    2    1    0       432    4    1 CMpure     3    4
    8   18    1    1    2    2    1    1    1    1       371   11    1 CMpure    15   11
    8   19    2    1    8    0    0    2    1    1       472    4    1 CMpure    13   15    9   12   11   14   16   10
    8   20    1    1    2    1    2    1    1    1       457   15    1 CMpure    15   16
    8   21    2    1    2    0    0    2    1    1       379    6    1 CMpure    15   11
    8   22    2    1    2    0    0    1    1    0       448   10    1 CMpure     8    1
    8   23    1    1    4    1    4    2    1    0       503    6    1 CMpure     6    3    5    1
    8   24    2    1    8    0    0    2    1    1       471    6    1 CMpure    13   15   12   10   16    9   11   14
    9    1    1    1    4    1    4    2    1    0       615    3    1 CMpure     3    2    1    8
    9    2    2    1    8    0    0    2    1    1       770    5    1 CMpure     9   15   11   16   14   12   10   13
    9    3    1    1    4    4    1    1    1    1       444   10    1 CMpure    12   14    9   10
    9    4    2    1    8    0    0    2    1    1       367    7    1 CMpure     9   15   11   16   14   10   12   13
    9    5    2    1    2    0    0    1    1    0       452   15    1 CMpure     5    1
    9    6    1    1    8    5    4    1    1    1       486    9    1 CMpure    14   15   11   16    9   13   10   12
    9    7    2    1    8    0    0    1    1    0       567   12    1 CMpure     3    8    1    6    2    4    5    7
    9    8    1    1    8    1    8    2    1    0       388    2    1 CMpure     2    1    4    7    8    5    3    6
    9    9    2    1    4    0    0    1    1    0       653   11    1 CMpure     1    7    8    2
    9   10    2    1    4    0    0    2    1    1       413    2    1 CMpure    16   13   15   11
    9   11    1    1    4    4    1    1    1    1       358    9    1 CMpure    12   14   16    9
    9   12    2    1    8    0    0    1    1    0       460   14    1 CMpure     7    6    3    8    5    1    2    4
    9   13    1    1    4    3    2    1    1    1       403   13    1 CMpure    14   10   13   15
    9   14    2    1    2    0    0    1    1    0       503   13    1 CMpure     7    1
    9   15    2    1    2    0    0    2    1    1       998    1    1 CMpure    13    9
    9   16    1    1    2    1    2    2    1    0       578    6    1 CMpure     6    5
    9   17    1    1    8    3    6    2    1    0       496    2    1 CMpure     1    7    2    5    4    6    3    8
    9   18    1    1    8    3    6    1    1    1       528   16    1 CMpure    14   15   16    9   12   11   10   13
    9   19    1    1    8    4    5    2    0    1       479   11    1 CMpure    12   16   14   11    9   10   13   15
    9   20    2    1    8    0    0    1    1    0       512   14    1 CMpure     7    1    5    8    6    3    2    4
    9   21    1    1    4    2    3    1    1    1       533    9    1 CMpure    11    9   10   15
    9   22    1    1    4    2    3    1    1    1       521   15    1 CMpure    12   15   10   16
    9   23    2    1    4    0    0    2    1    1       430    6    1 CMpure    13   14   12   10
    9   24    1    1    4    3    2    1    1    1       486   13    1 CMpure    11   16   13   14
