    1    1    2    2    2    0    0    2    1    1      2569   10    3 VMpure     8    7
    1    2    2    2    4    0    0    2    1    1      2112   16    3 VMpure    13   14    9   10
    1    3    1    2    4    2    3    2    1    0      1877    9    3 VMpure    16    9   10    2
    1    4    2    2    4    0    0    1    1    0       473    4    3 VMpure    11    8   13    6
    1    6    2    2    4    0    0    2    1    1       367   12    3 VMpure     5   14   13   16
    1    8    1    2    2    1    2    2    0    1      1285    2    3 VMpure     2    9
    1    9    2    2    2    0    0    1    1    0       438   12    3 VMpure     4    5
    1   10    2    2    2    0    0    2    1    1       689   11    3 VMpure     6   15
    1   11    1    2    8    7    2    2    1    0       610    7    3 VMpure    16   12    8   10    3    1    7   11
    1   12    2    2    2    0    0    2    1    1       582   11    3 VMpure    15    4
    1   13    1    2    8    3    6    1    1    1       666   12    3 VMpure     3   16   12    1    2    8   11    5
    1   14    2    2    8    0    0    1    1    0       676    2    3 VMpure    12   11   14   10    6    4    1    8
    1   15    1    2    4    3    2    1    0    0       578    7    3 VMpure     6    4    7    3
    1   16    2    2    8    0    0    1    0    1       976    6    3 VMpure    10    1   13   16   12    3    2   14
    1   17    2    2    8    0    0    1    1    0       773    3    3 VMpure    16    6   13   15    9    8    2   11
    1   18    2    2    2    0    0    1    1    0      1490   15    3 VMpure    12   10
    1   19    2    2    2    0    0    1    1    0       443    6    3 VMpure     1    7
    1   20    1    2    8    2    7    1    0    0       494    9    3 VMpure    10    9    4   15   13    1   14   16
    1   21    1    2    2    2    1    2    1    0       591    5    3 VMpure     7    5
    1   22    2    2    2    0    0    1    0    1       547   12    3 VMpure    11   13
    1   23    2    2    4    0    0    1    0    1       935    3    3 VMpure    13   16    2   15
    1   24    1    2    4    3    2    1    0    0       595   12    3 VMpure     7   16   12   11
    2    1    2    2    4    0    0    2    1    1       573   13    3 VMpure     7    3    5    2
    2    2    1    2    2    2    1    1    1    1       730    7    3 VMpure    16    7
    2    3    1    2    2    2    1    1    1    1       482    4    3 VMpure     1    4
    2    4    1    2    2    1    2    2    0    1       954   12    3 VMpure    12   16
    2    5    2    2    2    0    0    1    1    0       552    3    3 VMpure     9   14
    2    6    1    2    2    2    1    1    1    1      1070    4    3 VMpure    15    4
    2    7    2    2    8    0    0    2    0    0       896   15    3 VMpure     5    1    7   12   14    4   16   13
    2    8    2    2    2    0    0    2    1    1       456   10    3 VMpure     5    3
    2    9    1    2    2    2    1    1    1    1       811    9    3 VMpure    11    9
    2   10    1    2    2    2    1    2    1    0       814    3    3 VMpure     4    3
    2   11    2    2    4    0    0    2    1    1       975   13    3 VMpure     5    9    8    4
    2   12    2    2    4    0    0    2    1    1       690   11    3 VMpure     7   12   10    4
    2   13    1    2    4    4    1    1    1    1       688   15    3 VMpure     6    7    4   15
    2   14    2    2    8    0    0    1    1    0      1761    6    3 VMpure    15    4    8   12    2   14   13    9
    2   15    2    2    2    0    0    2    1    1       743    8    3 VMpure     1   13
    2   16    2    2    2    0    0    1    0    1       477    6    3 VMpure     3    1
    2   17    1    2    8    5    4    1    1    1      1071   13    3 VMpure     2    6    5   16   13    8    9   11
    2   18    1    2    2    2    1    1    1    1       968   16    3 VMpure     8   16
    2   19    1    2    8    6    3    1    1    1       974    9    3 VMpure    10   13    2    4   11    9    8    6
    2   20    1    2    2    2    1    1    1    1       627   15    3 VMpure    14   15
    2   21    2    2    4    0    0    2    1    1       604   11    3 VMpure    14   13   10    5
    2   22    1    2    4    4    1    1    0    0       589    8    3 VMpure     9    1   14    8
    2   23    1    2    2    2    1    2    1    0       394    5    3 VMpure     8    5
    2   24    2    2    2    0    0    2    1    1       535    6    3 VMpure     7   12
    3    1    2    2    2    0    0    1    1    0       696   11    3 VMpure     7   10
    3    2    2    2    8    0    0    1    1    0       705    9    3 VMpure     2   11   15   14    5   10   13    6
    3    3    2    2    2    0    0    1    1    0       673   16    3 VMpure    14    9
    3    4    1    2    2    1    2    1    1    1      1194    9    3 VMpure     9    7
    3    5    2    2    4    0    0    2    1    1       548   12    3 VMpure     9   14    3    8
    3    6    1    2    2    2    1    2    1    0       738   16    3 VMpure     4   16
    3    7    2    2    8    0    0    2    1    1      1249    1    3 VMpure     9   12   15   13   11    5   14    7
    3    8    1    2    4    4    1    2    1    0       712   11    3 VMpure     2    3   12   11
    3    9    2    2    2    0    0    1    1    0       528    7    3 VMpure    10    4
    3   10    2    2    2    0    0    2    0    0       736    7    3 VMpure    14   15
    3   11    1    2    2    1    2    2    0    1       902   11    3 VMpure    11    3
    3   12    1    2    4    1    4    1    1    1       812    8    3 VMpure     8   15    1   10
    3   13    1    2    4    4    1    1    1    1       829   12    3 VMpure    11   10    9   12
    3   14    1    2    4    2    3    2    0    1       862   10    3 VMpure     4   10   11   14
    3   15    2    2    4    0    0    1    1    0       965   10    3 VMpure     2    6   15    8
    3   16    2    2    8    0    0    2    1    1       770    5    3 VMpure     2    4   10    3   12    6   15   16
    3   17    1    2    2    1    2    1    1    1       808    5    3 VMpure     5   12
    3   18    1    2    4    4    1    2    1    0      1041    6    3 VMpure     4    9   10    6
    3   19    2    2    8    0    0    1    0    1      1012   12    3 VMpure     2   14   10   15   13   16    1    3
    3   20    1    2    2    1    2    2    1    0       552    6    3 VMpure     6   12
    3   21    2    2    8    0    0    2    1    1       870    4    3 VMpure    12    5    3    7   10    8    9   13
    3   22    2    2    2    0    0    2    1    1       591   16    3 VMpure     7   12
    3   23    2    2    4    0    0    2    1    1       593   13    3 VMpure     1    8    6    2
    3   24    1    2    4    3    2    1    1    1       884    5    3 VMpure     1   12    5    6
    4    1    2    2    8    0    0    2    1    1       688   10    3 VMpure     8   15   14    3    2    4    5   13
    4    2    1    2    8    1    8    2    0    1       777   16    3 VMpure    16   14    9    2   11    1    8   15
    4    3    1    2    2    2    1    1    0    0       494    3    3 VMpure    11    3
    4    4    1    2    2    1    2    1    1    1       935    6    3 VMpure     6    7
    4    5    2    2    8    0    0    1    1    0      1942    1    3 VMpure    13    8   12    2    3   15    4    6
    4    6    1    2    2    1    2    1    1    1      1293    2    3 VMpure     2    9
    4    7    2    2    2    0    0    1    1    0       661    9    3 VMpure    16    3
    4    8    2    2    2    0    0    2    1    1       687   15    3 VMpure     4    3
    4    9    1    2    8    3    6    1    0    0       536   16    3 VMpure    12   11   16    5    9    1    8   14
    4   10    1    2    4    1    4    1    1    1      1044   15    3 VMpure    15    1   16   14
    4   11    1    2    2    1    2    1    1    1       855    4    3 VMpure     4   10
    4   12    1    2    8    5    4    2    1    0       697    7    3 VMpure    10    8    9    1    7    2   13    5
    4   13    1    2    4    1    4    1    1    1       735   16    3 VMpure    16    6   15    3
    4   14    1    2    2    1    2    2    1    0       814    3    3 VMpure     3   10
    4   15    2    2    8    0    0    1    1    0       930   11    3 VMpure    14    9   10    6   15   12    4   13
    4   16    2    2    8    0    0    2    1    1       473    5    3 VMpure     7   16   11   12   14    1    4   15
    4   17    1    2    2    2    1    2    1    0       450    6    3 VMpure    10    6
    4   18    1    2    8    2    7    1    0    0       621    3    3 VMpure    10    3    1    8    2    6    7   12
    4   19    1    2    8    4    5    2    0    1       616    1    3 VMpure     7   15   16    1   12    5   10    2
    4   20    1    2    2    1    2    2    1    0       539   13    3 VMpure    13   12
    4   21    1    2    4    1    4    2    1    0       743    9    3 VMpure     9   13   15   16
    4   22    2    2    4    0    0    1    1    0       483    5    3 VMpure     4    9   15   13
    4   23    1    2    2    2    1    1    1    1       484   16    3 VMpure    14   16
    4   24    2    2    8    0    0    2    0    0      1117    9    3 VMpure    15   10   16    5    6    3    4    1
    5    1    2    2    4    0    0    1    1    0       444   13    3 VMpure    14    3   11    6
    5    2    1    2    2    1    2    2    1    0       574    8    3 VMpure     8    9
    5    3    1    2    2    2    1    2    1    0       427   11    3 VMpure     1   11
    5    4    1    2    8    8    1    2    1    0       535   15    3 VMpure     3    6   10    2   14   11    9   15
    5    5    2    2    4    0    0    1    0    1       595   15    3 VMpure     1   13    5    6
    5    6    1    2    2    1    2    2    1    0       560   12    3 VMpure    12    9
    5    7    1    2    4    2    3    1    1    1       907    2    3 VMpure     8    2   10   16
    5    8    1    2    4    2    3    2    0    1       584   14    3 VMpure     5   14   11   15
    5    9    2    2    2    0    0    1    1    0       533    1    3 VMpure    10   16
    5   10    1    2    8    6    3    1    1    1       844    1    3 VMpure     9   16   12    6    2    1   11   13
    5   11    1    2    2    1    2    1    1    1       798   12    3 VMpure    12    2
    5   12    2    2    8    0    0    2    0    0       602    2    3 VMpure    13   11    8   15   12    9    4   16
    5   13    2    2    2    0    0    1    1    0       703   12    3 VMpure    15   11
    5   14    2    2    4    0    0    1    1    0      1003    3    3 VMpure    16   11    4    6
    5   15    2    2    2    0    0    2    1    1       551   14    3 VMpure    15    5
    5   16    2    2    8    0    0    2    1    1       645    6    3 VMpure     7    1   16    8   13    9   10   12
    5   17    1    2    2    2    1    2    1    0       680   14    3 VMpure     7   14
    5   18    1    2    2    2    1    2    0    1       577    9    3 VMpure     8    9
    5   19    1    2    8    3    6    1    1    1       839    1    3 VMpure     2   12    1    7    4    9    6   14
    5   20    2    2    8    0    0    1    1    0       594   13    3 VMpure     1    3    8   16   12    2    5    9
    5   21    1    2    2    2    1    1    1    1       743    2    3 VMpure    14    2
    5   22    1    2    2    2    1    2    1    0       669   16    3 VMpure     3   16
    5   23    1    2    4    1    4    1    1    1      1212    8    3 VMpure     8    6   14    4
    5   24    1    2    8    7    2    1    1    1       784   15    3 VMpure    11    6    9    7   10    2   15   16
    6    1    1    2    2    2    1    2    1    0       559   10    3 VMpure    14   10
    6    2    2    2    8    0    0    1    0    1       733   15    3 VMpure     6    4   10   13    3    5   16   12
    6    3    2    2    2    0    0    1    1    0       532   12    3 VMpure     8   16
    6    4    2    2    2    0    0    2    1    1       786    2    3 VMpure    16   14
    6    5    2    2    8    0    0    1    0    1       855    2    3 VMpure     3   13    5    9   14    6   10    7
    6    6    1    2    8    1    8    2    1    0       793   14    3 VMpure    14    3   12   15    9    1    2    5
    6    7    1    2    2    2    1    1    1    1       582   12    3 VMpure     9   12
    6    8    2    2    4    0    0    1    1    0       704    9    3 VMpure    11    6   14   12
    6    9    2    2    8    0    0    2    1    1       992    3    3 VMpure     1    7   16    4   11   15   14   13
    6   10    1    2    8    2    7    1    0    0       637    8    3 VMpure    10    8    4    6   13   15   14    9
    6   11    1    2    8    6    3    1    0    0      1016   11    3 VMpure     4    6   13   15    7   11    2    3
    6   12    2    2    4    0    0    1    1    0       856   11    3 VMpure     9   12    3    8
    6   13    2    2    2    0    0    1    1    0       738   15    3 VMpure     4   11
    6   14    2    2    2    0    0    2    1    1       633   14    3 VMpure     8    6
    6   15    2    2    8    0    0    1    0    1       900   15    3 VMpure    13    8   11    1    9   12    5    4
    6   16    2    2    2    0    0    1    1    0       700    6    3 VMpure    15   10
    6   17    2    2    8    0    0    1    0    1      1620    9    3 VMpure    10   13    8    4    1   11   12    3
    6   18    1    2    4    4    1    2    1    0       757    1    3 VMpure    10   14    3    1
    6   19    2    2    4    0    0    1    1    0       472   13    3 VMpure     1    5   12    6
    6   20    2    2    8    0    0    1    0    1       977    9    3 VMpure     2   14   12   16   11    8   10    3
    6   21    1    2    4    3    2    1    1    1       724    6    3 VMpure     2    5    6    7
    6   22    1    2    8    4    5    1    0    0       588   13    3 VMpure     1    3   12   13    8    2   16    4
    6   23    2    2    8    0    0    2    0    0       609   13    3 VMpure     3    4    1   16    5   14    6    9
    6   24    1    2    8    1    8    2    1    0       788   16    3 VMpure    16    7    2    6   14    4    1   10
    7    1    2    2    8    0    0    1    1    0       797    6    3 VMpure    16   13    2    8   15    5    9   10
    7    2    2    2    2    0    0    1    1    0       553   12    3 VMpure     4    7
    7    3    2    2    8    0    0    1    1    0       719    3    3 VMpure     6    4    9    1   13   14   10   16
    7    4    2    2    4    0    0    2    1    1       724    4    3 VMpure    12    2    7   16
    7    5    1    2    4    1    4    2    0    1       761    3    3 VMpure     3   13    6   14
    7    6    1    2    8    5    4    1    1    1       607    8    3 VMpure    14   10   13   16    8    9    4   11
    7    7    2    2    8    0    0    2    1    1      1403   14    3 VMpure     2   11    3   16    1   15    9   10
    7    8    1    2    2    1    2    2    1    0       687    8    3 VMpure     8   11
    7    9    2    2    8    0    0    1    1    0       664   15    3 VMpure    14    6   12    2   16   13   10    1
    7   10    2    2    8    0    0    2    1    1       730    7    3 VMpure    11   12    5   15   14    3    9    4
    7   11    2    2    4    0    0    1    1    0       487    1    3 VMpure     7    6   15    8
    7   12    1    2    2    2    1    1    1    1       567    4    3 VMpure     3    4
    7   13    2    2    2    0    0    1    1    0       805   15    3 VMpure     6    4
    7   14    1    2    2    1    2    1    1    1       881   13    3 VMpure    13   11
    7   15    2    2    4    0    0    2    1    1       726   14    3 VMpure    16   12    1   11
    7   16    1    2    4    1    4    2    1    0       811   14    3 VMpure    14    2   16   11
    7   17    1    2    8    5    4    2    1    0       783   10    3 VMpure     9    1    3    5   10    4    2   15
    7   18    1    2    8    6    3    1    1    1       812    6    3 VMpure    10   12    4    7   13    6    5   11
    7   19    1    2    4    4    1    2    1    0       502    6    3 VMpure     1   12   16    6
    7   20    2    2    2    0    0    2    1    1      1230    6    3 VMpure    14    1
    7   21    2    2    2    0    0    1    1    0       529   11    3 VMpure    10    5
    7   22    1    2    4    3    2    1    1    1       894    4    3 VMpure     7   12    4    6
    7   23    2    2    2    0    0    1    1    0       718   10    3 VMpure     6   11
    7   24    2    2    8    0    0    2    1    1       654   15    3 VMpure    14    1    4    9    2    8    6    5
    8    1    2    2    8    0    0    1    1    0       703    6    3 VMpure     1    7   14    9   12    2    5    3
    8    2    1    2    4    4    1    2    1    0       549    8    3 VMpure    16   13    2    8
    8    3    2    2    2    0    0    2    1    1       475    2    3 VMpure     1   15
    8    4    1    2    2    1    2    2    1    0       652   10    3 VMpure    10    2
    8    5    1    2    8    5    4    1    0    0       870    8    3 VMpure    13    9   16    4    8    1    3    7
    8    6    1    2    4    2    3    2    1    0       861   11    3 VMpure    15   11    1    5
    8    7    2    2    8    0    0    1    0    1      1031    3    3 VMpure     2    9   16    6   13   12   14   15
    8    8    2    2    8    0    0    1    1    0      1570    2    3 VMpure     3   13    7   11   16   15   12    6
    8    9    2    2    8    0    0    2    1    1      1111    6    3 VMpure     7    1   10    2    5   12    9    3
    8   10    2    2    4    0    0    2    1    1      1429   12    3 VMpure     1    5    4   14
    8   11    2    2    2    0    0    1    1    0       496   12    3 VMpure     1    7
    8   12    1    2    2    2    1    1    1    1       625    3    3 VMpure     7    3
    8   13    2    2    4    0    0    1    1    0       481    8    3 VMpure    12    5   10   14
    8   14    2    2    8    0    0    1    1    0       994    8    3 VMpure     9   16   12   13   15    7    2    1
    8   15    1    2    2    1    2    2    0    1       535   11    3 VMpure    11   13
    8   16    1    2    2    1    2    2    1    0       757   13    3 VMpure    13   16
    8   17    2    2    4    0    0    2    1    1      1489    7    3 VMpure     6    9   12    2
    8   18    1    2    4    2    3    1    1    1      1095    2    3 VMpure     3    2    7    8
    8   19    1    2    2    2    1    2    1    0       871    1    3 VMpure     7    1
    8   20    1    2    2    2    1    1    1    1       465   16    3 VMpure    10   16
    8   21    2    2    2    0    0    1    1    0       466   15    3 VMpure    12    6
    8   22    1    2    8    1    8    2    1    0       860    2    3 VMpure     2    3   13   12    9    5   16   15
    8   23    1    2    4    1    4    2    1    0       795    7    3 VMpure     7   10    5   15
    8   24    2    2    4    0    0    2    1    1       533   14    3 VMpure     2    6   11   16
    9    1    2    2    4    0    0    1    1    0       517    7    3 VMpure     1    5   15    2
    9    2    1    2    8    2    7    2    1    0       741   14    3 VMpure    13   14    6    5   15   16   10   12
    9    3    2    2    2    0    0    2    1    1       516    7    3 VMpure    13    4
    9    4    1    2    2    1    2    2    1    0       523   10    3 VMpure    10   11
    9    5    2    2    8    0    0    1    0    1      1282   13    3 VMpure     1    6   14   16   12    3    4   15
    9    6    2    2    2    0    0    2    1    1       819   13    3 VMpure     5   10
    9    7    1    2    8    3    6    2    1    0       694   12    3 VMpure    15    4   12    9    1   16    5    8
    9    8    2    2    2    0    0    1    1    0       479   11    3 VMpure    13   10
    9    9    1    2    2    2    1    2    1    0       608    4    3 VMpure    16    4
    9   10    1    2    2    1    2    1    1    1       637    7    3 VMpure     7   15
    9   11    2    2    4    0    0    1    1    0       573   12    3 VMpure     8   14    3   13
    9   12    2    2    2    0    0    1    1    0       562   12    3 VMpure     7    3
    9   13    1    2    4    4    1    2    1    0       933   14    3 VMpure     3    8   13   14
    9   14    1    2    2    1    2    2    1    0       500    9    3 VMpure     9    2
    9   15    1    2    4    4    1    1    1    1       473   13    3 VMpure    14   15   10   13
    9   16    1    2    4    3    2    2    1    0       504    2    3 VMpure    14    1    2   15
    9   17    1    2    4    3    2    2    1    0       429    4    3 VMpure     7   16    4    3
    9   18    1    2    2    1    2    2    1    0       529   11    3 VMpure    11    4
    9   19    2    2    4    0    0    2    1    1       606   10    3 VMpure    15   11    5   14
    9   20    2    2    4    0    0    1    1    0       839    4    3 VMpure    16   13   12    2
    9   21    1    2    8    1    8    2    0    1       762   10    3 VMpure    10   16    4   12   14    1    6    9
    9   22    2    2    2    0    0    2    1    1       536   11    3 VMpure     7   13
    9   23    1    2    8    1    8    1    0    0       430   11    3 VMpure    11    1   10    6    2   15    9    7
    9   24    2    2    8    0    0    2    1    1      1338   16    3 VMpure    14    8    5   10   13    6    7   15
