    1    1    1    2    2    2    1    1    1    1      2736   11    3 VMpure     4   11
    1    2    2    2    4    0    0    1    1    0      1128    3    3 VMpure     8   14   11    5
    1    3    1    2    8    1    8    1    1    1      1452    3    3 VMpure     3   10    4   11    9    7    1   13
    1    4    1    2    4    3    2    2    1    0      3756    6    3 VMpure     9    5    6    2
    1    5    1    2    2    2    1    2    1    0      1337    7    3 VMpure    16    7
    1    6    2    2    8    0    0    2    1    1      1362    8    3 VMpure    14   16    7    6    1    9   11    2
    1    7    2    2    4    0    0    1    1    0      2006    2    3 VMpure     1   15    9    4
    1    8    1    2    8    7    2    2    1    0       795    4    3 VMpure     5    2   10   16    1    7    4   11
    1    9    1    2    8    3    6    2    1    0       946    5    3 VMpure     3   14    5    7   13    8    1    4
    1   10    2    2    4    0    0    1    1    0       710    6    3 VMpure    12    1   15   16
    1   11    1    2    4    4    1    1    1    1       828   10    3 VMpure     9    6   11   10
    1   12    1    2    2    2    1    2    1    0       713    2    3 VMpure    10    2
    1   13    2    2    4    0    0    1    1    0       807   15    3 VMpure     8    7    2    3
    1   14    1    2    2    1    2    1    1    1      1132    9    3 VMpure     9   10
    1   15    2    2    4    0    0    2    1    1       825    7    3 VMpure     1   11    9    3
    1   16    2    2    2    0    0    1    1    0       725    5    3 VMpure    12   14
    1   17    1    2    8    3    6    1    1    1      1214   10    3 VMpure     4    8   10   16    6    3    5    2
    1   18    2    2    4    0    0    1    1    0       760   14    3 VMpure     5    8   16   10
    1   19    2    2    4    0    0    2    1    1       676   12    3 VMpure    14   16   15    2
    1   20    1    2    2    2    1    1    1    1       750    1    3 VMpure     7    1
    1   21    1    2    4    4    1    2    1    0       707   12    3 VMpure     8   15    4   12
    1   22    2    2    8    0    0    2    0    0       924   12    3 VMpure     8    7    9   13    4    3   11    5
    1   23    2    2    2    0    0    1    1    0       596    8    3 VMpure     2   12
    1   24    2    2    2    0    0    1    1    0       610    5    3 VMpure     1    8
    2    1    1    2    8    5    4    2    1    0       617    3    3 VMpure    10    9    2   13    3   15    1   11
    2    2    2    2    4    0    0    1    1    0       682    9    3 VMpure     1   13    8    5
    2    3    1    2    8    8    1    1    1    1       677   12    3 VMpure     8    3    5    2   14   10    7   12
    2    4    1    2    4    3    2    2    1    0       708    1    3 VMpure     6   16    1   13
    2    5    2    2    8    0    0    2    0    0       934    1    3 VMpure     3   13   16    5    4    8   15    9
    2    6    2    2    4    0    0    1    1    0       859    1    3 VMpure    13    5   16   12
    2    7    1    2    2    2    1    2    1    0       654   14    3 VMpure     4   14
    2    8    1    2    8    4    5    1    1    1       881   16    3 VMpure     2    8    7   16   14   12    3   10
    2    9    1    2    4    2    3    2    1    0      1176   16    3 VMpure     1   16    5   10
    2   10    1    2    2    1    2    1    1    1       591    4    3 VMpure     4    2
    2   11    1    2    2    1    2    1    1    1       596    4    3 VMpure     4    6
    2   12    1    2    8    7    2    1    1    1      1258    8    3 VMpure    13    6   15   12    7    9    8    5
    2   13    1    2    8    3    6    1    1    1       886    2    3 VMpure     4   15    2   10    6   14    8   16
    2   14    2    2    8    0    0    2    1    1      2160    2    3 VMpure     6    1    4    7    5   14    9   12
    2   15    1    2    8    5    4    1    1    1      1184   16    3 VMpure    15    3   12    6   16   13    5    1
    2   16    2    2    4    0    0    1    1    0      1011   13    3 VMpure    10    1   11   14
    2   17    1    2    8    1    8    2    1    0      1425    5    3 VMpure     5   12   11    3   15    8   16    2
    2   18    1    2    4    3    2    2    1    0       587   14    3 VMpure     6   10   14    3
    2   19    2    2    2    0    0    1    1    0       552    4    3 VMpure     3    2
    2   20    2    2    4    0    0    1    1    0       604    9    3 VMpure    16   12    6    5
    2   21    1    2    8    6    3    2    1    0       826   15    3 VMpure     3   11    8    7   10   15   12    5
    2   22    1    2    2    1    2    1    1    1       822    1    3 VMpure     1   12
    2   23    1    2    4    1    4    2    1    0       576    1    3 VMpure     1   13    3    6
    2   24    1    2    4    3    2    2    1    0       540   10    3 VMpure     1   14   10    7
    3    1    1    2    2    1    2    1    1    1       564    3    3 VMpure     3   11
    3    2    1    2    4    2    3    2    1    0       552    9    3 VMpure     5    9   12    3
    3    3    2    2    8    0    0    1    1    0       719    1    3 VMpure     7    4   11    9   14   13   16   12
    3    4    2    2    2    0    0    2    1    1       951   11    3 VMpure     7   15
    3    5    1    2    4    1    4    1    1    1       988   15    3 VMpure    15   14    6   11
    3    6    1    2    2    2    1    1    1    1       569    1    3 VMpure     6    1
    3    7    2    2    2    0    0    1    1    0       567    7    3 VMpure    15    1
    3    8    2    2    4    0    0    2    1    1       827   16    3 VMpure    13    4   15   11
    3    9    1    2    2    1    2    2    1    0       671   14    3 VMpure    14    5
    3   10    2    2    2    0    0    2    1    1       649    8    3 VMpure     3   11
    3   11    2    2    8    0    0    2    1    1      1053    6    3 VMpure    10    3   16    4    2   14    9    1
    3   12    2    2    4    0    0    2    1    1       749    7    3 VMpure     6   12   16    1
    3   13    1    2    4    1    4    2    1    0       690   11    3 VMpure    11    3   15    8
    3   14    1    2    2    1    2    1    1    1       579    1    3 VMpure     1    2
    3   15    1    2    2    2    1    1    1    1       657   13    3 VMpure    15   13
    3   16    1    2    4    3    2    2    1    0       665    8    3 VMpure     4    6    8   16
    3   17    1    2    4    3    2    1    1    1       593   12    3 VMpure     6    8   12    3
    3   18    2    2    8    0    0    1    0    1       535   12    3 VMpure     9   13   14    8    3    6   11    5
    3   19    1    2    4    4    1    1    1    1       588    9    3 VMpure    16   13    1    9
    3   20    2    2    2    0    0    1    1    0       626    1    3 VMpure    16    7
    3   21    1    2    4    2    3    2    0    1       659   11    3 VMpure    10   11    8    9
    3   22    1    2    8    5    4    2    1    0       815    5    3 VMpure    16    9   12   10    5    4    2    7
    3   23    1    2    2    1    2    1    1    1       619    2    3 VMpure     2   16
    3   24    2    2    8    0    0    2    1    1       928   14    3 VMpure    16    8    2   12   13   10    1    4
    4    1    1    2    8    4    5    2    1    0       839   16    3 VMpure     5   12    2   16    6    8   11   14
    4    2    2    2    4    0    0    2    1    1       784    1    3 VMpure    11   16    8    3
    4    3    2    2    2    0    0    1    1    0      1037    1    3 VMpure    13   16
    4    4    1    2    2    1    2    1    1    1       473    9    3 VMpure     9    6
    4    5    2    2    2    0    0    1    1    0       547   12    3 VMpure     6    5
    4    6    2    2    4    0    0    2    1    1       655    2    3 VMpure     7    8    9   13
    4    7    2    2    4    0    0    1    1    0       728    9    3 VMpure    14   16    6   12
    4    8    2    2    4    0    0    2    1    1       733    5    3 VMpure    13   11    2   14
    4    9    2    2    8    0    0    1    1    0      1062    3    3 VMpure    11    6   10   12    1    7    9   15
    4   10    1    2    2    2    1    2    1    0       624    7    3 VMpure    13    7
    4   11    2    2    2    0    0    2    1    1       636    4    3 VMpure    12    9
    4   12    1    2    8    8    1    2    1    0       537    7    3 VMpure     3    5   11   13    8   10    6    7
    4   13    2    2    2    0    0    1    1    0       544   13    3 VMpure    14   11
    4   14    2    2    4    0    0    2    1    1       669    2    3 VMpure    16   10   13    5
    4   15    1    2    2    1    2    1    1    1       567    1    3 VMpure     1   13
    4   16    2    2    8    0    0    1    1    0       646    9    3 VMpure    12    8    3    7    4   16   13   14
    4   17    2    2    8    0    0    1    1    0       970    3    3 VMpure     5   10    8   11    1    7    6    4
    4   18    1    2    2    2    1    1    1    1       641    7    3 VMpure     2    7
    4   19    2    2    4    0    0    2    1    1       745   12    3 VMpure    15    9   16    1
    4   20    2    2    2    0    0    2    1    1       633    7    3 VMpure     8    4
    4   21    1    2    4    4    1    2    1    0       698    1    3 VMpure     6   10    8    1
    4   22    2    2    8    0    0    1    1    0       700   14    3 VMpure     5   15    6    9   13   10    7    3
    4   23    1    2    2    1    2    2    1    0       492    9    3 VMpure     9    6
    4   24    2    2    2    0    0    1    1    0       502    4    3 VMpure     2   11
    5    1    2    2    2    0    0    1    1    0       555    6    3 VMpure    14    9
    5    2    2    2    2    0    0    1    1    0       474   11    3 VMpure    13    2
    5    3    2    2    4    0    0    1    1    0       505   12    3 VMpure     4   16   11   10
    5    4    2    2    2    0    0    2    1    1       530    4    3 VMpure     6   11
    5    5    1    2    2    2    1    1    1    1       666   14    3 VMpure     9   14
    5    6    2    2    4    0    0    2    1    1       570   13    3 VMpure     3   12    5    6
    5    7    2    2    2    0    0    2    1    1       544    2    3 VMpure     3    4
    5    8    2    2    4    0    0    1    1    0       501   15    3 VMpure    10    2    5    3
    5    9    1    2    8    4    5    2    1    0       815    9    3 VMpure     1    5    7    9   12   11   14    2
    5   10    1    2    2    1    2    1    1    1       563   12    3 VMpure    12    7
    5   11    1    2    4    4    1    2    1    0       511    7    3 VMpure     5    6    8    7
    5   12    2    2    4    0    0    1    1    0       693    7    3 VMpure     6    5   11   12
    5   13    1    2    8    7    2    2    1    0       712    9    3 VMpure    13   14    3    7    6    8    9   12
    5   14    1    2    2    1    2    2    1    0       536    5    3 VMpure     5    6
    5   15    1    2    2    1    2    1    1    1       552    6    3 VMpure     6    5
    5   16    1    2    8    4    5    1    1    1       831    9    3 VMpure     4    6   12    9   10    3   11    1
    5   17    2    2    8    0    0    2    0    0       956    3    3 VMpure     6    5   16   10    2   12    4   15
    5   18    2    2    2    0    0    1    1    0       539    4    3 VMpure     8   15
    5   19    2    2    4    0    0    1    1    0      1848    8    3 VMpure     4    2    1    5
    5   20    2    2    4    0    0    1    1    0       848    5    3 VMpure     6   16    7   15
    5   21    1    2    8    8    1    2    1    0       572    7    3 VMpure    13   14   16    4    8   12    5    7
    5   22    2    2    2    0    0    2    1    1       610   11    3 VMpure     5    2
    5   23    2    2    8    0    0    2    0    0      1719    4    3 VMpure    15    7    3   14    1    6    2   11
    5   24    2    2    4    0    0    2    1    1       989    2    3 VMpure     3    4    8   14
    6    1    1    2    4    2    3    1    1    1       650   15    3 VMpure     4   15    8    3
    6    2    2    2    8    0    0    1    1    0       742    7    3 VMpure     2   15   13   16    6   14    9    8
    6    3    1    2    8    8    1    2    1    0       862   15    3 VMpure     1   16    5   14   11    4   13   15
    6    4    1    2    8    5    4    2    1    0       642   13    3 VMpure    12   14   15   16   13    5    4    2
    6    5    2    2    2    0    0    1    1    0       741    8    3 VMpure    16    1
    6    6    2    2    8    0    0    2    0    0       822    4    3 VMpure     2    1    3    5    8    6    7   13
    6    7    1    2    4    2    3    2    1    0       471   14    3 VMpure     8   14   11   13
    6    8    2    2    8    0    0    2    1    1      1058    9    3 VMpure    14    1    4    5   10    7   15   13
    6    9    2    2    2    0    0    1    1    0       469    3    3 VMpure    10    5
    6   10    2    2    4    0    0    2    1    1       709   14    3 VMpure    15   11   10    4
    6   11    2    2    4    0    0    2    1    1      2323   15    3 VMpure    11   14   13   16
    6   12    1    2    4    4    1    2    1    0       617   13    3 VMpure     7   12   16   13
    6   13    2    2    8    0    0    1    1    0      3278   11    3 VMpure     9   16    2    7    4    3    1   13
    6   14    1    2    2    1    2    1    1    1       424    5    3 VMpure     5   13
    6   15    2    2    4    0    0    2    1    1       698    4    3 VMpure     2   10    7   14
    6   16    2    2    4    0    0    1    1    0      1200   10    3 VMpure     5    3   11   15
    6   17    1    2    2    2    1    2    1    0       605   16    3 VMpure     4   16
    6   18    2    2    4    0    0    1    1    0       568   11    3 VMpure     6   12    4   10
    6   19    1    2    8    5    4    2    0    1      2127    3    3 VMpure    10    7   16    4    3   11    2    5
    6   20    1    2    2    2    1    1    1    1       591   13    3 VMpure     9   13
    6   21    1    2    2    2    1    2    1    0       484    6    3 VMpure     4    6
    6   22    1    2    8    4    5    1    1    1       615   12    3 VMpure     1   11    2   12    5    7   14   10
    6   23    1    2    4    1    4    1    1    1       464   11    3 VMpure    11    7   12   16
    6   24    1    2    8    6    3    2    1    0       755   14    3 VMpure     1   16   12    3    9   14   13    8
    7    1    1    2    8    4    5    1    1    1       601    7    3 VMpure     4    3    6    7    9    8    5   10
    7    2    2    2    2    0    0    1    1    0       462    4    3 VMpure     1    8
    7    3    1    2    2    2    1    2    1    0       481   16    3 VMpure     9   16
    7    4    2    2    8    0    0    1    1    0       723   11    3 VMpure    12   14    1    5    6    2    3    8
    7    5    2    2    4    0    0    1    1    0       521    6    3 VMpure    14    1    7   12
    7    6    2    2    4    0    0    2    1    1       550    3    3 VMpure    15    4   11   16
    7    7    1    2    8    7    2    1    1    1       862   13    3 VMpure    10    1    5    9   16   15   13    8
    7    8    2    2    8    0    0    2    1    1       682    7    3 VMpure    11    3    2   16    9    1    8    5
    7    9    1    2    8    3    6    2    1    0      1196    5    3 VMpure     4   16    5   14    2   12   13   10
    7   10    2    2    4    0    0    1    1    0       687    4    3 VMpure     9    3   12   11
    7   11    1    2    8    8    1    1    1    1       537    9    3 VMpure     3   15    7   13   12    8    4    9
    7   12    1    2    2    1    2    2    1    0       473    2    3 VMpure     2    1
    7   13    2    2    2    0    0    2    1    1       691    3    3 VMpure     2    6
    7   14    2    2    8    0    0    1    1    0      2541    9    3 VMpure    12   10    4   11    7   15    2   16
    7   15    1    2    4    3    2    1    1    1       618    6    3 VMpure    12    9    6    8
    7   16    1    2    4    1    4    1    0    0      1156    7    3 VMpure     7   11    1   16
    7   17    1    2    2    2    1    1    1    1       483   14    3 VMpure     5   14
    7   18    2    2    2    0    0    1    1    0       436   11    3 VMpure     3    2
    7   19    1    2    4    1    4    1    1    1       621    7    3 VMpure     7    9    2   13
    7   20    2    2    8    0    0    2    0    0       866    2    3 VMpure     1    5    4   14   10    6   13   11
    7   21    1    2    8    7    2    2    1    0       621    5    3 VMpure    13    4    1   15    9    6    5    2
    7   22    2    2    8    0    0    1    1    0       858    2    3 VMpure     5   12    7   10    6    8    3    4
    7   23    1    2    8    8    1    2    1    0       438    1    3 VMpure     7    8   12    3   15   11    6    1
    7   24    1    2    4    3    2    1    1    1      1935    7    3 VMpure    15   14    7    3
    8    1    2    2    2    0    0    2    1    1       498   15    3 VMpure     1    3
    8    2    1    2    8    4    5    2    1    0       620    7    3 VMpure     6    1   16    7    8    3    4   11
    8    3    2    2    4    0    0    2    1    1       541   14    3 VMpure     1    8    2   13
    8    4    2    2    4    0    0    1    1    0       650   16    3 VMpure    11    3    2    5
    8    5    2    2    2    0    0    1    1    0       397   14    3 VMpure    15    6
    8    6    1    2    2    2    1    2    1    0       458   13    3 VMpure    14   13
    8    7    1    2    8    2    7    2    1    0       413   14    3 VMpure     2   14    4   10   15   13    1    6
    8    8    1    2    8    7    2    2    1    0       531    6    3 VMpure     8    2   15    7   16   10    6    3
    8    9    1    2    2    1    2    2    1    0       594    8    3 VMpure     8   11
    8   10    1    2    4    2    3    2    1    0       925    1    3 VMpure    14    1    5    3
    8   11    1    2    4    2    3    2    1    0       803    8    3 VMpure     6    8   12   15
    8   12    1    2    2    1    2    1    1    1       552    1    3 VMpure     1    5
    8   13    1    2    4    2    3    2    1    0       836    4    3 VMpure    15    4    1    3
    8   14    1    2    4    4    1    2    1    0       677    7    3 VMpure     6    5   13    7
    8   15    1    2    8    6    3    2    1    0       688    3    3 VMpure    15    6   16    2   13    3   12    8
    8   16    1    2    4    1    4    2    1    0       927    4    3 VMpure     4   16    9   10
    8   17    2    2    2    0    0    2    1    1       543    4    3 VMpure    12   11
    8   18    1    2    2    1    2    1    1    1       551   12    3 VMpure    12    5
    8   19    1    2    2    2    1    1    1    1       478    1    3 VMpure     6    1
    8   20    1    2    8    4    5    1    0    0       817   14    3 VMpure     6    1    4   14   10    3    2    5
    8   21    1    2    8    2    7    2    1    0       909    4    3 VMpure     6    4   10    7   16   14    8   12
    8   22    2    2    8    0    0    1    0    1       631   10    3 VMpure     7    6    4    5   12    1   16    3
    8   23    1    2    4    3    2    2    1    0       648    8    3 VMpure     5   15    8    2
    8   24    1    2    8    6    3    2    1    0      1204   14    3 VMpure     3    7    4   16    6   14    5   11
    9    1    2    2    4    0    0    1    1    0       594   12    3 VMpure     3    1    6    5
    9    2    2    2    2    0    0    1    1    0       520    7    3 VMpure     6    1
    9    3    1    2    2    1    2    2    1    0       400   13    3 VMpure    13   11
    9    4    2    2    2    0    0    1    1    0       429    5    3 VMpure     1    6
    9    5    2    2    4    0    0    1    1    0       622    7    3 VMpure    16    8    1    4
    9    6    2    2    8    0    0    1    1    0      1195    5    3 VMpure    11    6    2    1   14   15    7    3
    9    7    1    2    4    1    4    1    1    1       470   13    3 VMpure    13   11    6    9
    9    8    2    2    8    0    0    1    0    1      1001   13    3 VMpure    10    5   15    9    6   14   16    4
    9    9    1    2    4    4    1    1    1    1       500    5    3 VMpure     9   15   11    5
    9   10    1    2    2    2    1    1    1    1       436    3    3 VMpure    10    3
    9   11    2    2    8    0    0    1    1    0      2489    3    3 VMpure     4   14    9    8   13   15   12    6
    9   12    1    2    8    5    4    1    1    1      2371    1    3 VMpure     4   11    9   15    1   12   14   16
    9   13    1    2    2    2    1    2    1    0       514    6    3 VMpure     1    6
    9   14    2    2    8    0    0    2    1    1       738    7    3 VMpure     1    6    5    4    3    9   10    2
    9   15    2    2    2    0    0    2    1    1       474    1    3 VMpure     5   13
    9   16    1    2    4    1    4    2    1    0       625    9    3 VMpure     9   10   15    6
    9   17    2    2    8    0    0    2    0    0      1078    2    3 VMpure    13    7    3    1    5   14   15   16
    9   18    2    2    2    0    0    1    1    0       953   15    3 VMpure     6    8
    9   19    2    2    8    0    0    1    1    0       808    5    3 VMpure     2   10    3    9    4   16   12    6
    9   20    1    2    8    7    2    1    1    1       654   11    3 VMpure     9    7    2   10   12    6   11    4
    9   21    1    2    4    4    1    2    1    0       486    6    3 VMpure    15    5   12    6
    9   22    1    2    8    2    7    1    1    1       633    7    3 VMpure     6    7    3   11    2   12   14    5
    9   23    1    2    4    2    3    1    1    1       578   10    3 VMpure     1   10    7   14
    9   24    1    2    4    2    3    1    1    1       981    6    3 VMpure     7    6    4    5
