    1    1    2    2    2    0    0    2    1    1     10346   16    3 VMpure    10    9
    1    2    1    2    4    3    2    1    1    1       818   10    3 VMpure    14   12   10    2
    1    3    1    2    2    2    1    2    1    0      1172    4    3 VMpure     7    4
    1    4    1    2    4    4    1    2    1    0       718    9    3 VMpure    14    3   12    9
    1    5    1    2    4    2    3    2    1    0       792    5    3 VMpure    13    5    3   15
    1    6    2    2    8    0    0    1    1    0      1449   14    3 VMpure     7   10    1    8   15   13    9   11
    1    7    2    2    2    0    0    1    1    0      4115    9    3 VMpure     7   10
    1    8    1    2    2    1    2    2    1    0       819    8    3 VMpure     8    2
    1    9    1    2    4    1    4    2    1    0       731   10    3 VMpure    10    3    1    6
    1   10    2    2    8    0    0    2    1    1       994    5    3 VMpure    15    7   10   11   13    4    1    3
    1   11    1    2    8    6    3    2    1    0       975    3    3 VMpure     5   10    9   11   15    3    7   16
    1   12    2    2    8    0    0    1    1    0      1133    3    3 VMpure     8   15    6    5   12    7   14    9
    1   13    2    2    8    0    0    1    1    0       932    3    3 VMpure     2    7    8    6   16    1    9   12
    1   14    1    2    4    4    1    1    1    1      1448    3    3 VMpure    10   13   12    3
    1   15    1    2    8    2    7    1    1    1      1346   15    3 VMpure     4   15    8    6   10    3   12    9
    1   16    2    2    8    0    0    1    1    0      1809   13    3 VMpure    14    5    8   12    3   11   16    9
    1   17    2    2    2    0    0    2    1    1      3294   11    3 VMpure     7   12
    1   18    1    2    4    1    4    2    1    0      1044    2    3 VMpure     2    8    7   12
    1   19    2    2    2    0    0    2    1    1      2863    9    3 VMpure     1    3
    1   20    1    2    8    6    3    2    1    0      1009    6    3 VMpure    12   11    5    8   16    6    1    3
    1   21    1    2    2    2    1    1    1    1      1853   12    3 VMpure     6   12
    1   22    1    2    8    6    3    1    1    1      1047    1    3 VMpure    16   14    8   10    6    1    3   15
    1   23    1    2    2    2    1    2    1    0       786   12    3 VMpure    13   12
    1   24    2    2    4    0    0    1    1    0       797    7    3 VMpure    11    6   15    9
    2    1    2    2    8    0    0    1    0    1      1042   13    3 VMpure    16    6   12    3   10    4   11    5
    2    2    1    2    4    3    2    1    1    1      1043   14    3 VMpure    15   10   14    7
    2    3    1    2    8    2    7    1    1    1      1118    4    3 VMpure     7    4    6   14   13    1    2   16
    2    4    1    2    8    4    5    2    0    1      2453   15    3 VMpure     3    6    9   15    7    2    8   12
    2    5    1    2    2    2    1    2    1    0      1143   10    3 VMpure    13   10
    2    6    2    2    2    0    0    1    1    0       798    9    3 VMpure     2   13
    2    7    2    2    2    0    0    2    1    1      1490    4    3 VMpure     1    8
    2    8    2    2    2    0    0    1    1    0      1403    4    3 VMpure    14   15
    2    9    2    2    2    0    0    2    1    1      1223   16    3 VMpure     6    3
    2   10    2    2    8    0    0    1    1    0       795    9    3 VMpure    10    2   15   12    3    5   11   13
    2   11    1    2    2    1    2    2    1    0       896    3    3 VMpure     3    9
    2   12    1    2    8    2    7    2    0    1      1169   12    3 VMpure     1   12    3   10    7    6   13    5
    2   13    2    2    2    0    0    1    0    1       710    1    3 VMpure     8   10
    2   14    2    2    8    0    0    2    0    0      1327    2    3 VMpure     3   16   12   15    1   11   13   10
    2   15    1    2    8    1    8    1    1    1       878    6    3 VMpure     6    7    4   11   16    1   13    5
    2   16    1    2    2    2    1    1    1    1       800    5    3 VMpure    13    5
    2   17    1    2    4    3    2    1    1    1      1225   15    3 VMpure    14    5   15    3
    2   18    1    2    2    2    1    1    1    1       797   11    3 VMpure     4   11
    2   19    2    2    4    0    0    1    1    0       855    5    3 VMpure    12    6   11    9
    2   20    1    2    4    1    4    1    1    1       559    6    3 VMpure     6    1    8    3
    2   21    1    2    2    2    1    1    1    1       669   13    3 VMpure     1   13
    2   22    1    2    4    2    3    2    1    0      1180    8    3 VMpure     3    8   11   15
    2   23    1    2    4    4    1    2    1    0       726    5    3 VMpure     4   13    7    5
    2   24    2    2    8    0    0    2    1    1       766   10    3 VMpure     7    6    1   14    2    9   13    4
    3    1    2    2    8    0    0    2    1    1       750    6    3 VMpure    10   11   15   16   12    3    5    7
    3    2    1    2    8    4    5    2    1    0       789   11    3 VMpure     3   13   16   11    8    9   14    1
    3    3    2    2    4    0    0    1    1    0       607    9    3 VMpure    11   10    7   16
    3    4    2    2    8    0    0    1    1    0       971   12    3 VMpure     9    7   15    1   10   13   11    5
    3    5    1    2    2    2    1    1    1    1      1049    5    3 VMpure     2    5
    3    6    1    2    2    2    1    2    1    0       531    8    3 VMpure     5    8
    3    7    2    2    4    0    0    1    1    0       760   15    3 VMpure     6    3   11    9
    3    8    2    2    4    0    0    1    1    0      1011    2    3 VMpure     1   10    7    3
    3    9    1    2    8    8    1    2    1    0      1024    9    3 VMpure     6   15    4    3   10    2    1    9
    3   10    2    2    2    0    0    1    1    0       603   16    3 VMpure     2   13
    3   11    1    2    8    5    4    2    1    0       727    3    3 VMpure     6   14    9   13    3    2   11   15
    3   12    1    2    4    3    2    2    1    0       676    7    3 VMpure     2   16    7   15
    3   13    1    2    4    3    2    2    1    0       611   14    3 VMpure     3    9   14   13
    3   14    2    2    8    0    0    1    0    1       687   16    3 VMpure     4   10   13    7   11   12    1    2
    3   15    1    2    8    3    6    2    1    0      1481   13    3 VMpure    11   10   13    4   15    7    2    3
    3   16    2    2    2    0    0    2    1    1      1170    3    3 VMpure    15    9
    3   17    1    2    4    1    4    1    1    1       845    2    3 VMpure     2    6    9    7
    3   18    2    2    2    0    0    2    1    1      1072   15    3 VMpure     8   11
    3   19    1    2    2    1    2    2    1    0       745   10    3 VMpure    10   16
    3   20    2    2    8    0    0    2    1    1       688    1    3 VMpure     8   16    9   15   14    5   10   11
    3   21    2    2    4    0    0    1    1    0       879    1    3 VMpure     6    7    2   16
    3   22    2    2    2    0    0    2    1    1       768   11    3 VMpure    16    2
    3   23    2    2    8    0    0    1    1    0       757    7    3 VMpure    15   12    4    3   10   16    1   11
    3   24    1    2    2    2    1    1    1    1       748   11    3 VMpure    12   11
    4    1    2    2    2    0    0    1    1    0      1389    9    3 VMpure     4   13
    4    2    1    2    4    2    3    1    0    0       879    3    3 VMpure     7    3   15   14
    4    3    2    2    2    0    0    2    1    1       816    2    3 VMpure    12   14
    4    4    2    2    4    0    0    1    1    0       825    3    3 VMpure    12    2   13    5
    4    5    2    2    2    0    0    1    1    0      1661    6    3 VMpure    13   10
    4    6    2    2    2    0    0    1    1    0       831    3    3 VMpure    15   11
    4    7    1    2    8    7    2    2    1    0      1091   13    3 VMpure     5    4    9    3    7    8   13   11
    4    8    2    2    4    0    0    1    1    0       689   12    3 VMpure     8    6   13   10
    4    9    2    2    2    0    0    2    1    1       793    1    3 VMpure     4   11
    4   10    1    2    8    4    5    2    1    0      1071    9    3 VMpure    12   10    2    9    4   16    3    8
    4   11    2    2    8    0    0    1    1    0      1000   14    3 VMpure     5    7    6   10   16   12    1    4
    4   12    1    2    8    5    4    1    1    1       693    7    3 VMpure     1    9   13   11    7    8    3    4
    4   13    1    2    4    1    4    2    1    0       691   12    3 VMpure    12    7    4    6
    4   14    1    2    4    4    1    1    1    1       561    7    3 VMpure    16   14   10    7
    4   15    2    2    2    0    0    1    1    0      1071   14    3 VMpure    12   16
    4   16    1    2    4    4    1    1    1    1      1022    2    3 VMpure     9    4    6    2
    4   17    1    2    2    2    1    2    1    0       473   13    3 VMpure     5   13
    4   18    2    2    2    0    0    2    1    1      1403    1    3 VMpure     7    9
    4   19    2    2    8    0    0    2    1    1      1047   14    3 VMpure     6   11    2   10   12    3    9    1
    4   20    2    2    8    0    0    2    1    1       546   15    3 VMpure     6    2    5   12    8    9   11    3
    4   21    2    2    2    0    0    2    1    1       625    7    3 VMpure     3    1
    4   22    1    2    2    2    1    2    1    0       573    5    3 VMpure    16    5
    4   23    2    2    8    0    0    1    1    0       586   14    3 VMpure     7   13    9    8   16    5   11    1
    4   24    1    2    4    2    3    1    1    1      1420    7    3 VMpure     9    7   10    6
    5    1    2    2    2    0    0    1    1    0      1083    8    3 VMpure    12   16
    5    2    2    2    2    0    0    1    1    0      2068    6    3 VMpure    12   13
    5    3    1    2    4    3    2    2    1    0       715    4    3 VMpure    10    2    4   12
    5    4    2    2    8    0    0    1    1    0       739    8    3 VMpure     4    3    5    9    7    1   14   15
    5    5    2    2    4    0    0    1    1    0       815    4    3 VMpure    10    3    2   12
    5    6    1    2    8    8    1    1    1    1       611    3    3 VMpure    10   11   15    1    6    2   16    3
    5    7    1    2    8    3    6    1    1    1       735   16    3 VMpure    12    7   16   10    8   14    3    6
    5    8    2    2    2    0    0    2    1    1       486    5    3 VMpure     1   11
    5    9    1    2    8    2    7    2    0    1       935    5    3 VMpure     7    5    1   11    9   13    6    2
    5   10    1    2    2    2    1    2    1    0       678    2    3 VMpure    14    2
    5   11    2    2    2    0    0    1    1    0       815    1    3 VMpure    11    9
    5   12    2    2    8    0    0    1    1    0       739    8    3 VMpure     4    3   10    2   15   11    5   14
    5   13    2    2    2    0    0    2    1    1       777    3    3 VMpure    10   11
    5   14    1    2    8    8    1    2    1    0       447    5    3 VMpure    16    7    6   10    3    2    4    5
    5   15    1    2    2    2    1    2    1    0       418    6    3 VMpure    14    6
    5   16    1    2    2    1    2    1    1    1       774   15    3 VMpure    15    5
    5   17    1    2    2    1    2    2    1    0       475   12    3 VMpure    12    7
    5   18    2    2    4    0    0    1    1    0       610    8    3 VMpure     2   15   11    6
    5   19    1    2    8    3    6    1    1    1       766    2    3 VMpure    12   16    2   14    7   13   15    1
    5   20    2    2    4    0    0    1    1    0       905   14    3 VMpure     4    9    7    5
    5   21    2    2    8    0    0    2    1    1       681    1    3 VMpure    11    9    8   14    5   15    6    4
    5   22    1    2    2    1    2    1    1    1      1026   15    3 VMpure    15    5
    5   23    2    2    8    0    0    1    1    0       830    4    3 VMpure    16    2    9    6   13    3   15    5
    5   24    1    2    2    2    1    2    1    0       449    1    3 VMpure     7    1
    6    1    2    2    2    0    0    2    1    1      1087   14    3 VMpure     6    8
    6    2    2    2    2    0    0    2    0    0       568    7    3 VMpure     3    4
    6    3    1    2    8    4    5    2    1    0       725    1    3 VMpure     2   10   13    1    8    3    4    6
    6    4    1    2    8    6    3    1    1    1       813    4    3 VMpure     5    1   12    7    3    4   16    2
    6    5    1    2    2    2    1    1    1    1       657   11    3 VMpure     6   11
    6    6    1    2    4    2    3    1    1    1       817    5    3 VMpure    15    5    4   12
    6    7    1    2    8    5    4    1    1    1      1012    6    3 VMpure    16    5    8   15    6    1    7    2
    6    8    1    2    8    5    4    1    1    1       833   14    3 VMpure     8    2   12   13   14    5    6    9
    6    9    2    2    2    0    0    2    1    1       516    9    3 VMpure    10    5
    6   10    1    2    8    1    8    1    0    0       995   15    3 VMpure    15    4    2   11    7    8    1   10
    6   11    1    2    4    3    2    2    1    0       533    4    3 VMpure    16   10    4    9
    6   12    1    2    8    2    7    2    1    0       644   11    3 VMpure    10   11    3    6   14   16   15    5
    6   13    2    2    2    0    0    2    1    1       623   16    3 VMpure     5    4
    6   14    1    2    4    2    3    2    1    0       912    1    3 VMpure    14    1   16    7
    6   15    2    2    2    0    0    1    1    0       784   10    3 VMpure     7   14
    6   16    1    2    4    4    1    2    1    0       570    5    3 VMpure    16   12   11    5
    6   17    1    2    8    5    4    2    1    0       584    7    3 VMpure    14    3    6   10    7   12    5   11
    6   18    2    2    4    0    0    2    1    1       890   11    3 VMpure     5   12    8    9
    6   19    1    2    8    7    2    1    1    1       827    7    3 VMpure    13   11    1    6   14   16    7    3
    6   20    1    2    8    1    8    1    1    1       911    6    3 VMpure     6    5    9    3    1   13   12   16
    6   21    1    2    8    1    8    1    1    1       527    6    3 VMpure     6   15   16   10    3    5    8    1
    6   22    1    2    8    3    6    1    0    0      2143   10    3 VMpure     9    8   10   13   12    5    2    4
    6   23    2    2    8    0    0    1    1    0      1310    4    3 VMpure     9   10   12   15   14   16    1   13
    6   24    1    2    4    4    1    2    1    0       483    7    3 VMpure     8   13    4    7
    7    1    1    2    2    2    1    2    1    0       418   11    3 VMpure     4   11
    7    2    1    2    2    1    2    2    1    0       885    5    3 VMpure     5   12
    7    3    2    2    2    0    0    1    1    0       550    3    3 VMpure     2   12
    7    4    2    2    8    0    0    1    1    0       692    3    3 VMpure     1    6    4    9   16    8   14    5
    7    5    2    2    8    0    0    2    1    1       733    1    3 VMpure    14    4    5    9   15   12    2   11
    7    6    2    2    4    0    0    1    1    0       713    1    3 VMpure    16   13    8   15
    7    7    2    2    8    0    0    1    1    0      1506    5    3 VMpure    14   15   16    4    8    6   13    1
    7    8    1    2    8    5    4    2    1    0       650   10    3 VMpure     3   15    1    6   10    7    5    4
    7    9    2    2    2    0    0    2    1    1       564   14    3 VMpure     6   16
    7   10    2    2    8    0    0    1    1    0       771   15    3 VMpure     1    9   12   16   13   14    2    3
    7   11    2    2    4    0    0    1    1    0       813   12    3 VMpure    11    6    5   14
    7   12    2    2    8    0    0    2    1    1       594    8    3 VMpure     7    3    4   11    9   15    2   10
    7   13    2    2    4    0    0    1    1    0       644    9    3 VMpure    16   13    7    8
    7   14    2    2    4    0    0    1    1    0       516   15    3 VMpure     3    9    2    8
    7   15    1    2    4    3    2    2    1    0       937    7    3 VMpure     1   11    7   15
    7   16    2    2    8    0    0    2    1    1       888    8    3 VMpure    10    4   16    3    7   14    1   11
    7   17    1    2    4    4    1    2    1    0       622    6    3 VMpure     5    1   16    6
    7   18    2    2    2    0    0    1    1    0       618    5    3 VMpure     3   15
    7   19    1    2    2    1    2    2    0    1       565    6    3 VMpure     6   16
    7   20    1    2    8    8    1    1    1    1       627    4    3 VMpure    12   16   11    3    7   13   15    4
    7   21    2    2    8    0    0    2    0    0       734   13    3 VMpure     9    8   11    2   15    1    4   12
    7   22    1    2    2    2    1    2    1    0       613    2    3 VMpure     6    2
    7   23    1    2    4    1    4    1    0    0       983    4    3 VMpure     4    7    1    5
    7   24    2    2    2    0    0    2    1    1       819    4    3 VMpure     9    1
    8    1    1    2    4    2    3    2    1    0       503    8    3 VMpure     4    8   12    3
    8    2    2    2    4    0    0    1    1    0       668    1    3 VMpure     8    3   11   12
    8    3    2    2    8    0    0    1    1    0       646    5    3 VMpure     6   15    2    9   10   14    1   13
    8    4    1    2    2    1    2    2    1    0       657    8    3 VMpure     8    6
    8    5    1    2    8    5    4    2    0    1       843   15    3 VMpure     7   11    6    5   15    1   10    9
    8    6    1    2    4    2    3    2    1    0      1059    9    3 VMpure     5    9   15   16
    8    7    1    2    4    3    2    2    1    0       627   16    3 VMpure    10    5   16    3
    8    8    1    2    2    1    2    1    1    1       702   10    3 VMpure    10    8
    8    9    2    2    2    0    0    1    1    0       854    5    3 VMpure     7   14
    8   10    1    2    4    3    2    1    1    1       622    6    3 VMpure     4   14    6    5
    8   11    2    2    4    0    0    1    1    0       591    3    3 VMpure    15    5   13   14
    8   12    2    2    2    0    0    2    1    1       603   11    3 VMpure    10    9
    8   13    1    2    2    2    1    2    1    0       920   15    3 VMpure     2   15
    8   14    1    2    8    8    1    1    1    1       583   16    3 VMpure     5    6   12    1   11   15    9   16
    8   15    1    2    4    3    2    2    1    0       633   14    3 VMpure     5   13   14    2
    8   16    1    2    2    2    1    2    1    0       596    1    3 VMpure    14    1
    8   17    2    2    4    0    0    1    1    0       950   12    3 VMpure    14    1    9   10
    8   18    2    2    4    0    0    1    1    0       858    7    3 VMpure     1    4    2   15
    8   19    1    2    8    8    1    2    1    0       588    3    3 VMpure     6   15   13    4   10    9   14    3
    8   20    2    2    4    0    0    2    1    1       655    7    3 VMpure     2    4   10    3
    8   21    1    2    8    8    1    2    1    0       601    7    3 VMpure    10    2    3   13   11    1   15    7
    8   22    1    2    4    4    1    1    1    1       490   14    3 VMpure    12   13   11   14
    8   23    2    2    8    0    0    1    1    0       619    8    3 VMpure    16    9    4    1    6    3   14   15
    8   24    2    2    2    0    0    2    1    1       759    6    3 VMpure     9    7
    9    1    2    2    4    0    0    2    1    1       672    2    3 VMpure     9   16   14    1
    9    2    1    2    4    3    2    1    1    1       623   16    3 VMpure     3    7   16   13
    9    3    2    2    4    0    0    2    1    1       672   16    3 VMpure     7    1    5    4
    9    4    1    2    2    2    1    1    1    1       473   11    3 VMpure     3   11
    9    5    2    2    4    0    0    2    1    1       672   12    3 VMpure    14   16    2    6
    9    6    1    2    8    6    3    1    1    1       810    9    3 VMpure     4    3   11    7    1    9   15   12
    9    7    2    2    2    0    0    1    1    0       606    7    3 VMpure     2   11
    9    8    2    2    4    0    0    1    1    0       527    1    3 VMpure    11   14    9    3
    9    9    2    2    2    0    0    2    1    1      1023   13    3 VMpure    11   14
    9   10    2    2    2    0    0    1    1    0       746    5    3 VMpure     1   15
    9   11    1    2    8    6    3    1    1    1      1153    6    3 VMpure    11   15    1    2   12    6   16    7
    9   12    2    2    2    0    0    2    1    1       471   10    3 VMpure    12    9
    9   13    2    2    8    0    0    2    1    1       681    6    3 VMpure     8    2   14   12   15    1    5   10
    9   14    2    2    4    0    0    2    1    1       504   12    3 VMpure    13    9    3   14
    9   15    1    2    8    7    2    1    1    1       744    2    3 VMpure     6    7   14    4   10   15    2   12
    9   16    2    2    8    0    0    2    0    0       975    3    3 VMpure    15    8    7   11    2   16    4    6
    9   17    2    2    8    0    0    2    1    1       589   10    3 VMpure     2    3    7    4   16   12   13    5
    9   18    1    2    2    1    2    2    1    0       602    5    3 VMpure     5    4
    9   19    2    2    2    0    0    1    1    0       598   16    3 VMpure     3    2
    9   20    1    2    8    3    6    2    0    1       850   15    3 VMpure     5   11   15    4    3    6   13    7
    9   21    2    2    4    0    0    2    1    1       810    9    3 VMpure     4    8   16   10
    9   22    2    2    4    0    0    2    1    1       531    5    3 VMpure    10   13    1    7
    9   23    2    2    2    0    0    2    1    1       450    5    3 VMpure     2   13
    9   24    1    2    2    1    2    1    1    1       852    1    3 VMpure     1    9
