    1    1    2    2    2    0    0    1    1    0      9637    4    3 VMpure     8   10
    1    2    2    2    4    0    0    1    1    0      1820    4    3 VMpure    10    2    6    7
    1    3    2    2    2    0    0    2    1    1      1941   13    3 VMpure    11    1
    1    4    2    2    4    0    0    1    1    0      1409    9    3 VMpure     1    6   16    8
    1    5    2    2    8    0    0    2    1    1      3675    9    3 VMpure     1   16   10   14    8    2    3    4
    1    6    2    2    8    0    0    1    1    0      1385   15    3 VMpure     8    7    1    5   16   10   13   12
    1    7    1    2    8    1    8    1    1    1      1622    9    3 VMpure     9   14    8   12    6    2    7    4
    1    8    2    2    4    0    0    1    1    0      2863    6    3 VMpure     7    5    1    9
    1    9    2    2    8    0    0    1    1    0      1392    2    3 VMpure     4   10   16    9    8   11    1    6
    1   10    2    2    2    0    0    1    0    1      3245    2    3 VMpure    12    7
    1   11    1    2    8    6    3    2    1    0      3647    8    3 VMpure     3   12    4   15   14    8   10    9
    1   12    2    2    4    0    0    1    1    0      1188   13    3 VMpure    12    6    2    3
    1   13    2    2    8    0    0    2    1    1      1786    7    3 VMpure     5   15    1   14   12    3    6   13
    1   14    2    2    2    0    0    1    1    0      2999    5    3 VMpure    14   10
    1   15    2    2    8    0    0    1    1    0      1331   10    3 VMpure     9   14    5    6   13    1   12    3
    1   16    1    2    2    2    1    2    1    0      1538    4    3 VMpure     3    4
    1   17    1    2    4    4    1    1    1    1       782   13    3 VMpure     5   10    8   13
    1   18    2    2    8    0    0    2    1    1      1378    4    3 VMpure    12    7   15    1    8   14    3   10
    1   19    1    2    4    4    1    2    1    0      1573   13    3 VMpure     6   10    1   13
    1   20    1    2    8    7    2    2    1    0      1530    2    3 VMpure     8    4   12    7   16    6    2   10
    1   21    1    2    2    2    1    2    1    0       960   12    3 VMpure     5   12
    1   22    2    2    4    0    0    2    1    1      1203   14    3 VMpure     7    5    2    3
    1   23    1    2    8    3    6    1    1    1      1127    2    3 VMpure     8   15    2   10   11    4   16    7
    1   24    1    2    8    5    4    1    1    1      2559    5    3 VMpure     1    9   15    2    5   16   10   13
    2    1    2    2    4    0    0    1    1    0      1367    3    3 VMpure     7   15   13    5
    2    2    1    2    4    3    2    1    1    1      1545    1    3 VMpure    11   13    1    4
    2    3    1    2    4    4    1    2    1    0      1317    2    3 VMpure     3    9   15    2
    2    4    1    2    2    2    1    1    1    1       724   11    3 VMpure    10   11
    2    5    1    2    8    1    8    2    1    0      1243   12    3 VMpure    12    6    3    2   13   15   14    5
    2    6    1    2    4    3    2    1    1    1      1523    3    3 VMpure     7    6    3    2
    2    7    1    2    8    3    6    1    1    1      1066    5    3 VMpure     1   15    5    2    8    7   16   11
    2    8    2    2    4    0    0    2    1    1       985   16    3 VMpure     5   15    2   11
    2    9    1    2    4    1    4    1    1    1      1226    8    3 VMpure     8    5    1   14
    2   10    1    2    4    3    2    1    1    1      1043    5    3 VMpure     4    6    5    2
    2   11    1    2    4    3    2    1    1    1      1043   10    3 VMpure     1   14   10   16
    2   12    2    2    8    0    0    1    1    0      1421    9    3 VMpure    10    3   12   11   14    6    1   16
    2   13    1    2    8    5    4    2    1    0      1545   13    3 VMpure     5    7    6   11   13   15   14   10
    2   14    2    2    8    0    0    2    1    1      1711    2    3 VMpure    15   13    9   11    4    7   16   12
    2   15    2    2    8    0    0    2    1    1      1567   15    3 VMpure     4   10    1   12    8   14    2    6
    2   16    1    2    2    2    1    2    1    0       869    3    3 VMpure     5    3
    2   17    2    2    8    0    0    2    1    1      1094    6    3 VMpure     3    4   15   13   14    1    8   16
    2   18    1    2    2    2    1    1    1    1       734    1    3 VMpure    12    1
    2   19    1    2    2    2    1    1    1    1       693    8    3 VMpure    13    8
    2   20    1    2    8    8    1    2    1    0       446    3    3 VMpure    14    8   13   11    1    4    6    3
    2   21    1    2    8    3    6    2    1    0      1536    7    3 VMpure     1   16    7   13   11    4    5   10
    2   22    1    2    2    1    2    2    1    0      1351    7    3 VMpure     7    3
    2   23    2    2    4    0    0    1    1    0      1146   16    3 VMpure    12    9   15    6
    2   24    1    2    4    1    4    1    0    0      1798    7    3 VMpure     7    4    2    5
    3    1    1    2    4    3    2    2    1    0      1452   16    3 VMpure    11    6   16   13
    3    2    1    2    2    2    1    1    1    1       790    4    3 VMpure    14    4
    3    3    2    2    8    0    0    1    0    1       971   12    3 VMpure    13    4   16   14    7   10    1    8
    3    4    1    2    2    1    2    1    1    1      1928    9    3 VMpure     9   11
    3    5    2    2    2    0    0    2    1    1       783   12    3 VMpure    16   11
    3    6    1    2    2    1    2    2    1    0      1028    9    3 VMpure     9   12
    3    7    1    2    8    4    5    1    1    1       623    9    3 VMpure    12   10   11    9    4   16   13    5
    3    8    1    2    4    4    1    1    0    0       848    9    3 VMpure     8    5   12    9
    3    9    2    2    2    0    0    2    1    1      1426   10    3 VMpure     4    3
    3   10    1    2    8    1    8    1    1    1       845    6    3 VMpure     6    2   10    5   12    1    7    3
    3   11    1    2    8    5    4    1    1    1      1183   16    3 VMpure     5   11   13   15   16   10    1   12
    3   12    2    2    4    0    0    1    1    0       969    1    3 VMpure     8   12    9   13
    3   13    2    2    4    0    0    1    0    1      1403    6    3 VMpure     4    5   12   14
    3   14    1    2    4    4    1    2    1    0       412   10    3 VMpure     5    6    8   10
    3   15    2    2    8    0    0    2    1    1      2112    2    3 VMpure     9   11    8    4    5   12    6   16
    3   16    2    2    4    0    0    1    1    0       853    1    3 VMpure    12   13   11   14
    3   17    2    2    4    0    0    2    1    1      1085   10    3 VMpure    16    9    6    8
    3   18    2    2    4    0    0    1    1    0      1019    8    3 VMpure     9   13    5   14
    3   19    2    2    8    0    0    1    0    1      1110   13    3 VMpure     9   15   10    5    4   16    3   11
    3   20    1    2    2    2    1    1    1    1       766    7    3 VMpure     5    7
    3   21    2    2    2    0    0    1    1    0      1187   10    3 VMpure     2   14
    3   22    2    2    4    0    0    2    1    1       877    4    3 VMpure    16   12    8    3
    3   23    1    2    4    3    2    2    0    1       980   13    3 VMpure    15    2   13    6
    3   24    1    2    2    1    2    1    0    0       688   15    3 VMpure    15    7
    4    1    2    2    8    0    0    2    0    0         9    1    3 VMpure     4   13    8   16   15    3   14    5
    4    2    1    2    8    2    7    1    1    1       813    8    3 VMpure     1    8   10   14   12    4    9    2
    4    3    2    2    8    0    0    1    0    1      1905   14    3 VMpure    13   16   15    2    4    7    1   10
    4    4    2    2    8    0    0    2    1    1       824    7    3 VMpure     8    4    3   13    9   16   15   12
    4    5    1    2    8    4    5    1    1    1      1644   15    3 VMpure     7    4   12   15   10   16    5    8
    4    6    2    2    2    0    0    2    0    0      1726   13    3 VMpure     7    9
    4    7    2    2    4    0    0    2    1    1       643    5    3 VMpure     3   10    1    7
    4    8    2    2    2    0    0    1    1    0      1278   16    3 VMpure     3    9
    4    9    2    2    2    0    0    2    1    1       943   13    3 VMpure     9    3
    4   10    1    2    8    5    4    2    1    0      1021    8    3 VMpure    15    3   12   10    8    6    7    2
    4   11    1    2    8    7    2    1    0    0      4200   14    3 VMpure    11    4   15    9    3    5   14   16
    4   12    2    2    4    0    0    2    1    1      1386    6    3 VMpure     4    2   11   15
    4   13    1    2    2    1    2    2    1    0       742    2    3 VMpure     2   12
    4   14    2    2    8    0    0    2    1    1       972    7    3 VMpure     9   14   16   15    5    6   10   13
    4   15    2    2    8    0    0    2    0    0      1241   15    3 VMpure     1   10    7   11    4    3   16    5
    4   16    2    2    8    0    0    1    1    0      2220    3    3 VMpure    13    2   14   10   15    7    8    4
    4   17    1    2    8    6    3    1    0    0      1303   12    3 VMpure    15    4   16    5    8   12    9   14
    4   18    2    2    4    0    0    1    1    0      1164   11    3 VMpure     1    7    8   12
    4   19    2    2    4    0    0    1    1    0       935   13    3 VMpure     1    2    4   11
    4   20    2    2    4    0    0    1    1    0      1707    9    3 VMpure     2    3    4    7
    4   21    2    2    2    0    0    1    1    0       859    1    3 VMpure    14    2
    4   22    2    2    2    0    0    1    1    0      1469    7    3 VMpure     3    1
    4   23    2    2    4    0    0    2    1    1       988    7    3 VMpure    11    5    2    3
    4   24    2    2    4    0    0    2    1    1       845   16    3 VMpure     5    4    3   14
    5    1    2    2    4    0    0    1    1    0       944    7    3 VMpure    11   13   15    6
    5    2    2    2    4    0    0    2    1    1      4900   16    3 VMpure     6    1   15   14
    5    3    1    2    2    1    2    2    0    1      1812   15    3 VMpure    15   11
    5    4    2    2    2    0    0    2    1    1      2428    8    3 VMpure    14    4
    5    5    2    2    4    0    0    2    1    1      2152   12    3 VMpure     7    5    2   16
    5    6    2    2    2    0    0    1    1    0       502    1    3 VMpure     9    6
    5    7    2    2    4    0    0    1    1    0       251    5    3 VMpure    16    1    3   14
    5    8    2    2    2    0    0    1    1    0      1429    6    3 VMpure    11   15
    5    9    2    2    2    0    0    1    1    0       449   10    3 VMpure     2   16
    5   10    2    2    4    0    0    2    1    1       360    8    3 VMpure     1    2   14    5
    5   11    2    2    4    0    0    1    1    0       851    9    3 VMpure     7   11    2    8
    5   12    2    2    2    0    0    1    1    0      1669    4    3 VMpure     3   15
    5   13    1    2    4    2    3    2    0    1       588    7    3 VMpure     5    7    9    6
    5   14    1    2    2    2    1    1    0    0       825    3    3 VMpure     1    3
    5   15    1    2    8    5    4    2    1    0      1180    5    3 VMpure    15   13    7    4    5    6   11   14
    5   16    2    2    8    0    0    1    1    0      1456    9    3 VMpure     3   13    2   14    1   12   10   16
    5   17    1    2    8    5    4    2    0    1      1770    9    3 VMpure    12    4   15    8    9    3    7    6
    5   18    2    2    8    0    0    1    1    0       984    4    3 VMpure     5    2    9    7   16    3   10   14
    5   19    1    2    8    5    4    1    1    1      1156    2    3 VMpure    15   12   13    9    2   14    3    4
    5   20    1    2    2    2    1    2    1    0       730   11    3 VMpure     8   11
    5   21    1    2    2    2    1    2    1    0      1024   15    3 VMpure     2   15
    5   22    1    2    2    1    2    2    1    0      1372    2    3 VMpure     2   14
    5   23    1    2    4    1    4    1    1    1       830    5    3 VMpure     5   11    6    4
    5   24    1    2    2    1    2    1    1    1      1601   10    3 VMpure    10    7
    6    1    1    2    4    3    2    1    1    1       342    4    3 VMpure    13   14    4    9
    6    2    1    2    4    2    3    2    1    0      1522    9    3 VMpure     1    9    4   13
    6    3    2    2    8    0    0    2    0    0      2809   11    3 VMpure     6    8    1   15    7   13    2   16
    6    4    1    2    4    3    2    2    0    1      1603    3    3 VMpure    10    2    3   12
    6    5    1    2    8    6    3    1    1    1      1270    4    3 VMpure    14    2    6   10    5    4    8    1
    6    6    1    2    4    4    1    2    1    0       957   10    3 VMpure    15   11   16   10
    6    7    1    2    2    1    2    2    1    0      3451   11    3 VMpure    11    5
    6    8    2    2    8    0    0    2    1    1       709   15    3 VMpure     6    3    9    5   16    2   14   13
    6    9    1    2    4    1    4    1    1    1      2290    5    3 VMpure     5   11    9    2
    6   10    2    2    4    0    0    1    1    0       736    4    3 VMpure     7    8    2   13
    6   11    1    2    8    4    5    2    0    1      2054    6    3 VMpure     9    2    5    6    7   13    1    3
    6   12    1    2    4    3    2    2    1    0      1838   11    3 VMpure     7    9   11   16
    6   13    2    2    4    0    0    1    0    1       846   13    3 VMpure    14    8   12   10
    6   14    2    2    2    0    0    1    0    1      2848    6    3 VMpure     1   12
    6   15    2    2    2    0    0    1    1    0       722    5    3 VMpure     4   16
    6   16    2    2    4    0    0    2    1    1      1135   12    3 VMpure     4   11    2    1
    6   17    1    2    2    2    1    1    1    1       662    5    3 VMpure     3    5
    6   18    1    2    8    7    2    1    0    0       687   11    3 VMpure     6    8   13   10    9    7   11    2
    6   19    1    2    2    1    2    1    1    1       984    2    3 VMpure     2    8
    6   20    1    2    8    1    8    1    0    0       741   14    3 VMpure    14   15   10    9   11    1    2    8
    6   21    1    2    2    1    2    2    0    1      2667   12    3 VMpure    12   11
    6   22    2    2    4    0    0    2    1    1      1162    4    3 VMpure     2   15    8    1
    6   23    1    2    8    3    6    2    1    0      1120    3    3 VMpure    14    1    3    7    6    4   11   12
    6   24    2    2    2    0    0    2    1    1       871   10    3 VMpure     9   13
    7    1    2    2    4    0    0    2    0    0       205   16    3 VMpure     7   11    8   12
    7    2    1    2    8    4    5    2    1    0       872   10    3 VMpure     1    9    4   10    6   12    8   13
    7    3    2    2    8    0    0    2    1    1       713    4    3 VMpure    16    3    8    5   15   12    7   10
    7    4    2    2    4    0    0    2    0    0       742    9    3 VMpure     8    3   13   16
    7    5    1    2    8    4    5    2    1    0       812    1    3 VMpure     9    6    4    1   12    3    7   10
    7    6    2    2    4    0    0    2    1    1      1078    5    3 VMpure     4    2   12    1
    7    7    2    2    8    0    0    2    1    1      2190    5    3 VMpure     3   15    8    1   11   10   14    4
    7    8    1    2    8    3    6    2    0    1       986   15    3 VMpure     8   16   15    5    3   10    7   14
    7    9    1    2    8    3    6    1    0    0      1830    7    3 VMpure     4    3    7   11    1    6   12   16
    7   10    1    2    8    7    2    1    0    0      1681    5    3 VMpure    14   11    2    4    7   10    5   12
    7   11    1    2    8    5    4    2    0    1      1377    8    3 VMpure    15    3    9    1    8   11   13    7
    7   12    2    2    4    0    0    2    0    0      1316   13    3 VMpure     2    1   16   12
    7   13    1    2    2    2    1    1    1    1       675   15    3 VMpure    12   15
    7   14    2    2    4    0    0    2    1    1       530    9    3 VMpure    12    1    4   15
    7   16    1    2    4    4    1    2    1    0       656   13    3 VMpure     2   11   12   13
    7   17    1    2    2    1    2    1    0    0      3642   16    3 VMpure    16    2
    7   18    2    2    2    0    0    2    1    1      3116   10    3 VMpure     8    1
    7   19    2    2    2    0    0    1    0    1      2291   16    3 VMpure     1   10
    7   20    2    2    2    0    0    2    0    0      1164   13    3 VMpure     5    2
    7   21    1    2    2    2    1    2    1    0      1345    1    3 VMpure    11    1
    7   22    1    2    8    3    6    1    0    0      4048   14    3 VMpure    15   16   14   12    7    5    4    8
    7   23    2    2    8    0    0    1    1    0       626   14    3 VMpure    12   13    5    9    2   11   10   16
    7   24    2    2    2    0    0    1    1    0      2157    8    3 VMpure     5   15
    8    1    1    2    8    7    2    1    0    0       101    8    3 VMpure    15    1   10   12    9   16    8    4
    8    2    2    2    2    0    0    1    1    0       613   14    3 VMpure     7    3
    8    3    2    2    4    0    0    2    0    0      1174   12    3 VMpure     2   13   11   15
    8    4    2    2    2    0    0    1    1    0      2715    1    3 VMpure     6    9
    8    5    2    2    8    0    0    1    0    1      2898   10    3 VMpure    16    9    6    8    7    5   14   12
    8    6    2    2    2    0    0    1    0    1      1314    6    3 VMpure    12    7
    8    7    1    2    2    1    2    2    0    1      1681   14    3 VMpure    14    5
    8    8    2    2    8    0    0    2    0    0       561   13    3 VMpure    16   15    1   14    8    3    4   12
    8    9    2    2    4    0    0    1    1    0       820   11    3 VMpure    16    1   13   10
    8   10    2    2    2    0    0    1    1    0      1384    5    3 VMpure    12   14
    8   11    1    2    8    2    7    2    0    1       164    5    3 VMpure    10    5    3    9    4    2    1    7
    8   12    1    2    2    1    2    1    1    1       162   16    3 VMpure    16    3
    8   14    2    2    8    0    0    2    1    1       649   15    3 VMpure     6    4    8   13   11    5   14    9
    8   15    1    2    4    3    2    1    1    1       872    5    3 VMpure    16   12    5   13
    8   16    2    2    8    0    0    2    1    1       761   14    3 VMpure     1   10   11   12   13    5    3    6
    8   17    2    2    2    0    0    1    1    0      1376    7    3 VMpure     1   11
    8   18    2    2    4    0    0    1    1    0       498    5    3 VMpure    10    7   15    2
    8   19    1    2    8    3    6    2    0    1       962   12    3 VMpure     5    1   12   14   16   15    7   10
    8   20    2    2    8    0    0    1    1    0      1312   13    3 VMpure    14    7    9    1   15   10    3    8
    8   21    1    2    2    1    2    2    0    1      3168   13    3 VMpure    13    9
    8   22    1    2    8    3    6    1    0    0        53    6    3 VMpure    15   12    6   14    5    3    7    4
    8   23    2    2    8    0    0    1    1    0       567   16    3 VMpure     8    4   14    5   12    7    6    1
    8   24    1    2    4    2    3    2    1    0      1002   10    3 VMpure     3   10    2   12
    9    1    1    2    4    2    3    1    0    0       481    2    3 VMpure     7    2   15    8
    9    2    1    2    2    1    2    1    0    0      1442    9    3 VMpure     9   15
    9    3    1    2    4    2    3    2    0    1       530   14    3 VMpure     9   14    1   13
    9    4    1    2    2    2    1    2    1    0      3248   13    3 VMpure    14   13
    9    5    1    2    2    2    1    2    1    0       626   16    3 VMpure    11   16
    9    6    1    2    2    2    1    2    1    0       478   10    3 VMpure     5   10
    9    7    1    2    2    1    2    2    1    0       895   12    3 VMpure    12    3
    9    8    1    2    2    1    2    2    1    0      1119   10    3 VMpure    10    3
    9   10    2    2    4    0    0    2    0    0       604    6    3 VMpure    16   13    9    5
    9   11    2    2    2    0    0    1    1    0      2647   12    3 VMpure     8    5
    9   12    2    2    8    0    0    2    1    1       961   15    3 VMpure    11   14    2    8   13    9    7   10
    9   13    1    2    2    2    1    2    1    0      1231    5    3 VMpure    14    5
    9   14    2    2    2    0    0    2    1    1       978   12    3 VMpure     5   11
    9   15    1    2    4    1    4    2    0    1      1589   13    3 VMpure    13    5   14   10
    9   16    2    2    2    0    0    2    1    1       745    2    3 VMpure    11    5
    9   17    1    2    8    1    8    2    0    1       800   13    3 VMpure    13   12   16   15   10    1    9    7
    9   18    2    2    8    0    0    2    1    1      1252    4    3 VMpure     3   14    5   12    8   11   10   16
    9   19    2    2    4    0    0    2    1    1      2043    8    3 VMpure    12    1    6   10
    9   20    1    2    2    2    1    2    1    0      2606    2    3 VMpure     6    2
    9   21    1    2    8    2    7    2    0    1       858    7    3 VMpure     1    7    6   14   12   13    2    3
    9   22    2    2    4    0    0    1    0    1       417   10    3 VMpure     4    6    1   11
    9   23    2    2    2    0    0    2    0    0       644   13    3 VMpure    10    3
    9   24    2    2    4    0    0    2    1    1      1492    3    3 VMpure    13    1    6    7
