    1    1    2    2    2    0    0    2    1    1     10292   11    3 VMpure    14   15
    1    2    2    2    2    0    0    2    1    1      1128    5    3 VMpure     6    3
    1    3    2    2    4    0    0    1    1    0      2385    2    3 VMpure     5   14    9    6
    1    4    1    2    2    1    2    2    1    0      2036    3    3 VMpure     3   12
    1    5    1    2    8    4    5    2    1    0      1762    1    3 VMpure     2    6   16    1   13    5    8   12
    1    6    2    2    2    0    0    2    1    1      2318   13    3 VMpure    15    2
    1    7    1    2    4    4    1    1    1    1      1562    2    3 VMpure     9   14    1    2
    1    8    1    2    2    2    1    1    1    1      1951    1    3 VMpure     9    1
    1    9    2    2    4    0    0    2    1    1      1864   16    3 VMpure     3   10    6    9
    1   10    2    2    4    0    0    1    1    0      2164    5    3 VMpure    16    4    2    7
    1   11    1    2    4    4    1    1    1    1      1430    6    3 VMpure    16    4    9    6
    1   12    1    2    8    1    8    1    1    1      1599   11    3 VMpure    11   13    1    4    8   16   14   12
    1   13    2    2    2    0    0    2    1    1      2451    9    3 VMpure     8   11
    1   14    1    2    2    2    1    2    1    0      1716    4    3 VMpure    12    4
    1   15    1    2    2    1    2    1    1    1      1970    8    3 VMpure     8    9
    1   16    1    2    2    2    1    2    1    0      1591    4    3 VMpure     9    4
    1   17    1    2    4    3    2    2    1    0      1951   13    3 VMpure    10    4   13    8
    1   18    1    2    4    2    3    1    1    1      1834    1    3 VMpure    10    1    5   11
    1   19    2    2    8    0    0    2    1    1      2915   15    3 VMpure    13   14    5    2    9    1   10   11
    1   20    2    2    2    0    0    2    1    1      1985    3    3 VMpure     4    1
    1   21    2    2    4    0    0    1    1    0      1515    6    3 VMpure     3    7    2   16
    1   22    2    2    2    0    0    2    1    1      1297    7    3 VMpure    11    9
    1   23    1    2    2    2    1    2    1    0       960    4    3 VMpure    14    4
    1   24    1    2    8    2    7    1    1    1      1389   11    3 VMpure     2   11    9    3   13   16   14   12
    2    1    2    2    2    0    0    1    1    0      1490   12    3 VMpure     9    4
    2    2    2    2    4    0    0    2    0    0      7679   16    3 VMpure     7    5   10    9
    2    3    1    2    8    5    4    1    1    1      1278    5    3 VMpure     3   14    4   13    5    6    9   15
    2    4    1    2    4    2    3    1    1    1      1939   13    3 VMpure     3   13   10    5
    2    5    1    2    4    1    4    1    1    1      1966   12    3 VMpure    12    9   15    2
    2    6    2    2    4    0    0    1    1    0      1191   11    3 VMpure     6    9   16   12
    2    7    2    2    2    0    0    1    1    0      2379    6    3 VMpure    16   14
    2    8    2    2    8    0    0    2    1    1      2351   15    3 VMpure    14   11    8    1   10    7   12    4
    2    9    1    2    4    3    2    1    1    1      1593    8    3 VMpure    10    5    8   14
    2   10    2    2    2    0    0    2    1    1      1421    3    3 VMpure     7   12
    2   11    2    2    8    0    0    2    1    1      2023    1    3 VMpure     7    4   12    9   11    8    6    2
    2   12    2    2    8    0    0    2    0    0      1849    1    3 VMpure    12   11   13   16    2   15    4    8
    2   13    1    2    8    8    1    1    1    1      1457   14    3 VMpure     5   13    1    3   16    8    4   14
    2   14    1    2    8    6    3    1    1    1      1290    4    3 VMpure     7   10    9    6   16    4    1    8
    2   15    2    2    4    0    0    1    1    0      1359   14    3 VMpure    12    8    5   15
    2   16    1    2    4    1    4    2    1    0      1042    1    3 VMpure     1    2   11    7
    2   17    1    2    4    2    3    2    1    0      1009   13    3 VMpure     1   13   15   14
    2   18    2    2    2    0    0    2    1    1      1917   13    3 VMpure     8   14
    2   19    1    2    2    1    2    2    1    0      1028   14    3 VMpure    14   15
    2   20    1    2    8    6    3    2    1    0      1950   12    3 VMpure    11    8   14    3    4   12    9   15
    2   21    2    2    4    0    0    1    1    0      1256    5    3 VMpure    14    8   13   15
    2   22    1    2    2    1    2    2    1    0      1354   10    3 VMpure    10    7
    2   23    1    2    4    4    1    2    1    0       844   14    3 VMpure    16    4   11   14
    2   24    1    2    2    2    1    2    1    0       782    3    3 VMpure     2    3
    3    1    1    2    8    6    3    2    1    0       962   12    3 VMpure     9   16    3   11    4   12   13    6
    3    2    1    2    8    5    4    1    1    1      2783   14    3 VMpure    15    8    1   12   14    3    9   10
    3    3    1    2    2    2    1    1    1    1      1028   10    3 VMpure    14   10
    3    4    1    2    2    2    1    1    1    1      1102    7    3 VMpure     5    7
    3    5    2    2    4    0    0    1    1    0      1051    4    3 VMpure     7    3   15   11
    3    6    1    2    2    1    2    1    1    1      2421    7    3 VMpure     7    9
    3    7    2    2    2    0    0    1    1    0      1736    2    3 VMpure    14    4
    3    8    2    2    8    0    0    1    1    0      2005   13    3 VMpure    16    1    9    4   14    8    5    7
    3    9    1    2    8    4    5    2    1    0      2231   10    3 VMpure     9   15    7   10    2   16   14    8
    3   10    1    2    2    1    2    1    1    1       977   15    3 VMpure    15   10
    3   11    2    2    4    0    0    2    1    1      2514   14    3 VMpure    11    8   15   12
    3   12    1    2    2    2    1    2    1    0      1265    7    3 VMpure    14    7
    3   13    2    2    2    0    0    1    1    0      1154   16    3 VMpure     6   13
    3   14    1    2    2    2    1    2    1    0      1223    8    3 VMpure    12    8
    3   15    2    2    8    0    0    2    1    1      1178   12    3 VMpure    10    3    6    9    2   16    7   14
    3   16    2    2    2    0    0    1    1    0      1022    5    3 VMpure    11    7
    3   17    1    2    2    2    1    2    1    0      1049   14    3 VMpure     4   14
    3   18    1    2    4    2    3    2    1    0      2120   15    3 VMpure    12   15    1   10
    3   19    1    2    4    4    1    1    1    1       700    1    3 VMpure     8    4    2    1
    3   20    2    2    4    0    0    1    1    0       904   16    3 VMpure     8   15    9   13
    3   21    1    2    2    1    2    1    1    1       775    4    3 VMpure     4    7
    3   22    2    2    4    0    0    1    1    0      1233    4    3 VMpure     3    6    8    5
    3   23    1    2    4    3    2    2    1    0      1032    5    3 VMpure     8    1    5    7
    3   24    2    2    8    0    0    1    1    0      1281   14    3 VMpure     3    2    6   16    4    8   13   11
    4    1    2    2    8    0    0    2    1    1      2549    4    3 VMpure     3   13   16    9    5    2    6    7
    4    2    1    2    2    1    2    2    1    0      1026   12    3 VMpure    12    4
    4    3    1    2    8    3    6    1    0    0      1884   13    3 VMpure     3    6   13   15    2    1   11    4
    4    4    2    2    8    0    0    2    1    1       979    5    3 VMpure     2   13   11   16    6   14    8   10
    4    5    1    2    2    1    2    2    1    0      1360    9    3 VMpure     9   13
    4    6    2    2    2    0    0    1    1    0       861    2    3 VMpure     7   15
    4    7    1    2    2    1    2    1    1    1      1022    1    3 VMpure     1    4
    4    8    2    2    2    0    0    2    1    1       760    7    3 VMpure     3    4
    4    9    2    2    4    0    0    1    1    0      1249   15    3 VMpure    10    6   11   14
    4   10    2    2    2    0    0    1    1    0       755   16    3 VMpure    12    1
    4   11    2    2    8    0    0    1    1    0      1208   13    3 VMpure     8    5    7    4   14   10   16   12
    4   12    2    2    4    0    0    1    1    0      1375    3    3 VMpure     2   12   11   13
    4   13    2    2    2    0    0    1    1    0       924   13    3 VMpure     3   16
    4   14    1    2    2    1    2    1    1    1       748    5    3 VMpure     5    2
    4   15    2    2    8    0    0    1    1    0      4016   16    3 VMpure     7   15   14    1    9   11   12    8
    4   16    2    2    2    0    0    1    1    0       914   14    3 VMpure     2    6
    4   17    2    2    4    0    0    1    1    0      2534   14    3 VMpure     8    3   15    9
    4   18    2    2    4    0    0    1    1    0      1177    6    3 VMpure     1    9   14    7
    4   19    2    2    4    0    0    1    1    0       770   11    3 VMpure     9    5    1   13
    4   20    2    2    4    0    0    1    1    0       891    2    3 VMpure    14   12    4   11
    4   21    1    2    8    7    2    2    1    0      1146   15    3 VMpure     8   14    3    5    2    9   15   16
    4   22    1    2    4    1    4    2    1    0      1397    4    3 VMpure     4    3   14   10
    4   23    1    2    4    4    1    1    1    1       935   11    3 VMpure     6    1   15   11
    4   24    1    2    8    7    2    1    1    1       964   12    3 VMpure     2   13    8    6   10   16   12   11
    5    1    2    2    4    0    0    2    1    1      2106    4    3 VMpure    12    9   11    5
    5    2    1    2    8    6    3    2    1    0      1000    5    3 VMpure     2   11   13   15   14    5    9    8
    5    3    1    2    8    8    1    1    1    1       835    5    3 VMpure    14    8    4   12    6   13   15    5
    5    4    1    2    2    2    1    2    1    0       613   14    3 VMpure     4   14
    5    5    2    2    4    0    0    1    1    0       996    9    3 VMpure     5   12   10    8
    5    6    1    2    2    2    1    2    1    0       864    3    3 VMpure    12    3
    5    7    1    2    4    1    4    2    1    0       854    6    3 VMpure     6    2    8   15
    5    8    1    2    2    1    2    1    1    1       695   13    3 VMpure    13    6
    5    9    1    2    4    1    4    2    1    0      4740    4    3 VMpure     4   10    6    1
    5   10    2    2    2    0    0    2    1    1       665    3    3 VMpure     1    2
    5   11    1    2    8    6    3    1    1    1      1154    4    3 VMpure     2    3   16    8    5    4   12   10
    5   12    1    2    8    3    6    2    1    0      1446   13    3 VMpure     1    3   13    2    4    9    8   12
    5   13    2    2    2    0    0    1    1    0       800   11    3 VMpure     1   12
    5   14    2    2    4    0    0    2    1    1       713   16    3 VMpure    14    3    8   15
    5   15    1    2    8    8    1    2    1    0       847   15    3 VMpure     4   10   14    2    7    8   12   15
    5   16    1    2    4    4    1    2    1    0       517   13    3 VMpure     8   12    3   13
    5   17    2    2    8    0    0    1    1    0      1108   15    3 VMpure    16    5    6   11   12    4    8    1
    5   18    2    2    2    0    0    2    1    1       715    1    3 VMpure     3    5
    5   19    1    2    2    2    1    1    1    1       688    9    3 VMpure     4    9
    5   20    2    2    4    0    0    1    1    0      1214    5    3 VMpure     7    1    6   15
    5   21    2    2    4    0    0    2    1    1      1141    8    3 VMpure     1    3   10    6
    5   22    1    2    8    6    3    1    0    0      5227    9    3 VMpure     2   13   11    7   16    9    6   10
    5   23    2    2    2    0    0    2    1    1       973    7    3 VMpure     2    4
    5   24    1    2    2    2    1    2    1    0       746    8    3 VMpure     6    8
    6    1    1    2    4    1    4    2    1    0       842    1    3 VMpure     1   16   15    4
    6    2    2    2    8    0    0    1    0    1      1002    1    3 VMpure    13   14   16    4    9    5   10   15
    6    3    2    2    2    0    0    1    1    0       982    6    3 VMpure     1    5
    6    4    1    2    4    4    1    1    1    1      2470    2    3 VMpure    15   13    5    2
    6    5    1    2    8    1    8    2    1    0       806   15    3 VMpure    15    2    5   14   12    4    6    9
    6    6    2    2    2    0    0    2    1    1       537   10    3 VMpure     5    2
    6    7    2    2    2    0    0    2    1    1      1048    1    3 VMpure     3    7
    6    8    2    2    2    0    0    2    1    1       801   16    3 VMpure    11    9
    6    9    2    2    8    0    0    1    1    0      1442    7    3 VMpure     4    5    2    8    1    9   14   15
    6   10    2    2    4    0    0    1    1    0       930    1    3 VMpure     7    5    8   15
    6   11    1    2    4    4    1    1    1    1      2389   15    3 VMpure    14   12    6   15
    6   12    1    2    4    1    4    1    1    1      1310    2    3 VMpure     2    7    6    4
    6   13    2    2    8    0    0    2    1    1      1228   10    3 VMpure    12    8    7   16    9   15    2   14
    6   14    1    2    4    4    1    1    1    1       915    1    3 VMpure     4    3   10    1
    6   15    1    2    2    2    1    2    1    0       674   15    3 VMpure     8   15
    6   16    2    2    2    0    0    1    1    0       730   14    3 VMpure    15    2
    6   17    2    2    8    0    0    1    1    0      1009    2    3 VMpure     9   16    5    6   14    8   11    7
    6   18    2    2    2    0    0    2    1    1       604    3    3 VMpure     1    5
    6   19    1    2    8    8    1    2    1    0      1335    4    3 VMpure    11    9   16   15    2    1   12    4
    6   20    2    2    8    0    0    1    1    0       997    5    3 VMpure    14   11    9    6    1    2    4   10
    6   21    2    2    2    0    0    2    1    1       609    1    3 VMpure     8   13
    6   22    1    2    8    7    2    2    1    0       860    7    3 VMpure     6    3   13   14   12    1    7   10
    6   23    1    2    8    5    4    1    1    1      1723   13    3 VMpure     9   12   14    7   13    8    5    6
    6   24    1    2    4    4    1    2    1    0       751    9    3 VMpure     5    6    4    9
    7    1    2    2    8    0    0    1    1    0      1035    7    3 VMpure     4   14   10    9   16    8    1    3
    7    2    1    2    4    1    4    2    1    0       842    7    3 VMpure     7    6    5    2
    7    3    2    2    4    0    0    1    1    0       897   11    3 VMpure     8   14    1    2
    7    4    2    2    8    0    0    1    1    0       880    5    3 VMpure     1    7    2    8   10    9   14   11
    7    5    2    2    8    0    0    1    1    0       879    4    3 VMpure     5   14    3   15   16   13    8    1
    7    6    1    2    2    2    1    2    1    0       592   13    3 VMpure    14   13
    7    7    1    2    4    1    4    2    1    0       864   12    3 VMpure    12    6    4    9
    7    8    1    2    4    2    3    2    1    0       902   14    3 VMpure     6   14   16    4
    7    9    1    2    2    1    2    2    1    0       661   15    3 VMpure    15    2
    7   10    2    2    8    0    0    2    1    1       926    8    3 VMpure     3    9    1   11   16   14    2   15
    7   11    1    2    8    1    8    2    1    0      3004    9    3 VMpure     9    6    3   15    2   10   12   11
    7   12    2    2    4    0    0    2    1    1      1036   15    3 VMpure    12   14    9    7
    7   13    1    2    2    1    2    1    1    1       902    5    3 VMpure     5    4
    7   14    2    2    4    0    0    1    1    0       603    6    3 VMpure     3    2    9   14
    7   15    2    2    2    0    0    2    1    1       790   15    3 VMpure    14    5
    7   16    1    2    4    3    2    1    1    1       848    4    3 VMpure     8   10    4    5
    7   17    1    2    2    1    2    1    1    1       721   13    3 VMpure    13    4
    7   18    1    2    4    3    2    1    1    1      1869   12    3 VMpure     6   16   12    9
    7   19    2    2    2    0    0    1    0    1      4278    1    3 VMpure     8    9
    7   20    2    2    4    0    0    2    1    1       803    4    3 VMpure    15    1   11    2
    7   21    2    2    2    0    0    2    1    1      2262   14    3 VMpure    15   13
    7   22    1    2    2    1    2    2    1    0      1039    8    3 VMpure     8   10
    7   23    2    2    8    0    0    1    1    0      2328    4    3 VMpure    11    5    3   15    2    8   14    1
    7   24    2    2    2    0    0    2    1    1       607    2    3 VMpure     7   12
    8    1    1    2    2    2    1    1    1    1       708    8    3 VMpure     2    8
    8    2    2    2    2    0    0    1    1    0      1803    9    3 VMpure    13    5
    8    3    2    2    2    0    0    2    1    1      1431    4    3 VMpure     6   10
    8    4    2    2    2    0    0    2    1    1       752    8    3 VMpure     5    3
    8    5    2    2    4    0    0    2    1    1       667    2    3 VMpure    13    9    1   11
    8    6    1    2    2    1    2    2    1    0       740   14    3 VMpure    14    3
    8    7    2    2    2    0    0    2    1    1       475    6    3 VMpure    13    8
    8    8    1    2    8    7    2    1    1    1       810   11    3 VMpure     4   10    1    8   15    9   11   13
    8    9    2    2    8    0    0    1    0    1       893    8    3 VMpure     1   14   12    6   15    7    4    5
    8   10    2    2    2    0    0    2    1    1      3548   13    3 VMpure     6    3
    8   11    1    2    2    1    2    1    1    1       577    5    3 VMpure     5    2
    8   12    1    2    4    1    4    2    1    0       994    9    3 VMpure     9   10    2    4
    8   13    2    2    4    0    0    1    1    0       754   13    3 VMpure     4   12   14    5
    8   14    1    2    8    5    4    1    1    1       598    7    3 VMpure    13    6    9   16    7    1   15   12
    8   15    2    2    8    0    0    2    0    0       818    9    3 VMpure     3   10    1   15    8   11   12    5
    8   16    1    2    8    7    2    1    1    1       947   16    3 VMpure     2   11    9    5   13    1   16   10
    8   17    1    2    8    6    3    1    0    0      1199    3    3 VMpure     2    5    9   13    8    3    7   12
    8   18    1    2    2    2    1    1    1    1       563   10    3 VMpure     7   10
    8   19    2    2    2    0    0    2    1    1       704    4    3 VMpure    12   15
    8   20    2    2    8    0    0    2    1    1      1431    7    3 VMpure    15   10   13    5    9    8   16    4
    8   21    2    2    2    0    0    1    1    0       689   13    3 VMpure     4    5
    8   22    1    2    4    1    4    1    1    1      1054    9    3 VMpure     9   10   13    5
    8   23    2    2    8    0    0    2    1    1      2695   15    3 VMpure     7    5    8    4    6   12   14   16
    8   24    1    2    4    3    2    2    1    0      2467    1    3 VMpure    15    7    1    4
    9    1    2    2    4    0    0    1    1    0       652   16    3 VMpure    10   12    4    8
    9    2    2    2    4    0    0    1    1    0       619   11    3 VMpure     4    9    6    1
    9    3    2    2    8    0    0    1    1    0      1012   12    3 VMpure     5   16   13    7    9    4    8   11
    9    4    1    2    4    2    3    2    1    0      2356    8    3 VMpure     1    8   14    6
    9    5    1    2    2    2    1    1    1    1       729    9    3 VMpure     4    9
    9    6    1    2    8    3    6    1    1    1      1599   14    3 VMpure     5   13   14    7    1    8    9    3
    9    7    1    2    4    4    1    1    1    1      1240    3    3 VMpure    11   16    4    3
    9    8    1    2    2    1    2    2    1    0       571    5    3 VMpure     5    6
    9    9    2    2    8    0    0    2    1    1      2487    5    3 VMpure    10    7   13    2    6    9    1   15
    9   10    2    2    4    0    0    1    1    0       653   12    3 VMpure     6    1   13   15
    9   11    2    2    8    0    0    1    1    0       741    5    3 VMpure    11    4    9    8   13    6    7   10
    9   12    2    2    8    0    0    1    0    1      1883    2    3 VMpure    16    3    6   12    7   10   13    5
    9   13    1    2    2    2    1    2    1    0       691   15    3 VMpure     8   15
    9   14    2    2    2    0    0    1    1    0      5579    5    3 VMpure     8    4
    9   15    1    2    2    1    2    2    1    0       863    1    3 VMpure     1   12
    9   16    1    2    2    1    2    1    1    1      1488    5    3 VMpure     5    9
    9   17    1    2    8    5    4    2    0    1       918   16    3 VMpure    10    9    1    8   16   14   12    5
    9   18    2    2    4    0    0    2    1    1       811   15    3 VMpure     7    1   13    4
    9   19    2    2    2    0    0    1    1    0       605    3    3 VMpure     6   13
    9   20    2    2    8    0    0    1    0    1      1512    3    3 VMpure     7   14   12    2    8   10   11    1
    9   21    1    2    8    4    5    2    1    0       846    3    3 VMpure     5   14    7    3   16   13   12    4
    9   22    2    2    2    0    0    1    1    0      4512    4    3 VMpure    13   16
    9   23    2    2    4    0    0    1    1    0       869    8    3 VMpure    10    6    4   13
    9   24    1    2    2    2    1    1    1    1       902   16    3 VMpure    12   16
