    1    1    1    2    4    3    2    2    1    0      3298   10    3 VMpure    14    9   10    4
    1    2    1    2    8    6    3    2    1    0      1452    3    3 VMpure    16   12   15    2    9    3    5   10
    1    3    1    2    8    3    6    1    1    1       953    1    3 VMpure    12    7    1    2    6   13   15   11
    1    4    2    2    2    0    0    2    1    1      2423    9    3 VMpure     4    5
    1    5    1    2    8    8    1    1    1    1      1107    6    3 VMpure    12   10   13   14   11    3    9    6
    1    6    2    2    4    0    0    2    1    1       976    3    3 VMpure     1   14   11   16
    1    7    2    2    2    0    0    2    1    1      1821    9    3 VMpure    13    6
    1    8    1    2    4    1    4    1    0    0       974    3    3 VMpure     3   16   12   11
    1    9    1    2    4    4    1    2    1    0      1161   16    3 VMpure     7    3    1   16
    1   10    2    2    4    0    0    2    1    1      1868    1    3 VMpure     5    9   14    2
    1   11    1    2    4    1    4    1    0    0      2011    6    3 VMpure     6    2   15    1
    1   12    1    2    8    4    5    1    1    1      1254    7    3 VMpure     9    3    8    7   12   15    1    6
    1   13    1    2    4    1    4    2    1    0      1654    8    3 VMpure     8   12   10   16
    1   14    1    2    2    1    2    2    1    0      1400   11    3 VMpure    11   14
    1   15    2    2    2    0    0    2    1    1      1884   14    3 VMpure    16    6
    1   16    2    2    4    0    0    1    1    0      1530    1    3 VMpure    14   12   13    4
    1   17    1    2    4    3    2    2    1    0       983   12    3 VMpure     5    8   12   11
    1   18    2    2    2    0    0    2    1    1      3531    8    3 VMpure     6   14
    1   19    1    2    8    3    6    2    1    0       954    1    3 VMpure    12    2    1    8   16   14   13    7
    1   20    1    2    8    2    7    2    1    0      1472    8    3 VMpure    15    8    1   16    5   12   13    4
    1   21    1    2    4    1    4    2    0    1      2143   14    3 VMpure    14    9    2   15
    1   22    1    2    4    1    4    1    0    0      2243   11    3 VMpure    11    5    3    1
    1   23    2    2    8    0    0    2    0    0       998    1    3 VMpure    10    4   11    7   15   12    2    9
    1   24    1    2    4    1    4    2    1    0       919    8    3 VMpure     8   16    1    9
    2    1    1    2    8    2    7    2    1    0       873   10    3 VMpure     7   10   11   13    9    3    4   16
    2    2    1    2    4    2    3    1    1    1      1319    2    3 VMpure     4    2   11   12
    2    3    1    2    8    2    7    1    1    1      1135    5    3 VMpure    15    5    7    9   14   11   12   10
    2    4    1    2    8    2    7    2    1    0       965    1    3 VMpure     7    1    2    6    8   11    3    4
    2    5    1    2    8    1    8    2    1    0      1442   12    3 VMpure    12    9   10   15    5   16    3   11
    2    6    1    2    2    1    2    2    1    0      1045   10    3 VMpure    10   16
    2    7    2    2    4    0    0    2    1    1      1405    1    3 VMpure    10   12    3    2
    2    8    1    2    2    1    2    1    1    1      1041   10    3 VMpure    10    3
    2    9    1    2    4    3    2    2    1    0      1001   14    3 VMpure    12   15   14    3
    2   10    2    2    2    0    0    1    1    0      3109   11    3 VMpure    13    1
    2   11    2    2    2    0    0    1    0    1      2477    3    3 VMpure     7   10
    2   12    2    2    2    0    0    1    1    0      2462    6    3 VMpure     4   13
    2   13    1    2    4    1    4    1    1    1      1334   12    3 VMpure    12    9    3    4
    2   14    1    2    4    1    4    2    0    1      3170    2    3 VMpure     2    6   16    1
    2   15    2    2    8    0    0    2    1    1      1423    4    3 VMpure     2   15    3    5    1    9   10   14
    2   16    2    2    2    0    0    2    1    1      1171    8    3 VMpure    14    2
    2   17    2    2    4    0    0    2    1    1      1805   16    3 VMpure    10    5   12   13
    2   18    2    2    2    0    0    1    1    0      1113    4    3 VMpure     7   15
    2   19    1    2    4    1    4    1    1    1      1031    1    3 VMpure     1    8    4    7
    2   20    1    2    8    8    1    1    1    1       602    4    3 VMpure    12   10   16   13   15   11    6    4
    2   21    1    2    8    4    5    1    0    0      1214   14    3 VMpure     6    2    1   14   12    5    9    4
    2   22    1    2    4    1    4    1    0    0      2175    9    3 VMpure     9   14   12   13
    2   23    2    2    8    0    0    1    1    0      1684   14    3 VMpure     3    4   10    9    8    2    7   13
    2   24    2    2    4    0    0    2    1    1       818   13    3 VMpure    16    6   15   11
    3    1    1    2    8    1    8    1    1    1      2859    1    3 VMpure     1    3    8   10   13   15    2   16
    3    2    1    2    2    2    1    1    1    1      2229   12    3 VMpure    15   12
    3    3    2    2    8    0    0    2    1    1       745    5    3 VMpure     6   11   12   16    3   13   10    8
    3    4    1    2    8    4    5    2    1    0      1127   15    3 VMpure     7   14   10   15   11    9    3    8
    3    5    1    2    8    1    8    2    0    1      1471    1    3 VMpure     1    4    7   14    5   12   11    9
    3    6    1    2    2    1    2    1    1    1       704   12    3 VMpure    12    3
    3    7    2    2    2    0    0    1    1    0       928    3    3 VMpure     7    5
    3    8    2    2    2    0    0    2    1    1       896   10    3 VMpure    16   15
    3    9    1    2    4    1    4    2    1    0      1030   15    3 VMpure    15   12    1    6
    3   10    2    2    2    0    0    2    1    1      2473   11    3 VMpure    14    9
    3   11    1    2    2    1    2    1    1    1       818   14    3 VMpure    14    2
    3   12    2    2    4    0    0    2    1    1      1443    5    3 VMpure     8    3   13   12
    3   13    2    2    2    0    0    2    1    1      1214   13    3 VMpure    15    7
    3   14    2    2    4    0    0    2    1    1       999    4    3 VMpure    16   10    2    1
    3   15    1    2    4    3    2    2    1    0       761    9    3 VMpure     6   16    9    2
    3   16    2    2    8    0    0    2    1    1       830   16    3 VMpure     8    9   11    5    4   12    3    6
    3   17    2    2    4    0    0    1    1    0      1231    2    3 VMpure    12    9   13   11
    3   18    2    2    4    0    0    2    1    1       983    3    3 VMpure    10   16   13   12
    3   19    1    2    8    1    8    1    0    0      1612    6    3 VMpure     6    1    9   14    4    3   12   10
    3   20    2    2    8    0    0    1    1    0       896   11    3 VMpure     6   13    7    2    4   15   14   12
    3   21    1    2    2    2    1    2    1    0       873   14    3 VMpure     6   14
    3   22    1    2    2    1    2    1    1    1       658    2    3 VMpure     2   15
    3   23    1    2    8    4    5    1    1    1      1076   11    3 VMpure    12    8    7   11   16   14    2    6
    3   24    1    2    8    3    6    2    0    1      1878    8    3 VMpure    14    1    8   13   11   15    5    6
    4    1    1    2    8    4    5    2    1    0      1148   13    3 VMpure     8    2   14   13    3   15    5    6
    4    2    2    2    8    0    0    1    1    0      1338   12    3 VMpure    16    6    2   10    9   14   11    7
    4    3    2    2    4    0    0    2    1    1      1446   12    3 VMpure     6    3    8   14
    4    4    2    2    2    0    0    2    1    1      1120    5    3 VMpure     6    1
    4    5    2    2    4    0    0    2    1    1      1493   11    3 VMpure     4    8    3    9
    4    6    2    2    2    0    0    2    1    1      1022    6    3 VMpure     7    5
    4    7    1    2    8    2    7    1    1    1       897    6    3 VMpure     5    6    8    2   11    7   16   15
    4    8    2    2    8    0    0    2    1    1      1370    9    3 VMpure    16    5    7   14    6   13   12    1
    4    9    1    2    4    2    3    2    0    1       749   14    3 VMpure     4   14    3    5
    4   10    2    2    2    0    0    2    1    1      1579   11    3 VMpure    14   16
    4   11    1    2    8    5    4    1    0    0      1392   13    3 VMpure     1    9    7    2   13    6    4    8
    4   12    1    2    2    1    2    1    1    1       661    8    3 VMpure     8   13
    4   13    2    2    2    0    0    1    1    0      2543    5    3 VMpure     2    8
    4   14    1    2    2    1    2    1    1    1      1118   12    3 VMpure    12   15
    4   15    1    2    2    2    1    2    1    0       997    3    3 VMpure     4    3
    4   16    1    2    8    3    6    1    1    1       762    1    3 VMpure    11    3    1    8    4   13   15   16
    4   17    1    2    4    1    4    1    1    1      1029    8    3 VMpure     8    4   15    5
    4   18    1    2    2    1    2    1    1    1       465    5    3 VMpure     5    6
    4   19    1    2    2    1    2    2    0    1      2978   11    3 VMpure    11    6
    4   20    2    2    4    0    0    1    1    0       781    3    3 VMpure     5   11    4   15
    4   21    2    2    8    0    0    2    1    1      1322    5    3 VMpure     9    8   11   16    2    7    6   15
    4   22    1    2    2    1    2    1    1    1       650   12    3 VMpure    12   11
    4   23    2    2    8    0    0    2    0    0      1187    7    3 VMpure    12    9    2    3   15   16   11    1
    4   24    2    2    4    0    0    1    1    0      2526   12    3 VMpure     3    5    8   16
    5    1    2    2    8    0    0    1    1    0      1032   13    3 VMpure     4    5   16    6   10   15    2    8
    5    2    2    2    4    0    0    2    1    1       896    1    3 VMpure    16    4    6   13
    5    3    1    2    4    3    2    2    1    0       734   12    3 VMpure     3   16   12    6
    5    4    2    2    4    0    0    1    1    0       707    8    3 VMpure     1    5   13    6
    5    5    1    2    4    3    2    2    1    0       768   13    3 VMpure    16    5   13   11
    5    6    2    2    2    0    0    1    1    0      1077   14    3 VMpure    10    8
    5    7    2    2    8    0    0    1    1    0       727   12    3 VMpure    11    9    6    7   15    1    4    2
    5    8    1    2    2    1    2    2    1    0       774   13    3 VMpure    13   15
    5    9    2    2    8    0    0    1    1    0      1611    7    3 VMpure     1   13   10   11    2   12   14    9
    5   10    1    2    4    3    2    2    0    1      1829   10    3 VMpure     7    6   10   11
    5   11    1    2    4    4    1    2    1    0       605    4    3 VMpure    16   13    8    4
    5   12    1    2    2    1    2    2    1    0      1057    4    3 VMpure     4    9
    5   13    1    2    2    1    2    2    1    0       452    7    3 VMpure     7    1
    5   14    1    2    2    2    1    2    1    0       742   11    3 VMpure     8   11
    5   15    1    2    4    3    2    2    1    0       730    8    3 VMpure     3    6    8    2
    5   16    1    2    4    1    4    2    0    1      1966    6    3 VMpure     6    9   14    4
    5   17    2    2    4    0    0    2    1    1       769    4    3 VMpure     8    1   13   14
    5   18    1    2    2    1    2    1    0    0      1990   12    3 VMpure    12    8
    5   19    1    2    2    2    1    2    1    0       587    8    3 VMpure     2    8
    5   20    1    2    4    4    1    2    1    0      1533    7    3 VMpure    16    8   14    7
    5   21    1    2    4    2    3    1    0    0      1393    5    3 VMpure     6    5    3    7
    5   22    1    2    8    3    6    1    1    1      1078   10    3 VMpure     8   16   10   13    9    1    5   11
    5   23    2    2    8    0    0    1    0    1       911   11    3 VMpure     4    5    6   12   16    8    1    9
    5   24    2    2    4    0    0    2    1    1      1517    3    3 VMpure    11    6    8   14
    6    1    2    2    4    0    0    1    1    0      1021    8    3 VMpure    16    3    1    5
    6    2    2    2    4    0    0    2    1    1      1902    3    3 VMpure    16    2    8   10
    6    3    2    2    4    0    0    1    1    0       884   16    3 VMpure    11    1   12    9
    6    4    2    2    8    0    0    2    1    1       956   15    3 VMpure     7    3    8    2   16   11    1    5
    6    5    1    2    2    2    1    1    1    1      1002    8    3 VMpure     2    8
    6    6    2    2    2    0    0    1    1    0       598    5    3 VMpure     1    4
    6    7    1    2    2    1    2    1    1    1       618    8    3 VMpure     8   16
    6    8    2    2    4    0    0    1    1    0      1051    6    3 VMpure    14    9   11    7
    6    9    1    2    8    6    3    1    0    0      2117   14    3 VMpure     4    5    7   15    1   14    2    6
    6   10    1    2    2    2    1    1    1    1       773   10    3 VMpure     6   10
    6   11    1    2    2    1    2    2    1    0       714   10    3 VMpure    10   12
    6   12    2    2    2    0    0    1    1    0       833    5    3 VMpure    13    9
    6   13    2    2    8    0    0    2    1    1       884   12    3 VMpure     4    3   10   15   14   16    1   13
    6   14    2    2    8    0    0    1    1    0      1525    2    3 VMpure     7   15    4   14    9    1   13    5
    6   15    1    2    8    7    2    2    1    0       868   15    3 VMpure     6    5    2    1    9   11   15    4
    6   16    1    2    8    3    6    1    1    1      1166    2    3 VMpure     8    3    2   16    7    1    9   14
    6   17    2    2    4    0    0    2    1    1      1192   15    3 VMpure    10   14   16    5
    6   18    1    2    4    4    1    1    1    1       610   13    3 VMpure     4   15   14   13
    6   19    2    2    4    0    0    1    1    0      1372   14    3 VMpure    12   11    1    4
    6   20    1    2    8    5    4    1    1    1       809   13    3 VMpure     4   16    5    7   13   10    8   11
    6   21    2    2    8    0    0    2    0    0       997    8    3 VMpure     3   13   10    7    1    2   12   14
    6   22    2    2    2    0    0    2    1    1       954   16    3 VMpure    15    9
    6   23    2    2    2    0    0    1    1    0      1216    9    3 VMpure     8   13
    6   24    2    2    4    0    0    1    1    0       913    6    3 VMpure    13    3   12    2
    7    1    1    2    4    3    2    1    1    1       546    5    3 VMpure    10    8    5    6
    7    2    1    2    4    3    2    2    0    1      2430    1    3 VMpure    10   16    1    6
    7    3    1    2    2    2    1    1    1    1       466    7    3 VMpure     4    7
    7    4    2    2    8    0    0    1    0    1      2243   15    3 VMpure     8   16   11    5   14    3    2   10
    7    5    2    2    4    0    0    2    1    1       611   12    3 VMpure    13    9   14    8
    7    6    1    2    2    1    2    1    1    1       511   11    3 VMpure    11    2
    7    7    2    2    2    0    0    2    1    1      2343    6    3 VMpure     2    4
    7    8    1    2    4    4    1    2    1    0       819   13    3 VMpure     2    8   16   13
    7    9    2    2    2    0    0    2    1    1       566   16    3 VMpure     3   14
    7   10    2    2    2    0    0    1    0    1      1900   12    3 VMpure    15    2
    7   11    1    2    4    4    1    2    1    0      1345    8    3 VMpure    12   11    9    8
    7   12    1    2    2    1    2    1    1    1       592    4    3 VMpure     4    8
    7   13    2    2    8    0    0    1    1    0       981    6    3 VMpure     7    4    1   12   16   13    5   14
    7   14    1    2    8    7    2    2    1    0      1634   10    3 VMpure     4   12   16   11    5    3   10   15
    7   15    1    2    2    2    1    1    1    1       461   14    3 VMpure     9   14
    7   16    1    2    8    8    1    1    1    1       423   10    3 VMpure     6    5    3    7    1   14   12   10
    7   17    1    2    8    8    1    1    1    1       746   14    3 VMpure     9   16   11   10    4    5    6   14
    7   18    2    2    2    0    0    1    0    1      3201   13    3 VMpure    15    1
    7   19    1    2    4    3    2    2    1    0       594    8    3 VMpure    12    4    8    3
    7   20    1    2    4    1    4    1    0    0      1828    2    3 VMpure     2   14    3   15
    7   21    2    2    8    0    0    1    0    1      1024   15    3 VMpure     3   12    2    1   10    9    6    8
    7   22    2    2    4    0    0    1    1    0      1392   12    3 VMpure    10    1   16    9
    7   23    2    2    4    0    0    2    1    1      1042    2    3 VMpure     8    3   16    4
    7   24    1    2    2    2    1    2    1    0       669    7    3 VMpure    15    7
    8    1    2    2    4    0    0    1    1    0       822    7    3 VMpure     2   11    9   12
    8    2    2    2    4    0    0    2    1    1       775    3    3 VMpure    13    1    7   12
    8    3    2    2    4    0    0    1    1    0       690    5    3 VMpure     1   13   11   16
    8    4    1    2    8    8    1    1    1    1       650   16    3 VMpure    12    2   11   10    4    1   15   16
    8    5    1    2    8    6    3    1    1    1       924    1    3 VMpure    10    6   14    5   12    1    4    3
    8    6    1    2    4    3    2    1    0    0       881    7    3 VMpure    12    8    7    2
    8    7    2    2    4    0    0    1    1    0       551    6    3 VMpure    14   13    5    7
    8    8    1    2    4    1    4    2    1    0       954    5    3 VMpure     5    8    3   14
    8    9    1    2    2    1    2    2    1    0       696    4    3 VMpure     4   10
    8   10    1    2    8    8    1    1    1    1       633   10    3 VMpure    16    6   14    1    7    9    3   10
    8   11    1    2    4    4    1    2    1    0       905   15    3 VMpure    16    6    8   15
    8   12    2    2    2    0    0    1    1    0       513    1    3 VMpure     8    5
    8   13    2    2    8    0    0    2    1    1       785    5    3 VMpure     7    8    3   14    1    9   16    6
    8   14    2    2    8    0    0    1    1    0      1278   11    3 VMpure     5   10    3    2    8   15    7   12
    8   15    1    2    2    2    1    1    1    1      1159    8    3 VMpure    15    8
    8   16    2    2    4    0    0    1    1    0      1651    4    3 VMpure     3   15   14    9
    8   17    1    2    2    1    2    2    1    0       589   15    3 VMpure    15    5
    8   18    2    2    8    0    0    1    1    0       842    5    3 VMpure    15    8    2   13    3    1    7    4
    8   19    2    2    2    0    0    2    1    1      1012   16    3 VMpure     2    5
    8   20    2    2    4    0    0    2    1    1      1438   14    3 VMpure    15   13    3    2
    8   21    1    2    2    2    1    2    0    1      1112    8    3 VMpure     2    8
    8   22    1    2    8    6    3    2    0    1      1152    9    3 VMpure    11    7   16   12    6    9   10   14
    8   23    2    2    8    0    0    1    1    0       662   12    3 VMpure    15   14    9    1   13    8   11   16
    8   24    2    2    2    0    0    2    1    1       720   15    3 VMpure     6    3
    9    1    2    2    4    0    0    1    1    0       812    9    3 VMpure    13   12   14   15
    9    2    2    2    4    0    0    2    1    1       741    6    3 VMpure    15    3    8    5
    9    3    1    2    2    2    1    2    1    0       868   12    3 VMpure    10   12
    9    4    2    2    4    0    0    2    1    1       675    3    3 VMpure    15   11    4   14
    9    5    2    2    4    0    0    1    1    0      1073    5    3 VMpure     6   10    7   13
    9    6    1    2    4    4    1    2    1    0       600    3    3 VMpure     9   15    2    3
    9    7    2    2    4    0    0    2    1    1       954    2    3 VMpure    11    7   14    5
    9    8    1    2    2    2    1    1    1    1       735    8    3 VMpure    12    8
    9    9    2    2    8    0    0    2    1    1       894   14    3 VMpure     8    7   13   16    3    6   15    4
    9   10    2    2    2    0    0    2    1    1      1583   12    3 VMpure    14   11
    9   11    1    2    4    3    2    1    0    0       673    5    3 VMpure     6   12    5    3
    9   12    2    2    4    0    0    2    1    1      1024   14    3 VMpure    10    6    5   16
    9   13    1    2    8    8    1    2    1    0      1163    6    3 VMpure     2    4    9   14   10   13    5    6
    9   14    2    2    4    0    0    1    1    0      1094    4    3 VMpure     7    2    5    8
    9   15    1    2    4    3    2    2    1    0       652    5    3 VMpure    16    1    5   11
    9   16    1    2    4    2    3    2    1    0       483    8    3 VMpure     6    8   10   12
    9   17    2    2    8    0    0    2    1    1      1116   14    3 VMpure     3   16    9   10    1    4   15    7
    9   18    1    2    2    1    2    1    1    1       531   11    3 VMpure    11   10
    9   19    1    2    8    4    5    1    0    0      1442   11    3 VMpure    15   13    9   11   10    8    7    4
    9   20    1    2    4    3    2    1    1    1       378   11    3 VMpure     8    5   11   15
    9   21    2    2    8    0    0    1    1    0       767    9    3 VMpure    10   15   11    2    4   16    5   14
    9   22    2    2    2    0    0    1    0    1       725   15    3 VMpure    10    8
    9   23    2    2    2    0    0    1    1    0       628    9    3 VMpure     8   11
    9   24    2    2    2    0    0    2    1    1       832   10    3 VMpure     9    3
