    1    1    2    2    8    0    0    2    0    0      3257    9    3 VMpure     8   16    6   10    3   11   15    7
    1    2    1    2    4    1    4    1    1    1      1086    1    3 VMpure     1    8    6   13
    1    3    1    2    4    4    1    2    0    1      3786    5    3 VMpure    14    8    6    5
    1    4    1    2    8    7    2    2    1    0       919    5    3 VMpure    13   16    1    6    7    9    5   15
    1    5    2    2    8    0    0    1    1    0      1069   16    3 VMpure     8   14    6    4    1   13    3    9
    1    6    1    2    8    8    1    2    1    0       438   13    3 VMpure     2    4   11    5   10    7   15   13
    1    7    1    2    4    2    3    2    1    0       598    8    3 VMpure     4    8   13   15
    1    8    1    2    2    1    2    1    1    1      1018   11    3 VMpure    11   10
    1    9    2    2    4    0    0    2    1    1       723    6    3 VMpure    11   15   10    9
    1   10    2    2    8    0    0    1    1    0       738   16    3 VMpure    14   15    7   11   13    6    9    8
    1   11    2    2    4    0    0    1    0    1       774   10    3 VMpure    16    2    1    9
    1   12    1    2    8    1    8    1    1    1      1180    1    3 VMpure     1    9   10    2    3    4   16    6
    1   13    1    2    8    7    2    1    1    1       793    6    3 VMpure     2   10   11    9    5    7    6   15
    1   14    2    2    2    0    0    1    1    0       894    5    3 VMpure    16    1
    1   15    2    2    4    0    0    2    1    1       771   11    3 VMpure     7    8   12   15
    1   16    2    2    2    0    0    1    1    0       824    6    3 VMpure    14    9
    1   17    2    2    4    0    0    2    1    1       689    9    3 VMpure    12    8   13   14
    1   18    1    2    2    2    1    2    1    0      1106    6    3 VMpure    11    6
    1   19    2    2    2    0    0    2    1    1       602    7    3 VMpure     6    8
    1   20    2    2    2    0    0    1    1    0       766   15    3 VMpure    13    5
    1   21    2    2    8    0    0    2    1    1      1315   12    3 VMpure     2    7   11   10   15    4   14    5
    1   22    2    2    8    0    0    1    1    0      1083   13    3 VMpure     5   14   15    9    3   16    8   12
    1   23    2    2    2    0    0    2    1    1       827    2    3 VMpure    14    5
    1   24    1    2    2    2    1    2    1    0       991    7    3 VMpure    12    7
    2    1    1    2    8    4    5    1    1    1       896    5    3 VMpure     7    3   10    5    4   12   15   14
    2    2    1    2    8    1    8    2    1    0       729   16    3 VMpure    16   15    2   10   12    7   11    6
    2    3    2    2    8    0    0    1    1    0       649    1    3 VMpure     6   11   15    3   16    4    7   14
    2    4    2    2    8    0    0    2    1    1      1002    4    3 VMpure     3   14   12   11    5    6    1   15
    2    5    1    2    8    6    3    2    1    0       542    2    3 VMpure    15   10   14   13    9    2   11   16
    2    6    2    2    8    0    0    1    1    0       789    8    3 VMpure     2    9   14   15   16    5    4   10
    2    7    1    2    2    2    1    2    1    0      3002    3    3 VMpure     4    3
    2    8    1    2    4    3    2    1    1    1       779   11    3 VMpure     6    5   11    8
    2    9    1    2    8    3    6    1    0    0       497   13    3 VMpure     9    7   13    4   10   16   15    3
    2   10    2    2    4    0    0    1    1    0       575   15    3 VMpure     4    2    6   11
    2   11    2    2    2    0    0    2    1    1       612   11    3 VMpure    16    8
    2   12    1    2    8    3    6    1    1    1       920   15    3 VMpure     5    7   15    1    8   12   13   14
    2   13    1    2    2    1    2    2    1    0       655    5    3 VMpure     5    9
    2   14    1    2    4    1    4    2    1    0       671    6    3 VMpure     6   14    9    8
    2   15    2    2    4    0    0    1    1    0       573    7    3 VMpure     9    1   11    8
    2   16    1    2    2    1    2    2    1    0       779    4    3 VMpure     4   10
    2   17    1    2    2    1    2    2    1    0       489    2    3 VMpure     2    5
    2   18    1    2    4    4    1    1    1    1       366    9    3 VMpure    13    5    4    9
    2   19    2    2    2    0    0    2    1    1       452   16    3 VMpure    15   14
    2   20    2    2    4    0    0    2    1    1       939   11    3 VMpure    13   12    7    1
    2   21    2    2    8    0    0    1    1    0       842   11    3 VMpure     8   14    3   16   15    9   12    2
    2   22    1    2    8    1    8    1    1    1       629    2    3 VMpure     2    3   16    1    4    8   12   15
    2   23    1    2    4    4    1    2    1    0       341   15    3 VMpure     8    3    5   15
    2   24    1    2    2    2    1    2    1    0       372   16    3 VMpure    14   16
    3    1    1    2    8    7    2    1    1    1       504   15    3 VMpure    10    5   12   11   16    3   15    1
    3    2    2    2    4    0    0    2    1    1       462    5    3 VMpure     6   16   15    9
    3    3    2    2    2    0    0    1    1    0       440    7    3 VMpure    16   13
    3    4    2    2    8    0    0    1    0    1       538   11    3 VMpure     8    5    7   10    3   16   13    6
    3    5    1    2    8    1    8    2    1    0       857   14    3 VMpure    14    4   16    3   15   13   11    2
    3    6    2    2    2    0    0    1    1    0       411    4    3 VMpure    15    1
    3    7    2    2    8    0    0    1    1    0       711   15    3 VMpure     2    1    8    3    6   10    5   13
    3    8    2    2    2    0    0    2    1    1       503   12    3 VMpure     9    7
    3    9    2    2    8    0    0    1    1    0       463   12    3 VMpure    15    9    1    2   10    6   11   16
    3   10    2    2    2    0    0    1    1    0       497    4    3 VMpure    13    2
    3   11    1    2    8    3    6    2    1    0       833   12    3 VMpure     3    2   12    1    4    9   11    8
    3   12    2    2    4    0    0    1    1    0       449    3    3 VMpure    14    8   16    2
    3   13    2    2    4    0    0    1    1    0       657   11    3 VMpure    14   16    2   10
    3   14    1    2    4    4    1    2    1    0       408   16    3 VMpure     7    3   14   16
    3   15    2    2    8    0    0    2    1    1       580   13    3 VMpure    14    7   15    6    5    9   16   10
    3   16    1    2    4    3    2    1    1    1       607    5    3 VMpure    16   14    5    2
    3   17    2    2    2    0    0    2    1    1       387    7    3 VMpure    10   12
    3   18    1    2    8    2    7    1    0    0       600   15    3 VMpure     3   15   11   10   12    4    2    7
    3   19    1    2    4    3    2    1    1    1       641    2    3 VMpure    10   16    2    4
    3   20    1    2    8    4    5    1    1    1       716    4    3 VMpure    12    6    1    4    8   14    2    9
    3   21    1    2    2    1    2    2    1    0       403    4    3 VMpure     4   16
    3   22    1    2    8    1    8    2    1    0       527    9    3 VMpure     9   12    6    8   11    1   10    4
    3   23    1    2    8    5    4    2    1    0       727   12    3 VMpure    10    2    9    8   12    3    5   16
    3   24    1    2    2    2    1    2    1    0       382    4    3 VMpure    13    4
    4    1    2    2    4    0    0    2    1    1       517   14    3 VMpure     1   15    8   16
    4    2    1    2    8    3    6    1    1    1       621    5    3 VMpure     7   10    5   13   11   14    3   15
    4    3    2    2    8    0    0    2    0    0       536    4    3 VMpure    15    2    6   10    1    7   16    8
    4    4    1    2    8    2    7    1    1    1       479    2    3 VMpure    11    2    6   10   14   15    5    3
    4    5    2    2    4    0    0    1    1    0       510    9    3 VMpure     5    2    1    3
    4    6    2    2    2    0    0    2    1    1       430    7    3 VMpure    12    4
    4    7    2    2    2    0    0    1    1    0       409    3    3 VMpure     9    5
    4    8    1    2    8    5    4    2    0    1       485    9    3 VMpure     5   10   13    2    9    1   15    6
    4    9    2    2    2    0    0    1    1    0       598   11    3 VMpure     9    5
    4   10    2    2    8    0    0    1    1    0       610   13    3 VMpure     2    7   16    9   12    3   14    1
    4   11    1    2    4    3    2    1    1    1       347   13    3 VMpure     6    2   13    1
    4   12    2    2    4    0    0    1    1    0       455   10    3 VMpure     8    9    1   14
    4   13    2    2    2    0    0    1    1    0       433    4    3 VMpure     9   10
    4   14    2    2    8    0    0    2    1    1       539   16    3 VMpure     6   14    3    8   10   13    7   12
    4   15    1    2    4    3    2    1    1    1       679   10    3 VMpure    13    6   10    7
    4   16    1    2    2    2    1    1    1    1       345   12    3 VMpure    10   12
    4   17    1    2    2    2    1    1    1    1       368   15    3 VMpure    13   15
    4   18    2    2    4    0    0    1    1    0       522    2    3 VMpure     8    5   10    6
    4   19    1    2    2    1    2    1    1    1       466    7    3 VMpure     7    6
    4   20    1    2    4    3    2    1    1    1       640    6    3 VMpure     3    2    6    8
    4   21    1    2    4    2    3    1    1    1       521    4    3 VMpure     1    4   16    9
    4   22    2    2    8    0    0    2    1    1       528    7    3 VMpure     2    8   15   14    1    4   13    5
    4   23    2    2    2    0    0    1    1    0       551    4    3 VMpure     3    5
    4   24    1    2    2    1    2    1    1    1       853    2    3 VMpure     2   14
    5    1    1    2    8    2    7    2    0    1       706    3    3 VMpure    13    3   12    1   11    7    2   15
    5    2    1    2    4    1    4    1    1    1       623    9    3 VMpure     9    2   16   11
    5    3    2    2    4    0    0    1    1    0       520   12    3 VMpure    13    1    8   10
    5    4    1    2    4    1    4    1    1    1       541   16    3 VMpure    16    3   10   15
    5    5    2    2    8    0    0    2    1    1       684    2    3 VMpure    12    1    6   11    7    8    4    5
    5    6    2    2    8    0    0    2    1    1       604    4    3 VMpure     8    1    9   11    6   16   15   13
    5    7    2    2    4    0    0    2    1    1       589   15    3 VMpure     6   16    8    2
    5    8    2    2    2    0    0    1    1    0       538    5    3 VMpure     7    1
    5    9    2    2    2    0    0    1    1    0       393   10    3 VMpure    12    8
    5   10    2    2    8    0    0    2    1    1       445   13    3 VMpure     5    6    4   11    2    3   12    9
    5   11    2    2    4    0    0    1    1    0       558    3    3 VMpure     8   15    9    7
    5   12    1    2    8    8    1    2    1    0       548   16    3 VMpure     2   15   11    8   13    3    7   16
    5   13    2    2    4    0    0    2    1    1       415    5    3 VMpure     8    1    7    6
    5   14    2    2    8    0    0    1    0    1       691    1    3 VMpure     6    3    8   11    9   10   16   13
    5   15    2    2    8    0    0    2    1    1       787    5    3 VMpure    14    8   10    1   13    7   15    2
    5   16    2    2    2    0    0    2    1    1       488    2    3 VMpure    15    9
    5   17    1    2    8    6    3    1    1    1       689    7    3 VMpure    11   16   14    6    3    7    2    4
    5   18    1    2    8    2    7    2    0    1       545    9    3 VMpure     3    9    4   12   10   14    7   11
    5   19    1    2    8    4    5    1    1    1       896    6    3 VMpure    14    8    1    6    9   10   11    4
    5   20    1    2    2    1    2    1    1    1       985   16    3 VMpure    16    4
    5   21    1    2    4    1    4    1    1    1       675    3    3 VMpure     3    8    2   13
    5   22    2    2    2    0    0    2    1    1       748   16    3 VMpure     9    8
    5   23    2    2    8    0    0    1    1    0       610    7    3 VMpure     3   16    9   10    1    4    5   15
    5   24    2    2    8    0    0    1    0    1       790   16    3 VMpure     6   13    7    3    8    2    4    1
    6    1    2    2    2    0    0    1    0    1      1278    8    3 VMpure     7   10
    6    2    2    2    2    0    0    2    1    1       911    8    3 VMpure     1    7
    6    3    1    2    2    2    1    2    1    0       551    1    3 VMpure     9    1
    6    4    2    2    2    0    0    1    1    0       413    5    3 VMpure     9   15
    6    5    1    2    4    2    3    1    1    1      1055   15    3 VMpure     5   15   13    4
    6    6    2    2    8    0    0    2    1    1       617   14    3 VMpure     5    8    7   16   11    9   15   12
    6    7    2    2    2    0    0    2    1    1       436   14    3 VMpure     9    8
    6    8    2    2    4    0    0    1    1    0       508    3    3 VMpure     7    9    6    5
    6    9    1    2    4    2    3    2    0    1       594    3    3 VMpure     5    3   11   12
    6   10    2    2    8    0    0    2    1    1       662   14    3 VMpure     1   16    9   12   10    2   15    3
    6   11    2    2    4    0    0    2    1    1       854    2    3 VMpure     7   15   13    9
    6   12    2    2    4    0    0    1    1    0       477    8    3 VMpure    11   12    3    4
    6   13    1    2    2    1    2    2    0    1       630    5    3 VMpure     5    9
    6   14    1    2    2    2    1    2    1    0       458    8    3 VMpure     4    8
    6   15    1    2    2    1    2    2    1    0       492    9    3 VMpure     9   10
    6   16    1    2    4    2    3    2    0    1       642    6    3 VMpure     8    6    4    9
    6   17    2    2    2    0    0    1    1    0       436   11    3 VMpure    10    6
    6   18    2    2    8    0    0    1    1    0       655    7    3 VMpure     9    5    2    3   14    4   13   11
    6   19    1    2    4    2    3    2    1    0       590   14    3 VMpure    13   14   12    3
    6   20    2    2    4    0    0    2    1    1       601    7    3 VMpure    14   13    9   12
    6   21    2    2    4    0    0    2    1    1       666   12    3 VMpure    11   15   13   16
    6   22    2    2    2    0    0    1    1    0       403   11    3 VMpure    16   14
    6   23    2    2    4    0    0    2    1    1       493    4    3 VMpure    11   16    3    6
    6   24    1    2    4    3    2    2    1    0       923   12    3 VMpure    14   10   12   15
    7    1    1    2    2    1    2    2    1    0       340    5    3 VMpure     5    1
    7    2    1    2    4    2    3    1    1    1       584    7    3 VMpure     2    7   15    8
    7    3    1    2    4    1    4    2    1    0       666    6    3 VMpure     6   13    1    5
    7    4    1    2    8    7    2    2    1    0       476   10    3 VMpure     6    1   12    9    5    2   10    3
    7    5    2    2    2    0    0    2    1    1       965    6    3 VMpure     9   11
    7    6    1    2    4    1    4    2    1    0       640    8    3 VMpure     8   11   10   16
    7    7    2    2    2    0    0    1    1    0       426   14    3 VMpure     3   11
    7    8    1    2    2    2    1    2    1    0       366   13    3 VMpure     9   13
    7    9    2    2    8    0    0    2    1    1       708   16    3 VMpure     5   13    4    7    9   10    1    8
    7   10    2    2    2    0    0    1    1    0       419    6    3 VMpure    16    8
    7   11    1    2    4    2    3    1    0    0       692    6    3 VMpure     4    6   12   10
    7   12    1    2    8    7    2    2    1    0       557    5    3 VMpure    15   11   16    8    4    9    5    3
    7   13    1    2    2    2    1    2    1    0       299   13    3 VMpure    15   13
    7   14    2    2    2    0    0    1    1    0       419   13    3 VMpure    10   12
    7   15    2    2    2    0    0    1    1    0       422   12    3 VMpure     8   15
    7   16    1    2    8    6    3    2    1    0       626   15    3 VMpure     2   14    6    8    5   15    4    1
    7   17    2    2    2    0    0    2    1    1       501    4    3 VMpure     6    3
    7   18    2    2    8    0    0    2    1    1       677    2    3 VMpure    14   11   15   10    4   16    9    7
    7   19    2    2    2    0    0    2    1    1       390    4    3 VMpure    13    6
    7   20    1    2    8    6    3    2    1    0       835   16    3 VMpure     2   15   10   13    9   16    7    8
    7   21    1    2    4    3    2    1    0    0       539    1    3 VMpure    11    4    1    3
    7   22    2    2    8    0    0    1    1    0       762   11    3 VMpure    14    1    7    5    2    6    3    8
    7   23    2    2    2    0    0    2    1    1       440    7    3 VMpure     3    1
    7   24    1    2    2    1    2    1    1    1       451    5    3 VMpure     5    1
    8    1    1    2    2    1    2    2    1    0       411    8    3 VMpure     8   16
    8    2    2    2    4    0    0    1    1    0       444    9    3 VMpure    11    5    8    1
    8    3    1    2    2    2    1    1    1    1       335    4    3 VMpure    16    4
    8    4    2    2    8    0    0    2    1    1       534    9    3 VMpure     6   11    2    1    5    8    3   16
    8    5    1    2    2    1    2    1    1    1       476    4    3 VMpure     4    9
    8    6    2    2    8    0    0    2    1    1       725   12    3 VMpure     3   15    2   11    4    9   14   10
    8    7    1    2    2    1    2    2    1    0       485    8    3 VMpure     8    6
    8    8    2    2    4    0    0    2    1    1       547    3    3 VMpure     5    7    6    4
    8    9    1    2    4    4    1    1    1    1       351   13    3 VMpure     7    2   12   13
    8   10    2    2    8    0    0    2    1    1       557    7    3 VMpure     2    8   10   13   11    5   12   15
    8   11    1    2    8    5    4    1    0    0       451    9    3 VMpure    14    8   12    6    9   11    3    5
    8   12    2    2    8    0    0    2    1    1       733    8    3 VMpure     6   11    2    9    5   15   13   10
    8   13    2    2    8    0    0    2    1    1       644   15    3 VMpure     5    1    3    7   12    9    4    6
    8   14    2    2    2    0    0    1    1    0       615   10    3 VMpure     6   12
    8   15    2    2    8    0    0    1    1    0       690    8    3 VMpure     5   14    3   10    2    1   15   12
    8   16    1    2    2    2    1    1    1    1       451    3    3 VMpure     4    3
    8   17    2    2    8    0    0    1    1    0       637    3    3 VMpure    10    6    1   16    8   11    2    4
    8   18    1    2    2    2    1    2    1    0       352    2    3 VMpure     6    2
    8   19    1    2    8    6    3    1    1    1       646   14    3 VMpure    11    7   13    3    4   14   16    8
    8   20    1    2    4    4    1    2    1    0       350   15    3 VMpure     3    5   10   15
    8   21    1    2    4    4    1    1    1    1       321    6    3 VMpure     9   11   12    6
    8   22    1    2    8    3    6    1    0    0       504    6    3 VMpure    16   13    6   10    2    4    3    8
    8   23    2    2    8    0    0    1    1    0       736    2    3 VMpure     4   14    3   15    6    8   10    1
    8   24    2    2    4    0    0    1    1    0       572    4    3 VMpure    12    7    3   15
    9    1    1    2    8    3    6    1    0    0       520   16    3 VMpure    15    7   16    1    5    6   11   10
    9    2    2    2    2    0    0    2    1    1       423   12    3 VMpure    11    1
    9    3    1    2    4    3    2    1    0    0       423   14    3 VMpure     5   13   14    1
    9    4    1    2    2    2    1    1    1    1       315   11    3 VMpure    14   11
    9    5    2    2    4    0    0    1    0    1       448   16    3 VMpure    13    4    6    7
    9    6    1    2    4    1    4    2    1    0       623    2    3 VMpure     2    9   15    3
    9    7    2    2    2    0    0    2    1    1       514    5    3 VMpure     7    1
    9    8    2    2    8    0    0    2    1    1       538    5    3 VMpure     6    2   15   11    9    7    4   10
    9    9    1    2    4    2    3    1    1    1       637    1    3 VMpure    16    1    3   12
    9   10    1    2    4    4    1    1    1    1       390    2    3 VMpure    10    6    1    2
    9   11    1    2    2    1    2    2    1    0       490    2    3 VMpure     2    8
    9   12    1    2    2    1    2    1    1    1       531    4    3 VMpure     4    3
    9   13    1    2    8    2    7    2    1    0       562   16    3 VMpure     3   16    9    7   10   15    5    4
    9   14    2    2    8    0    0    1    1    0       496    8    3 VMpure    14    5    1    9   12    4    2    6
    9   15    1    2    8    6    3    1    1    1       529   11    3 VMpure     7   15   13   12    8   11    4   14
    9   16    1    2    2    1    2    2    1    0       440    2    3 VMpure     2    9
    9   17    1    2    4    4    1    1    1    1       328   15    3 VMpure     2   10   12   15
    9   18    2    2    8    0    0    2    1    1       527    5    3 VMpure     3   10   15   14    8    4    1    2
    9   19    1    2    4    4    1    2    1    0       324   15    3 VMpure     8    3    6   15
    9   20    2    2    4    0    0    2    1    1       601    8    3 VMpure     6   13   10   14
    9   21    2    2    4    0    0    1    1    0       474    8    3 VMpure    10   11    9    5
    9   22    2    2    2    0    0    1    1    0       515    6    3 VMpure     3   11
    9   23    2    2    8    0    0    2    1    1       515   13    3 VMpure    16   12   15    4   14    9    3    5
    9   24    1    2    8    5    4    1    0    0       506    6    3 VMpure     4    2   12    3    6   13   10    1
