    1    1    1    2    4    4    1    2    0    1     10596    5    3 VMpure    10    1    9    5
    1    2    1    2    2    1    2    2    1    0      2173   12    3 VMpure    12   14
    1    3    1    2    2    1    2    2    0    1      7450    1    3 VMpure     1    9
    1    4    2    2    4    0    0    1    1    0     33846   14    3 VMpure     9    6   10   15
    1    5    1    2    8    1    8    2    1    0      1691    1    3 VMpure     1    5   11   16    8    4    3    9
    1    6    2    2    2    0    0    2    1    1      1388    8    3 VMpure    15    6
    1    7    2    2    2    0    0    2    1    1       950    7    3 VMpure     2    8
    1    8    2    2    8    0    0    2    0    0      1554   15    3 VMpure    12   13   14    1    3   11    7    4
    1    9    2    2    4    0    0    2    1    1      1229   11    3 VMpure     5   15   10    8
    1   10    1    2    4    3    2    1    1    1      1381   15    3 VMpure     7    1   15    6
    1   11    1    2    4    2    3    1    1    1       918    5    3 VMpure     7    5    8   14
    1   12    2    2    8    0    0    2    0    0      1941    8    3 VMpure    16   13   12    7    6   10    5    9
    1   13    1    2    2    2    1    1    1    1       956    7    3 VMpure    16    7
    1   14    2    2    2    0    0    2    1    1       858   16    3 VMpure    13   12
    1   15    1    2    2    1    2    2    1    0      1452   15    3 VMpure    15   13
    1   16    2    2    4    0    0    1    1    0       986    4    3 VMpure     6    3   12   15
    1   17    1    2    4    4    1    2    1    0       956    7    3 VMpure    16    5    8    7
    1   18    2    2    4    0    0    2    1    1       830    7    3 VMpure    12    1   16    9
    1   19    2    2    2    0    0    1    1    0       849   10    3 VMpure     6    8
    1   20    2    2    4    0    0    2    1    1       888    1    3 VMpure    15    5   14    6
    1   21    1    2    4    2    3    2    1    0       782   12    3 VMpure    14   12    6   10
    1   22    1    2    4    3    2    1    0    0      1847   10    3 VMpure     7    2   10   14
    1   23    2    2    8    0    0    2    1    1       913    4    3 VMpure     2    7    8    3   15    9   10   11
    1   24    2    2    4    0    0    1    1    0       949    5    3 VMpure     1   11    2    4
    2    1    2    2    8    0    0    1    0    1      1485   11    3 VMpure     1   13   10    8   12    6    7    9
    2    2    2    2    4    0    0    2    1    1       859   14    3 VMpure     3    8   16   15
    2    3    1    2    4    3    2    1    1    1      1250   14    3 VMpure     4   12   14   16
    2    4    2    2    8    0    0    1    1    0       915    2    3 VMpure     8   10   14   16    6    7   15    5
    2    5    1    2    8    4    5    2    1    0       978    3    3 VMpure     9   12   16    3    2   10    8   15
    2    6    1    2    4    4    1    1    0    0      1668    9    3 VMpure    13   15   14    9
    2    7    2    2    2    0    0    2    1    1       933   14    3 VMpure     4    6
    2    8    2    2    8    0    0    2    1    1      1011    7    3 VMpure     1   13   12    3    8   10   15    6
    2    9    1    2    4    3    2    1    1    1      1155    2    3 VMpure     4    8    2   10
    2   10    1    2    4    3    2    1    1    1       894    7    3 VMpure     6    3    7    2
    2   11    2    2    8    0    0    2    1    1       766   11    3 VMpure     1    7    6   13    5   12    3   14
    2   12    1    2    4    2    3    1    1    1      1080    9    3 VMpure    12    9    1    2
    2   13    2    2    8    0    0    1    0    1      3777   13    3 VMpure     7   11    5    9   14    4    3    8
    2   14    2    2    4    0    0    2    1    1      1491    7    3 VMpure    10   16    2    9
    2   15    1    2    8    2    7    1    1    1      1371   16    3 VMpure     8   16   13    1    3   11   14   15
    2   16    2    2    4    0    0    2    1    1      1965    8    3 VMpure    12   11    2    1
    2   17    1    2    4    1    4    1    1    1       920    8    3 VMpure     8   10    1   11
    2   18    2    2    4    0    0    1    1    0       940    2    3 VMpure    15    4   13    5
    2   19    1    2    2    1    2    1    1    1       715    3    3 VMpure     3   10
    2   20    1    2    8    7    2    2    1    0      2322   13    3 VMpure     1   12   16   14    4    3   13    9
    2   21    2    2    8    0    0    2    1    1      1017   14    3 VMpure    16    6   12   13   15   11    1    9
    2   22    2    2    4    0    0    2    0    0      1881   10    3 VMpure    12    8   11    7
    2   23    2    2    2    0    0    2    1    1       689    3    3 VMpure    16   12
    2   24    1    2    4    4    1    2    1    0       863    1    3 VMpure     3   13   11    1
    3    1    2    2    4    0    0    1    1    0       932   11    3 VMpure    14    2   12   16
    3    2    1    2    2    2    1    1    1    1      1538   13    3 VMpure     7   13
    3    3    1    2    4    1    4    1    1    1       974   12    3 VMpure    12    5    6   13
    3    4    2    2    4    0    0    2    1    1       608    8    3 VMpure    10   14    5    6
    3    5    1    2    8    1    8    2    1    0       924   10    3 VMpure    10   12    8   13    1   16    9    6
    3    6    2    2    8    0    0    2    0    0       699   12    3 VMpure    10    2   14    8   15    1    9   16
    3    7    1    2    4    1    4    2    0    1      1192   10    3 VMpure    10   11   16   14
    3    8    2    2    8    0    0    1    1    0       636    9    3 VMpure     7    8    1   14   10   16   11    4
    3    9    1    2    8    8    1    2    1    0      1207    9    3 VMpure     3    2    8    4    7   11   14    9
    3   10    2    2    8    0    0    1    0    1       874    2    3 VMpure     9    7    3   16   11   12    6    4
    3   11    1    2    4    4    1    1    0    0      1360    8    3 VMpure     6   14   12    8
    3   12    1    2    8    1    8    2    1    0      1117    6    3 VMpure     6    3    9   11    4    2    5   15
    3   13    1    2    8    6    3    1    1    1       596   12    3 VMpure     4    2   10    6    1   12    7   11
    3   14    1    2    2    1    2    2    1    0      1264    6    3 VMpure     6    4
    3   15    2    2    8    0    0    2    1    1      1105    7    3 VMpure     2    3    5    1    9    6   14    8
    3   16    1    2    8    8    1    1    1    1       824   14    3 VMpure    10   16    6   11    8    3    4   14
    3   17    1    2    8    2    7    1    1    1       635    1    3 VMpure     4    1   14    8   15    7    2    3
    3   18    1    2    4    2    3    1    1    1       683   11    3 VMpure    14   11   10    7
    3   19    1    2    2    2    1    2    1    0      1572   10    3 VMpure    14   10
    3   20    1    2    2    2    1    1    1    1       649   15    3 VMpure     8   15
    3   21    1    2    8    2    7    2    1    0       899    1    3 VMpure    11    1    2   12   10   15    7    8
    3   22    2    2    8    0    0    1    1    0      1186   12    3 VMpure     9   16   13    1    7    3    4    8
    3   23    1    2    2    1    2    1    1    1       807   11    3 VMpure    11   16
    3   24    2    2    2    0    0    1    1    0       667    5    3 VMpure     3   13
    4    1    1    2    4    1    4    1    1    1       852    5    3 VMpure     5    7   10   12
    4    2    2    2    2    0    0    2    1    1       389   13    3 VMpure     5    4
    4    3    1    2    2    1    2    1    1    1       730   10    3 VMpure    10   12
    4    4    2    2    2    0    0    1    1    0       944   16    3 VMpure     4   15
    4    5    2    2    4    0    0    2    1    1       595   14    3 VMpure     9    4   12   15
    4    6    1    2    4    4    1    1    1    1       724   16    3 VMpure     9   11   12   16
    4    7    1    2    8    8    1    1    1    1       427    1    3 VMpure     6   13    9   16   15    4   12    1
    4    8    1    2    8    1    8    1    0    0      1725    4    3 VMpure     4    5    6    7    2    3    1    8
    4    9    2    2    4    0    0    1    1    0      1634    4    3 VMpure     8    1   13    7
    4   10    2    2    2    0    0    2    1    1       532   15    3 VMpure     6   11
    4   11    1    2    8    3    6    2    0    1       818    5    3 VMpure     8   11    5   15    4    3   13    2
    4   12    2    2    4    0    0    2    1    1       555   12    3 VMpure     6    9    1   13
    4   13    2    2    2    0    0    1    1    0       457    9    3 VMpure    14    8
    4   14    2    2    4    0    0    2    1    1       480   14    3 VMpure     6   10    8    7
    4   15    2    2    4    0    0    1    1    0       550    7    3 VMpure    15    6    2   14
    4   16    2    2    4    0    0    1    1    0       617   10    3 VMpure    12   15   13    4
    4   17    2    2    8    0    0    2    1    1       772   10    3 VMpure     1    7    4   15    9   16    3   12
    4   18    1    2    8    4    5    2    0    1       921    5    3 VMpure    12   14   13    5   15   11   16    7
    4   19    2    2    2    0    0    2    1    1       408   13    3 VMpure    11    7
    4   20    1    2    2    1    2    1    1    1       652   11    3 VMpure    11    4
    4   21    1    2    8    7    2    2    1    0       598    5    3 VMpure     7   14   13    4   10    8    5    9
    4   22    1    2    4    4    1    1    1    1       598    1    3 VMpure     3    9    2    1
    4   23    1    2    8    1    8    2    1    0       834   11    3 VMpure    11   13    5    9   10   12    4    2
    4   24    2    2    8    0    0    2    1    1       980   13    3 VMpure     6    3   11   16   12   15    9    4
    5    1    1    2    8    3    6    2    1    0      1212   13    3 VMpure     3    7   13    6    5    4   15   11
    5    2    1    2    8    6    3    1    1    1       655   12    3 VMpure    11    1    5    8   16   12    7   14
    5    3    1    2    2    2    1    2    1    0       617   12    3 VMpure    11   12
    5    4    1    2    8    1    8    1    1    1       931    3    3 VMpure     3    5    9   15    1    8   12    6
    5    5    2    2    4    0    0    2    1    1       823    9    3 VMpure     1    4   16   13
    5    6    2    2    2    0    0    1    1    0       938    1    3 VMpure    11   12
    5    7    2    2    2    0    0    1    1    0      2793    5    3 VMpure     6    7
    5    8    1    2    2    2    1    1    1    1       653   14    3 VMpure    10   14
    5    9    2    2    4    0    0    2    1    1       652    2    3 VMpure     7   13   11    8
    5   10    2    2    4    0    0    1    1    0       651   14    3 VMpure    16   13    2    4
    5   11    2    2    4    0    0    1    1    0       474   16    3 VMpure     3   11   12   13
    5   12    1    2    8    7    2    1    1    1       571    6    3 VMpure     5   14    8   15   16   11    6    2
    5   13    2    2    8    0    0    2    1    1      1671    9    3 VMpure     2    7    1   14   12    5   10    4
    5   14    2    2    8    0    0    2    1    1       776   15    3 VMpure     7    4   16    6   12    1    2    8
    5   15    1    2    8    8    1    2    1    0       509   12    3 VMpure    15    1    5   11   13    9    2   12
    5   16    1    2    4    4    1    2    1    0       546    2    3 VMpure    11   16   13    2
    5   17    2    2    8    0    0    1    1    0       800    5    3 VMpure    12    7    2   11    8    6   14   10
    5   18    1    2    4    2    3    2    1    0       920    4    3 VMpure     6    4    9    3
    5   19    1    2    8    4    5    2    1    0       567    6    3 VMpure     4   14   15    6    9   12    8   13
    5   20    2    2    2    0    0    2    1    1      9156    3    3 VMpure     4    7
    5   21    1    2    4    4    1    1    1    1       735    3    3 VMpure    14    6   12    3
    5   22    2    2    4    0    0    2    1    1       651    9    3 VMpure    11   12   16   10
    5   23    2    2    2    0    0    2    1    1       565    5    3 VMpure     2   15
    5   24    2    2    4    0    0    1    1    0      1143    6    3 VMpure    10   16    4    7
    6    1    2    2    2    0    0    1    1    0       793    6    3 VMpure    14    9
    6    2    2    2    8    0    0    2    1    1       733    4    3 VMpure     8    3   15    2   13   14    7    5
    6    3    2    2    8    0    0    2    0    0      1507   10    3 VMpure    16    8   15   13    3   14   11    2
    6    4    2    2    4    0    0    2    1    1       672    2    3 VMpure     5    6    1   14
    6    5    2    2    4    0    0    1    1    0       606   12    3 VMpure     1   16   10    2
    6    6    2    2    2    0    0    2    1    1       426   16    3 VMpure     9   12
    6    7    1    2    2    2    1    1    1    1       621   15    3 VMpure    12   15
    6    8    1    2    8    5    4    2    1    0       648    7    3 VMpure    11    1   12    8    7   13   16   10
    6    9    1    2    2    2    1    1    1    1       578   11    3 VMpure     8   11
    6   10    2    2    2    0    0    1    1    0       462   10    3 VMpure     9    6
    6   11    2    2    4    0    0    1    1    0       596   10    3 VMpure    15    3   16    1
    6   12    2    2    2    0    0    2    1    1       496   14    3 VMpure    13   10
    6   13    2    2    2    0    0    1    1    0       544   15    3 VMpure     4    8
    6   14    1    2    2    1    2    2    1    0       926   10    3 VMpure    10   12
    6   15    2    2    2    0    0    1    1    0       477   10    3 VMpure     2    9
    6   16    1    2    8    7    2    2    1    0       716   13    3 VMpure    16   12    6    4    5    2   13    3
    6   17    1    2    8    4    5    2    1    0       707    2    3 VMpure    13   15    8    2   12    3    1   14
    6   18    2    2    4    0    0    1    1    0       672    9    3 VMpure    11   16    5   15
    6   19    2    2    2    0    0    1    1    0       522   10    3 VMpure     2    3
    6   20    1    2    2    1    2    2    1    0       649   15    3 VMpure    15   12
    6   21    1    2    8    1    8    2    1    0       994   14    3 VMpure    14    9    2   12    7    8   10   11
    6   22    1    2    2    1    2    1    1    1       510   14    3 VMpure    14    3
    6   23    2    2    4    0    0    1    1    0       707   16    3 VMpure    10    6    2   14
    6   24    1    2    2    1    2    1    1    1       666    9    3 VMpure     9   13
    7    1    1    2    8    1    8    2    1    0       840    9    3 VMpure     9    1    8    6    5    4   12    7
    7    2    1    2    4    2    3    1    1    1       928   12    3 VMpure     4   12   14   16
    7    3    2    2    8    0    0    2    1    1       573   10    3 VMpure     9    7   16   12    2   14    3   15
    7    4    2    2    4    0    0    2    1    1      4832   15    3 VMpure     1    5    6   13
    7    5    2    2    4    0    0    2    1    1       503    8    3 VMpure     4    9    1   10
    7    6    2    2    2    0    0    2    1    1       455    3    3 VMpure    13    7
    7    7    1    2    8    2    7    1    1    1       697    1    3 VMpure    11    1    5    7   16    9   13    3
    7    8    1    2    4    2    3    1    1    1       918    6    3 VMpure    15    6    4    2
    7    9    2    2    2    0    0    1    1    0       485   14    3 VMpure     2    7
    7   10    2    2    8    0    0    2    1    1       949    1    3 VMpure     8   14    3   11    7    2    6   16
    7   11    1    2    2    2    1    1    1    1       547   15    3 VMpure     3   15
    7   12    1    2    4    2    3    1    1    1       790    8    3 VMpure    16    8    7   12
    7   13    2    2    2    0    0    2    1    1       491    6    3 VMpure     7   14
    7   14    1    2    2    2    1    2    1    0      1083   11    3 VMpure    14   11
    7   15    2    2    2    0    0    1    1    0       468   10    3 VMpure    16   15
    7   16    1    2    8    7    2    1    1    1       532    3    3 VMpure    15    7   13    4    5   16    3   11
    7   17    1    2    4    4    1    1    1    1       408   16    3 VMpure     6    1    4   16
    7   18    2    2    4    0    0    1    1    0       465    9    3 VMpure    13   14   12   10
    7   19    1    2    4    2    3    2    1    0       968   12    3 VMpure     4   12    1   13
    7   20    2    2    2    0    0    2    1    1       517    2    3 VMpure    15    8
    7   21    1    2    4    3    2    1    1    1       569    5    3 VMpure     4    9    5   11
    7   22    1    2    2    2    1    2    1    0       534   14    3 VMpure    12   14
    7   23    1    2    8    7    2    2    1    0       597   14    3 VMpure    11    4   13    9    6    7   14    1
    7   24    1    2    4    3    2    2    1    0       566    2    3 VMpure     8    4    2    9
    8    1    2    2    8    0    0    2    1    1      2440   13    3 VMpure     4    7   16   12   10    6   11    3
    8    2    1    2    2    2    1    1    1    1      1467   10    3 VMpure    12   10
    8    3    1    2    4    3    2    1    1    1       681    7    3 VMpure    10    6    7   15
    8    4    2    2    8    0    0    1    1    0       929    4    3 VMpure     7   10    6    3    8   11   14   15
    8    5    1    2    8    4    5    1    1    1       687   13    3 VMpure     8    9    1   13    3    7   15    6
    8    6    2    2    4    0    0    2    1    1       637    3    3 VMpure    13   16    1    8
    8    7    2    2    8    0    0    2    1    1       567    9    3 VMpure    12    8    6   16    1    4   13   11
    8    8    1    2    2    2    1    2    1    0       516    6    3 VMpure    11    6
    8    9    2    2    2    0    0    1    1    0       451    4    3 VMpure     7   12
    8   10    1    2    2    2    1    2    1    0      1061   13    3 VMpure     2   13
    8   11    2    2    4    0    0    2    1    1       532   16    3 VMpure    12    5   14    6
    8   12    2    2    2    0    0    2    1    1       562    6    3 VMpure    15   13
    8   13    2    2    2    0    0    1    1    0      1167   14    3 VMpure     3    8
    8   14    2    2    4    0    0    1    1    0      1130    6    3 VMpure    16   14    1   10
    8   15    1    2    8    4    5    2    0    1       864   14    3 VMpure     1   11    9   14   12   15    6   10
    8   16    2    2    8    0    0    1    1    0      1393   15    3 VMpure     4    7   11    3   14   13   10    2
    8   17    2    2    8    0    0    2    1    1       765    3    3 VMpure    11   14    9    8   12    1    5    4
    8   18    1    2    2    2    1    1    1    1       401    3    3 VMpure    13    3
    8   19    1    2    8    4    5    2    1    0       596   12    3 VMpure     8    7   16   12    3   14    2    6
    8   20    2    2    2    0    0    1    1    0      3151   12    3 VMpure    16    3
    8   21    1    2    2    2    1    1    1    1       437    9    3 VMpure    12    9
    8   22    1    2    2    2    1    2    1    0       440   10    3 VMpure    15   10
    8   23    2    2    8    0    0    2    1    1       746   14    3 VMpure    12    2    4   16    1   13    8   15
    8   24    2    2    8    0    0    2    1    1       576    4    3 VMpure    16   12   14    8   13    5   11    1
    9    1    2    2    8    0    0    2    1    1       650   16    3 VMpure    12    2   14    1    3    4   15   10
    9    2    2    2    8    0    0    1    1    0       675    6    3 VMpure    10    4    2    1   14   15   11   13
    9    3    2    2    4    0    0    1    1    0       546    1    3 VMpure    12   16    4   15
    9    4    2    2    8    0    0    2    1    1       639    6    3 VMpure    16    5    4    1   12   13   15    9
    9    5    1    2    8    4    5    1    1    1       570    9    3 VMpure     7   14   15    9   10    2    4    6
    9    6    1    2    8    4    5    2    0    1       631   13    3 VMpure    10   15   16   13    5    9   12    2
    9    7    1    2    4    3    2    2    1    0       823   12    3 VMpure     3   16   12    6
    9    8    2    2    8    0    0    2    1    1       553   14    3 VMpure     4   12    6    2    1    5   13   16
    9    9    2    2    4    0    0    2    1    1       749    3    3 VMpure    12    7    9    2
    9   10    2    2    4    0    0    1    1    0       696    5    3 VMpure     9    4    3   14
    9   11    2    2    2    0    0    2    1    1       559    5    3 VMpure    10   16
    9   12    2    2    8    0    0    2    1    1       588    8    3 VMpure    16    9    7    2   12   13    3   15
    9   13    2    2    4    0    0    2    1    1       574    5    3 VMpure     1   16   12   11
    9   14    1    2    8    7    2    1    1    1       619   16    3 VMpure    11    1   12   14    7    3   16    9
    9   15    1    2    8    3    6    1    1    1       582   11    3 VMpure     8    4   11    7   10   16    9   12
    9   16    1    2    8    3    6    1    0    0       738   14    3 VMpure     4   13   14    8   10    6    1    7
    9   17    2    2    4    0    0    1    1    0       670   15    3 VMpure    12    4   11    2
    9   18    1    2    8    8    1    1    1    1       599    4    3 VMpure    11    3   12   15   14    5    6    4
    9   19    1    2    8    3    6    1    0    0      1218    4    3 VMpure    11    5    4    6    2    3    8   10
    9   20    2    2    8    0    0    2    1    1       805    9    3 VMpure    15    6    4    1   14    7   13   16
    9   21    1    2    8    1    8    2    0    1       825    5    3 VMpure     5    4   16   14   11    8   15    3
    9   22    1    2    2    2    1    2    1    0       460    3    3 VMpure    11    3
    9   23    1    2    8    4    5    1    1    1       637    5    3 VMpure     1   11    7    5   13   14    8    9
    9   24    2    2    2    0    0    1    1    0       488   13    3 VMpure    15    2
