    1    1    1    2    2    2    1    1    1    1       641    1    3 VMpure    12    1
    1    2    2    2    4    0    0    2    1    1      1917    8    3 VMpure     3   10    1    2
    1    3    2    2    2    0    0    2    1    1       722   12    3 VMpure    14   13
    1    4    2    2    4    0    0    2    1    1      1006   16    3 VMpure    14   12    8   15
    1    5    1    2    8    7    2    1    1    1      1080    2    3 VMpure     1   11    5    8   12    3    2   14
    1    6    1    2    2    1    2    1    0    0      1169   12    3 VMpure    12   16
    1    7    1    2    8    6    3    1    1    1       964    5    3 VMpure     1   11    6   12    9    5   16    3
    1    8    2    2    4    0    0    1    1    0      3525    4    3 VMpure     1   14    8   12
    1    9    1    2    2    1    2    2    0    1       924   13    3 VMpure    13   10
    1   10    1    2    2    1    2    1    1    1       795    6    3 VMpure     6    8
    1   11    2    2    8    0    0    1    0    1       800    6    3 VMpure     3   11    2    4    9   12   15   10
    1   12    2    2    8    0    0    2    0    0       868    5    3 VMpure    14   10    8   12    9   16    1    6
    1   13    1    2    4    4    1    1    1    1      1035    4    3 VMpure     9   10   13    4
    1   14    1    2    4    1    4    2    1    0      1754    3    3 VMpure     3   13    7   14
    1   15    1    2    4    3    2    2    0    1      1133    5    3 VMpure     4   14    5    9
    1   16    2    2    8    0    0    1    1    0      2500   10    3 VMpure    12    9    4    3   16    1    5   15
    1   17    2    2    4    0    0    1    1    0      2233   11    3 VMpure     3   10    7   14
    1   18    1    2    2    1    2    1    0    0       868   13    3 VMpure    13   15
    1   19    2    2    4    0    0    2    1    1      1418    2    3 VMpure     7   10   16   12
    1   20    2    2    4    0    0    2    1    1      1067    3    3 VMpure     9    5    1    7
    1   21    2    2    4    0    0    1    1    0      1290   10    3 VMpure    14   12    2   13
    1   22    1    2    8    1    8    2    0    1      1130   15    3 VMpure    15    9    1   13    6   14   10    5
    1   23    1    2    8    1    8    1    0    0       976   10    3 VMpure    10    5   14    1   11   15    4    9
    1   24    1    2    4    2    3    1    1    1      2867    8    3 VMpure    10    8    1   13
    2    1    1    2    2    2    1    2    1    0      1932   12    3 VMpure     6   12
    2    2    2    2    8    0    0    1    1    0      1299    1    3 VMpure     4    7    6   10    9    2    8   12
    2    3    1    2    8    6    3    1    1    1      1315   13    3 VMpure     9    8    7    1    6   13   11    2
    2    4    2    2    4    0    0    2    1    1       935   16    3 VMpure    12    5    8   11
    2    5    1    2    8    3    6    1    1    1      1798    8    3 VMpure     6   13    8    1   16    2   10   12
    2    6    2    2    4    0    0    2    1    1       887   12    3 VMpure    16   15    9    4
    2    7    1    2    2    2    1    1    1    1       807   12    3 VMpure     4   12
    2    8    2    2    2    0    0    2    0    0      1067   15    3 VMpure    16   10
    2    9    1    2    4    1    4    1    1    1      1018    9    3 VMpure     9   12   13   11
    2   10    2    2    4    0    0    2    1    1      1291   15    3 VMpure     1   16    3    7
    2   11    2    2    4    0    0    1    1    0      1297   13    3 VMpure     9    8   15   11
    2   12    2    2    4    0    0    2    1    1      2278    1    3 VMpure    16    3    5    9
    2   13    1    2    4    4    1    2    1    0      2276   12    3 VMpure     4    1   10   12
    2   14    2    2    8    0    0    1    0    1      2142    9    3 VMpure     4    3   10   11    1    5   16    7
    2   15    2    2    2    0    0    2    1    1      1357   14    3 VMpure    10   15
    2   16    2    2    8    0    0    1    1    0      1834    3    3 VMpure     5    9   11    7    6    4   16    8
    2   17    1    2    8    7    2    2    0    1      2309   13    3 VMpure     2   10   16    1   11    9   13    5
    2   18    1    2    2    2    1    2    1    0      2317    8    3 VMpure    14    8
    2   19    2    2    2    0    0    2    1    1      1413    4    3 VMpure     5    1
    2   20    1    2    2    1    2    1    1    1      1232    7    3 VMpure     7    9
    2   21    2    2    8    0    0    1    1    0      3251   11    3 VMpure     3   15    5    8    9   10    6    2
    2   22    2    2    4    0    0    1    1    0      1050    4    3 VMpure    11   15   16   12
    2   23    1    2    8    7    2    1    1    1      1028    9    3 VMpure     3    2   12    1    6    7    9   14
    2   24    1    2    4    2    3    2    1    0       949    6    3 VMpure     1    6   13   15
    3    1    2    2    2    0    0    2    1    1      1391   15    3 VMpure     2   10
    3    2    2    2    8    0    0    1    0    1      1259   10    3 VMpure     9    6    8    1    4    3    7   14
    3    3    2    2    8    0    0    2    0    0       973   10    3 VMpure    12    4   16   14    6    7   13    1
    3    4    1    2    4    2    3    1    1    1       800    2    3 VMpure    14    2    6   13
    3    5    2    2    2    0    0    1    1    0       916    9    3 VMpure     1    5
    3    6    2    2    8    0    0    1    1    0      1347    4    3 VMpure     1    8   14    3    7   13   11    5
    3    7    2    2    4    0    0    1    0    1      1127    5    3 VMpure    11   16    6    4
    3    8    1    2    8    1    8    1    1    1       941    5    3 VMpure     5   14   12   13   10    6   15    9
    3    9    1    2    4    2    3    1    1    1      1473    2    3 VMpure     1    2    4    6
    3   10    2    2    2    0    0    1    1    0       971    8    3 VMpure     2   14
    3   11    1    2    8    5    4    1    1    1      1080    1    3 VMpure     9   11    6    8    1   14   12    4
    3   12    2    2    4    0    0    1    1    0       886   14    3 VMpure     5    1   15    4
    3   13    2    2    8    0    0    2    0    0      1078    5    3 VMpure     4   16    9    6   15   13   10    3
    3   14    1    2    8    3    6    1    0    0       911    4    3 VMpure     6    5    4    8    1   11    9   15
    3   15    2    2    2    0    0    1    1    0      6991    8    3 VMpure     7    2
    3   16    1    2    4    1    4    1    1    1      1057   12    3 VMpure    12    8   13   16
    3   17    1    2    2    2    1    2    1    0       891   12    3 VMpure    16   12
    3   18    1    2    4    2    3    1    1    1      1537   11    3 VMpure     4   11    3   12
    3   19    1    2    4    2    3    2    1    0      1245    5    3 VMpure    14    5   12   11
    3   20    2    2    2    0    0    1    1    0      1328    7    3 VMpure     3    1
    3   21    1    2    8    4    5    1    1    1      1135   15    3 VMpure     2    5    9   15    6   11   13    1
    3   22    1    2    2    2    1    1    1    1       710   10    3 VMpure     1   10
    3   23    2    2    4    0    0    2    1    1       947   12    3 VMpure    11   15    9    4
    3   24    2    2    8    0    0    2    0    0       881   11    3 VMpure    14    8   12    2   16   13    1   10
    4    1    1    2    4    1    4    1    1    1       777    9    3 VMpure     9   15    7    3
    4    2    2    2    2    0    0    1    1    0       895   12    3 VMpure     4    1
    4    3    2    2    4    0    0    2    1    1      1141    7    3 VMpure    12   16    1    8
    4    4    1    2    8    1    8    1    1    1      1371    9    3 VMpure     9    1    6   13    2   11   10   15
    4    5    2    2    2    0    0    2    1    1       665    2    3 VMpure     3   14
    4    6    1    2    2    1    2    2    1    0      1202    8    3 VMpure     8    1
    4    7    1    2    4    2    3    2    1    0      1611    6    3 VMpure    16    6   13    9
    4    8    2    2    4    0    0    2    1    1      2837   16    3 VMpure    14   15   11   10
    4    9    1    2    4    2    3    2    1    0      1324   11    3 VMpure    15   11    1    2
    4   10    1    2    4    4    1    2    1    0      1072    7    3 VMpure    15   12    5    7
    4   11    1    2    4    4    1    2    1    0       941    3    3 VMpure     2   12   14    3
    4   12    2    2    2    0    0    1    1    0      1100    9    3 VMpure    10    3
    4   13    2    2    4    0    0    2    1    1       713    1    3 VMpure     4   14    5    3
    4   14    2    2    8    0    0    1    1    0      1184   13    3 VMpure     2   15    7    4    5   12    6    8
    4   15    2    2    2    0    0    1    1    0       725   16    3 VMpure     1    4
    4   16    1    2    2    2    1    2    1    0      1116    7    3 VMpure     9    7
    4   17    2    2    4    0    0    1    1    0       937   13    3 VMpure    15   10    4    5
    4   18    2    2    2    0    0    1    1    0       776    5    3 VMpure     8   15
    4   19    1    2    2    2    1    1    1    1      1181    9    3 VMpure     5    9
    4   20    2    2    2    0    0    2    1    1       802   13    3 VMpure     4    2
    4   21    1    2    8    1    8    1    1    1       966   12    3 VMpure    12    3   14    6    5   15   10    7
    4   22    1    2    8    5    4    1    1    1      1106    1    3 VMpure     6   15    9    2    1   13   14    3
    4   23    1    2    2    1    2    2    1    0      1242    2    3 VMpure     2   12
    4   24    1    2    4    4    1    2    1    0      1186   10    3 VMpure    11    2    7   10
    5    1    2    2    8    0    0    2    1    1       806   14    3 VMpure    11   16    4   12   10    8    3   15
    5    2    1    2    4    1    4    2    1    0      1696    3    3 VMpure     3    6    1   16
    5    3    2    2    8    0    0    2    1    1      1120    7    3 VMpure    12   10    3   14    9    6   16    1
    5    4    2    2    4    0    0    2    1    1      1005   15    3 VMpure    10   13   14    2
    5    5    1    2    2    1    2    1    1    1       729   15    3 VMpure    15   14
    5    6    1    2    2    1    2    1    1    1      1071    2    3 VMpure     2    5
    5    7    1    2    4    4    1    2    1    0      1310   14    3 VMpure    15    5    4   14
    5    8    1    2    8    7    2    1    1    1      1326   16    3 VMpure     1   12    6    8   13   10   16    2
    5    9    1    2    4    4    1    1    1    1      1251   15    3 VMpure    13    4    7   15
    5   10    2    2    2    0    0    1    1    0      2756   13    3 VMpure     6    3
    5   11    2    2    4    0    0    1    1    0      1360    8    3 VMpure    11    4   13    5
    5   12    2    2    8    0    0    1    1    0       925    8    3 VMpure     2    3   13   11    6    4   10    9
    5   13    2    2    4    0    0    1    1    0       754    6    3 VMpure    10    7    2    3
    5   14    2    2    8    0    0    2    1    1      1016    4    3 VMpure     8   13    7    1    5    9   10    2
    5   15    2    2    2    0    0    1    1    0       627    8    3 VMpure    11   10
    5   16    2    2    4    0    0    2    1    1      1108    9    3 VMpure     8   14   12    4
    5   17    1    2    2    2    1    1    0    0       556   16    3 VMpure     1   16
    5   18    2    2    8    0    0    2    0    0       938    1    3 VMpure     5   11    3   14    6   15    9   16
    5   19    1    2    4    3    2    1    1    1      1118    4    3 VMpure     1   16    4   13
    5   20    1    2    4    1    4    1    1    1      1082   13    3 VMpure    13    7    2    9
    5   21    2    2    4    0    0    1    1    0      1432   12    3 VMpure    14   10   16    7
    5   22    2    2    8    0    0    2    1    1      1251   14    3 VMpure    13    1   16   15    3    7    2    8
    5   23    1    2    8    5    4    2    1    0       853    1    3 VMpure    10   13    8    9    1    4   15    6
    5   24    2    2    2    0    0    2    1    1      1079    8    3 VMpure    16   15
    6    1    2    2    8    0    0    1    1    0       893    6    3 VMpure    11    3    4   13    1   12    7    5
    6    2    1    2    8    1    8    2    1    0      1006    5    3 VMpure     5    8    7    4   11   10    6   15
    6    3    2    2    4    0    0    1    1    0       879   14    3 VMpure    16    6   15    5
    6    4    2    2    4    0    0    1    1    0       742    7    3 VMpure    13    6    4    2
    6    5    1    2    2    1    2    1    0    0       813   15    3 VMpure    15    2
    6    6    1    2    4    3    2    1    1    1      1286   16    3 VMpure     5   12   16   15
    6    7    1    2    2    1    2    2    1    0       887   13    3 VMpure    13   10
    6    8    2    2    4    0    0    2    1    1       876    3    3 VMpure    14   10    4   15
    6    9    1    2    4    2    3    2    1    0       819   12    3 VMpure    11   12    2   10
    6   10    2    2    4    0    0    2    1    1      1084    5    3 VMpure     2    9    7   12
    6   11    2    2    2    0    0    1    1    0       724   16    3 VMpure     8   11
    6   12    2    2    8    0    0    2    1    1       828   12    3 VMpure     7   16   14    5    4    3    6    2
    6   13    2    2    2    0    0    1    1    0       751    5    3 VMpure    10    8
    6   14    1    2    4    4    1    1    1    1      1098   10    3 VMpure    12    2   15   10
    6   15    2    2    2    0    0    1    1    0       530    8    3 VMpure     3   11
    6   16    1    2    2    2    1    2    1    0       705    7    3 VMpure     2    7
    6   17    1    2    2    2    1    2    1    0       857   15    3 VMpure    13   15
    6   18    1    2    2    2    1    2    1    0       795    5    3 VMpure    16    5
    6   19    1    2    2    2    1    2    1    0       640    5    3 VMpure     4    5
    6   20    2    2    4    0    0    1    1    0       512    9    3 VMpure    13   11    7   10
    6   21    1    2    2    1    2    1    1    1      1216   15    3 VMpure    15    4
    6   22    2    2    8    0    0    1    1    0      1395    8    3 VMpure    15   12    6    9   14    5   11   10
    6   23    2    2    4    0    0    2    1    1      1524   12    3 VMpure     8   13    4    1
    6   24    2    2    2    0    0    1    1    0       716   14    3 VMpure    15   16
    7    1    2    2    4    0    0    1    0    1       825    4    3 VMpure     8   11   14    5
    7    2    2    2    8    0    0    1    1    0      1580   15    3 VMpure     3    6    8   11    5    4   13    7
    7    3    2    2    2    0    0    2    1    1      1073    7    3 VMpure     1   10
    7    4    1    2    2    1    2    2    1    0       954    9    3 VMpure     9   16
    7    5    1    2    2    1    2    1    1    1      1304   11    3 VMpure    11    5
    7    6    1    2    2    2    1    1    1    1       968    3    3 VMpure     2    3
    7    7    1    2    4    1    4    2    1    0      1227   12    3 VMpure    12   10   13   15
    7    8    1    2    2    2    1    1    1    1       734   16    3 VMpure    10   16
    7    9    1    2    2    1    2    2    1    0       901    5    3 VMpure     5    8
    7   10    1    2    2    2    1    1    1    1       981   14    3 VMpure    12   14
    7   11    2    2    8    0    0    2    1    1      1312    4    3 VMpure     6    5   14    3    2    1   12   11
    7   12    2    2    4    0    0    1    1    0      1014    5    3 VMpure     1   12    6    9
    7   13    1    2    4    3    2    1    1    1      1030    6    3 VMpure     2   10    6    3
    7   14    2    2    2    0    0    1    1    0       817   15    3 VMpure     7    5
    7   15    2    2    4    0    0    2    1    1       986    8    3 VMpure    11   12    1   14
    7   16    1    2    8    3    6    1    0    0       886   12    3 VMpure     2   10   12    5   13    6    3    8
    7   17    1    2    2    1    2    2    1    0      1015   12    3 VMpure    12   16
    7   18    1    2    4    2    3    1    1    1      2040   14    3 VMpure    10   14    4    3
    7   19    1    2    4    1    4    1    1    1       752    9    3 VMpure     9    8   16   10
    7   20    1    2    8    1    8    2    1    0      1142    3    3 VMpure     3    4    8   11    7   13    6    1
    7   21    1    2    8    5    4    1    1    1       924    1    3 VMpure    15    9    5    7    1   11   12   13
    7   22    1    2    4    4    1    2    1    0       769    4    3 VMpure    12    1    2    4
    7   23    2    2    2    0    0    1    1    0      2342   15    3 VMpure     7   16
    7   24    1    2    2    2    1    1    1    1      1485   14    3 VMpure    10   14
    8    1    2    2    4    0    0    1    1    0      1246   16    3 VMpure     9   15   12    5
    8    2    1    2    8    6    3    2    1    0       801    9    3 VMpure     3    2    6    4   14    9   10   12
    8    3    1    2    4    4    1    1    1    1       938   10    3 VMpure    12    6    5   10
    8    4    2    2    2    0    0    1    1    0      3577   15    3 VMpure     2    7
    8    5    2    2    8    0    0    2    1    1       910    9    3 VMpure     8   15    7    5    6    1   10   16
    8    6    2    2    2    0    0    1    0    1       542   11    3 VMpure    14    5
    8    7    2    2    8    0    0    2    0    0      1437    6    3 VMpure    15    2   12   14    5   13   16   10
    8    8    1    2    8    3    6    1    1    1      1015    6    3 VMpure     4   16    6    5   14    8   12   10
    8    9    1    2    8    5    4    1    1    1       851    5    3 VMpure    12    2    3   13    5   10   15   14
    8   10    1    2    2    2    1    1    1    1       852    8    3 VMpure    13    8
    8   11    2    2    8    0    0    1    0    1       599    2    3 VMpure     8   16    6   13    5    4   11    7
    8   12    1    2    4    3    2    1    1    1      1608   11    3 VMpure    14    1   11    4
    8   13    2    2    4    0    0    2    1    1      1633    1    3 VMpure     9    5    2   15
    8   14    1    2    4    1    4    1    1    1      1673    5    3 VMpure     5    2   13    6
    8   15    1    2    4    4    1    1    1    1      1296   12    3 VMpure    16   14   11   12
    8   16    2    2    8    0    0    2    1    1      1552    3    3 VMpure    12    2    7   10    8    1    6   11
    8   17    1    2    8    4    5    1    1    1      1382   13    3 VMpure     3    9   10   13   15    8    1    6
    8   18    2    2    2    0    0    2    1    1      5011    4    3 VMpure     5   15
    8   19    2    2    8    0    0    2    0    0      2079   15    3 VMpure     9    7    1   16   14    8    3    4
    8   20    1    2    4    4    1    1    1    1      2181   16    3 VMpure    15    4    1   16
    8   21    1    2    4    3    2    2    1    0      4791   11    3 VMpure    12    9   11    5
    8   22    1    2    2    1    2    2    0    1      3964    9    3 VMpure     9    8
    8   23    2    2    4    0    0    2    1    1      1847    8    3 VMpure    13    1    9   10
    8   24    2    2    4    0    0    2    1    1      1254   13    3 VMpure    15    9    5   16
    9    1    2    2    4    0    0    1    1    0      1005   14    3 VMpure    11    3    4   15
    9    2    2    2    8    0    0    2    1    1       761    8    3 VMpure     7    2   15    5   10    1   13    6
    9    3    2    2    8    0    0    2    0    0       703   16    3 VMpure     9   13    4   14    2    5   11    3
    9    4    2    2    2    0    0    1    0    1       951    2    3 VMpure    10    7
    9    5    2    2    2    0    0    1    1    0       837   11    3 VMpure     5   10
    9    6    2    2    2    0    0    1    1    0       600    8    3 VMpure     5   14
    9    7    2    2    2    0    0    2    1    1       772    9    3 VMpure     1    3
    9    8    1    2    2    1    2    2    1    0      1225   16    3 VMpure    16   15
    9    9    1    2    4    4    1    2    1    0      1186   10    3 VMpure     7    3    5   10
    9   10    2    2    8    0    0    2    1    1      1718   14    3 VMpure     5    7    6   15    8    4    1   10
    9   11    1    2    4    1    4    2    1    0       859    8    3 VMpure     8    5   11    3
    9   12    1    2    2    1    2    2    1    0       749   10    3 VMpure    10    3
    9   13    1    2    2    2    1    2    1    0       659    8    3 VMpure    12    8
    9   14    2    2    8    0    0    2    1    1      1629    2    3 VMpure     5    1   14   12   15   13    9   11
    9   15    2    2    8    0    0    1    1    0       832    9    3 VMpure     8   12   10    5   11    6    3    7
    9   16    2    2    4    0    0    2    1    1       936   16    3 VMpure     3    5   15    8
    9   17    1    2    4    1    4    2    0    1      2844    8    3 VMpure     8    9   11    6
    9   18    2    2    4    0    0    1    1    0       996   10    3 VMpure     4   15   11   13
    9   19    2    2    4    0    0    2    1    1      1734    6    3 VMpure    10    7    3   14
    9   20    1    2    2    1    2    2    1    0      1157   16    3 VMpure    16    6
    9   21    1    2    4    4    1    1    1    1      1168    4    3 VMpure     5    6    2    4
    9   22    1    2    8    8    1    1    1    1       453    9    3 VMpure     4    1   10    5   15    6   12    9
    9   23    2    2    4    0    0    1    1    0       797   13    3 VMpure     8    3   15    9
    9   24    2    2    4    0    0    2    1    1       710    6    3 VMpure    13    2    9   14
