    1    1    1    2    4    1    4    1    1    1      1962   12    3 VMpure    12    9   15    1
    1    2    1    2    8    6    3    2    0    1      1059    3    3 VMpure     4   11    7   14    9    3    6   15
    1    3    1    2    2    2    1    2    1    0      1835   12    3 VMpure     3   12
    1    4    2    2    2    0    0    1    1    0      1089   10    3 VMpure    14   16
    1    5    2    2    8    0    0    1    1    0      1177    3    3 VMpure     5   16   11   13    4   14    9    8
    1    6    1    2    2    1    2    1    1    1       905    6    3 VMpure     6    4
    1    7    1    2    8    3    6    1    1    1       847   15    3 VMpure     7    2   15   11    8   10   13   12
    1    8    2    2    8    0    0    2    1    1      1053    5    3 VMpure    12    7    9   11    2   10    4    3
    1    9    2    2    2    0    0    2    1    1       738    1    3 VMpure     4    9
    1   10    2    2    4    0    0    1    1    0       779   12    3 VMpure    15    4   10    7
    1   11    2    2    2    0    0    2    0    0      1645   12    3 VMpure    11    8
    1   12    1    2    4    2    3    1    1    1       750    8    3 VMpure     6    8    2   16
    1   13    1    2    2    1    2    2    1    0       582   11    3 VMpure    11   12
    1   14    1    2    4    4    1    1    1    1       515    2    3 VMpure     5    3   12    2
    1   15    2    2    4    0    0    2    1    1       641    4    3 VMpure     8    9    3   14
    1   16    2    2    4    0    0    1    1    0       775   16    3 VMpure    14   15    5    6
    1   17    2    2    8    0    0    2    1    1       882   16    3 VMpure    11    4   15    5    7    9   10    1
    1   18    1    2    2    2    1    2    1    0       562   12    3 VMpure     4   12
    1   19    2    2    4    0    0    2    1    1       666   11    3 VMpure     4   16    2    8
    1   20    2    2    4    0    0    2    1    1       536    9    3 VMpure    12    6    8   13
    1   21    1    2    8    4    5    2    1    0       725   10    3 VMpure     8    1    3   10   16   14   11   15
    1   22    1    2    8    2    7    2    0    1      1174   15    3 VMpure    11   15   14    3    1    8    5    6
    1   23    2    2    2    0    0    1    1    0       595    5    3 VMpure    13   12
    1   24    1    2    8    4    5    2    1    0      1452   14    3 VMpure     5    4    1   14   15    9   13   10
    2    1    1    2    2    1    2    2    1    0       573   15    3 VMpure    15    4
    2    2    2    2    2    0    0    2    1    1       642   10    3 VMpure    16   11
    2    3    1    2    8    2    7    2    1    0       851    6    3 VMpure     5    6    1   10   14   13    9    3
    2    4    1    2    2    1    2    1    0    0      2030   16    3 VMpure    16    6
    2    5    2    2    2    0    0    1    1    0       643    7    3 VMpure     6   13
    2    6    1    2    8    3    6    2    1    0       852    1    3 VMpure     9    6    1    8   15   13   14   12
    2    7    1    2    4    4    1    1    1    1       551   14    3 VMpure     3   10    4   14
    2    8    1    2    4    1    4    1    1    1       620    6    3 VMpure     6   12    2   14
    2    9    2    2    4    0    0    2    1    1       655    7    3 VMpure     3   11    2    9
    2   10    1    2    4    4    1    1    1    1       903   13    3 VMpure    11   15   14   13
    2   11    1    2    4    2    3    2    1    0       706    3    3 VMpure     8    3   15    5
    2   12    1    2    2    2    1    1    1    1       610    3    3 VMpure    14    3
    2   13    2    2    8    0    0    2    0    0       944    2    3 VMpure     5   11   10   14    4   13   15   12
    2   14    1    2    4    1    4    1    0    0       678    2    3 VMpure     2    9   12    6
    2   15    2    2    8    0    0    1    1    0       668    1    3 VMpure     9    7    3    6   13    4   12    2
    2   16    2    2    8    0    0    1    1    0       628    5    3 VMpure    10   16   14   11    9    3    7   13
    2   17    1    2    2    2    1    2    1    0       642    4    3 VMpure    12    4
    2   18    2    2    2    0    0    2    1    1       692    5    3 VMpure    15    2
    2   19    2    2    4    0    0    2    1    1       727   11    3 VMpure     8    9   15    7
    2   20    1    2    2    1    2    1    1    1       840   13    3 VMpure    13   14
    2   21    2    2    4    0    0    1    1    0       872    5    3 VMpure    13   11   12   15
    2   22    2    2    8    0    0    2    1    1       616    5    3 VMpure    16   11    1   10    8    7   12    2
    2   23    1    2    4    1    4    2    1    0      1192    7    3 VMpure     7    1    8   16
    2   24    2    2    2    0    0    1    1    0       489    8    3 VMpure    14    2
    3    1    2    2    4    0    0    1    1    0       471   15    3 VMpure    14    2    6   12
    3    2    1    2    8    3    6    2    1    0       821   16    3 VMpure     6    7   16   13    8    1   10    9
    3    3    1    2    2    1    2    2    1    0       600   12    3 VMpure    12    5
    3    4    1    2    2    2    1    2    1    0       720   15    3 VMpure    10   15
    3    5    1    2    8    6    3    1    1    1       896   14    3 VMpure    16    5    3    6    7   14   10   11
    3    6    1    2    8    3    6    2    1    0       627   15    3 VMpure     6    8   15   14    7   12   11    2
    3    7    1    2    8    6    3    2    1    0       596    5    3 VMpure     6    9    3   14   15    5   16    2
    3    8    2    2    2    0    0    1    1    0       524    9    3 VMpure     8    6
    3    9    2    2    4    0    0    2    1    1       732    5    3 VMpure     7   13    8   14
    3   10    1    2    8    7    2    2    1    0       720   13    3 VMpure     4    5   16   12    1   11   13    3
    3   11    1    2    2    2    1    1    1    1       496   16    3 VMpure     2   16
    3   12    1    2    4    3    2    2    1    0       763   16    3 VMpure     3   13   16    7
    3   13    1    2    4    4    1    1    1    1       427   10    3 VMpure    11   12    6   10
    3   14    1    2    4    1    4    1    1    1      1256   10    3 VMpure    10   11    1    4
    3   15    1    2    2    1    2    1    1    1       598   10    3 VMpure    10    3
    3   16    2    2    8    0    0    2    1    1      1070   16    3 VMpure     1   10    5    2   14   13   12    7
    3   17    1    2    8    2    7    1    1    1       788    4    3 VMpure     6    4    9   16    5   12    7   11
    3   18    1    2    2    1    2    2    1    0       644   11    3 VMpure    11   13
    3   19    1    2    2    1    2    2    1    0       631   14    3 VMpure    14    9
    3   20    1    2    2    1    2    2    1    0       581   12    3 VMpure    12   11
    3   21    1    2    8    8    1    1    1    1       568   11    3 VMpure    10   12    4    2    9    3    5   11
    3   22    1    2    2    2    1    2    1    0       600    1    3 VMpure     2    1
    3   23    2    2    8    0    0    1    1    0      1107   10    3 VMpure     1    4    7   13    5    6    3   12
    3   24    2    2    2    0    0    2    1    1       691    5    3 VMpure    10   15
    4    1    1    2    4    1    4    2    1    0       692    8    3 VMpure     8   14    5    2
    4    2    2    2    4    0    0    1    1    0       613   15    3 VMpure     3    6    5   10
    4    3    2    2    8    0    0    1    1    0       608   11    3 VMpure     6   14   16   12    9    7    3   15
    4    4    1    2    2    1    2    1    1    1       795    2    3 VMpure     2    4
    4    5    2    2    2    0    0    2    1    1       619   10    3 VMpure    14    1
    4    6    2    2    8    0    0    2    1    1       630   13    3 VMpure     1    2    7   11   15    9   12   10
    4    7    1    2    4    2    3    1    1    1       825   13    3 VMpure    15   13    8    4
    4    8    2    2    2    0    0    2    1    1       463    2    3 VMpure     7    8
    4    9    2    2    8    0    0    1    1    0      1948    2    3 VMpure     3   14   13    5   12    9   16    7
    4   10    2    2    8    0    0    2    1    1      2596    3    3 VMpure     6    7    1    9    5   15   11    4
    4   11    2    2    8    0    0    2    1    1       717    8    3 VMpure     6   12   10   11    5    1   13    2
    4   12    1    2    4    3    2    1    1    1       741    2    3 VMpure     1    3    2    9
    4   13    2    2    2    0    0    2    1    1       504    6    3 VMpure    16    8
    4   14    2    2    2    0    0    1    1    0       477    6    3 VMpure     8    7
    4   15    2    2    4    0    0    2    1    1      1507   16    3 VMpure    14    6    4   13
    4   16    1    2    8    4    5    1    1    1      1153    4    3 VMpure    13    5    3    4   16   10   15    9
    4   17    2    2    8    0    0    2    1    1       663   11    3 VMpure    15   13    4    3    1   16    5    9
    4   18    2    2    4    0    0    2    1    1       786    3    3 VMpure     9    1   11    8
    4   19    2    2    8    0    0    2    1    1       959    4    3 VMpure    11   13   16   14   15    7    6    2
    4   20    1    2    2    1    2    1    1    1       834   14    3 VMpure    14    4
    4   21    2    2    2    0    0    2    1    1       488    1    3 VMpure     5    8
    4   22    1    2    4    1    4    2    0    1       704    3    3 VMpure     3   16   10   15
    4   23    1    2    4    1    4    1    1    1       803   16    3 VMpure    16    8   12    7
    4   24    1    2    2    2    1    1    1    1       566   11    3 VMpure     8   11
    5    1    2    2    4    0    0    2    1    1       529    2    3 VMpure     3   16    7   10
    5    2    2    2    8    0    0    1    1    0       570    9    3 VMpure    13   14   12    1   11   15    4    6
    5    3    1    2    4    3    2    1    1    1       738    3    3 VMpure    14    6    3    9
    5    4    1    2    8    3    6    1    1    1       872    8    3 VMpure     6    2    8   13    5   11    3    1
    5    5    2    2    2    0    0    1    1    0       568   10    3 VMpure    11   13
    5    6    2    2    4    0    0    2    1    1       733   12    3 VMpure    14    2   10    8
    5    7    2    2    4    0    0    2    1    1      6728    8    3 VMpure    13    3    5   10
    5    8    1    2    2    1    2    1    1    1      7000    6    3 VMpure     6    4
    5    9    2    2    8    0    0    1    1    0       623   15    3 VMpure    13    7    5    3   12    6   11    8
    5   10    2    2    4    0    0    2    1    1     12945    8    3 VMpure    10    4    2    6
    5   11    1    2    4    3    2    2    1    0     15780    4    3 VMpure     7   15    4    3
    5   12    2    2    8    0    0    2    1    1     14858    8    3 VMpure    12    4    1    3   11   10    5    6
    5   13    1    2    2    1    2    1    1    1     16056    3    3 VMpure     3   14
    5   14    2    2    2    0    0    1    1    0     15366   14    3 VMpure     4    7
    5   15    1    2    2    2    1    1    1    1     15335    2    3 VMpure    14    2
    5   16    2    2    8    0    0    1    1    0     18594    1    3 VMpure     4    9    5    3   11    7    2   13
    5   17    1    2    2    2    1    2    1    0      1481   12    3 VMpure    16   12
    5   18    1    2    2    1    2    1    1    1     19667   11    3 VMpure    11    9
    5   19    1    2    4    1    4    1    1    1     18458    8    3 VMpure     8    9    3   11
    5   20    2    2    8    0    0    2    1    1      2793    9    3 VMpure     5    6    3    7    4   13   11   10
    5   21    1    2    4    1    4    2    1    0     33197   14    3 VMpure    14    8   15    5
    5   22    1    2    8    2    7    2    1    0     23169    3    3 VMpure     2    3   10    6    5   13   12   11
    5   23    2    2    8    0    0    1    1    0     20557   15    3 VMpure    13    8    5    6    1   16   14    9
    5   24    1    2    4    3    2    1    1    1     12903    3    3 VMpure    13   12    3   16
    6    1    2    2    8    0    0    1    1    0      1147   10    3 VMpure     3   12    1    6   14    8    7   13
    6    2    1    2    4    4    1    2    1    0       694   13    3 VMpure     1    7    2   13
    6    3    1    2    8    4    5    1    1    1       881    7    3 VMpure    12    4    8    7   13   10    1    3
    6    4    1    2    4    1    4    2    1    0       617   16    3 VMpure    16    7   10    8
    6    5    1    2    4    2    3    2    1    0       601    1    3 VMpure    10    1   11    5
    6    6    2    2    2    0    0    1    1    0       548    2    3 VMpure     1    9
    6    7    2    2    8    0    0    2    1    1       709   14    3 VMpure     5    7    8   11    9    6    2    4
    6    8    1    2    4    3    2    1    1    1       887    4    3 VMpure     3   11    4    2
    6    9    1    2    4    1    4    2    1    0       864    3    3 VMpure     3    5   15    7
    6   10    2    2    2    0    0    1    1    0       589    1    3 VMpure    10    2
    6   11    2    2    4    0    0    2    1    1      1304   12    3 VMpure     7   14    2    8
    6   12    1    2    4    1    4    2    1    0       934   10    3 VMpure    10   11    1    6
    6   13    2    2    2    0    0    1    1    0       723   10    3 VMpure     9    5
    6   14    1    2    8    2    7    1    1    1       708    8    3 VMpure    14    8   12    6    7   11    1    4
    6   15    1    2    2    1    2    1    1    1       497    1    3 VMpure     1    4
    6   16    1    2    8    5    4    1    1    1       599   11    3 VMpure     2   16   12    5   11    4   13    7
    6   17    2    2    2    0    0    1    1    0       818    2    3 VMpure     3    4
    6   18    1    2    2    2    1    1    1    1       613   13    3 VMpure     1   13
    6   19    1    2    8    8    1    2    1    0       418   11    3 VMpure    10   14    7    1    2   13    8   11
    6   20    1    2    2    1    2    1    1    1       552    9    3 VMpure     9   14
    6   21    1    2    2    1    2    2    1    0       536   14    3 VMpure    14    4
    6   22    2    2    4    0    0    1    1    0       619    2    3 VMpure    14   16   10    9
    6   23    2    2    4    0    0    2    1    1       489   15    3 VMpure     7    4    9   12
    6   24    2    2    8    0    0    1    1    0       857   16    3 VMpure     9    7   11    2    6   12   13    1
    7    1    2    2    2    0    0    2    1    1       436    5    3 VMpure     4   13
    7    2    2    2    4    0    0    2    1    1       511    7    3 VMpure    14    5   12    1
    7    3    2    2    4    0    0    1    1    0       490   15    3 VMpure     2    5    1   16
    7    4    2    2    2    0    0    1    1    0       490   12    3 VMpure    13   15
    7    5    1    2    8    7    2    1    1    1       570   12    3 VMpure    10    8    1    5    6    3   12    4
    7    6    1    2    4    1    4    2    1    0      1013    8    3 VMpure     8   15    9    1
    7    7    2    2    4    0    0    1    1    0       616   14    3 VMpure     5   10   15    8
    7    8    2    2    4    0    0    1    1    0       505   15    3 VMpure    11   16    1   13
    7    9    1    2    4    1    4    2    1    0       646    9    3 VMpure     9    4    8    6
    7   10    2    2    4    0    0    2    1    1       782    9    3 VMpure     4   13   10    1
    7   11    1    2    8    1    8    2    0    1      1116    5    3 VMpure     5   16    3    9    6   12   13   11
    7   12    1    2    8    3    6    1    0    0       970    4    3 VMpure    15    6    4    2   12    1   13    9
    7   13    1    2    2    2    1    1    1    1       618   12    3 VMpure    13   12
    7   14    2    2    8    0    0    2    1    1       728    3    3 VMpure     1   14    7    4    9    8   12   16
    7   15    2    2    2    0    0    2    1    1       984   13    3 VMpure    15   16
    7   16    2    2    4    0    0    1    1    0       739    1    3 VMpure    14   15    6   10
    7   17    2    2    4    0    0    1    1    0       667    5    3 VMpure     8   11   10    4
    7   18    1    2    2    1    2    1    1    1       627    2    3 VMpure     2   16
    7   19    2    2    8    0    0    2    1    1       737    6    3 VMpure    15    2    5   10   11    4    9    7
    7   20    2    2    4    0    0    1    1    0       697   11    3 VMpure     7    1    3    8
    7   21    1    2    2    2    1    2    1    0       583    9    3 VMpure    11    9
    7   22    2    2    2    0    0    2    1    1       620   10    3 VMpure     2    4
    7   23    1    2    8    5    4    2    1    0       679    1    3 VMpure     8    4   10    5    1   16    6   15
    7   24    1    2    2    2    1    1    1    1       431   12    3 VMpure    10   12
    8    1    2    2    8    0    0    2    1    1       592    3    3 VMpure     1    5    8   10   16   15   14    4
    8    2    1    2    2    1    2    1    1    1       614    5    3 VMpure     5   15
    8    3    2    2    8    0    0    2    1    1       481    7    3 VMpure     8   16    1    6    2    5   14   11
    8    4    2    2    8    0    0    1    1    0       801    4    3 VMpure    10   16   13   15    8    9   14    3
    8    5    1    2    8    2    7    2    0    1       660   12    3 VMpure     1   12    2    7   15   16   13    8
    8    6    2    2    2    0    0    1    1    0       519    4    3 VMpure    13    6
    8    7    1    2    8    8    1    1    1    1       544    7    3 VMpure     4    3    1    8   12    6    9    7
    8    8    1    2    8    7    2    2    1    0       490    8    3 VMpure     6   14   15   11   12    7    8    4
    8    9    1    2    8    7    2    2    1    0       736   11    3 VMpure     2   15   16    8   14   12   11    5
    8   10    2    2    2    0    0    2    0    0      4309    7    3 VMpure    12   16
    8   11    2    2    4    0    0    1    1    0      1737   11    3 VMpure    13    6    4    1
    8   12    1    2    4    3    2    2    1    0       649   13    3 VMpure     6   14   13    7
    8   13    1    2    2    2    1    2    1    0       457   13    3 VMpure    10   13
    8   14    2    2    8    0    0    1    1    0       644    1    3 VMpure     3   10    4   15   14    7   11   12
    8   15    2    2    2    0    0    1    1    0       791    9    3 VMpure     3    8
    8   16    2    2    8    0    0    1    1    0      1141   11    3 VMpure     4   10    3    5   14   15    2    1
    8   17    2    2    8    0    0    1    1    0       696   12    3 VMpure     6    2    3   10   14    1    8    7
    8   18    1    2    2    2    1    1    1    1       515   12    3 VMpure     2   12
    8   19    1    2    8    1    8    2    1    0      2107   10    3 VMpure    10    4   13    7   16    5   12    9
    8   20    1    2    2    2    1    1    1    1       449    1    3 VMpure     4    1
    8   21    1    2    4    4    1    1    1    1       673    8    3 VMpure     7    3   11    8
    8   22    1    2    8    8    1    2    1    0       727   12    3 VMpure     2   13   14    5    3    1    4   12
    8   23    2    2    4    0    0    1    1    0       620    6    3 VMpure    16   14    7   12
    8   24    2    2    8    0    0    2    1    1      1559   16    3 VMpure     5   14    1   13   15    6   11   10
    9    1    1    2    8    5    4    2    1    0       707    1    3 VMpure     7    5   15    6    1   10    8   14
    9    2    2    2    8    0    0    1    1    0       691    9    3 VMpure    13    7    1    8   16    2    3    5
    9    3    1    2    4    1    4    2    1    0       595    2    3 VMpure     2   16   10    1
    9    4    2    2    8    0    0    1    1    0       697    6    3 VMpure     5   12    9    8   16   13   14    2
    9    5    1    2    4    2    3    1    1    1       799   14    3 VMpure     7   14    5    6
    9    6    1    2    2    2    1    1    1    1       431    5    3 VMpure    10    5
    9    7    2    2    2    0    0    2    1    1       519    3    3 VMpure    12   11
    9    8    1    2    4    1    4    2    1    0       501   12    3 VMpure    12    8   16   14
    9    9    1    2    8    4    5    2    1    0       744   12    3 VMpure     1    7    5   12   11   16    3    2
    9   10    2    2    2    0    0    1    1    0       544   14    3 VMpure    12   10
    9   11    2    2    2    0    0    2    1    1       605   11    3 VMpure     4   14
    9   12    2    2    4    0    0    2    1    1       491    6    3 VMpure    12    3    9   13
    9   13    1    2    2    2    1    1    1    1       416    3    3 VMpure     9    3
    9   14    2    2    4    0    0    2    1    1       553    5    3 VMpure    11    4    3    7
    9   15    1    2    2    1    2    1    1    1       502    1    3 VMpure     1    5
    9   16    2    2    2    0    0    2    1    1       585    1    3 VMpure    11   14
    9   17    1    2    2    2    1    2    1    0       495   13    3 VMpure     1   13
    9   18    1    2    2    1    2    2    1    0       449   15    3 VMpure    15   16
    9   19    1    2    4    4    1    2    1    0       511    4    3 VMpure     2    7    8    4
    9   20    1    2    8    8    1    2    1    0       389    1    3 VMpure     9   12    6    3    4   16    5    1
    9   21    1    2    8    2    7    1    1    1       898   16    3 VMpure     7   16   10    4   15    1    8    2
    9   22    1    2    2    1    2    1    1    1       456   11    3 VMpure    11    8
    9   23    2    2    4    0    0    1    1    0       763    2    3 VMpure     8   15    4   16
    9   24    2    2    4    0    0    1    1    0       715    9    3 VMpure     2    4    1   11
